/*--------------------------------*- C++ -*----------------------------------*\
| =========                 |                                                 |
| \\      /  F ield         | OpenFOAM: The Open Source CFD Toolbox           |
|  \\    /   O peration     | Version:  2306                                  |
|   \\  /    A nd           | Website:  www.openfoam.com                      |
|    \\/     M anipulation  |                                                 |
\*---------------------------------------------------------------------------*/
FoamFile
{
    version     2.0;
    format      ascii;
    arch        "LSB;label=32;scalar=64";
    class       volScalarField;
    location    "0.9/phiI";
    object      act;
}
// * * * * * * * * * * * * * * * * * * * * * * * * * * * * * * * * * * * * * //

dimensions      [0 0 0 0 0 0 0];

internalField   nonuniform List<scalar> 
12000
(
0
0
0
0
0
0
0
0
0
0
0
0
0
0
0
0
0
0
0
0
0
0
0
0
0
0
0
0
0
0
0
0
0
0
0
0
0
0
0
0
0
0
0
0
0
0
0
0
0
0
0
0
0
0
0
0
0
0
0
0
0
0
0
0
0
0
0
0
0
0
0
0
0
0
0
0
0
0
0
0
0
0
0
0
0
0
0
0
0
0
0
0
0
0
0
0
0
0
0
0
0
0
0
0
0
0
0
0
0
0
0
0
0
0
0
0
0
0
0
0
0
0
0
0
0
0
0
0
0
0
0
0
0
0
0
0
0
0
0
0
0
0
0
0
0
0
0
0
0
0
0
0
0
0
0
0
0
0
0
0
0
0
0
0
0
0
0
0
0
0
0
0
0
0
0
0
0
0
0
0
0
0
0
0
0
0
0
0
0
0
0
0
0
0
0
0
0
0
0
0
0
0
0
0
0
0
0
0
0
0
0
0
0
0
0
0
0
0
0
0
0
0
0
0
0
0
0
0
0
0
0
0
0
0
0
0
0
0
0
0
0
0
0
0
0
0
0
0
0
0
0
0
0
0
0
0
0
0
0
0
0
0
0
0
0
0
0
0
0
0
0
0
0
0
0
0
0
0
0
0
0
0
0
0
0
0.000106924
0
0
0
0
0
0
0
0
0
0
0
0
0
0
0
0
0
0
0
0
0
0
0
0
0
0
0
0
0
0
0
0
0
0
0
0
0
0
0
0
0
0
0
0
0
0
0
0
0
0
0
0
0
0
0
0
0
0
0
0
0
0
0
0
0
0.0001048963
0
0
0
0
0
0
0
0
0
0
0.0001381135
0.0001067888
0
0
0
0
0
0
0
0
0
0
0
0
0
0
0
0
0
0
0
0
0
0
0
0
0
0
0
0
0
0
0
0
0
0
0
0
0
0
0
0
0
0
0
0
0
0
0
0
0
0
0
0
0
0
0
0
0
0
0
0
0
0
0
0
0
0.0001008572
0
0
0
0
0
0
0
0
0
0
0.0001365212
0.0001047602
0
0
0
0
0
0
0
0
0
0
0.0001730161
0.0001379868
0.0001065199
0
0
0
0
0
0
0
0
0
0
0
0
0
0
0
0
0
0
0
0
0
0
0
0
0
0
0
0
0
0
0
0
0
0
0
0
0
0
0
0
0
0
0
0
0
0
0
0
0
0
0
0
0
0
0
0
0
0
0
0
0
0
0
0
0
9.491849e-05
0
0
0
0
0
0
0
0
0
0
0.0001333521
0.0001007191
0
0
0
0
0
0
0
0
0
0
0.0001715857
0.0001363938
0.0001044897
0
0
0
0
0
0
0
0
0
0
0.0002069804
0.0001728968
0.000137734
0.0001061378
0
0
0
0
0
0
0
0
0
0
0
0
0
0
0
0
0
0
0
0
0
0
0
0
0
0
0
0
0
0
0
0
0
0
0
0
0
0
0
0
0
0
0
0
0
0
0
0
0
0
0
0
0
0
0
0
0
0
0
0
0
0
0
0
0
8.751358e-05
0
0
0
0
0
0
0
0
0
0
0.0001286945
9.477723e-05
0
0
0
0
0
0
0
0
0
0
0.0001687388
0.0001332234
0.000100445
0
0
0
0
0
0
0
0
0
0
0.000205647
0.0001714659
0.0001361397
0.0001041051
0
0
0
0
0
0
0
0
0
0
0.0002394401
0.0002068673
0.0001726581
0.000137376
0.0001055987
0
0
0
0
0
0
0
0
0
0
0
0
0
0
0
0
0
0
0
0
0
0
0
0
0
0
0
0
0
0
0
0
0
0
0
0
0
0
0
0
0
0
0
0
0
0
0
0
0
0
0
0
0
0
0
0
0
0
0
0
0
0
0
0
0
7.985322e-05
0
0
0
0
0
0
0
0
0
0
0.0001228852
8.73671e-05
0
0
0
0
0
0
0
0
0
0
0.0001645508
0.0001285635
9.449688e-05
0
0
0
0
0
0
0
0
0
0
0.000202994
0.0001686179
0.0001329669
0.0001000549
0
0
0
0
0
0
0
0
0
0
0.000238183
0.0002055334
0.0001712263
0.0001357801
0.0001035628
0
0
0
0
0
0
0
0
0
0
0.0002704098
0.0002393323
0.0002066407
0.0001723216
0.0001368651
0
0
0
0
0
0
0
0
0
0
0
0
0
0
0
0
0
0
0
0
0
0
0
0
0
0
0
0
0
0
0
0
0
0
0
0
0
0
0
0
0
0
0
0
0
0
0
0
0
0
0
0
0
0
0
0
0
0
0
0
0
0
0
0
0
7.425091e-05
0
0
0
0
0
0
0
0
0
0
0.0001168456
7.969965e-05
0
0
0
0
0
0
0
0
0
0
0.0001593227
0.0001227507
8.707661e-05
0
0
0
0
0
0
0
0
0
0
0.0001990921
0.000164428
0.0001283028
9.409754e-05
0
0
0
0
0
0
0
0
0
0
0.0002356832
0.0002028795
0.0001683762
0.0001326035
9.950601e-05
0
0
0
0
0
0
0
0
0
0
0.0002692186
0.0002380749
0.0002053059
0.0001708883
0.000135267
0
0
0
0
0
0
0
0
0
0
0.0002999944
0.0002703067
0.0002391162
0.0002063221
0.0001718364
0
0
0
0
0
0
0
0
0
0
0
0
0
0
0
0
0
0
0
0
0
0
0
0
0
0
0
0
0
0
0
0
0
0
0
0
0
0
0
0
0
0
0
0
0
0
0
0
0
0
0
0
0
0
0
0
0
0
0
0
0
0
0
0
0
7.07384e-05
0
0
0
0
0
0
0
0
0
0
0.0001123748
7.409478e-05
0
0
0
0
0
0
0
0
0
0
0.0001538774
0.0001167063
7.939521e-05
0
0
0
0
0
0
0
0
0
0
0.0001942233
0.0001591969
0.0001224831
8.666202e-05
0
0
0
0
0
0
0
0
0
0
0.0002320078
0.0001989759
0.0001641828
0.0001279332
9.35372e-05
0
0
0
0
0
0
0
0
0
0
0.0002668507
0.0002355742
0.0002026502
0.0001680352
0.0001320857
0
0
0
0
0
0
0
0
0
0
0.0002988618
0.0002691152
0.000237858
0.0002049861
0.0001704013
0
0
0
0
0
0
0
0
0
0
0.0003282992
0.0002998956
0.0002701
0.0002388131
0.0002058593
0
0
0
0
0
0
0
0
0
0
0
0
0
0
0
0
0
0
0
0
0
0
0
0
0
0
0
0
0
0
0
0
0
0
0
0
0
0
0
0
0
0
0
0
0
0
0
0
0
0
0
0
0
0
0
0
0
0
0
0
0
0
0
0
0
6.875736e-05
0
0
0
0
0
0
0
0
0
0
0.0001095198
7.058177e-05
0
0
0
0
0
0
0
0
0
0
0.0001498457
0.0001122341
7.378538e-05
0
0
0
0
0
0
0
0
0
0
0.0001891519
0.0001537473
0.0001164294
7.895953e-05
0
0
0
0
0
0
0
0
0
0
0.0002274242
0.0001941044
0.0001589459
0.0001221034
8.608265e-05
0
0
0
0
0
0
0
0
0
0
0.0002633701
0.0002318972
0.0001987435
0.0001638367
0.0001274076
0
0
0
0
0
0
0
0
0
0
0.0002966109
0.0002667464
0.0002353556
0.0002023277
0.0001675442
0
0
0
0
0
0
0
0
0
0
0.0003272194
0.0002987627
0.0002689078
0.0002375538
0.0002045217
0
0
0
0
0
0
0
0
0
0
0.0003554197
0.0003282042
0.0002996975
0.0002698109
0.0002383703
0
0
0
0
0
0
0
0
0
0
0
0
0
0
0
0
0
0
0
0
0
0
0
0
0
0
0
0
0
0
0
0
0
0
0
0
0
0
0
0
0
0
0
0
0
0
0
0
0
0
0
0
0
0
0
0
0
0
0
0
0
0
0
0
0
6.786941e-05
0
0
0
0
0
0
0
0
0
0
0.0001078807
6.86007e-05
0
0
0
0
0
0
0
0
0
0
0.0001472666
0.0001093792
7.027139e-05
0
0
0
0
0
0
0
0
0
0
0.0001854005
0.0001497145
0.0001119547
7.334202e-05
0
0
0
0
0
0
0
0
0
0
0.0002226509
0.0001890291
0.0001534884
0.0001160358
7.835352e-05
0
0
0
0
0
0
0
0
0
0
0.0002590318
0.0002273112
0.0001938668
0.0001585914
0.000121565
0
0
0
0
0
0
0
0
0
0
0.0002933032
0.0002632645
0.0002316759
0.0001984166
0.0001633392
0
0
0
0
0
0
0
0
0
0
0.0003250741
0.000296511
0.0002665375
0.0002350491
0.0002018598
0
0
0
0
0
0
0
0
0
0
0.0003543882
0.0003271241
0.0002985639
0.0002686176
0.0002371095
0
0
0
0
0
0
0
0
0
0
0.00038144
0.0003553283
0.000328014
0.0002994209
0.0002693862
0
0
0
0
0
0
0
0
0
0
0
0
0
0
0
0
0
0
0
0
0
0
0
0
0
0
0
0
0
0
0
0
0
0
0
0
0
0
0
0
0
0
0
0
0
0
0
0
0
0
0
0
0
0
0
0
0
0
0
0
0
0
0
0
6.786941e-05
0
0
0
0
0
0
0
0
0
0
0.000107136
6.771278e-05
0
0
0
0
0
0
0
0
0
0
0.0001457839
0.0001077405
6.829026e-05
0
0
0
0
0
0
0
0
0
0
0.0001830007
0.0001471357
0.0001091001
6.982634e-05
0
0
0
0
0
0
0
0
0
0
0.0002191232
0.0001852767
0.0001494537
0.0001115574
7.272712e-05
0
0
0
0
0
0
0
0
0
0
0.0002545149
0.0002225342
0.0001887843
0.0001531222
0.0001154796
0
0
0
0
0
0
0
0
0
0
0.0002891822
0.0002589239
0.0002270851
0.0001935325
0.000158083
0
0
0
0
0
0
0
0
0
0
0.0003219224
0.000293202
0.000263053
0.0002313654
0.0001979428
0
0
0
0
0
0
0
0
0
0
0.0003523393
0.0003249782
0.0002963108
0.0002662452
0.0002346016
0
0
0
0
0
0
0
0
0
0
0.0003804529
0.0003542965
0.0003269333
0.0002982863
0.0002681916
0
0
0
0
0
0
0
0
0
0
0.000406434
0.0003813519
0.0003551454
0.0003277488
0.000299013
0
0
0
0
0
0
0
0
0
0
0
0
0
0
0
0
0
0
0
0
0
0
0
0
0
0
0
0
0
0
0
0
0
0
0
0
0
0
0
0
0
0
0
0
0
0
0
0
0
0
0
0
0
0
0
0
0
0
0
0
0
0
6.875736e-05
0
0
0
0
0
0
0
0
0
0
0.000107136
6.771278e-05
0
0
0
0
0
0
0
0
0
0
0.0001451092
0.000106996
6.740238e-05
0
0
0
0
0
0
0
0
0
0
0.0001816212
0.0001456533
0.000107462
6.784499e-05
0
0
0
0
0
0
0
0
0
0
0.0002168669
0.0001828771
0.0001468754
0.0001087031
6.921014e-05
0
0
0
0
0
0
0
0
0
0
0.0002511795
0.0002190056
0.0001850303
0.0001490847
0.0001109968
0
0
0
0
0
0
0
0
0
0
0.0002848923
0.0002544035
0.0002223014
0.0001884394
0.0001525985
0
0
0
0
0
0
0
0
0
0
0.0003179972
0.0002890788
0.000258708
0.0002267678
0.0001930489
0
0
0
0
0
0
0
0
0
0
0.0003493298
0.0003218252
0.0002929995
0.000262757
0.0002309125
0
0
0
0
0
0
0
0
0
0
0.0003784927
0.000352247
0.0003247861
0.0002960313
0.0002658163
0
0
0
0
0
0
0
0
0
0
0.0004054881
0.0003803646
0.000354113
0.0003266673
0.0002978772
0
0
0
0
0
0
0
0
0
0
0.0004304672
0.0004063491
0.0003811758
0.0003548908
0.0003273566
0
0
0
0
0
0
0
0
0
0
0
0
0
0
0
0
0
0
0
0
0
0
0
0
0
0
0
0
0
0
0
0
0
0
0
0
0
0
0
0
0
0
0
0
0
0
0
0
0
0
0
0
0
0
0
0
0
0
0
7.07384e-05
0
0
0
0
0
0
0
0
0
0
0.0001078807
6.86007e-05
0
0
0
0
0
0
0
0
0
0
0.0001451092
0.000106996
6.740238e-05
0
0
0
0
0
0
0
0
0
0
0.0001809935
0.0001449789
0.0001067179
6.695711e-05
0
0
0
0
0
0
0
0
0
0
0.0002155703
0.0001814979
0.0001453937
0.0001070659
6.722903e-05
0
0
0
0
0
0
0
0
0
0
0.0002490468
0.0002167494
0.0001826312
0.0001465071
0.0001081434
0
0
0
0
0
0
0
0
0
0
0.0002817269
0.0002510673
0.0002187714
0.0001846832
0.0001485579
0
0
0
0
0
0
0
0
0
0
0.0003139119
0.0002847857
0.0002541814
0.0002219745
0.0001879421
0
0
0
0
0
0
0
0
0
0
0.000345583
0.000317898
0.0002888722
0.0002584058
0.0002263061
0
0
0
0
0
0
0
0
0
0
0.000375614
0.0003492364
0.0003216309
0.0002927166
0.0002623232
0
0
0
0
0
0
0
0
0
0
0.00040361
0.0003784038
0.0003520623
0.0003245182
0.0002956195
0
0
0
0
0
0
0
0
0
0
0.0004295596
0.0004054029
0.0003801879
0.0003538577
0.0003262739
0
0
0
0
0
0
0
0
0
0
0.0004535978
0.0004303851
0.0004061793
0.0003809311
0.0003545133
0
0
0
0
0
0
0
0
0
0
0
0
0
0
0
0
0
0
0
0
0
0
0
0
0
0
0
0
0
0
0
0
0
0
0
0
0
0
0
0
0
0
0
0
0
0
0
0
0
0
0
0
0
0
0
7.425091e-05
0
0
0
0
0
0
0
0
0
0
0.0001095198
7.058177e-05
0
0
0
0
0
0
0
0
0
0
0.0001457839
0.0001077405
6.829026e-05
0
0
0
0
0
0
0
0
0
0
0.0001809935
0.0001449789
0.0001067179
6.695711e-05
0
0
0
0
0
0
0
0
0
0
0.0002149803
0.0001808703
0.0001447197
0.0001063223
6.634141e-05
0
0
0
0
0
0
0
0
0
0
0.0002478215
0.000215453
0.0001812528
0.0001450266
0.0001065076
0
0
0
0
0
0
0
0
0
0
0.0002797034
0.0002489346
0.0002165158
0.000182285
0.0001459816
0
0
0
0
0
0
0
0
0
0
0.0003108995
0.0002816195
0.0002508439
0.0002184425
0.0001841832
0
0
0
0
0
0
0
0
0
0
0.0003416842
0.0003138097
0.0002845733
0.0002538702
0.0002214999
0
0
0
0
0
0
0
0
0
0
0.0003720311
0.0003454876
0.0003176998
0.0002885835
0.0002579637
0
0
0
0
0
0
0
0
0
0
0.0004008523
0.000375524
0.0003490496
0.0003213599
0.0002923002
0
0
0
0
0
0
0
0
0
0
0.0004277579
0.0004035242
0.000378226
0.0003518053
0.0003241224
0
0
0
0
0
0
0
0
0
0
0.000452726
0.0004294773
0.0004052327
0.0003799425
0.0003534791
0
0
0
0
0
0
0
0
0
0
0.0004758779
0.0004535184
0.0004302215
0.0004059438
0.0003805673
0
0
0
0
0
0
0
0
0
0
0
0
0
0
0
0
0
0
0
0
0
0
0
0
0
0
0
0
0
0
0
0
0
0
0
0
0
0
0
0
0
0
0
0
0
0
0
0
0
0
7.985322e-05
0
0
0
0
0
0
0
0
0
0
0.0001123748
7.409478e-05
0
0
0
0
0
0
0
0
0
0
0.0001472666
0.0001093792
7.027139e-05
0
0
0
0
0
0
0
0
0
0
0.0001816212
0.0001456533
0.000107462
6.784499e-05
0
0
0
0
0
0
0
0
0
0
0.0002149803
0.0001808703
0.0001447197
0.0001063223
6.634141e-05
0
0
0
0
0
0
0
0
0
0
0.0002472641
0.0002148632
0.0001806256
0.0001443532
0.0001057648
0
0
0
0
0
0
0
0
0
0
0.0002785413
0.0002477097
0.0002152201
0.0001809076
0.0001445027
0
0
0
0
0
0
0
0
0
0
0.0003089743
0.0002795961
0.0002487118
0.0002161878
0.0001817864
0
0
0
0
0
0
0
0
0
0
0.000338811
0.0003107965
0.0002814058
0.0002505309
0.0002179656
0
0
0
0
0
0
0
0
0
0
0.0003683037
0.0003415859
0.000313606
0.0002842761
0.0002534162
0
0
0
0
0
0
0
0
0
0
0.0003974211
0.0003719393
0.0003452972
0.0003174234
0.0002881594
0
0
0
0
0
0
0
0
0
0
0.0004251128
0.0004007655
0.0003753442
0.0003487896
0.0003209598
0
0
0
0
0
0
0
0
0
0
0.0004509957
0.0004276751
0.000403353
0.000377979
0.0003514244
0
0
0
0
0
0
0
0
0
0
0.0004750397
0.0004526464
0.0004293132
0.0004049965
0.0003795777
0
0
0
0
0
0
0
0
0
0
0.0004973546
0.0004758011
0.0004533604
0.0004299946
0.0004055931
0
0
0
0
0
0
0
0
0
0
0
0
0
0
0
0
0
0
0
0
0
0
0
0
0
0
0
0
0
0
0
0
0
0
0
0
0
0
0
0
0
0
0
0
8.751358e-05
0
0
0
0
0
0
0
0
0
0
0.0001168456
7.969965e-05
0
0
0
0
0
0
0
0
0
0
0.0001498457
0.0001122341
7.378538e-05
0
0
0
0
0
0
0
0
0
0
0.0001830007
0.0001471357
0.0001091001
6.982634e-05
0
0
0
0
0
0
0
0
0
0
0.0002155703
0.0001814979
0.0001453937
0.0001070659
6.722903e-05
0
0
0
0
0
0
0
0
0
0
0.0002472641
0.0002148632
0.0001806256
0.0001443532
0.0001057648
0
0
0
0
0
0
0
0
0
0
0.0002780126
0.0002471524
0.0002146307
0.0001802811
0.0001438302
0
0
0
0
0
0
0
0
0
0
0.000307869
0.0002784342
0.0002474875
0.0002148932
0.0001804107
0
0
0
0
0
0
0
0
0
0
0.0003369753
0.0003088714
0.000279383
0.0002483998
0.0002157124
0
0
0
0
0
0
0
0
0
0
0.0003655583
0.000338712
0.0003105917
0.0002811072
0.0002500748
0
0
0
0
0
0
0
0
0
0
0.0003938521
0.0003682091
0.0003413903
0.0003133217
0.0002838408
0
0
0
0
0
0
0
0
0
0
0.0004218226
0.0003973325
0.0003717561
0.0003450322
0.000317016
0
0
0
0
0
0
0
0
0
0
0.0004484558
0.000425029
0.0004005924
0.0003750945
0.0003484047
0
0
0
0
0
0
0
0
0
0
0.0004733763
0.0004509156
0.0004275099
0.0004031153
0.0003776121
0
0
0
0
0
0
0
0
0
0
0.000496548
0.0004749627
0.000452488
0.0004290856
0.0004046448
0
0
0
0
0
0
0
0
0
0
0.0005180705
0.0004972803
0.0004756485
0.0004531417
0.0004296561
0
0
0
0
0
0
0
0
0
0
0
0
0
0
0
0
0
0
0
0
0
0
0
0
0
0
0
0
0
0
0
0
0
0
0
0
0
9.491849e-05
0
0
0
0
0
0
0
0
0
0
0.0001228852
8.73671e-05
0
0
0
0
0
0
0
0
0
0
0.0001538774
0.0001167063
7.939521e-05
0
0
0
0
0
0
0
0
0
0
0.0001854005
0.0001497145
0.0001119547
7.334202e-05
0
0
0
0
0
0
0
0
0
0
0.0002168669
0.0001828771
0.0001468754
0.0001087031
6.921014e-05
0
0
0
0
0
0
0
0
0
0
0.0002478215
0.000215453
0.0001812528
0.0001450266
0.0001065076
0
0
0
0
0
0
0
0
0
0
0.0002780126
0.0002471524
0.0002146307
0.0001802811
0.0001438302
0
0
0
0
0
0
0
0
0
0
0.0003073663
0.0002779057
0.0002469306
0.0002143044
0.0001797851
0
0
0
0
0
0
0
0
0
0
0.0003359218
0.0003077664
0.0002782217
0.0002471765
0.0002144194
0
0
0
0
0
0
0
0
0
0
0.0003638049
0.0003368765
0.0003086671
0.0002790852
0.0002479451
0
0
0
0
0
0
0
0
0
0
0.000391225
0.0003654631
0.0003385154
0.000310306
0.00028067
0
0
0
0
0
0
0
0
0
0
0.000418401
0.0003937609
0.000368021
0.0003411178
0.0003129037
0
0
0
0
0
0
0
0
0
0
0.0004452973
0.0004217371
0.0003971562
0.0003715016
0.0003446404
0
0
0
0
0
0
0
0
0
0
0.0004709351
0.0004483748
0.0004248621
0.0004003521
0.0003747238
0
0
0
0
0
0
0
0
0
0
0.0004949476
0.0004732989
0.0004507562
0.000427281
0.0004027615
0
0
0
0
0
0
0
0
0
0
0.0005172938
0.0004964735
0.0004748097
0.0004522687
0.0004287463
0
0
0
0
0
0
0
0
0
0
0.0005380646
0.0005179985
0.0004971327
0.0004754374
0.0004528149
0
0
0
0
0
0
0
0
0
0
0
0
0
0
0
0
0
0
0
0
0
0
0
0
0
0
0
0
0
0.0001008572
0
0
0
0
0
0
0
0
0
0
0.0001286945
9.477723e-05
0
0
0
0
0
0
0
0
0
0
0.0001593227
0.0001227507
8.707661e-05
0
0
0
0
0
0
0
0
0
0
0.0001891519
0.0001537473
0.0001164294
7.895953e-05
0
0
0
0
0
0
0
0
0
0
0.0002191232
0.0001852767
0.0001494537
0.0001115574
7.272712e-05
0
0
0
0
0
0
0
0
0
0
0.0002490468
0.0002167494
0.0001826312
0.0001465071
0.0001081434
0
0
0
0
0
0
0
0
0
0
0.0002785413
0.0002477097
0.0002152201
0.0001809076
0.0001445027
0
0
0
0
0
0
0
0
0
0
0.0003073663
0.0002779057
0.0002469306
0.0002143044
0.0001797851
0
0
0
0
0
0
0
0
0
0
0.0003354426
0.0003072638
0.0002776936
0.0002466202
0.0002138314
0
0
0
0
0
0
0
0
0
0
0.0003627988
0.0003358231
0.0003075627
0.0002779249
0.0002467234
0
0
0
0
0
0
0
0
0
0
0.0003895476
0.0003637097
0.0003366804
0.0003083823
0.0002786494
0
0
0
0
0
0
0
0
0
0
0.0004158838
0.0003911332
0.0003652741
0.0003382416
0.0003098864
0
0
0
0
0
0
0
0
0
0
0.0004420134
0.000418313
0.0003935799
0.0003677593
0.000340716
0
0
0
0
0
0
0
0
0
0
0.0004679001
0.0004452147
0.0004215672
0.0003969114
0.0003711244
0
0
0
0
0
0
0
0
0
0
0.0004925992
0.0004708567
0.0004482137
0.0004246307
0.0003999948
0
0
0
0
0
0
0
0
0
0
0.0005157528
0.0004948727
0.0004731449
0.0004505356
0.0004269397
0
0
0
0
0
0
0
0
0
0
0.0005373162
0.0005172216
0.0004963256
0.0004745981
0.000451941
0
0
0
0
0
0
0
0
0
0
0.0005573726
0.0005379949
0.0005178558
0.000496929
0.0004751217
0
0
0
0
0
0
0
0
0
0
0
0
0
0
0
0
0
0
0
0
0.0001048963
0
0
0
0
0
0
0
0
0
0
0.0001333521
0.0001007191
0
0
0
0
0
0
0
0
0
0
0.0001645508
0.0001285635
9.449688e-05
0
0
0
0
0
0
0
0
0
0
0.0001942233
0.0001591969
0.0001224831
8.666202e-05
0
0
0
0
0
0
0
0
0
0
0.0002226509
0.0001890291
0.0001534884
0.0001160358
7.835352e-05
0
0
0
0
0
0
0
0
0
0
0.0002511795
0.0002190056
0.0001850303
0.0001490847
0.0001109968
0
0
0
0
0
0
0
0
0
0
0.0002797034
0.0002489346
0.0002165158
0.000182285
0.0001459816
0
0
0
0
0
0
0
0
0
0
0.000307869
0.0002784342
0.0002474875
0.0002148932
0.0001804107
0
0
0
0
0
0
0
0
0
0
0.0003354426
0.0003072638
0.0002776936
0.0002466202
0.0002138314
0
0
0
0
0
0
0
0
0
0
0.0003623414
0.0003353441
0.0003070604
0.0002773973
0.0002461678
0
0
0
0
0
0
0
0
0
0
0.0003885855
0.0003627039
0.0003356276
0.0003072788
0.0002774907
0
0
0
0
0
0
0
0
0
0
0.000414277
0.0003894559
0.0003635212
0.0003364074
0.0003079641
0
0
0
0
0
0
0
0
0
0
0.0004395987
0.0004157952
0.0003909513
0.0003650112
0.0003378382
0
0
0
0
0
0
0
0
0
0
0.0004647452
0.0004419284
0.0004181386
0.0003933284
0.0003673726
0
0
0
0
0
0
0
0
0
0
0.0004896803
0.0004678202
0.0004450507
0.0004213315
0.0003965479
0
0
0
0
0
0
0
0
0
0
0.0005134919
0.0004925234
0.0004707012
0.0004479907
0.000424286
0
0
0
0
0
0
0
0
0
0
0.0005358314
0.0005156802
0.0004947239
0.0004729321
0.0004502061
0
0
0
0
0
0
0
0
0
0
0.0005566509
0.0005372462
0.0005170786
0.0004961213
0.0004742816
0
0
0
0
0
0
0
0
0
0
0.0005760272
0.000557305
0.0005378569
0.000517659
0.0004966238
0
0
0
0
0
0
0
0
0
0
0.000106924
0
0
0
0
0
0
0
0
0
0
0.0001365212
0.0001047602
0
0
0
0
0
0
0
0
0
0
0.0001687388
0.0001332234
0.000100445
0
0
0
0
0
0
0
0
0
0
0.0001990921
0.000164428
0.0001283028
9.409754e-05
0
0
0
0
0
0
0
0
0
0
0.0002274242
0.0001941044
0.0001589459
0.0001221034
8.608265e-05
0
0
0
0
0
0
0
0
0
0
0.0002545149
0.0002225342
0.0001887843
0.0001531222
0.0001154796
0
0
0
0
0
0
0
0
0
0
0.0002817269
0.0002510673
0.0002187714
0.0001846832
0.0001485579
0
0
0
0
0
0
0
0
0
0
0.0003089743
0.0002795961
0.0002487118
0.0002161878
0.0001817864
0
0
0
0
0
0
0
0
0
0
0.0003359218
0.0003077664
0.0002782217
0.0002471765
0.0002144194
0
0
0
0
0
0
0
0
0
0
0.0003623414
0.0003353441
0.0003070604
0.0002773973
0.0002461678
0
0
0
0
0
0
0
0
0
0
0.0003881481
0.0003622466
0.0003351489
0.0003067771
0.0002769638
0
0
0
0
0
0
0
0
0
0
0.0004133558
0.000388494
0.0003625159
0.0003353556
0.000306862
0
0
0
0
0
0
0
0
0
0
0.000438058
0.0004141886
0.0003892745
0.0003632592
0.0003360054
0
0
0
0
0
0
0
0
0
0
0.0004624267
0.0004395132
0.0004156199
0.0003906986
0.0003646231
0
0
0
0
0
0
0
0
0
0
0.0004866468
0.0004646631
0.0004417602
0.0004178965
0.0003929558
0
0
0
0
0
0
0
0
0
0
0.0005106825
0.000489603
0.0004676619
0.0004448236
0.000420981
0
0
0
0
0
0
0
0
0
0
0.0005336532
0.0005134185
0.0004923731
0.0004704861
0.000447658
0
0
0
0
0
0
0
0
0
0
0.0005552193
0.000535761
0.0005155364
0.0004945184
0.0004726138
0
0
0
0
0
0
0
0
0
0
0.0005753308
0.0005565831
0.0005371078
0.0005168812
0.0004958154
0
0
0
0
0
0
0
0
0
0
0.0005940587
0.0005759616
0.0005571713
0.0005376666
0.0005173639
0
0
0
0
0
0
0
0
0
0
0.0001381135
0.0001067888
0
0
0
0
0
0
0
0
0
0
0.0001715857
0.0001363938
0.0001044897
0
0
0
0
0
0
0
0
0
0
0.000202994
0.0001686179
0.0001329669
0.0001000549
0
0
0
0
0
0
0
0
0
0
0.0002320078
0.0001989759
0.0001641828
0.0001279332
9.35372e-05
0
0
0
0
0
0
0
0
0
0
0.0002590318
0.0002273112
0.0001938668
0.0001585914
0.000121565
0
0
0
0
0
0
0
0
0
0
0.0002848923
0.0002544035
0.0002223014
0.0001884394
0.0001525985
0
0
0
0
0
0
0
0
0
0
0.0003108995
0.0002816195
0.0002508439
0.0002184425
0.0001841832
0
0
0
0
0
0
0
0
0
0
0.0003369753
0.0003088714
0.000279383
0.0002483998
0.0002157124
0
0
0
0
0
0
0
0
0
0
0.0003627988
0.0003358231
0.0003075627
0.0002779249
0.0002467234
0
0
0
0
0
0
0
0
0
0
0.0003881481
0.0003622466
0.0003351489
0.0003067771
0.0002769638
0
0
0
0
0
0
0
0
0
0
0.0004129371
0.0003880567
0.0003620589
0.0003348774
0.000306361
0
0
0
0
0
0
0
0
0
0
0.000437175
0.0004132676
0.0003883131
0.0003622549
0.0003349549
0
0
0
0
0
0
0
0
0
0
0.0004609479
0.0004379726
0.0004140138
0.0003890227
0.0003628724
0
0
0
0
0
0
0
0
0
0
0.0004844187
0.000462344
0.0004393442
0.0004153768
0.0003903248
0
0
0
0
0
0
0
0
0
0
0.0005077635
0.0004865674
0.0004645007
0.000441527
0.0004175374
0
0
0
0
0
0
0
0
0
0
0.0005309474
0.0005106077
0.0004894501
0.0004674429
0.0004444854
0
0
0
0
0
0
0
0
0
0
0.0005531195
0.0005335821
0.0005132732
0.0004921655
0.0004701648
0
0
0
0
0
0
0
0
0
0
0.0005739498
0.0005551511
0.0005356219
0.0005153379
0.0004942108
0
0
0
0
0
0
0
0
0
0
0.0005933865
0.0005752651
0.0005564491
0.0005369171
0.0005165854
0
0
0
0
0
0
0
0
0
0
0.0006114951
0.000593995
0.0005758322
0.0005569873
0.0005373811
0
0
0
0
0
0
0
0
0
0
0.0001730161
0.0001379868
0.0001065199
0
0
0
0
0
0
0
0
0
0
0.000205647
0.0001714659
0.0001361397
0.0001041051
0
0
0
0
0
0
0
0
0
0
0.0002356832
0.0002028795
0.0001683762
0.0001326035
9.950601e-05
0
0
0
0
0
0
0
0
0
0
0.0002633701
0.0002318972
0.0001987435
0.0001638367
0.0001274076
0
0
0
0
0
0
0
0
0
0
0.0002891822
0.0002589239
0.0002270851
0.0001935325
0.000158083
0
0
0
0
0
0
0
0
0
0
0.0003139119
0.0002847857
0.0002541814
0.0002219745
0.0001879421
0
0
0
0
0
0
0
0
0
0
0.000338811
0.0003107965
0.0002814058
0.0002505309
0.0002179656
0
0
0
0
0
0
0
0
0
0
0.0003638049
0.0003368765
0.0003086671
0.0002790852
0.0002479451
0
0
0
0
0
0
0
0
0
0
0.0003885855
0.0003627039
0.0003356276
0.0003072788
0.0002774907
0
0
0
0
0
0
0
0
0
0
0.0004129371
0.0003880567
0.0003620589
0.0003348774
0.000306361
0
0
0
0
0
0
0
0
0
0
0.0004367737
0.000412849
0.0003878761
0.0003617983
0.0003344774
0
0
0
0
0
0
0
0
0
0
0.0004601006
0.0004370898
0.0004130933
0.0003880622
0.0003618694
0
0
0
0
0
0
0
0
0
0
0.0004829981
0.0004608654
0.0004378041
0.0004137715
0.0003886501
0
0
0
0
0
0
0
0
0
0
0.0005056206
0.0004843388
0.0004621809
0.00043911
0.0004150165
0
0
0
0
0
0
0
0
0
0
0.0005281366
0.0005076867
0.0004864106
0.0004642759
0.0004411805
0
0
0
0
0
0
0
0
0
0
0.0005505117
0.0005308749
0.0005104599
0.0004892388
0.0004671163
0
0
0
0
0
0
0
0
0
0
0.0005719245
0.0005530506
0.0005334415
0.0005130727
0.000491855
0
0
0
0
0
0
0
0
0
0
0.0005920535
0.0005738837
0.0005550164
0.00053543
0.0005150405
0
0
0
0
0
0
0
0
0
0
0.0006108459
0.0005933227
0.0005751354
0.0005562646
0.0005366309
0
0
0
0
0
0
0
0
0
0
0.0006283624
0.0006114333
0.0005938697
0.0005756542
0.0005567111
0
0
0
0
0
0
0
0
0
0
0.0002069804
0.0001728968
0.000137734
0.0001061378
0
0
0
0
0
0
0
0
0
0
0.000238183
0.0002055334
0.0001712263
0.0001357801
0.0001035628
0
0
0
0
0
0
0
0
0
0
0.0002668507
0.0002355742
0.0002026502
0.0001680352
0.0001320857
0
0
0
0
0
0
0
0
0
0
0.0002933032
0.0002632645
0.0002316759
0.0001984166
0.0001633392
0
0
0
0
0
0
0
0
0
0
0.0003179972
0.0002890788
0.000258708
0.0002267678
0.0001930489
0
0
0
0
0
0
0
0
0
0
0.0003416842
0.0003138097
0.0002845733
0.0002538702
0.0002214999
0
0
0
0
0
0
0
0
0
0
0.0003655583
0.000338712
0.0003105917
0.0002811072
0.0002500748
0
0
0
0
0
0
0
0
0
0
0.0003895476
0.0003637097
0.0003366804
0.0003083823
0.0002786494
0
0
0
0
0
0
0
0
0
0
0.0004133558
0.000388494
0.0003625159
0.0003353556
0.000306862
0
0
0
0
0
0
0
0
0
0
0.0004367737
0.000412849
0.0003878761
0.0003617983
0.0003344774
0
0
0
0
0
0
0
0
0
0
0.0004597157
0.0004366886
0.000412675
0.0003876257
0.0003614135
0
0
0
0
0
0
0
0
0
0
0.0004821845
0.0004600183
0.0004369217
0.0004128519
0.0003876909
0
0
0
0
0
0
0
0
0
0
0.0005042549
0.0004829183
0.0004607027
0.0004375707
0.0004134124
0
0
0
0
0
0
0
0
0
0
0.0005260742
0.0005055433
0.0004841812
0.0004619552
0.0004387624
0
0
0
0
0
0
0
0
0
0
0.0005478034
0.0005280621
0.0005075351
0.0004861936
0.0004639414
0
0
0
0
0
0
0
0
0
0
0.0005694097
0.0005504415
0.0005307319
0.0005102558
0.0004889232
0
0
0
0
0
0
0
0
0
0
0.0005900989
0.0005718576
0.0005529146
0.0005332478
0.0005127725
0
0
0
0
0
0
0
0
0
0
0.0006095587
0.0005919893
0.0005737532
0.0005548309
0.0005351424
0
0
0
0
0
0
0
0
0
0
0.0006277351
0.000610784
0.000593197
0.0005749569
0.0005559877
0
0
0
0
0
0
0
0
0
0
0.000644685
0.0006283024
0.0006113118
0.0005936974
0.0005753867
0
0
0
0
0
0
0
0
0
0
0.0002394401
0.0002068673
0.0001726581
0.000137376
0.0001055987
0
0
0
0
0
0
0
0
0
0
0.0002692186
0.0002380749
0.0002053059
0.0001708883
0.000135267
0
0
0
0
0
0
0
0
0
0
0.0002966109
0.0002667464
0.0002353556
0.0002023277
0.0001675442
0
0
0
0
0
0
0
0
0
0
0.0003219224
0.000293202
0.000263053
0.0002313654
0.0001979428
0
0
0
0
0
0
0
0
0
0
0.000345583
0.000317898
0.0002888722
0.0002584058
0.0002263061
0
0
0
0
0
0
0
0
0
0
0.0003683037
0.0003415859
0.000313606
0.0002842761
0.0002534162
0
0
0
0
0
0
0
0
0
0
0.000391225
0.0003654631
0.0003385154
0.000310306
0.00028067
0
0
0
0
0
0
0
0
0
0
0.000414277
0.0003894559
0.0003635212
0.0003364074
0.0003079641
0
0
0
0
0
0
0
0
0
0
0.000437175
0.0004132676
0.0003883131
0.0003622549
0.0003349549
0
0
0
0
0
0
0
0
0
0
0.0004597157
0.0004366886
0.000412675
0.0003876257
0.0003614135
0
0
0
0
0
0
0
0
0
0
0.000481815
0.0004596335
0.0004365208
0.000412434
0.0003872551
0
0
0
0
0
0
0
0
0
0
0.0005034731
0.0004821049
0.0004598562
0.0004366892
0.000412494
0
0
0
0
0
0
0
0
0
0
0.0005247603
0.0005041777
0.0004827612
0.0004604778
0.0004372243
0
0
0
0
0
0
0
0
0
0
0.0005458173
0.0005259993
0.000505391
0.0004839635
0.0004616197
0
0
0
0
0
0
0
0
0
0
0.0005667987
0.0005477313
0.0005279155
0.0005073256
0.0004858706
0
0
0
0
0
0
0
0
0
0
0.0005876726
0.0005693416
0.0005503031
0.0005305347
0.0005099508
0
0
0
0
0
0
0
0
0
0
0.0006076714
0.000590034
0.0005717259
0.0005527272
0.0005329574
0
0
0
0
0
0
0
0
0
0
0.0006264915
0.0006094964
0.000591863
0.0005735738
0.0005545525
0
0
0
0
0
0
0
0
0
0
0.0006440786
0.000627675
0.0006106622
0.0005930243
0.0005746887
0
0
0
0
0
0
0
0
0
0
0.0006604852
0.0006446267
0.0006281847
0.000611145
0.0005934383
0
0
0
0
0
0
0
0
0
0
0.0002704098
0.0002393323
0.0002066407
0.0001723216
0.0001368651
0
0
0
0
0
0
0
0
0
0
0.0002988618
0.0002691152
0.000237858
0.0002049861
0.0001704013
0
0
0
0
0
0
0
0
0
0
0.0003250741
0.000296511
0.0002665375
0.0002350491
0.0002018598
0
0
0
0
0
0
0
0
0
0
0.0003493298
0.0003218252
0.0002929995
0.000262757
0.0002309125
0
0
0
0
0
0
0
0
0
0
0.0003720311
0.0003454876
0.0003176998
0.0002885835
0.0002579637
0
0
0
0
0
0
0
0
0
0
0.0003938521
0.0003682091
0.0003413903
0.0003133217
0.0002838408
0
0
0
0
0
0
0
0
0
0
0.0004158838
0.0003911332
0.0003652741
0.0003382416
0.0003098864
0
0
0
0
0
0
0
0
0
0
0.000438058
0.0004141886
0.0003892745
0.0003632592
0.0003360054
0
0
0
0
0
0
0
0
0
0
0.0004601006
0.0004370898
0.0004130933
0.0003880622
0.0003618694
0
0
0
0
0
0
0
0
0
0
0.000481815
0.0004596335
0.0004365208
0.000412434
0.0003872551
0
0
0
0
0
0
0
0
0
0
0.000503118
0.0004817354
0.0004594716
0.0004362888
0.0004120768
0
0
0
0
0
0
0
0
0
0
0.0005240085
0.000503396
0.0004819483
0.000459632
0.000436344
0
0
0
0
0
0
0
0
0
0
0.0005445526
0.0005246855
0.0005040259
0.0004825442
0.0004601434
0
0
0
0
0
0
0
0
0
0
0.0005648849
0.0005457447
0.0005258521
0.0005051808
0.0004836394
0
0
0
0
0
0
0
0
0
0
0.000585154
0.0005667287
0.0005475895
0.0005277132
0.0005070134
0
0
0
0
0
0
0
0
0
0
0.0006053292
0.0005876065
0.0005692076
0.0005501125
0.0005302397
0
0
0
0
0
0
0
0
0
0
0.0006246685
0.0006076084
0.0005899065
0.0005715447
0.0005524463
0
0
0
0
0
0
0
0
0
0
0.0006428766
0.000626431
0.0006093739
0.0005916893
0.0005733043
0
0
0
0
0
0
0
0
0
0
0.0006598989
0.0006440202
0.0006275569
0.0006104949
0.0005927646
0
0
0
0
0
0
0
0
0
0
0.000675784
0.0006604286
0.0006445125
0.000628023
0.000610894
0
0
0
0
0
0
0
0
0
0
0.0002999944
0.0002703067
0.0002391162
0.0002063221
0.0001718364
0
0
0
0
0
0
0
0
0
0
0.0003272194
0.0002987627
0.0002689078
0.0002375538
0.0002045217
0
0
0
0
0
0
0
0
0
0
0.0003523393
0.0003249782
0.0002963108
0.0002662452
0.0002346016
0
0
0
0
0
0
0
0
0
0
0.000375614
0.0003492364
0.0003216309
0.0002927166
0.0002623232
0
0
0
0
0
0
0
0
0
0
0.0003974211
0.0003719393
0.0003452972
0.0003174234
0.0002881594
0
0
0
0
0
0
0
0
0
0
0.000418401
0.0003937609
0.000368021
0.0003411178
0.0003129037
0
0
0
0
0
0
0
0
0
0
0.0004395987
0.0004157952
0.0003909513
0.0003650112
0.0003378382
0
0
0
0
0
0
0
0
0
0
0.0004609479
0.0004379726
0.0004140138
0.0003890227
0.0003628724
0
0
0
0
0
0
0
0
0
0
0.0004821845
0.0004600183
0.0004369217
0.0004128519
0.0003876909
0
0
0
0
0
0
0
0
0
0
0.000503118
0.0004817354
0.0004594716
0.0004362888
0.0004120768
0
0
0
0
0
0
0
0
0
0
0.0005236672
0.0005030411
0.0004815791
0.0004592479
0.0004359442
0
0
0
0
0
0
0
0
0
0
0.0005438292
0.0005239339
0.0005032447
0.0004817321
0.0004592988
0
0
0
0
0
0
0
0
0
0
0.0005636668
0.0005444801
0.0005245388
0.0005038164
0.0004822213
0
0
0
0
0
0
0
0
0
0
0.000583309
0.0005648145
0.0005456023
0.000525649
0.0005048677
0
0
0
0
0
0
0
0
0
0
0.0006028987
0.0005850862
0.0005665915
0.0005473939
0.0005274113
0
0
0
0
0
0
0
0
0
0
0.0006224065
0.0006052651
0.0005874767
0.0005690232
0.0005498271
0
0
0
0
0
0
0
0
0
0
0.0006411148
0.0006246073
0.0006074848
0.0005897311
0.0005712727
0
0
0
0
0
0
0
0
0
0
0.0006587367
0.0006428179
0.0006263124
0.0006092058
0.0005914283
0
0
0
0
0
0
0
0
0
0
0.0006752168
0.0006598421
0.0006439057
0.0006273949
0.0006102433
0
0
0
0
0
0
0
0
0
0
0.0006906009
0.000675729
0.0006603178
0.0006443559
0.0006277798
0
0
0
0
0
0
0
0
0
0
0.0003282992
0.0002998956
0.0002701
0.0002388131
0.0002058593
0
0
0
0
0
0
0
0
0
0
0.0003543882
0.0003271241
0.0002985639
0.0002686176
0.0002371095
0
0
0
0
0
0
0
0
0
0
0.0003784927
0.000352247
0.0003247861
0.0002960313
0.0002658163
0
0
0
0
0
0
0
0
0
0
0.0004008523
0.000375524
0.0003490496
0.0003213599
0.0002923002
0
0
0
0
0
0
0
0
0
0
0.0004218226
0.0003973325
0.0003717561
0.0003450322
0.000317016
0
0
0
0
0
0
0
0
0
0
0.0004420134
0.000418313
0.0003935799
0.0003677593
0.000340716
0
0
0
0
0
0
0
0
0
0
0.0004624267
0.0004395132
0.0004156199
0.0003906986
0.0003646231
0
0
0
0
0
0
0
0
0
0
0.0004829981
0.0004608654
0.0004378041
0.0004137715
0.0003886501
0
0
0
0
0
0
0
0
0
0
0.0005034731
0.0004821049
0.0004598562
0.0004366892
0.000412494
0
0
0
0
0
0
0
0
0
0
0.0005236672
0.0005030411
0.0004815791
0.0004592479
0.0004359442
0
0
0
0
0
0
0
0
0
0
0.0005435009
0.0005235927
0.00050289
0.0004813633
0.0004589153
0
0
0
0
0
0
0
0
0
0
0.0005629704
0.0005437569
0.0005237876
0.000503036
0.0004814103
0
0
0
0
0
0
0
0
0
0
0.0005821352
0.0005635966
0.0005443382
0.0005243365
0.0005035044
0
0
0
0
0
0
0
0
0
0
0.0006011191
0.0005832407
0.0005646767
0.0005454061
0.0005253462
0
0
0
0
0
0
0
0
0
0
0.0006200599
0.0006028329
0.0005849532
0.0005664023
0.0005471019
0
0
0
0
0
0
0
0
0
0
0.0006389295
0.0006223443
0.0006051394
0.0005872983
0.000568747
0
0
0
0
0
0
0
0
0
0
0.0006570334
0.0006410555
0.0006244875
0.000607315
0.0005894677
0
0
0
0
0
0
0
0
0
0
0.0006740927
0.0006586796
0.0006427028
0.0006261495
0.0006089529
0
0
0
0
0
0
0
0
0
0
0.000690052
0.0006751617
0.0006597311
0.0006437487
0.0006271511
0
0
0
0
0
0
0
0
0
0
0.0007049536
0.0006905474
0.0006756215
0.000660166
0.0006441201
0
0
0
0
0
0
0
0
0
0
0.0003554197
0.0003282042
0.0002996975
0.0002698109
0.0002383703
0
0
0
0
0
0
0
0
0
0
0.0003804529
0.0003542965
0.0003269333
0.0002982863
0.0002681916
0
0
0
0
0
0
0
0
0
0
0.00040361
0.0003784038
0.0003520623
0.0003245182
0.0002956195
0
0
0
0
0
0
0
0
0
0
0.0004251128
0.0004007655
0.0003753442
0.0003487896
0.0003209598
0
0
0
0
0
0
0
0
0
0
0.0004452973
0.0004217371
0.0003971562
0.0003715016
0.0003446404
0
0
0
0
0
0
0
0
0
0
0.0004647452
0.0004419284
0.0004181386
0.0003933284
0.0003673726
0
0
0
0
0
0
0
0
0
0
0.0004844187
0.000462344
0.0004393442
0.0004153768
0.0003903248
0
0
0
0
0
0
0
0
0
0
0.0005042549
0.0004829183
0.0004607027
0.0004375707
0.0004134124
0
0
0
0
0
0
0
0
0
0
0.0005240085
0.000503396
0.0004819483
0.000459632
0.000436344
0
0
0
0
0
0
0
0
0
0
0.0005435009
0.0005235927
0.00050289
0.0004813633
0.0004589153
0
0
0
0
0
0
0
0
0
0
0.0005626544
0.0005434287
0.0005234466
0.0005026817
0.0004810421
0
0
0
0
0
0
0
0
0
0
0.0005814644
0.0005629003
0.0005436154
0.000523586
0.000502725
0
0
0
0
0
0
0
0
0
0
0.0005999875
0.0005820671
0.0005634592
0.0005441426
0.0005240348
0
0
0
0
0
0
0
0
0
0
0.0006183427
0.0006010529
0.0005831073
0.0005644869
0.0005451132
0
0
0
0
0
0
0
0
0
0
0.0006366629
0.000619996
0.0006027041
0.0005847703
0.0005661197
0
0
0
0
0
0
0
0
0
0
0.0006549212
0.000638869
0.0006222224
0.0006049667
0.0005870308
0
0
0
0
0
0
0
0
0
0
0.0006724454
0.0006569757
0.0006409393
0.000624323
0.0006070599
0
0
0
0
0
0
0
0
0
0
0.0006889642
0.0006740372
0.0006585679
0.0006425449
0.0006259044
0
0
0
0
0
0
0
0
0
0
0.0007044222
0.0006899984
0.0006750539
0.0006595789
0.0006435124
0
0
0
0
0
0
0
0
0
0
0.000718858
0.0007049016
0.0006904431
0.0006754743
0.0006599373
0
0
0
0
0
0
0
0
0
0
0.00038144
0.0003553283
0.000328014
0.0002994209
0.0002693862
0
0
0
0
0
0
0
0
0
0
0.0004054881
0.0003803646
0.000354113
0.0003266673
0.0002978772
0
0
0
0
0
0
0
0
0
0
0.0004277579
0.0004035242
0.000378226
0.0003518053
0.0003241224
0
0
0
0
0
0
0
0
0
0
0.0004484558
0.000425029
0.0004005924
0.0003750945
0.0003484047
0
0
0
0
0
0
0
0
0
0
0.0004679001
0.0004452147
0.0004215672
0.0003969114
0.0003711244
0
0
0
0
0
0
0
0
0
0
0.0004866468
0.0004646631
0.0004417602
0.0004178965
0.0003929558
0
0
0
0
0
0
0
0
0
0
0.0005056206
0.0004843388
0.0004621809
0.00043911
0.0004150165
0
0
0
0
0
0
0
0
0
0
0.0005247603
0.0005041777
0.0004827612
0.0004604778
0.0004372243
0
0
0
0
0
0
0
0
0
0
0.0005438292
0.0005239339
0.0005032447
0.0004817321
0.0004592988
0
0
0
0
0
0
0
0
0
0
0.0005626544
0.0005434287
0.0005234466
0.0005026817
0.0004810421
0
0
0
0
0
0
0
0
0
0
0.0005811601
0.0005625844
0.0005432874
0.0005232454
0.0005023713
0
0
0
0
0
0
0
0
0
0
0.0005993411
0.0005813965
0.0005627633
0.0005434206
0.0005232853
0
0
0
0
0
0
0
0
0
0
0.0006172513
0.0005999214
0.000581934
0.0005632701
0.0005438508
0
0
0
0
0
0
0
0
0
0
0.0006350052
0.0006182784
0.0006009236
0.0005829237
0.0005642035
0
0
0
0
0
0
0
0
0
0
0.0006527311
0.0006366009
0.0006198712
0.000602527
0.0005844966
0
0
0
0
0
0
0
0
0
0
0.0006704032
0.0006548624
0.0006387509
0.0006220551
0.0006047076
0
0
0
0
0
0
0
0
0
0
0.0006873706
0.0006723894
0.000656863
0.0006407799
0.0006240758
0
0
0
0
0
0
0
0
0
0
0.0007033694
0.0006889103
0.0006739289
0.0006584149
0.0006423074
0
0
0
0
0
0
0
0
0
0
0.0007183435
0.0007043701
0.0006898938
0.0006749063
0.0006593497
0
0
0
0
0
0
0
0
0
0
0.0007323279
0.0007188074
0.0007048003
0.0006903003
0.0006752525
0
0
0
0
0
0
0
0
0
0
0.000406434
0.0003813519
0.0003551454
0.0003277488
0.000299013
0
0
0
0
0
0
0
0
0
0
0.0004295596
0.0004054029
0.0003801879
0.0003538577
0.0003262739
0
0
0
0
0
0
0
0
0
0
0.0004509957
0.0004276751
0.000403353
0.000377979
0.0003514244
0
0
0
0
0
0
0
0
0
0
0.0004709351
0.0004483748
0.0004248621
0.0004003521
0.0003747238
0
0
0
0
0
0
0
0
0
0
0.0004896803
0.0004678202
0.0004450507
0.0004213315
0.0003965479
0
0
0
0
0
0
0
0
0
0
0.0005077635
0.0004865674
0.0004645007
0.000441527
0.0004175374
0
0
0
0
0
0
0
0
0
0
0.0005260742
0.0005055433
0.0004841812
0.0004619552
0.0004387624
0
0
0
0
0
0
0
0
0
0
0.0005445526
0.0005246855
0.0005040259
0.0004825442
0.0004601434
0
0
0
0
0
0
0
0
0
0
0.0005629704
0.0005437569
0.0005237876
0.000503036
0.0004814103
0
0
0
0
0
0
0
0
0
0
0.0005811601
0.0005625844
0.0005432874
0.0005232454
0.0005023713
0
0
0
0
0
0
0
0
0
0
0.000599048
0.0005810923
0.0005624477
0.0005430929
0.0005229453
0
0
0
0
0
0
0
0
0
0
0.0006166282
0.0005992752
0.0005812638
0.0005625749
0.0005431297
0
0
0
0
0
0
0
0
0
0
0.0006339521
0.0006171871
0.0005997925
0.0005817511
0.0005629877
0
0
0
0
0
0
0
0
0
0
0.0006511302
0.0006349428
0.0006181531
0.0006007459
0.0005826493
0
0
0
0
0
0
0
0
0
0
0.0006682863
0.0006526709
0.0006364799
0.0006196997
0.0006022619
0
0
0
0
0
0
0
0
0
0
0.0006853953
0.0006703461
0.0006547479
0.0006385888
0.0006218041
0
0
0
0
0
0
0
0
0
0
0.0007018272
0.0006873161
0.00067228
0.0006567086
0.0006405403
0
0
0
0
0
0
0
0
0
0
0.0007173241
0.000703317
0.0006888052
0.0006737805
0.0006581846
0
0
0
0
0
0
0
0
0
0
0.0007318296
0.0007182928
0.0007042686
0.0006897506
0.000674684
0
0
0
0
0
0
0
0
0
0
0.0007453736
0.0007322787
0.000718709
0.0007046617
0.0006900851
0
0
0
0
0
0
0
0
0
0
0.0004304672
0.0004063491
0.0003811758
0.0003548908
0.0003273566
0
0
0
0
0
0
0
0
0
0
0.000452726
0.0004294773
0.0004052327
0.0003799425
0.0003534791
0
0
0
0
0
0
0
0
0
0
0.0004733763
0.0004509156
0.0004275099
0.0004031153
0.0003776121
0
0
0
0
0
0
0
0
0
0
0.0004925992
0.0004708567
0.0004482137
0.0004246307
0.0003999948
0
0
0
0
0
0
0
0
0
0
0.0005106825
0.000489603
0.0004676619
0.0004448236
0.000420981
0
0
0
0
0
0
0
0
0
0
0.0005281366
0.0005076867
0.0004864106
0.0004642759
0.0004411805
0
0
0
0
0
0
0
0
0
0
0.0005458173
0.0005259993
0.000505391
0.0004839635
0.0004616197
0
0
0
0
0
0
0
0
0
0
0.0005636668
0.0005444801
0.0005245388
0.0005038164
0.0004822213
0
0
0
0
0
0
0
0
0
0
0.0005814644
0.0005629003
0.0005436154
0.000523586
0.000502725
0
0
0
0
0
0
0
0
0
0
0.000599048
0.0005810923
0.0005624477
0.0005430929
0.0005229453
0
0
0
0
0
0
0
0
0
0
0.0006163457
0.0005989822
0.0005809599
0.0005622596
0.0005428026
0
0
0
0
0
0
0
0
0
0
0.0006333513
0.0006165642
0.0005991467
0.0005810815
0.0005622935
0
0
0
0
0
0
0
0
0
0
0.0006501138
0.0006338899
0.0006170622
0.0005996155
0.0005814777
0
0
0
0
0
0
0
0
0
0
0.0006667397
0.0006510696
0.0006348214
0.000617981
0.0006004802
0
0
0
0
0
0
0
0
0
0
0.0006833485
0.0006682277
0.0006525535
0.0006363137
0.0006194429
0
0
0
0
0
0
0
0
0
0
0.000699916
0.0006853398
0.0006702349
0.0006545908
0.0006383454
0
0
0
0
0
0
0
0
0
0
0.0007158311
0.0007017742
0.00068721
0.0006721302
0.0006564762
0
0
0
0
0
0
0
0
0
0
0.0007308423
0.0007172731
0.0007032149
0.0006886613
0.0006735571
0
0
0
0
0
0
0
0
0
0
0.0007448908
0.0007317802
0.0007181942
0.0007041297
0.000689535
0
0
0
0
0
0
0
0
0
0.0007580011
0.0007453257
0.0007321831
0.0007185746
0.0007044529
0
0
0
0
0
0
0
0
0
0
0.0004535978
0.0004303851
0.0004061793
0.0003809311
0.0003545133
0
0
0
0
0
0
0
0
0
0
0.0004750397
0.0004526464
0.0004293132
0.0004049965
0.0003795777
0
0
0
0
0
0
0
0
0
0
0.0004949476
0.0004732989
0.0004507562
0.000427281
0.0004027615
0
0
0
0
0
0
0
0
0
0
0.0005134919
0.0004925234
0.0004707012
0.0004479907
0.000424286
0
0
0
0
0
0
0
0
0
0
0.0005309474
0.0005106077
0.0004894501
0.0004674429
0.0004444854
0
0
0
0
0
0
0
0
0
0
0.0005478034
0.0005280621
0.0005075351
0.0004861936
0.0004639414
0
0
0
0
0
0
0
0
0
0
0.0005648849
0.0005457447
0.0005258521
0.0005051808
0.0004836394
0
0
0
0
0
0
0
0
0
0
0.0005821352
0.0005635966
0.0005443382
0.0005243365
0.0005035044
0
0
0
0
0
0
0
0
0
0
0.0005993411
0.0005813965
0.0005627633
0.0005434206
0.0005232853
0
0
0
0
0
0
0
0
0
0
0.0006163457
0.0005989822
0.0005809599
0.0005622596
0.0005428026
0
0
0
0
0
0
0
0
0
0
0.0006330789
0.0006162818
0.0005988539
0.0005807779
0.0005619787
0
0
0
0
0
0
0
0
0
0
0.0006495342
0.0006332891
0.0006164397
0.0005989703
0.0005808091
0
0
0
0
0
0
0
0
0
0
0.0006657584
0.0006500533
0.0006337688
0.0006168908
0.0005993507
0
0
0
0
0
0
0
0
0
0
0.000681854
0.0006666809
0.0006509519
0.0006346546
0.0006177236
0
0
0
0
0
0
0
0
0
0
0.0006979363
0.0006832916
0.0006681139
0.0006523925
0.0006360649
0
0
0
0
0
0
0
0
0
0
0.0007139815
0.0006998621
0.000685232
0.0006700826
0.0006543548
0
0
0
0
0
0
0
0
0
0
0.0007293966
0.0007157796
0.0007016711
0.0006870647
0.0006719049
0
0
0
0
0
0
0
0
0
0
0.0007439344
0.0007307927
0.000717174
0.0007030753
0.0006884445
0
0
0
0
0
0
0
0
0
0.0007575333
0.0007448428
0.0007316844
0.0007180594
0.0007039204
0
0
0
0
0
0
0
0
0.0007702088
0.0007579545
0.0007452328
0.0007320526
0.0007183719
0
0
0
0
0
0
0
0
0
0
0.0004758779
0.0004535184
0.0004302215
0.0004059438
0.0003805673
0
0
0
0
0
0
0
0
0
0
0.000496548
0.0004749627
0.000452488
0.0004290856
0.0004046448
0
0
0
0
0
0
0
0
0
0
0.0005157528
0.0004948727
0.0004731449
0.0004505356
0.0004269397
0
0
0
0
0
0
0
0
0
0
0.0005336532
0.0005134185
0.0004923731
0.0004704861
0.000447658
0
0
0
0
0
0
0
0
0
0
0.0005505117
0.0005308749
0.0005104599
0.0004892388
0.0004671163
0
0
0
0
0
0
0
0
0
0
0.0005667987
0.0005477313
0.0005279155
0.0005073256
0.0004858706
0
0
0
0
0
0
0
0
0
0
0.000583309
0.0005648145
0.0005456023
0.000525649
0.0005048677
0
0
0
0
0
0
0
0
0
0
0.0005999875
0.0005820671
0.0005634592
0.0005441426
0.0005240348
0
0
0
0
0
0
0
0
0
0
0.0006166282
0.0005992752
0.0005812638
0.0005625749
0.0005431297
0
0
0
0
0
0
0
0
0
0
0.0006330789
0.0006162818
0.0005988539
0.0005807779
0.0005619787
0
0
0
0
0
0
0
0
0
0
0.0006492715
0.0006330169
0.0006161575
0.0005986778
0.0005805059
0
0
0
0
0
0
0
0
0
0
0.000665199
0.0006494738
0.0006331684
0.0006162688
0.0005987064
0
0
0
0
0
0
0
0
0
0
0.0006809062
0.0006656996
0.0006499359
0.0006336027
0.0006166342
0
0
0
0
0
0
0
0
0
0
0.0006964917
0.0006817968
0.0006665666
0.0006507903
0.0006344051
0
0
0
0
0
0
0
0
0
0
0.0007120662
0.000697881
0.0006831811
0.0006679578
0.0006521512
0
0
0
0
0
0
0
0
0
0
0.0007276061
0.0007139291
0.0006997573
0.0006850842
0.0006698538
0
0
0
0
0
0
0
0
0
0
0.0007425342
0.0007293465
0.0007156795
0.0007015302
0.0006868461
0
0
0
0
0
0
0
0
0
0.0007566066
0.0007438861
0.0007306964
0.0007170385
0.000702865
0
0
0
0
0
0
0
0
0.0007697554
0.0007574865
0.0007447497
0.0007315536
0.0007178562
0
0
0
0
0
0
0
0.0007819849
0.0007701634
0.0007578642
0.0007451061
0.0007318558
0
0
0
0
0
0
0
0
0
0
0.0004973546
0.0004758011
0.0004533604
0.0004299946
0.0004055931
0
0
0
0
0
0
0
0
0
0
0.0005172938
0.0004964735
0.0004748097
0.0004522687
0.0004287463
0
0
0
0
0
0
0
0
0
0
0.0005358314
0.0005156802
0.0004947239
0.0004729321
0.0004502061
0
0
0
0
0
0
0
0
0
0
0.0005531195
0.0005335821
0.0005132732
0.0004921655
0.0004701648
0
0
0
0
0
0
0
0
0
0
0.0005694097
0.0005504415
0.0005307319
0.0005102558
0.0004889232
0
0
0
0
0
0
0
0
0
0
0.000585154
0.0005667287
0.0005475895
0.0005277132
0.0005070134
0
0
0
0
0
0
0
0
0
0
0.0006011191
0.0005832407
0.0005646767
0.0005454061
0.0005253462
0
0
0
0
0
0
0
0
0
0
0.0006172513
0.0005999214
0.000581934
0.0005632701
0.0005438508
0
0
0
0
0
0
0
0
0
0
0.0006333513
0.0006165642
0.0005991467
0.0005810815
0.0005622935
0
0
0
0
0
0
0
0
0
0
0.0006492715
0.0006330169
0.0006161575
0.0005986778
0.0005805059
0
0
0
0
0
0
0
0
0
0
0.0006649457
0.0006492113
0.0006328964
0.0006159869
0.0005984144
0
0
0
0
0
0
0
0
0
0
0.0006803663
0.0006651404
0.0006493567
0.0006330029
0.0006160132
0
0
0
0
0
0
0
0
0
0
0.0006955761
0.0006808491
0.0006655857
0.000649775
0.0006333541
0
0
0
0
0
0
0
0
0
0
0.0007106694
0.0006964361
0.0006816859
0.00066641
0.0006505484
0
0
0
0
0
0
0
0
0
0
0.0007257525
0.0007120124
0.0006977737
0.0006830297
0.0006677238
0
0
0
0
0
0
0
0
0
0
0.0007408004
0.0007275551
0.0007138274
0.000699614
0.0006848623
0
0
0
0
0
0
0
0
0
0.0007552502
0.0007424854
0.0007292493
0.0007155428
0.000701318
0
0
0
0
0
0
0
0
0.0007688575
0.0007565596
0.0007437926
0.0007305649
0.0007168343
0
0
0
0
0
0
0
0.0007815455
0.0007697099
0.0007573961
0.0007446226
0.0007313563
0
0
0
0
0
0
0.0007932973
0.0007819407
0.0007700757
0.0007577411
0.0007449149
0
0
0
0
0
0
0
0
0
0
0.0005180705
0.0004972803
0.0004756485
0.0004531417
0.0004296561
0
0
0
0
0
0
0
0
0
0
0.0005373162
0.0005172216
0.0004963256
0.0004745981
0.000451941
0
0
0
0
0
0
0
0
0
0
0.0005552193
0.000535761
0.0005155364
0.0004945184
0.0004726138
0
0
0
0
0
0
0
0
0
0
0.0005719245
0.0005530506
0.0005334415
0.0005130727
0.000491855
0
0
0
0
0
0
0
0
0
0
0.0005876726
0.0005693416
0.0005503031
0.0005305347
0.0005099508
0
0
0
0
0
0
0
0
0
0
0.0006028987
0.0005850862
0.0005665915
0.0005473939
0.0005274113
0
0
0
0
0
0
0
0
0
0
0.0006183427
0.0006010529
0.0005831073
0.0005644869
0.0005451132
0
0
0
0
0
0
0
0
0
0
0.0006339521
0.0006171871
0.0005997925
0.0005817511
0.0005629877
0
0
0
0
0
0
0
0
0
0
0.0006495342
0.0006332891
0.0006164397
0.0005989703
0.0005808091
0
0
0
0
0
0
0
0
0
0
0.0006649457
0.0006492113
0.0006328964
0.0006159869
0.0005984144
0
0
0
0
0
0
0
0
0
0
0.0006801218
0.0006648871
0.0006490944
0.0006327311
0.0006157317
0
0
0
0
0
0
0
0
0
0
0.0006950548
0.0006803093
0.0006650268
0.0006491963
0.0006327552
0
0
0
0
0
0
0
0
0
0
0.0007097846
0.0006955205
0.0006807385
0.0006654297
0.000649534
0
0
0
0
0
0
0
0
0
0
0.0007244016
0.0007106153
0.0006963284
0.000681534
0.0006661755
0
0
0
0
0
0
0
0
0
0
0.0007390062
0.0007257002
0.0007119082
0.0006976269
0.0006828028
0
0
0
0
0
0
0
0
0
0.000753571
0.0007407507
0.0007274563
0.0007136883
0.0006993986
0
0
0
0
0
0
0
0
0.0007675432
0.0007552027
0.0007423909
0.0007291165
0.0007153368
0
0
0
0
0
0
0
0.0007806754
0.0007688117
0.0007564687
0.0007436648
0.0007303667
0
0
0
0
0
0
0.0007928715
0.0007815012
0.0007696219
0.0007572726
0.000744431
0
0
0
0
0
0.0008040859
0.0007932542
0.0007818554
0.000769956
0.0007575554
0
0
0
0
0
0
0
0
0
0
0.0005380646
0.0005179985
0.0004971327
0.0004754374
0.0004528149
0
0
0
0
0
0
0
0
0
0
0.0005566509
0.0005372462
0.0005170786
0.0004961213
0.0004742816
0
0
0
0
0
0
0
0
0
0
0.0005739498
0.0005551511
0.0005356219
0.0005153379
0.0004942108
0
0
0
0
0
0
0
0
0
0
0.0005900989
0.0005718576
0.0005529146
0.0005332478
0.0005127725
0
0
0
0
0
0
0
0
0
0
0.0006053292
0.0005876065
0.0005692076
0.0005501125
0.0005302397
0
0
0
0
0
0
0
0
0
0
0.0006200599
0.0006028329
0.0005849532
0.0005664023
0.0005471019
0
0
0
0
0
0
0
0
0
0
0.0006350052
0.0006182784
0.0006009236
0.0005829237
0.0005642035
0
0
0
0
0
0
0
0
0
0
0.0006501138
0.0006338899
0.0006170622
0.0005996155
0.0005814777
0
0
0
0
0
0
0
0
0
0
0.000665199
0.0006494738
0.0006331684
0.0006162688
0.0005987064
0
0
0
0
0
0
0
0
0
0
0.0006801218
0.0006648871
0.0006490944
0.0006327311
0.0006157317
0
0
0
0
0
0
0
0
0
0
0.0006948188
0.0006800649
0.0006647737
0.0006489343
0.0006324838
0
0
0
0
0
0
0
0
0
0
0.0007092812
0.0006949993
0.0006801991
0.0006648713
0.0006489562
0
0
0
0
0
0
0
0
0
0
0.0007235465
0.0007097306
0.0006954132
0.0006805872
0.000665196
0
0
0
0
0
0
0
0
0
0
0.0007376994
0.000724349
0.0007105107
0.0006961811
0.0006813065
0
0
0
0
0
0
0
0
0
0.000751834
0.0007389553
0.000725599
0.0007117657
0.0006974067
0
0
0
0
0
0
0
0
0.0007659169
0.0007535227
0.0007406547
0.0007273212
0.0007134792
0
0
0
0
0
0
0
0.0007794021
0.000767497
0.0007551109
0.000742262
0.0007289166
0
0
0
0
0
0
0.0007920285
0.0007806308
0.0007687233
0.0007563446
0.0007434723
0
0
0
0
0
0.0008036736
0.0007928283
0.0007814156
0.000769502
0.0007570865
0
0
0
0
0.0008142363
0.0008040439
0.0007931711
0.000781739
0.0007697756
0
0
0
0
0
0
0
0
0
0
0.0005573726
0.0005379949
0.0005178558
0.000496929
0.0004751217
0
0
0
0
0
0
0
0
0
0
0.0005753308
0.0005565831
0.0005371078
0.0005168812
0.0004958154
0
0
0
0
0
0
0
0
0
0
0.0005920535
0.0005738837
0.0005550164
0.00053543
0.0005150405
0
0
0
0
0
0
0
0
0
0
0.0006076714
0.000590034
0.0005717259
0.0005527272
0.0005329574
0
0
0
0
0
0
0
0
0
0
0.0006224065
0.0006052651
0.0005874767
0.0005690232
0.0005498271
0
0
0
0
0
0
0
0
0
0
0.0006366629
0.000619996
0.0006027041
0.0005847703
0.0005661197
0
0
0
0
0
0
0
0
0
0
0.0006511302
0.0006349428
0.0006181531
0.0006007459
0.0005826493
0
0
0
0
0
0
0
0
0
0
0.0006657584
0.0006500533
0.0006337688
0.0006168908
0.0005993507
0
0
0
0
0
0
0
0
0
0
0.0006803663
0.0006651404
0.0006493567
0.0006330029
0.0006160132
0
0
0
0
0
0
0
0
0
0
0.0006948188
0.0006800649
0.0006647737
0.0006489343
0.0006324838
0
0
0
0
0
0
0
0
0
0
0.0007090534
0.0006947635
0.0006799549
0.0006646185
0.0006486945
0
0
0
0
0
0
0
0
0
0
0.0007230602
0.0007092272
0.0006948923
0.0006800483
0.0006646384
0
0
0
0
0
0
0
0
0
0
0.0007368727
0.0007234939
0.0007096264
0.0006952664
0.0006803605
0
0
0
0
0
0
0
0
0
0.0007505697
0.0007376482
0.0007242475
0.0007103678
0.0006959603
0
0
0
0
0
0
0
0
0.000764235
0.0007517845
0.000738857
0.0007254607
0.000711552
0
0
0
0
0
0
0
0.0007778268
0.0007658698
0.0007534294
0.0007405236
0.0007271183
0
0
0
0
0
0
0.0007907951
0.000779357
0.0007674077
0.0007549856
0.0007420678
0
0
0
0
0
0.0008028573
0.000791985
0.0007805448
0.0007686027
0.0007561576
0
0
0
0
0.0008138374
0.0008036315
0.000792745
0.000781299
0.0007693211
0
0
0
0.0008235552
0.0008141953
0.000803963
0.000793058
0.0007815636
0
0
0
0
0
0
0
0
0
0
0.0005760272
0.000557305
0.0005378569
0.000517659
0.0004966238
0
0
0
0
0
0
0
0
0
0
0.0005933865
0.0005752651
0.0005564491
0.0005369171
0.0005165854
0
0
0
0
0
0
0
0
0
0
0.0006095587
0.0005919893
0.0005737532
0.0005548309
0.0005351424
0
0
0
0
0
0
0
0
0
0
0.0006246685
0.0006076084
0.0005899065
0.0005715447
0.0005524463
0
0
0
0
0
0
0
0
0
0
0.0006389295
0.0006223443
0.0006051394
0.0005872983
0.000568747
0
0
0
0
0
0
0
0
0
0
0.0006527311
0.0006366009
0.0006198712
0.000602527
0.0005844966
0
0
0
0
0
0
0
0
0
0
0.0006667397
0.0006510696
0.0006348214
0.000617981
0.0006004802
0
0
0
0
0
0
0
0
0
0
0.0006809062
0.0006656996
0.0006499359
0.0006336027
0.0006166342
0
0
0
0
0
0
0
0
0
0
0.0006950548
0.0006803093
0.0006650268
0.0006491963
0.0006327552
0
0
0
0
0
0
0
0
0
0
0.0007090534
0.0006947635
0.0006799549
0.0006646185
0.0006486945
0
0
0
0
0
0
0
0
0
0
0.0007228403
0.0007089996
0.0006946566
0.0006798043
0.000664386
0
0
0
0
0
0
0
0
0
0
0.000736403
0.0007230077
0.0007091233
0.0006947461
0.0006798223
0
0
0
0
0
0
0
0
0
0.0007497705
0.0007368216
0.0007233927
0.0007094839
0.0006950465
0
0
0
0
0
0
0
0
0.0007630118
0.0007505199
0.0007375496
0.0007241087
0.0007101535
0
0
0
0
0
0
0
0.0007761984
0.0007641868
0.0007516889
0.0007387227
0.0007252532
0
0
0
0
0
0
0.0007892696
0.0007777809
0.0007657791
0.000753302
0.0007403265
0
0
0
0
0
0.0008016632
0.0007907512
0.0007792702
0.000767286
0.000754797
0
0
0
0
0.0008130479
0.0008028149
0.0007919014
0.0007804276
0.000768421
0
0
0
0.0008231702
0.0008137963
0.0008035504
0.0007926316
0.0007811232
0
0
0.0008316995
0.0008235151
0.0008141165
0.000803853
0.0007928874
0
0
0
0
0
0
0
0
0
0
0.0005940587
0.0005759616
0.0005571713
0.0005376666
0.0005173639
0
0
0
0
0
0
0
0
0
0
0.0006108459
0.0005933227
0.0005751354
0.0005562646
0.0005366309
0
0
0
0
0
0
0
0
0
0
0.0006264915
0.0006094964
0.000591863
0.0005735738
0.0005545525
0
0
0
0
0
0
0
0
0
0
0.0006411148
0.0006246073
0.0006074848
0.0005897311
0.0005712727
0
0
0
0
0
0
0
0
0
0
0.0006549212
0.000638869
0.0006222224
0.0006049667
0.0005870308
0
0
0
0
0
0
0
0
0
0
0.0006682863
0.0006526709
0.0006364799
0.0006196997
0.0006022619
0
0
0
0
0
0
0
0
0
0
0.000681854
0.0006666809
0.0006509519
0.0006346546
0.0006177236
0
0
0
0
0
0
0
0
0
0
0.0006955761
0.0006808491
0.0006655857
0.000649775
0.0006333541
0
0
0
0
0
0
0
0
0
0
0.0007092812
0.0006949993
0.0006801991
0.0006648713
0.0006489562
0
0
0
0
0
0
0
0
0
0
0.0007228403
0.0007089996
0.0006946566
0.0006798043
0.000664386
0
0
0
0
0
0
0
0
0
0
0.0007361906
0.0007227879
0.0007088958
0.0006945106
0.0006795788
0
0
0
0
0
0
0
0
0
0.0007493166
0.0007363519
0.0007229068
0.0007089814
0.0006945268
0
0
0
0
0
0
0
0
0.000762239
0.0007497207
0.0007367232
0.0007232544
0.0007092704
0
0
0
0
0
0
0
0.0007750149
0.0007629632
0.000750424
0.0007374148
0.0007239007
0
0
0
0
0
0
0.0007876934
0.0007761514
0.0007640939
0.0007515585
0.0007385212
0
0
0
0
0
0.0008001868
0.0007892249
0.0007776927
0.0007656553
0.0007531105
0
0
0
0
0.0008118931
0.0008016204
0.0007906667
0.0007791519
0.0007671027
0
0
0
0.0008224082
0.0008130066
0.0008027334
0.0007917874
0.0007802509
0
0
0.0008313293
0.00082313
0.0008137173
0.00080344
0.0007924606
0
0.0008381103
0.0008316603
0.0008234382
0.0008140092
0.0008036869
0
0
0
0
0
0
0
0
0
0
0.0006114951
0.000593995
0.0005758322
0.0005569873
0.0005373811
0
0
0
0
0
0
0
0
0
0
0.0006277351
0.000610784
0.000593197
0.0005749569
0.0005559877
0
0
0
0
0
0
0
0
0
0
0.0006428766
0.000626431
0.0006093739
0.0005916893
0.0005733043
0
0
0
0
0
0
0
0
0
0
0.0006570334
0.0006410555
0.0006244875
0.000607315
0.0005894677
0
0
0
0
0
0
0
0
0
0
0.0006704032
0.0006548624
0.0006387509
0.0006220551
0.0006047076
0
0
0
0
0
0
0
0
0
0
0.0006833485
0.0006682277
0.0006525535
0.0006363137
0.0006194429
0
0
0
0
0
0
0
0
0
0
0.0006964917
0.0006817968
0.0006665666
0.0006507903
0.0006344051
0
0
0
0
0
0
0
0
0
0
0.0007097846
0.0006955205
0.0006807385
0.0006654297
0.000649534
0
0
0
0
0
0
0
0
0
0
0.0007230602
0.0007092272
0.0006948923
0.0006800483
0.0006646384
0
0
0
0
0
0
0
0
0
0
0.0007361906
0.0007227879
0.0007088958
0.0006945106
0.0006795788
0
0
0
0
0
0
0
0
0
0.0007491115
0.0007361396
0.0007226871
0.0007087541
0.0006942918
0
0
0
0
0
0
0
0
0.0007618005
0.0007492669
0.0007362538
0.000722769
0.0007087686
0
0
0
0
0
0
0
0.0007742679
0.0007621906
0.0007496251
0.000736589
0.0007230471
0
0
0
0
0
0
0.0007865486
0.0007749676
0.00076287
0.0007502931
0.0007372128
0
0
0
0
0
0.0007986619
0.0007876476
0.0007760611
0.0007639671
0.0007513627
0
0
0
0
0.0008104659
0.0008001432
0.000789139
0.0007775724
0.0007654692
0
0
0
0.0008212938
0.0008118514
0.0008015381
0.0007905516
0.0007789737
0
0
0.0008305968
0.0008223678
0.0008129271
0.0008026225
0.0007916155
0
0.0008377564
0.00083129
0.0008230529
0.0008136098
0.0008032736
0.0008418724
0.0008380718
0.0008315851
0.0008233335
0.0008138475
0
0
0
0
0
0
0
0
0
0
0.0006283624
0.0006114333
0.0005938697
0.0005756542
0.0005567111
0
0
0
0
0
0
0
0
0
0
0.0006440786
0.000627675
0.0006106622
0.0005930243
0.0005746887
0
0
0
0
0
0
0
0
0
0
0.0006587367
0.0006428179
0.0006263124
0.0006092058
0.0005914283
0
0
0
0
0
0
0
0
0
0
0.0006724454
0.0006569757
0.0006409393
0.000624323
0.0006070599
0
0
0
0
0
0
0
0
0
0
0.0006853953
0.0006703461
0.0006547479
0.0006385888
0.0006218041
0
0
0
0
0
0
0
0
0
0
0.0006979363
0.0006832916
0.0006681139
0.0006523925
0.0006360649
0
0
0
0
0
0
0
0
0
0
0.0007106694
0.0006964361
0.0006816859
0.00066641
0.0006505484
0
0
0
0
0
0
0
0
0
0
0.0007235465
0.0007097306
0.0006954132
0.0006805872
0.000665196
0
0
0
0
0
0
0
0
0
0
0.000736403
0.0007230077
0.0007091233
0.0006947461
0.0006798223
0
0
0
0
0
0
0
0
0
0.0007491115
0.0007361396
0.0007226871
0.0007087541
0.0006942918
0
0
0
0
0
0
0
0
0.0007616025
0.0007490619
0.0007360417
0.0007225495
0.0007085417
0
0
0
0
0
0
0
0.0007738443
0.0007617521
0.0007491716
0.00073612
0.0007225624
0
0
0
0
0
0
0.0007858268
0.0007742207
0.0007620976
0.0007494947
0.0007363877
0
0
0
0
0
0.0007975554
0.0007865026
0.0007748769
0.0007627428
0.0007500969
0
0
0
0
0.0008089924
0.0007986172
0.0007875597
0.0007759379
0.0007637769
0
0
0
0.0008199171
0.0008104234
0.0008000596
0.0007890221
0.0007773915
0
0
0.0008295257
0.000821253
0.0008117712
0.0008014261
0.0007903783
0
0.0008370562
0.0008305572
0.0008222902
0.0008128191
0.0008024553
0.0008415345
0.0008377178
0.0008312146
0.000822948
0.0008134477
0.0008418343
0.0008379978
0.0008314828
0.0008231757
0
0
0
0
0
0
0
0
0
0
0.000644685
0.0006283024
0.0006113118
0.0005936974
0.0005753867
0
0
0
0
0
0
0
0
0
0
0.0006598989
0.0006440202
0.0006275569
0.0006104949
0.0005927646
0
0
0
0
0
0
0
0
0
0
0.0006740927
0.0006586796
0.0006427028
0.0006261495
0.0006089529
0
0
0
0
0
0
0
0
0
0
0.0006873706
0.0006723894
0.000656863
0.0006407799
0.0006240758
0
0
0
0
0
0
0
0
0
0
0.000699916
0.0006853398
0.0006702349
0.0006545908
0.0006383454
0
0
0
0
0
0
0
0
0
0
0.0007120662
0.000697881
0.0006831811
0.0006679578
0.0006521512
0
0
0
0
0
0
0
0
0
0
0.0007244016
0.0007106153
0.0006963284
0.000681534
0.0006661755
0
0
0
0
0
0
0
0
0
0
0.0007368727
0.0007234939
0.0007096264
0.0006952664
0.0006803605
0
0
0
0
0
0
0
0
0
0.0007493166
0.0007363519
0.0007229068
0.0007089814
0.0006945268
0
0
0
0
0
0
0
0
0.0007616025
0.0007490619
0.0007360417
0.0007225495
0.0007085417
0
0
0
0
0
0
0
0.0007736531
0.0007615542
0.0007489667
0.0007359081
0.0007223433
0
0
0
0
0
0
0.0007854178
0.0007737972
0.0007616594
0.0007490416
0.0007359194
0
0
0
0
0
0.0007968583
0.0007857807
0.0007741302
0.0007619709
0.0007492991
0
0
0
0
0.0008079244
0.0007975104
0.0007864143
0.0007747533
0.0007625522
0
0
0
0.0008184965
0.0008089488
0.0007985316
0.0007874398
0.000775753
0
0
0.000828203
0.0008198755
0.0008103419
0.0007999457
0.0007888461
0
0.0008360327
0.0008294858
0.0008211747
0.0008116621
0.0008012574
0.0008408662
0.0008370173
0.0008304814
0.0008221848
0.0008126562
0.0008414963
0.0008376437
0.000831112
0.0008227898
0.0008417613
0.0008378974
0.0008313285
0
0
0
0
0
0
0
0
0
0
0.0006604852
0.0006446267
0.0006281847
0.000611145
0.0005934383
0
0
0
0
0
0
0
0
0
0
0.0006752168
0.0006598421
0.0006439057
0.0006273949
0.0006102433
0
0
0
0
0
0
0
0
0
0
0.0006889642
0.0006740372
0.0006585679
0.0006425449
0.0006259044
0
0
0
0
0
0
0
0
0
0
0.0007018272
0.0006873161
0.00067228
0.0006567086
0.0006405403
0
0
0
0
0
0
0
0
0
0
0.0007139815
0.0006998621
0.000685232
0.0006700826
0.0006543548
0
0
0
0
0
0
0
0
0
0
0.0007257525
0.0007120124
0.0006977737
0.0006830297
0.0006677238
0
0
0
0
0
0
0
0
0
0
0.0007376994
0.000724349
0.0007105107
0.0006961811
0.0006813065
0
0
0
0
0
0
0
0
0
0.0007497705
0.0007368216
0.0007233927
0.0007094839
0.0006950465
0
0
0
0
0
0
0
0
0.0007618005
0.0007492669
0.0007362538
0.000722769
0.0007087686
0
0
0
0
0
0
0
0.0007736531
0.0007615542
0.0007489667
0.0007359081
0.0007223433
0
0
0
0
0
0
0.0007852333
0.000773606
0.0007614616
0.000748837
0.0007357078
0
0
0
0
0
0.0007964638
0.0007853718
0.000773707
0.0007615331
0.0007488467
0
0
0
0
0.0008072524
0.0007968134
0.0007856927
0.000774007
0.0007617809
0
0
0
0.0008174681
0.0008078806
0.0007974245
0.0007862941
0.000774568
0
0
0.0008268389
0.0008184539
0.0008088655
0.000798415
0.00078726
0
0.0008347694
0.0008281623
0.000819796
0.000810231
0.0007997745
0.0008398899
0.0008359934
0.0008294092
0.0008210683
0.0008114978
0.0008408278
0.0008369428
0.0008303783
0.0008220258
0.0008414231
0.000837543
0.0008309574
0.0008416621
0.0008377459
0
0
0
0
0
0
0
0
0
0
0.000675784
0.0006604286
0.0006445125
0.000628023
0.000610894
0
0
0
0
0
0
0
0
0
0
0.000690052
0.0006751617
0.0006597311
0.0006437487
0.0006271511
0
0
0
0
0
0
0
0
0
0
0.0007033694
0.0006889103
0.0006739289
0.0006584149
0.0006423074
0
0
0
0
0
0
0
0
0
0
0.0007158311
0.0007017742
0.00068721
0.0006721302
0.0006564762
0
0
0
0
0
0
0
0
0
0
0.0007276061
0.0007139291
0.0006997574
0.0006850842
0.0006698538
0
0
0
0
0
0
0
0
0
0
0.0007390062
0.0007257002
0.0007119082
0.0006976269
0.0006828028
0
0
0
0
0
0
0
0
0
0.0007505697
0.0007376482
0.0007242475
0.0007103678
0.0006959603
0
0
0
0
0
0
0
0
0.000762239
0.0007497207
0.0007367232
0.0007232544
0.0007092704
0
0
0
0
0
0
0
0.0007738443
0.0007617521
0.0007491716
0.00073612
0.0007225624
0
0
0
0
0
0
0.0007852333
0.000773606
0.0007614616
0.000748837
0.0007357078
0
0
0
0
0
0.000796286
0.0007851874
0.000773516
0.0007613355
0.0007486424
0
0
0
0
0.0008068725
0.000796419
0.0007852841
0.0007735842
0.0007613438
0
0
0
0.000816822
0.0008072086
0.0007967277
0.0007855729
0.0007738223
0
0
0.0008258532
0.0008174252
0.0008077968
0.0007973075
0.0007861139
0
0.0008334676
0.0008267972
0.0008183725
0.0008087519
0.00079824
0.0008386862
0.0008347294
0.0008280846
0.0008196878
0.0008100642
0.0008398511
0.0008359182
0.0008293052
0.000820908
0.0008407542
0.0008368416
0.0008302229
0.0008413237
0.0008373911
0.0008415125
0
0
0
0
0
0
0
0
0
0
0.0006906009
0.000675729
0.0006603178
0.0006443559
0.0006277798
0
0
0
0
0
0
0
0
0
0
0.0007044223
0.0006899984
0.0006750539
0.0006595789
0.0006435124
0
0
0
0
0
0
0
0
0
0
0.0007173241
0.000703317
0.0006888052
0.0006737805
0.0006581846
0
0
0
0
0
0
0
0
0
0
0.0007293966
0.0007157796
0.0007016711
0.0006870647
0.0006719049
0
0
0
0
0
0
0
0
0
0
0.0007408004
0.0007275551
0.0007138274
0.000699614
0.0006848623
0
0
0
0
0
0
0
0
0
0.000751834
0.0007389553
0.000725599
0.0007117657
0.0006974067
0
0
0
0
0
0
0
0
0.0007630118
0.0007505199
0.0007375496
0.0007241087
0.0007101535
0
0
0
0
0
0
0
0.0007742679
0.0007621906
0.0007496251
0.000736589
0.0007230471
0
0
0
0
0
0
0.0007854178
0.0007737972
0.0007616594
0.0007490416
0.0007359194
0
0
0
0
0
0.000796286
0.0007851874
0.000773516
0.0007613355
0.0007486424
0
0
0
0
0.0008067015
0.0007962413
0.0007850998
0.0007733934
0.0007611465
0
0
0
0.0008164574
0.0008068288
0.0007963336
0.0007851647
0.0007734001
0
0
0.0008252352
0.0008167792
0.0008071251
0.0007966111
0.0007853933
0
0.0008325291
0.0008258112
0.0008173435
0.0008076829
0.0007971321
0.0008374474
0.0008334266
0.0008267177
0.0008182617
0.0008085815
0.0008386468
0.0008346531
0.0008279788
0.0008195251
0.0008397769
0.0008358161
0.0008291484
0.0008406543
0.000836689
0.0008411738
0
0
0
0
0
0
0
0
0
0
0.0007049536
0.0006905474
0.0006756215
0.000660166
0.0006441201
0
0
0
0
0
0
0
0
0
0
0.0007183435
0.0007043701
0.0006898938
0.0006749063
0.0006593497
0
0
0
0
0
0
0
0
0
0
0.0007308423
0.0007172731
0.0007032149
0.0006886613
0.0006735571
0
0
0
0
0
0
0
0
0
0
0.0007425342
0.0007293465
0.0007156795
0.0007015302
0.0006868461
0
0
0
0
0
0
0
0
0
0.000753571
0.0007407507
0.0007274563
0.0007136883
0.0006993986
0
0
0
0
0
0
0
0
0.000764235
0.0007517845
0.000738857
0.0007254607
0.000711552
0
0
0
0
0
0
0
0.0007750149
0.0007629632
0.000750424
0.0007374148
0.0007239007
0
0
0
0
0
0
0.0007858268
0.0007742207
0.0007620976
0.0007494947
0.0007363877
0
0
0
0
0
0.0007964638
0.0007853718
0.000773707
0.0007615331
0.0007488467
0
0
0
0
0.0008067015
0.0007962413
0.0007850998
0.0007733934
0.0007611465
0
0
0
0.0008162935
0.0008066578
0.0007961559
0.0007849806
0.0007732096
0
0
0.0008248873
0.0008164147
0.0008067455
0.0007962173
0.0007849856
0
0.0008319426
0.0008251933
0.0008166977
0.0008070115
0.0007964363
0.0008365575
0.0008324879
0.0008257314
0.0008172324
0.0008075121
0.000837407
0.0008333485
0.0008266094
0.0008180955
0.0008385714
0.0008345492
0.0008278198
0.0008396761
0.0008356622
0.0008405037
0
0
0
0
0
0
0
0
0
0
0.000718858
0.0007049016
0.0006904431
0.0006754743
0.0006599373
0
0
0
0
0
0
0
0
0
0
0.0007318296
0.0007182928
0.0007042686
0.0006897506
0.000674684
0
0
0
0
0
0
0
0
0
0
0.0007439344
0.0007307927
0.000717174
0.0007030753
0.0006884445
0
0
0
0
0
0
0
0
0
0.0007552502
0.0007424854
0.0007292493
0.0007155428
0.000701318
0
0
0
0
0
0
0
0
0.0007659169
0.0007535227
0.0007406547
0.0007273212
0.0007134792
0
0
0
0
0
0
0
0.0007761984
0.0007641868
0.0007516889
0.0007387227
0.0007252532
0
0
0
0
0
0
0.0007865486
0.0007749676
0.00076287
0.0007502931
0.0007372128
0
0
0
0
0
0.0007968583
0.0007857807
0.0007741302
0.0007619709
0.0007492991
0
0
0
0
0.0008068725
0.000796419
0.0007852841
0.0007735842
0.0007613438
0
0
0
0.0008162935
0.0008066578
0.0007961559
0.0007849806
0.0007732096
0
0
0.0008247312
0.0008162508
0.0008065746
0.0007960399
0.0007848018
0
0.0008316138
0.0008248455
0.0008163334
0.0008066323
0.0007960431
0.0008360039
0.0008319014
0.0008251136
0.0008165869
0.0008068413
0.0008365168
0.0008324095
0.0008256228
0.0008170657
0.00083733
0.0008332423
0.000826447
0.000838469
0.0008343931
0.0008395242
0
0
0
0
0
0
0
0
0
0
0.0007323279
0.0007188074
0.0007048003
0.0006903003
0.0006752525
0
0
0
0
0
0
0
0
0
0
0.0007448908
0.0007317802
0.0007181942
0.0007041297
0.000689535
0
0
0
0
0
0
0
0
0
0.0007566066
0.0007438861
0.0007306964
0.0007170385
0.000702865
0
0
0
0
0
0
0
0
0.0007675432
0.0007552027
0.0007423909
0.0007291165
0.0007153368
0
0
0
0
0
0
0
0.0007778268
0.0007658698
0.0007534294
0.0007405236
0.0007271183
0
0
0
0
0
0
0.0007876934
0.0007761514
0.0007640939
0.0007515585
0.0007385212
0
0
0
0
0
0.0007975554
0.0007865026
0.0007748769
0.0007627428
0.0007500969
0
0
0
0
0.0008072524
0.0007968134
0.0007856927
0.000774007
0.0007617809
0
0
0
0.0008164574
0.0008068288
0.0007963336
0.0007851647
0.0007734001
0
0
0.0008247312
0.0008162508
0.0008065746
0.0007960399
0.0007848018
0
0.0008314666
0.0008246894
0.0008161696
0.0008064616
0.0007958659
0.0008356952
0.0008315726
0.000824766
0.000816223
0.0008064626
0.0008359633
0.0008318232
0.0008250054
0.0008164208
0.0008364396
0.000832303
0.00082546
0.0008372253
0.0008330829
0.000838315
0
0
0
0
0
0
0
0
0
0
0.0007453736
0.0007322787
0.000718709
0.0007046618
0.0006900851
0
0
0
0
0
0
0
0
0
0.0007575333
0.0007448427
0.0007316844
0.0007180594
0.0007039204
0
0
0
0
0
0
0
0
0.0007688575
0.0007565596
0.0007437925
0.0007305649
0.0007168343
0
0
0
0
0
0
0
0.0007794021
0.000767497
0.0007551109
0.000742262
0.0007289166
0
0
0
0
0
0
0.0007892696
0.0007777809
0.0007657791
0.000753302
0.0007403265
0
0
0
0
0
0.0007986619
0.0007876476
0.0007760611
0.0007639671
0.0007513627
0
0
0
0
0.0008079244
0.0007975104
0.0007864143
0.0007747533
0.0007625522
0
0
0
0.000816822
0.0008072086
0.0007967277
0.0007855729
0.0007738223
0
0
0.0008248873
0.0008164147
0.0008067455
0.0007962173
0.0007849856
0
0.0008314666
0.0008246894
0.0008161696
0.0008064616
0.0007958659
0.0008355576
0.0008314254
0.00082461
0.0008160593
0.0008062922
0.0008356546
0.0008314946
0.0008246581
0.0008160574
0.0008358862
0.000831717
0.0008248431
0.0008363346
0.0008321432
0.0008370682
0
0
0
0
0
0
0
0
0
0.0007580011
0.0007453257
0.0007321831
0.0007185746
0.0007044529
0
0
0
0
0
0
0
0
0.0007697554
0.0007574865
0.0007447497
0.0007315536
0.0007178562
0
0
0
0
0
0
0
0.0007806754
0.0007688117
0.0007564687
0.0007436648
0.0007303667
0
0
0
0
0
0
0.0007907951
0.000779357
0.0007674077
0.0007549856
0.0007420678
0
0
0
0
0
0.0008001868
0.0007892249
0.0007776927
0.0007656553
0.0007531105
0
0
0
0
0.0008089924
0.0007986172
0.0007875597
0.0007759379
0.0007637769
0
0
0
0.0008174681
0.0008078806
0.0007974245
0.0007862941
0.000774568
0
0
0.0008252352
0.0008167792
0.0008071251
0.0007966111
0.0007853933
0
0.0008316138
0.0008248455
0.0008163334
0.0008066323
0.0007960431
0.0008355576
0.0008314254
0.00082461
0.0008160593
0.0008062922
0.0008355171
0.0008313475
0.0008245023
0.000815894
0.0008355777
0.0008313887
0.0008244963
0.0008357815
0.0008315578
0.0008361772
0
0
0
0
0
0
0
0
0.0007702088
0.0007579545
0.0007452328
0.0007320526
0.0007183719
0
0
0
0
0
0
0
0.0007815455
0.0007697099
0.0007573961
0.0007446226
0.0007313563
0
0
0
0
0
0
0.0007920285
0.0007806308
0.0007687233
0.0007563446
0.0007434723
0
0
0
0
0
0.0008016632
0.0007907512
0.0007792702
0.000767286
0.000754797
0
0
0
0
0.0008104659
0.0008001432
0.000789139
0.0007775724
0.0007654692
0
0
0
0.0008184965
0.0008089488
0.0007985316
0.0007874398
0.000775753
0
0
0.0008258532
0.0008174252
0.0008077968
0.0007973075
0.0007861139
0
0.0008319426
0.0008251933
0.0008166977
0.0008070115
0.0007964363
0.0008356952
0.0008315726
0.000824766
0.000816223
0.0008064626
0.0008355171
0.0008313475
0.0008245023
0.000815894
0.0008354403
0.0008312418
0.0008243408
0.0008354734
0.00083123
0.0008356246
0
0
0
0
0
0
0
0.0007819849
0.0007701634
0.0007578642
0.0007451061
0.0007318558
0
0
0
0
0
0
0.0007928715
0.0007815012
0.0007696219
0.0007572726
0.000744431
0
0
0
0
0
0.0008028573
0.000791985
0.0007805448
0.0007686027
0.0007561576
0
0
0
0
0.0008118931
0.0008016204
0.0007906667
0.0007791519
0.0007671027
0
0
0
0.0008199171
0.0008104234
0.0008000596
0.0007890221
0.0007773915
0
0
0.0008268389
0.0008184539
0.0008088655
0.000798415
0.00078726
0
0.0008325291
0.0008258112
0.0008173435
0.0008076829
0.0007971321
0.0008360039
0.0008319014
0.0008251136
0.0008165869
0.0008068413
0.0008356546
0.0008314946
0.0008246581
0.0008160574
0.0008354403
0.0008312418
0.0008243408
0.0008353361
0.0008310833
0.0008353169
0
0
0
0
0
0
0.0007932973
0.0007819407
0.0007700757
0.0007577411
0.0007449149
0
0
0
0
0
0.0008036736
0.0007928283
0.0007814156
0.000769502
0.0007570865
0
0
0
0
0.0008130479
0.0008028149
0.0007919014
0.0007804276
0.000768421
0
0
0
0.0008212938
0.0008118514
0.0008015381
0.0007905516
0.0007789737
0
0
0.000828203
0.0008198755
0.0008103419
0.0007999457
0.0007888461
0
0.0008334676
0.0008267972
0.0008183725
0.0008087519
0.00079824
0.0008365575
0.0008324879
0.0008257314
0.0008172324
0.0008075121
0.0008359633
0.0008318232
0.0008250054
0.0008164208
0.0008355777
0.0008313887
0.0008244963
0.0008353361
0.0008310833
0.0008351799
0
0
0
0
0
0.0008040859
0.0007932542
0.0007818554
0.000769956
0.0007575554
0
0
0
0
0.0008138374
0.0008036315
0.000792745
0.000781299
0.0007693211
0
0
0
0.0008224082
0.0008130066
0.0008027334
0.0007917874
0.0007802509
0
0
0.0008295257
0.000821253
0.0008117712
0.0008014261
0.0007903783
0
0.0008347694
0.0008281623
0.000819796
0.000810231
0.0007997745
0.0008374474
0.0008334266
0.0008267177
0.0008182617
0.0008085815
0.0008365168
0.0008324095
0.0008256228
0.0008170657
0.0008358862
0.000831717
0.0008248431
0.0008354734
0.00083123
0.0008351799
0
0
0
0
0.0008142363
0.0008040439
0.0007931711
0.000781739
0.0007697756
0
0
0
0.0008231702
0.0008137963
0.0008035504
0.0007926316
0.0007811232
0
0
0.0008305968
0.0008223678
0.0008129271
0.0008026225
0.0007916155
0
0.0008360327
0.0008294858
0.0008211747
0.0008116621
0.0008012574
0.0008386862
0.0008347294
0.0008280846
0.0008196878
0.0008100642
0.000837407
0.0008333485
0.0008266094
0.0008180955
0.0008364396
0.000832303
0.00082546
0.0008357815
0.0008315578
0.0008353169
0
0
0
0.0008235552
0.0008141953
0.000803963
0.000793058
0.0007815636
0
0
0.0008313293
0.00082313
0.0008137173
0.00080344
0.0007924606
0
0.0008370562
0.0008305572
0.0008222902
0.0008128191
0.0008024553
0.0008398899
0.0008359934
0.0008294092
0.0008210683
0.0008114978
0.0008386468
0.0008346531
0.0008279788
0.0008195251
0.00083733
0.0008332423
0.000826447
0.0008363346
0.0008321432
0.0008356246
0
0
0.0008316995
0.0008235151
0.0008141165
0.000803853
0.0007928874
0
0.0008377564
0.00083129
0.0008230529
0.0008136098
0.0008032736
0.0008408662
0.0008370173
0.0008304814
0.0008221848
0.0008126562
0.0008398511
0.0008359182
0.0008293052
0.000820908
0.0008385714
0.0008345492
0.0008278198
0.0008372253
0.0008330829
0.0008361772
0
0.0008381103
0.0008316603
0.0008234382
0.0008140092
0.0008036869
0.0008415345
0.0008377178
0.0008312146
0.000822948
0.0008134477
0.0008408278
0.0008369428
0.0008303783
0.0008220258
0.0008397769
0.0008358161
0.0008291484
0.000838469
0.0008343931
0.0008370682
0.0008418724
0.0008380718
0.0008315851
0.0008233335
0.0008138475
0.0008414963
0.0008376437
0.000831112
0.0008227898
0.0008407542
0.0008368416
0.0008302229
0.0008396761
0.0008356622
0.000838315
0.0008418343
0.0008379978
0.0008314828
0.0008231757
0.0008414231
0.000837543
0.0008309574
0.0008406543
0.000836689
0.0008395242
0.0008417613
0.0008378974
0.0008313285
0.0008413237
0.0008373911
0.0008405037
0.0008416621
0.0008377459
0.0008411738
0.0008415125
)
;

boundaryField
{
    cathodeSides
    {
        type            zeroGradient;
    }
    electrolyteSides
    {
        type            zeroGradient;
    }
    anodeSides
    {
        type            zeroGradient;
    }
    phiI_to_phiI0
    {
        type            zeroGradient;
    }
}


// ************************************************************************* //
