/*--------------------------------*- C++ -*----------------------------------*\
| =========                 |                                                 |
| \\      /  F ield         | OpenFOAM: The Open Source CFD Toolbox           |
|  \\    /   O peration     | Version:  2306                                  |
|   \\  /    A nd           | Website:  www.openfoam.com                      |
|    \\/     M anipulation  |                                                 |
\*---------------------------------------------------------------------------*/
FoamFile
{
    version     2.0;
    format      ascii;
    arch        "LSB;label=32;scalar=64";
    class       cellSet;
    location    "constant/phiEA/polyMesh/sets";
    object      ampl;
}
// * * * * * * * * * * * * * * * * * * * * * * * * * * * * * * * * * * * * * //


4000
(
8192
8193
8194
8195
16394
16395
16396
16397
16398
8213
8214
8215
8216
8217
16422
16423
16424
16425
16426
8236
8237
8238
8239
8240
55
16449
16450
16451
16452
8260
16453
8261
8262
8263
8264
76
82
83
16475
16476
16477
8285
16478
8286
16479
8287
8288
8289
104
8301
8302
110
8303
111
8304
8305
16500
16501
117
16502
118
16503
119
16504
8318
8319
8320
8321
8322
16515
16516
16517
16518
140
8336
16529
8337
16530
8338
146
16531
8339
147
8340
153
154
155
16542
16543
161
162
8355
163
8356
164
8357
8358
8359
16554
8375
8376
8377
185
8378
8379
191
192
198
199
200
8395
8396
8397
8398
206
8399
207
208
209
215
216
217
218
219
8415
8416
8417
8418
8419
240
8435
8436
8437
8438
246
8439
247
253
254
255
261
262
8455
263
8456
264
8457
8458
8459
270
271
272
273
274
280
281
282
8475
283
8476
284
8477
8478
8479
16674
16675
16676
16677
16678
306
312
8505
313
8506
8507
8508
8509
16702
16703
319
16704
320
16705
321
16706
327
328
329
330
336
337
338
339
340
8535
8536
16729
8537
16730
8538
346
16731
8539
347
16732
348
16733
349
350
357
358
359
360
361
16755
16756
16757
8565
16758
8566
16759
8567
8568
8569
384
390
391
16780
16781
397
16782
398
16783
399
16784
8595
8596
8597
405
8598
406
8599
407
408
414
415
416
417
418
16805
16806
16807
16808
424
425
426
427
428
8625
8626
16819
8627
435
16820
8628
436
16821
8629
437
438
439
447
16832
448
16833
449
450
451
8647
8648
8649
8650
8651
16844
475
8670
8671
8672
8673
481
8674
482
488
489
490
496
497
498
499
8694
8695
8696
8697
505
8698
506
507
508
509
515
516
517
518
519
526
8719
527
8720
528
8721
529
8722
530
8723
538
539
540
541
542
551
552
8745
553
8746
554
8747
555
8748
8749
8762
8763
8764
8765
8766
16963
16964
580
16965
16966
16967
586
587
8780
8781
8782
8783
8784
593
594
595
601
602
603
604
16990
16991
8799
16992
8800
16993
8801
16994
8802
610
8803
611
612
613
614
620
621
622
623
624
8819
8820
8821
8822
8823
631
17016
632
17017
633
17018
634
17019
635
17020
643
644
645
646
8839
647
8840
8841
8842
8843
656
17041
657
17042
658
17043
659
17044
660
17045
8859
8860
8861
8862
670
8863
671
672
673
674
17066
17067
17068
17069
8879
8880
8881
8882
8883
700
17090
706
17091
8899
707
17092
8900
8901
8902
8903
713
714
715
17103
17104
721
722
723
724
8919
8920
8921
8922
730
17115
8923
731
732
733
734
740
741
742
743
744
8939
8940
8941
8942
8943
751
752
753
754
755
763
764
765
766
767
776
8969
777
8970
778
8971
779
8972
780
8973
790
791
792
793
794
805
806
8999
807
9000
808
9001
809
9002
9003
836
9029
9030
9031
9032
9033
842
843
17233
849
17234
850
17235
851
17236
17237
857
858
859
860
9058
866
9059
867
9060
868
9061
869
9062
870
17259
17260
876
17261
877
17262
878
17263
879
880
887
888
889
890
891
9088
9089
9090
9091
899
17284
9092
900
17285
901
17286
902
17287
903
17288
912
913
914
915
916
9111
9112
9113
9114
9115
17309
17310
926
17311
927
17312
928
929
930
941
942
9135
943
9136
944
9137
945
9138
9139
17333
17334
17335
957
958
959
960
961
9160
9161
9162
9163
17356
9164
17357
17368
989
9186
9187
995
9188
996
9189
9190
1002
1003
1004
1010
1011
1012
1013
1019
1020
9213
1021
9214
1022
9215
1023
9216
9217
1029
1030
1031
1032
1033
9231
9232
1040
9233
1041
9234
1042
9235
1043
1044
1052
1053
1054
1055
1056
9250
9251
9252
9253
9254
1065
1066
1067
1068
1069
9270
9271
1079
9272
1080
9273
1081
9274
1082
1083
1094
1095
1096
1097
9290
1098
9291
9292
17485
9293
17486
9294
17487
17488
17489
1110
1111
1112
1113
1114
9310
9311
9312
9313
9314
17510
17511
1127
17512
1128
17513
1129
17514
1130
1131
9330
9331
9332
9333
9334
17535
17536
17537
17538
9350
9351
9352
1160
9353
9354
1166
1167
1173
1174
17559
1175
17560
17561
9370
9371
9372
9373
1181
9374
1182
1183
1184
1190
1191
1192
1193
1194
17582
9390
17583
9391
9392
1200
9393
1201
9394
1202
1203
1204
1211
1212
1213
1214
1215
9410
9411
17604
9412
9413
9414
1223
1224
1225
1226
1227
1236
1237
1238
1239
1240
9440
9441
9442
1250
9443
1251
9444
1252
1253
1254
1265
1266
1267
1268
1269
9470
9471
9472
9473
1281
9474
1282
1283
1284
1285
1298
1299
1300
1301
1302
9499
9500
9501
9502
9503
1316
1317
1318
1319
1320
9527
17720
9528
17721
9529
17722
9530
17723
9531
17724
1350
1356
1357
17745
17746
17747
1363
17748
1364
9557
1365
9558
9559
9560
9561
1371
1372
1373
1374
1380
1381
1382
1383
1384
17769
17770
17771
9581
9582
1390
9583
1391
9584
1392
9585
1393
1394
1401
1402
1403
1404
1405
17792
17793
1413
9606
1414
9607
1415
9608
1416
9609
1417
9610
1426
1427
1428
1429
17814
1430
9632
1440
9633
1441
9634
1442
9635
1443
9636
1444
1455
1456
1457
1458
1459
9659
9660
9661
9662
9663
1471
1472
1473
1474
1475
1488
1489
1490
1491
1492
9687
9688
9689
9690
9691
1506
1507
1508
1509
1510
9706
9707
9708
9709
9710
1525
1526
1527
1528
1529
9726
9727
9728
9729
9730
9746
9747
17940
9748
17941
9749
17942
9750
17943
1559
1565
1566
1572
1573
9766
1574
9767
9768
9769
9770
17964
1580
17965
1581
17966
1582
1583
1589
1590
1591
1592
1593
9786
9787
9788
9789
9790
1599
1600
1601
1602
17987
1603
17988
1610
1611
1612
1613
9806
1614
9807
9808
9809
9810
1622
1623
1624
18009
1625
1626
9826
9827
1635
9828
1636
9829
1637
9830
1638
1639
1649
1650
1651
1652
1653
9846
9847
9848
9849
9850
1664
1665
1666
1667
1668
9866
9867
9868
9869
9870
1679
1680
1681
1682
1683
9886
9887
9888
1696
9889
1697
9890
1698
1699
1700
1714
1715
1716
1717
1718
9916
9917
9918
9919
9920
1733
1734
1735
1736
1737
9945
1753
9946
1754
9947
1755
9948
1756
9949
1757
18145
18146
18147
9973
9974
9975
18168
9976
18169
9977
1786
1792
1793
1799
1800
1801
18190
1807
10000
1808
10001
1809
10002
1810
10003
10004
1816
1817
1818
1819
1820
1826
1827
1828
1829
1830
1837
10030
1838
10031
1839
10032
1840
10033
1841
10034
1849
1850
1851
1852
1853
1862
10055
1863
10056
1864
10057
1865
10058
1866
10059
1876
1877
1878
1879
1880
10081
10082
10083
1891
10084
1892
10085
1893
1894
1895
1906
1907
1908
1909
1910
10108
10109
10110
10111
10112
1921
1922
1923
1924
1925
1939
1940
1941
1942
1943
10136
10137
10138
10139
10140
18336
18337
1958
1959
1960
1961
1962
10165
18358
10166
10167
10168
10169
1978
1979
1980
1981
1982
10185
10186
10187
10188
10189
1999
2000
2001
2002
2003
10205
10206
10207
10208
10209
2030
10225
10226
10227
10228
2036
10229
2037
2043
2044
2045
2051
2052
10245
2053
10246
2054
10247
10248
10249
2060
2061
2062
2063
2064
2070
2071
2072
10265
2073
10266
2074
10267
10268
10269
2081
2082
2083
2084
2085
10285
2093
10286
2094
10287
2095
10288
2096
10289
2097
2106
2107
2108
2109
2110
10305
10306
10307
10308
10309
2120
2121
2122
2123
2124
18514
10325
10326
10327
2135
10328
2136
10329
2137
2138
2139
2150
2151
2152
10345
2153
10346
2154
10347
10348
10349
2165
2166
2167
2168
2169
10365
10366
10367
10368
10369
2180
2181
2182
2183
2184
2199
2200
2201
10394
2202
10395
2203
10396
10397
10398
2219
2220
2221
2222
2223
10422
10423
10424
10425
10426
2240
2241
2242
2243
2244
10449
10450
10451
10452
10453
2262
2263
2264
2265
2266
10475
10476
10477
10478
10479
2290
2296
2297
2303
2304
2305
2311
2312
10505
2313
10506
2314
10507
10508
10509
2320
2321
2322
2323
2324
2330
2331
2332
2333
2334
10531
10532
10533
2341
10534
2342
10535
2343
2344
2345
2353
2354
2355
2356
2357
10558
2366
10559
2367
10560
2368
10561
2369
10562
2370
2380
2381
2382
2383
2384
10586
10587
2395
10588
2396
10589
2397
10590
2398
2399
2410
2411
2412
2413
2414
10615
10616
10617
2425
10618
2426
10619
2427
2428
2429
2440
2441
2442
2443
2444
10645
10646
10647
2455
10648
2456
10649
2457
2458
2459
10665
10666
10667
2475
10668
2476
10669
2477
2478
2479
10685
10686
10687
10688
2496
10689
2497
2498
2499
2500
10705
10706
10707
10708
10709
2518
2519
2520
2521
2522
10725
10726
10727
10728
10729
2541
2542
2543
2544
2545
10745
10746
10747
10748
10749
2565
2571
2572
10765
10766
10767
10768
10769
2578
2579
2580
2586
2587
2588
2589
10785
10786
10787
2595
10788
2596
10789
2597
2598
2599
2605
2606
2607
2608
2609
10805
10806
10807
10808
2616
10809
2617
2618
2619
2620
2628
2629
2630
2631
2632
10825
10826
10827
10828
10829
2641
2642
2643
2644
2645
10844
10845
10846
10847
2655
10848
2656
2657
2658
2659
2670
2671
2672
2673
2674
10872
10873
10874
10875
10876
2685
2686
2687
2688
2689
2700
2701
2702
2703
2704
10899
10900
10901
10902
10903
2715
2716
2717
2718
2719
2730
2731
2732
10925
2733
10926
2734
10927
10928
10929
2745
2746
2747
2748
2749
10950
10951
10952
10953
10954
2766
2767
2768
2769
2770
10980
2788
10981
2789
10982
2790
10983
2791
10984
2792
2811
2812
2813
2814
11007
2815
11008
11009
11010
11011
2835
2836
2837
2838
2839
11035
11036
11037
11038
11039
2860
2861
2867
2868
2869
11064
11065
11066
11067
2875
11068
2876
2877
2878
2884
2885
2886
2887
2888
2894
2895
2896
2897
2898
11094
11095
11096
11097
2905
11098
2906
2907
2908
2909
2917
2918
2919
2920
2921
2930
2931
11124
2932
11125
2933
11126
2934
11127
11128
2944
2945
2946
2947
2948
11144
11145
11146
11147
11148
2959
2960
2961
2962
2963
11164
11165
11166
2974
11167
2975
11168
2976
2977
2978
2989
2990
2991
11184
2992
11185
2993
11186
11187
11188
3004
3005
3006
3007
3008
11204
11205
11206
11207
11208
3019
3020
3021
3022
3023
11224
11225
11226
3034
11227
3035
11228
3036
3037
3038
3049
3050
3051
11244
3052
11245
3053
11246
11247
11248
3071
11264
3072
11265
3073
11266
3074
11267
3075
11268
11284
11285
11286
3094
11287
3095
11288
3096
3097
3098
11303
11304
11305
11306
11307
3118
3119
3120
3121
3122
11321
11322
11323
11324
11325
3143
3144
3145
3146
3147
11348
11349
11350
11351
11352
3169
3170
3171
3177
3178
3179
3180
11374
11375
11376
11377
11378
3186
3187
3188
3189
3190
3196
3197
3198
3199
3200
11399
3207
11400
3208
11401
3209
11402
3210
11403
3211
3219
3220
3221
3222
3223
11424
3232
11425
3233
11426
3234
11427
3235
3236
3246
3247
3248
3249
3250
11453
3261
11454
3262
11455
3263
11456
3264
11457
3265
3276
3277
3278
3279
3280
11481
11482
11483
3291
11484
3292
11485
3293
3294
3295
3306
3307
3308
3309
3310
11510
11511
11512
11513
3321
11514
3322
3323
3324
3325
3336
3337
3338
3339
3340
11540
11541
11542
11543
3351
11544
3352
3353
3354
3355
3366
3367
3368
3369
3370
11570
11571
11572
11573
11574
3389
3390
3391
3392
3393
11600
11601
11602
11603
11604
3413
3414
3415
3416
3417
11620
11621
11622
11623
11624
3438
3439
3440
3441
3442
11640
11641
11642
11643
11644
3464
3465
3466
3467
11660
3468
11661
11662
11663
11664
11680
11681
11682
11683
3491
11684
3492
3493
3494
3500
3501
3502
3503
3504
11700
11701
11702
3510
11703
3511
11704
3512
3513
3514
3521
3522
3523
3524
3525
11720
11721
11722
11723
11724
3533
3534
3535
3536
3537
3546
3547
11740
3548
11741
3549
11742
3550
11743
11744
3560
3561
3562
3563
3564
11759
11760
11761
11762
11763
3575
3576
3577
3578
3579
11777
11778
11779
11780
11781
3590
3591
3592
3593
3594
11794
11795
11796
11797
3605
11798
3606
3607
3608
3609
3620
3621
3622
3623
3624
11820
11821
11822
11823
11824
3635
3636
3637
3638
3639
3650
3651
3652
11845
3653
11846
3654
11847
11848
11849
3665
3666
3667
3668
3669
11870
11871
11872
3680
11873
3681
3682
3683
3684
3695
3696
3697
3698
3699
11894
11895
11896
3719
3720
3721
3722
3723
11922
11923
11924
11925
11926
3744
3745
3746
3747
3748
11951
11952
11953
11954
11955
3770
3771
3772
3773
3774
11981
11982
11983
11984
11985
3797
3798
3799
3800
3801
12011
12012
12013
12014
12015
3825
3826
3827
3828
3829
3835
3836
3837
3838
3839
3846
3847
3848
12041
3849
12042
3850
12043
12044
12045
3858
3859
3860
3861
3862
3871
3872
3873
3874
3875
12071
12072
12073
12074
12075
3885
3886
3887
3888
3889
12091
12092
3900
12093
3901
12094
3902
12095
3903
3904
3915
3916
3917
3918
12111
3919
12112
12113
12114
12115
3930
3931
3932
3933
3934
12131
12132
12133
12134
12135
3945
3946
3947
3948
3949
12151
12152
3960
12153
3961
12154
3962
12155
3963
3964
3975
3976
3977
3978
12171
3979
12172
12173
12174
12175
3990
3991
3992
3993
3994
12191
12192
12193
12194
12195
4005
4006
4007
4008
4009
12210
12211
12212
4020
12213
4021
12214
4022
4023
4024
4035
12228
4036
12229
4037
12230
4038
12231
4039
12232
12245
12246
12247
12248
12249
4060
4061
4062
4063
4064
12261
12262
12263
12264
12265
4086
4087
4088
4089
4090
12286
12287
12288
12289
12290
4113
4114
4115
4116
4117
12311
12312
12313
12314
4141
4142
12335
4143
12336
4144
12337
4145
12358
12359
4170
4171
4172
4173
4174
4181
4182
4183
4184
4185
12385
4193
12386
4194
12387
4195
12388
4196
12389
4197
4206
4207
4208
4209
4210
4220
4221
4222
12415
4223
12416
4224
12417
12418
12419
4235
4236
4237
4238
4239
4250
4251
4252
12445
4253
12446
4254
12447
12448
12449
4265
4266
4267
4268
4269
4280
4281
4282
12475
4283
12476
4284
12477
12478
12479
4295
4296
4297
4298
4299
4310
4311
4312
12505
4313
12506
4314
12507
12508
12509
4325
4326
4327
4328
4329
4340
4341
4342
12535
4343
12536
4344
12537
12538
12539
4355
4356
4357
4358
4359
12555
12556
12557
12558
12559
4370
4371
4372
4373
4374
12575
12576
12577
4385
12578
4386
12579
4387
4388
4389
12595
12596
12597
12598
12599
4411
4412
4413
4414
4415
12615
12616
12617
12618
12619
4438
4439
4440
4441
4442
12635
12636
12637
12638
12639
12654
12655
12656
12657
12658
4466
4467
4468
4469
4470
12672
12673
12674
12675
12676
4495
4496
12689
4497
12690
4498
12691
4499
12692
12693
12705
12706
12707
12708
12709
4525
4526
4527
12720
4528
12721
4529
12722
12723
12724
4537
4538
4539
4540
4541
4550
4551
4552
12745
4553
12746
4554
12747
12748
4564
4565
4566
4567
4568
12769
12770
12771
4579
4580
4581
4582
4583
4595
4596
4597
4598
4599
12792
12793
4610
4611
4612
4613
4614
12814
4625
4626
4627
4628
4629
4640
4641
4642
4643
4644
12840
12841
12842
12843
12844
4655
4656
4657
4658
4659
4670
4671
4672
4673
4674
12870
12871
12872
12873
12874
4685
4686
4687
4688
4689
4700
4701
4702
4703
4704
12900
12901
12902
12903
12904
4715
4716
4717
4718
4719
4730
4731
4732
4733
4734
12930
12931
12932
12933
12934
4746
4747
4748
4749
4750
12960
12961
12962
12963
12964
4773
4774
4775
4776
4777
12990
12991
12992
12993
4801
12994
4802
4803
4804
4805
13010
13011
13012
13013
13014
4830
4831
4832
4833
4834
13030
13031
13032
13033
13034
13050
13051
13052
4860
13053
4861
13054
4862
4863
4864
13070
13071
13072
13073
13074
4890
4891
4892
4893
4894
13089
13090
13091
13092
13093
4903
4904
4905
4906
4907
13107
13108
13109
4917
13110
4918
13111
4919
4920
4921
13124
4932
13125
4933
13126
4934
13127
4935
13128
4936
13140
4948
13141
4949
13142
4950
13143
4951
13144
4952
13155
13156
13157
4965
13158
4966
13159
4967
4968
4969
13170
13171
13172
4980
13173
4981
4982
4983
4984
4995
4996
4997
4998
4999
13194
13195
13196
5010
5011
5012
5013
5014
13217
5025
13218
5026
5027
5028
5029
5040
5041
5042
5043
5044
13239
5055
5056
5057
5058
5059
5070
5071
5072
5073
5074
5085
5086
5087
5088
5089
13285
13286
13287
13288
13289
5101
5102
5103
5104
5105
5118
5119
5120
5121
5122
13315
13316
13317
13318
13319
5146
5147
5148
5149
5150
13345
13346
13347
13348
13349
5175
5176
5177
5178
5179
13375
13376
13377
13378
13379
5205
5206
5207
5208
5209
13405
13406
13407
13408
13409
5235
5236
5237
5238
5239
13435
13436
13437
13438
13439
13455
13456
13457
5265
13458
5266
13459
5267
5268
5269
5279
5280
5281
5282
13475
5283
13476
13477
13478
13479
5294
5295
5296
5297
5298
13495
13496
13497
13498
13499
5310
5311
5312
5313
5314
13514
13515
13516
13517
13518
5327
5328
5329
5330
5331
13532
13533
13534
13535
13536
5345
5346
5347
5348
5349
13549
13550
13551
13552
5360
13553
5361
5362
5363
5364
13565
13566
13567
5375
13568
5376
13569
5377
5378
5379
13580
13581
13582
5390
13583
5391
13584
5392
5393
5394
13595
13596
13597
5405
13598
5406
5407
5408
5409
13609
13610
13611
5420
5421
5422
5423
5424
5435
5436
5437
5438
5439
13632
13633
5450
5451
5452
5453
5454
13654
5466
5467
5468
5469
5470
5483
5484
5485
5486
5487
5501
5502
5503
5504
5505
13719
13720
13721
13722
5530
13723
5531
5532
5533
5534
13749
13750
13751
13752
5560
13753
5561
5562
5563
5564
13779
13780
13781
13782
5590
13783
5591
5592
5593
5594
13809
13810
13811
13812
5620
13813
5621
5622
5623
5624
13839
13840
13841
13842
5650
13843
5651
5652
5653
5654
5665
5666
5667
5668
5669
13869
13870
13871
13872
13873
5681
5682
5683
5684
5685
13889
13890
5698
13891
5699
13892
5700
13893
5701
5702
5716
13909
5717
13910
5718
13911
5719
13912
5720
13913
5735
13928
5736
13929
5737
13930
5738
13931
5739
13932
5750
5751
5752
5753
13946
5754
13947
13948
13949
13950
5765
5766
5767
5768
5769
13963
13964
13965
13966
13967
5780
5781
5782
5783
5784
13979
13980
13981
13982
13983
5795
5796
5797
5798
5799
13994
13995
13996
13997
13998
5810
5811
5812
5813
5814
14009
14010
14011
14012
5825
5826
5827
5828
5829
14023
14024
14025
5841
5842
5843
14036
5844
14037
5845
5858
5859
5860
5861
5862
14058
5876
5877
5878
5879
5880
5895
5896
5897
5898
5899
5925
5926
5927
5928
5929
14141
14142
14143
14144
14145
5955
5956
5957
5958
5959
14171
14172
14173
14174
14175
5985
5986
5987
5988
5989
14201
14202
14203
14204
14205
6015
6016
6017
6018
6019
14231
14232
14233
14234
14235
6045
6046
6047
6048
6049
6061
6062
6063
6064
6065
14261
14262
14263
14264
14265
6078
6079
6080
6081
6082
6096
6097
6098
14291
6099
14292
6100
14293
14294
14295
6115
6116
6117
6118
14311
6119
14312
14313
14314
14315
6135
6136
6137
14330
6138
14331
6139
14332
14333
14334
6150
6151
6152
6153
6154
14348
14349
14350
14351
14352
6165
6166
6167
6168
6169
14365
14366
14367
14368
14369
6180
6181
6182
6183
6184
14381
14382
14383
14384
14385
6195
6196
6197
6198
6199
14396
14397
14398
14399
14400
6210
6211
6212
6213
6214
14411
14412
14413
14414
6226
6227
6228
6229
6230
14425
14426
14427
6243
6244
6245
14438
6246
14439
6247
14450
6261
6262
6263
6264
6265
6280
6281
6282
6283
6284
6300
6301
6302
6303
6304
6330
6331
6332
6333
6334
14550
14551
14552
6360
14553
6361
14554
6362
6363
6364
14580
14581
14582
6390
14583
6391
14584
6392
6393
6394
14610
14611
14612
6420
14613
6421
14614
6422
6423
6424
14640
14641
14642
6450
14643
6451
14644
6452
6453
6454
6467
6468
6469
6470
6471
14670
14671
14672
14673
14674
6485
6486
6487
6488
6489
6504
6505
6506
6507
14700
6508
14701
14702
14703
14704
6524
6525
6526
14719
6527
14720
6528
14721
14722
14723
14737
6545
14738
6546
14739
6547
14740
6548
14741
6549
6560
6561
14754
6562
14755
6563
14756
6564
14757
14758
6575
6576
6577
14770
6578
14771
6579
14772
14773
14774
6590
6591
6592
14785
6593
14786
6594
14787
14788
14789
6605
6606
6607
14800
6608
14801
6609
14802
14803
6621
14814
6622
14815
6623
14816
6624
6625
14827
14828
6638
6639
6640
6641
6642
14839
6656
6657
6658
6659
6660
6675
6676
6677
6678
6679
6695
6696
6697
6698
6699
6715
6716
6717
6718
6719
6745
6746
6747
6748
6749
14945
14946
14947
14948
14949
6775
6776
6777
6778
6779
14975
14976
14977
14978
14979
6805
6806
6807
6808
6809
15005
15006
15007
15008
15009
6835
6836
6837
6838
6839
15035
15036
15037
15038
15039
6865
6866
6867
6868
6869
15065
15066
15067
15068
15069
6883
6884
6885
6886
6887
15094
6902
15095
6903
15096
6904
15097
6905
15098
6906
15112
15113
15114
6922
15115
6923
15116
6924
6925
6926
15129
15130
15131
15132
15133
6943
6944
6945
6946
6947
15145
15146
15147
15148
15149
6965
6966
6967
15160
6968
15161
6969
15162
15163
15164
6980
6981
6982
15175
6983
15176
6984
15177
15178
6995
6996
15189
6997
15190
6998
15191
6999
15202
7010
15203
7011
7012
7013
7014
15214
7026
7027
7028
7029
7030
7043
7044
7045
7046
7047
7061
7062
7063
7064
7065
7080
7081
7082
7083
7084
7100
7101
7102
7103
7104
7120
7121
7122
7123
7124
15325
15326
15327
15328
15329
7140
7141
7142
7143
7144
15355
15356
15357
15358
15359
7170
7171
7172
7173
7174
15385
15386
15387
15388
15389
7200
7201
7202
7203
7204
15415
15416
15417
15418
15419
7230
7231
7232
7233
7234
15444
15445
15446
15447
15448
7260
7261
7262
7263
7264
15472
15473
15474
15475
15476
7290
7291
7292
7293
7294
15489
15490
15491
15492
15493
7309
7310
7311
7312
15505
7313
15506
15507
15508
15509
15520
15521
7329
15522
7330
15523
7331
15524
7332
7333
15535
15536
15537
15538
7350
7351
7352
7353
7354
15549
15550
15551
15562
15563
7372
7373
7374
7375
7376
15574
7395
7396
7397
7398
7399
7410
7411
7412
7413
7414
7425
7426
7427
7428
7429
7441
7442
7443
7444
7445
7458
7459
7460
7461
7462
7476
7477
7478
7479
7480
7495
7496
15689
7497
15690
7498
15691
7499
15692
15693
7515
7516
7517
7518
7519
15719
15720
15721
15722
15723
7535
7536
7537
7538
7539
7555
7556
15749
7557
15750
7558
15751
7559
15752
15753
7575
7576
7577
7578
7579
15778
15779
15780
15781
15782
7605
7606
7607
7608
7609
15806
15807
15808
15809
15810
7635
7636
7637
7638
7639
15833
15834
15835
15836
15837
15849
15850
15851
15852
15853
7665
7666
7667
7668
7669
15864
15865
15866
15867
15868
15879
15880
15881
15882
7695
7696
7697
7698
7699
15893
15894
15895
15906
15907
7725
15918
7726
7727
7728
7729
7745
7746
7747
7748
7749
7766
7767
7768
7769
7770
7788
7789
7790
7791
7792
7811
7812
7813
7814
7815
7835
7836
7837
7838
7839
16036
16037
16038
16039
16040
7850
7851
7852
7853
7854
7866
7867
7868
7869
7870
16066
16067
16068
16069
16070
7883
7884
7885
7886
7887
7901
7902
16095
7903
16096
7904
16097
7905
16098
16099
7920
7921
7922
7923
7924
16123
16124
16125
16126
16127
7940
7941
7942
7943
7944
16150
16151
16152
7960
16153
7961
16154
7962
7963
7964
7980
7981
7982
7983
16176
7984
16177
16178
16179
16180
16191
16192
8000
16193
8001
16194
8002
16195
8003
8004
16206
16207
16208
16209
8020
8021
8022
8023
8024
16220
16221
16222
16233
16234
8050
8051
8052
16245
8053
8054
8080
8081
8082
8083
8084
8110
8111
8112
8113
8114
8140
8141
8142
8143
8144
8170
8171
8172
16365
8173
16366
8174
16367
16368
16369
8191
)


// ************************************************************************* //
