/*--------------------------------*- C++ -*----------------------------------*\
| =========                 |                                                 |
| \\      /  F ield         | OpenFOAM: The Open Source CFD Toolbox           |
|  \\    /   O peration     | Version:  2306                                  |
|   \\  /    A nd           | Website:  www.openfoam.com                      |
|    \\/     M anipulation  |                                                 |
\*---------------------------------------------------------------------------*/
FoamFile
{
    version     2.0;
    format      ascii;
    arch        "LSB;label=32;scalar=64";
    class       cellSet;
    location    "constant/phiI/polyMesh/sets";
    object      acl;
}
// * * * * * * * * * * * * * * * * * * * * * * * * * * * * * * * * * * * * * //


4000
(
8192
8193
8202
8203
8204
8205
8206
8214
8215
8216
8217
8218
8225
8226
8227
8228
8229
8240
8241
8242
8243
8244
8255
8256
8257
8258
8259
8270
8271
8272
8273
8274
8285
8286
8287
8288
8289
8300
8301
8302
8303
8304
8315
8316
8317
8318
8319
8330
8331
8332
8333
8334
8345
8346
8347
8348
8349
8360
8361
8362
8363
8364
8375
8376
8377
8378
8379
8390
8391
8392
8393
8394
8405
8406
8407
8408
8409
8420
8421
8422
8423
8424
8435
8436
8437
8438
8439
8450
8451
8452
8453
8454
8464
8465
8466
8467
8468
8477
285
8478
8479
8480
8481
8489
8490
8491
8492
8493
8500
8501
8502
8503
8504
8510
8511
8512
8513
8514
8525
8526
8527
8528
8529
8540
8541
8542
8543
351
8544
362
8555
363
8556
8557
8558
8559
8570
8571
8572
8573
8574
8585
8586
8587
8588
8589
8600
8601
8602
8603
8604
8615
8616
8617
8618
8619
429
8630
8631
8632
440
8633
441
8634
452
8645
453
8646
454
8647
8648
8649
8660
8661
8662
8663
8664
8675
8676
8677
8678
8679
8690
8691
8692
8693
8694
8705
8706
8707
8708
8709
520
8720
8721
8722
8723
531
8724
532
8734
8735
543
8736
544
8737
545
8738
8747
8748
556
8749
557
8750
558
8751
559
8759
8760
8761
8762
8763
8770
8771
8772
8773
8774
8780
8781
8782
8783
8784
8789
8790
8791
8792
8793
8804
8805
8806
8807
8808
625
8819
8820
8821
8822
8823
636
637
8834
8835
8836
8837
8838
648
649
650
8849
8850
8851
8852
8853
661
662
663
664
8864
8865
8866
8867
675
8868
676
677
678
679
8879
8880
8881
8882
8883
8894
8895
8896
8897
8898
8909
8910
8911
8912
8913
8924
8925
8926
8927
8928
745
8939
8940
8941
8942
8943
756
757
8954
8955
8956
8957
8958
768
769
770
8969
8970
8971
8972
8973
781
782
783
784
8984
8985
8986
8987
795
8988
796
797
798
799
8998
8999
9000
9001
9002
810
811
812
813
814
9011
9012
9013
9014
9015
9023
9024
9025
9026
9027
9034
9035
9036
9037
9038
9044
9045
9046
9047
9048
9053
9054
9055
9056
9057
9061
9062
9063
9064
9065
880
9076
9077
9078
9079
9080
891
892
9091
9092
9093
9094
9095
903
904
905
9106
9107
9108
916
9109
917
9110
918
919
9121
9122
930
9123
931
9124
932
9125
933
934
9136
9137
945
9138
946
9139
947
9140
948
949
9151
9152
960
9153
961
9154
962
9155
963
964
9166
9167
9168
9169
9170
9181
9182
9183
9184
9185
9196
9197
9198
9199
9200
9211
9212
9213
9214
9215
1030
9226
9227
9228
9229
9230
1041
1042
9241
9242
9243
9244
9245
1053
1054
1055
9255
9256
9257
9258
1066
9259
1067
1068
1069
9268
9269
9270
9271
9272
1080
1081
1082
1083
1084
9280
9281
9282
9283
9284
1095
1096
1097
1098
9291
1099
9292
9293
9294
9295
9301
9302
1110
9303
1111
9304
1112
9305
1113
1114
9310
9311
9312
9313
9314
1125
9318
1126
9319
1127
9320
1128
9321
1129
9322
9325
9326
9327
9328
9329
9340
9341
9342
9343
9344
9355
9356
9357
9358
9359
9370
9371
9372
9373
9374
9385
9386
9387
1195
9388
9389
1206
1207
9400
9401
9402
9403
9404
1218
1219
1220
9415
9416
9417
9418
9419
1231
1232
1233
1234
9430
9431
9432
9433
9434
1245
1246
1247
1248
1249
9445
9446
9447
9448
9449
1260
1261
1262
1263
1264
9460
9461
9462
9463
9464
1275
1276
1277
1278
1279
9475
9476
9477
9478
9479
1290
1291
1292
1293
1294
9490
9491
9492
9493
9494
1305
1306
1307
1308
1309
9504
9505
9506
9507
9508
9517
9518
9519
9520
9521
9529
9530
9531
9532
9533
9540
9541
9542
9543
9544
9550
9551
9552
9553
9554
9559
9560
9561
9562
9563
9567
1375
9568
9569
9570
9571
9574
9575
9576
9577
9578
1386
1387
9580
9581
9582
9583
9584
1398
1399
1400
9595
9596
9597
9598
9599
1411
1412
1413
1414
9610
9611
9612
9613
9614
1425
1426
1427
1428
1429
9625
9626
9627
9628
9629
1440
1441
1442
1443
1444
9640
9641
9642
9643
9644
1455
1456
1457
1458
1459
9655
9656
9657
9658
9659
1470
1471
1472
1473
1474
9670
9671
9672
9673
9674
1485
1486
1487
1488
1489
9685
9686
9687
9688
9689
1500
1501
1502
1503
1504
9700
9701
9702
9703
9704
9715
9716
9717
9718
9719
9730
9731
9732
9733
9734
9744
9745
9746
9747
9748
9757
9758
9759
9760
9761
1569
9769
9770
9771
9772
1580
9773
1581
9780
9781
9782
9783
9784
1592
1593
1594
9790
9791
9792
9793
9794
1605
1606
9799
1607
9800
1608
9801
9802
9803
9807
9808
9809
9810
9811
1619
1620
1621
9814
1622
9815
1623
9816
9817
9818
9820
9821
9822
9823
9824
9825
9826
1634
9827
1635
9828
1636
9829
1637
1638
9840
9841
1649
9842
1650
9843
1651
9844
1652
1653
9855
9856
1664
9857
1665
9858
1666
9859
1667
1668
9870
9871
1679
9872
1680
9873
1681
9874
1682
1683
9885
9886
1694
9887
1695
9888
1696
9889
1697
1698
9900
9901
1709
9902
1710
9903
1711
9904
1712
1713
9915
9916
9917
9918
9919
9930
9931
9932
9933
9934
9945
9946
9947
9948
9949
9960
9961
9962
9963
9964
1776
9974
9975
9976
9977
9978
1787
1788
9987
9988
9989
9990
9991
1799
1800
1801
9999
10000
10001
10002
10003
1812
1813
1814
1815
10010
10011
10012
10013
10014
1826
1827
10020
1828
10021
1829
10022
1830
10023
10024
10029
10030
10031
10032
10033
1841
1842
1843
1844
10037
1845
10038
10039
10040
10041
10044
10045
10046
10047
10048
1856
1857
10050
1858
10051
1859
10052
1860
10053
10054
10055
10056
10057
10058
10059
10060
10061
10062
10063
1871
1872
1873
1874
1875
10074
10075
10076
10077
10078
1886
1887
1888
1889
1890
10089
10090
10091
10092
10093
1901
1902
1903
1904
1905
10104
10105
10106
10107
10108
1916
1917
1918
1919
1920
10119
10120
10121
10122
10123
1931
1932
1933
1934
1935
10134
10135
10136
10137
10138
10149
10150
10151
10152
10153
10164
10165
10166
10167
10168
10179
10180
10181
10182
10183
1995
10193
10194
10195
10196
10197
2006
2007
10206
10207
10208
10209
10210
2018
2019
2020
10218
10219
10220
10221
10222
2031
2032
2033
2034
10229
10230
10231
10232
10233
2045
2046
10239
2047
10240
2048
10241
2049
10242
10243
10248
10249
10250
10251
10252
2060
2061
2062
2063
10256
2064
10257
10258
10259
10260
10263
10264
10265
10266
10267
2075
2076
10269
2077
10270
2078
10271
2079
10272
10273
10274
10275
10276
10277
10278
10279
10280
10281
10282
2090
10283
2091
10284
2092
10285
2093
2094
10296
10297
2105
10298
2106
10299
2107
10300
2108
2109
10311
10312
2120
10313
2121
10314
2122
10315
2123
2124
10326
10327
2135
10328
2136
10329
2137
10330
2138
2139
10341
10342
2150
10343
2151
10344
2152
10345
2153
2154
10356
10357
2165
10358
2166
10359
2167
10360
2168
2169
10371
10372
10373
10374
10375
10386
10387
10388
10389
10390
10400
10401
10402
10403
10404
10413
10414
10415
10416
10417
2225
10425
10426
10427
10428
2236
10429
2237
10436
10437
10438
10439
10440
2248
2249
2250
10446
10447
10448
10449
10450
2261
2262
10455
2263
10456
2264
10457
10458
10459
10463
10464
10465
10466
10467
2275
2276
2277
10470
2278
10471
2279
10472
10473
10474
10476
10477
10478
10479
10480
10481
10482
2290
10483
2291
10484
2292
10485
2293
10486
2294
10487
10488
10489
10490
10491
10492
10493
10494
2305
2306
2307
2308
2309
10505
10506
10507
10508
10509
2320
2321
2322
2323
2324
10520
10521
10522
10523
10524
2335
2336
2337
2338
2339
10535
10536
10537
10538
10539
2350
2351
2352
2353
2354
10550
10551
10552
10553
10554
2365
2366
2367
2368
2369
10565
10566
10567
10568
10569
2380
2381
2382
2383
2384
10580
10581
10582
10583
10584
2395
2396
2397
2398
2399
10594
10595
10596
10597
10598
2410
2411
2412
2413
2414
10607
10608
10609
10610
10611
10619
10620
10621
10622
10623
10630
10631
10632
10633
10634
10640
10641
10642
10643
10644
10649
10650
10651
10652
10653
10657
2465
10658
10659
10660
10661
10664
10665
10666
10667
10668
2476
2477
10670
10671
10672
10673
10674
10675
10676
10677
10678
10679
10680
2488
10681
2489
10682
2490
10683
10684
10685
10686
10687
10688
10689
2501
2502
2503
2504
10700
10701
10702
10703
10704
2515
2516
2517
2518
2519
10715
10716
10717
10718
10719
2530
2531
2532
2533
2534
10730
10731
10732
10733
10734
2545
2546
2547
2548
2549
10745
10746
10747
10748
10749
2560
2561
2562
2563
2564
10760
10761
10762
10763
10764
2575
2576
2577
2578
2579
10774
10775
10776
10777
10778
2590
2591
2592
2593
2594
10787
10788
10789
10790
10791
2605
2606
10799
2607
10800
2608
10801
2609
10802
10803
10810
10811
10812
2620
10813
2621
10814
2622
2623
2624
10820
10821
10822
10823
10824
2635
2636
10829
2637
10830
2638
10831
2639
10832
10833
10837
10838
10839
10840
10841
2650
2651
10844
2652
10845
2653
10846
2654
10847
10848
10850
10851
10852
10853
10854
10855
10856
10857
2665
10858
2666
10859
2667
10860
2668
10861
2669
10862
10863
10864
10865
10866
10867
10868
10869
10880
10881
10882
10883
10884
10895
10896
10897
10898
10899
2714
10910
10911
10912
10913
10914
2725
2726
10925
10926
10927
10928
10929
2737
2738
2739
10939
10940
10941
10942
2750
10943
2751
2752
2753
10952
10953
10954
10955
10956
2764
2765
2766
2767
2768
10964
10965
10966
10967
10968
2779
2780
2781
2782
10975
2783
10976
10977
10978
10979
10985
10986
2794
10987
2795
10988
2796
10989
2797
2798
10994
10995
10996
10997
10998
2809
11002
2810
11003
2811
11004
2812
11005
2813
11006
11009
11010
11011
11012
11013
11015
11016
2824
11017
2825
11018
2826
11019
2827
11020
2828
11021
11022
11023
11024
11025
11026
11027
11028
11029
11030
11031
2839
11032
2840
11033
2841
11034
2842
2843
11045
11046
2854
11047
2855
11048
2856
11049
2857
2858
11060
11061
2869
11062
2870
11063
2871
11064
2872
2873
11075
11076
2884
11077
2885
11078
2886
11079
2887
2888
11089
11090
11091
2899
11092
2900
11093
2901
2902
2903
11102
11103
11104
11105
11106
2914
2915
2916
2917
2918
11114
11115
11116
11117
11118
2929
2930
2931
2932
11125
2933
11126
11127
11128
11129
11135
11136
11137
11138
11139
11144
11145
11146
11147
11148
11152
11153
11154
11155
11156
11159
11160
11161
11162
11163
2971
11165
11166
11167
11168
11169
11170
11171
11172
11173
11174
2982
11175
2983
11176
11177
11178
11179
11180
11181
11182
11183
11184
2994
2995
2996
11195
11196
11197
11198
11199
3007
3008
3009
3010
11210
11211
11212
11213
3021
11214
3022
3023
3024
3025
11224
11225
11226
11227
11228
3036
3037
3038
3039
3040
11237
11238
11239
11240
11241
3051
3052
3053
3054
3055
11249
11250
11251
11252
11253
3066
3067
11260
3068
11261
3069
11262
3070
11263
11264
11270
11271
11272
11273
3081
11274
3082
3083
3084
3085
11279
11280
11281
11282
11283
11287
11288
3096
11289
3097
11290
3098
11291
3099
3100
11294
11295
11296
11297
11298
11300
11301
11302
11303
3111
11304
3112
11305
3113
11306
3114
11307
3115
11308
11309
11310
11311
11312
11313
11314
11315
11316
11317
11318
3126
11319
3127
3128
3129
3130
11330
11331
11332
11333
3141
11334
3142
3143
3144
3145
11344
11345
11346
11347
11348
3156
3157
3158
3159
3160
11357
11358
11359
11360
11361
3171
3172
3173
3174
3175
11369
11370
11371
11372
11373
3186
3187
11380
3188
11381
3189
11382
3190
11383
11384
11390
11391
11392
11393
3201
11394
3202
3203
3204
3205
11399
11400
11401
11402
11403
11407
11408
11409
11410
11411
11414
11415
11416
11417
11418
11420
11421
11422
11423
11424
11425
11426
11427
3235
11428
11429
11430
11431
11432
11433
11434
11435
11436
11437
11438
3246
11439
3247
11449
11450
3258
11451
3259
11452
3260
11453
11462
11463
3271
11464
3272
11465
3273
11466
3274
11474
11475
11476
11477
3285
11478
3286
3287
3288
3289
11485
11486
11487
11488
11489
3300
3301
3302
11495
3303
11496
3304
11497
11498
11499
11504
11505
11506
11507
3315
11508
3316
3317
3318
3319
11512
11513
11514
11515
11516
11519
11520
11521
11522
3330
11523
3331
3332
11525
3333
11526
3334
11527
11528
11529
11530
11531
11532
11533
11534
11535
11536
11537
3345
11538
3346
11539
3347
11540
3348
11541
3349
11542
11543
11544
3360
11553
3361
11554
3362
11555
3363
11556
3364
11557
11565
11566
11567
3375
11568
3376
11569
3377
3378
3379
11576
11577
11578
11579
11580
3390
3391
3392
3393
11586
3394
11587
11588
11589
11590
11595
11596
11597
3405
11598
3406
11599
3407
3408
3409
11603
11604
11605
11606
11607
11610
11611
11612
3420
11613
3421
11614
3422
3423
11616
3424
11617
11618
11619
11620
11621
11622
11623
11624
11625
11626
11627
3435
11628
3436
11629
3437
11630
3438
11631
3439
11632
11633
11634
11635
3450
11643
3451
11644
3452
11645
3453
11646
3454
11647
11654
11655
11656
11657
3465
11658
3466
3467
3468
3469
11664
11665
11666
11667
11668
3480
11673
3481
11674
3482
11675
3483
11676
3484
11677
11681
11682
11683
11684
11685
11688
11689
11690
11691
11692
11694
11695
11696
11697
3505
11698
11699
11700
11701
11702
11703
11704
11705
11706
11707
11708
3516
11709
3517
11710
11711
11712
11713
11720
3528
11721
3529
11722
3530
11723
11724
11730
11731
11732
11733
3541
11734
3542
3543
3544
11739
11740
11741
11742
11743
11747
3555
11748
3556
11749
3557
11750
3558
11751
3559
11754
11755
11756
11757
11758
11760
11761
11762
3570
11763
3571
11764
3572
11765
3573
11766
3574
11767
11768
11769
11770
11771
11772
11773
11774
11775
11776
11777
3585
11778
3586
11779
3587
3588
3589
11785
11786
11787
11788
11789
3600
3601
11794
3602
11795
3603
11796
3604
11797
11798
11802
11803
11804
11805
11806
3615
3616
11809
3617
11810
3618
11811
3619
11812
11813
11815
11816
11817
11818
11819
11820
11821
11822
3630
11823
3631
11824
3632
11825
3633
11826
3634
11827
11828
11829
11830
11831
11832
11833
11834
3645
3646
11839
3647
11840
3648
11841
3649
11842
11843
11847
11848
11849
11850
11851
3660
3661
11854
3662
11855
3663
11856
3664
11857
11858
11860
11861
11862
11863
11864
11865
11866
11867
3675
11868
3676
11869
3677
11870
3678
11871
3679
11872
11873
11874
11875
11876
11877
11878
11879
3690
11883
3691
11884
3692
11885
3693
11886
3694
11887
11890
11891
11892
11893
11894
11896
11897
3705
11898
3706
11899
3707
11900
3708
11901
3709
11902
11903
11904
11905
11906
11907
11908
11909
11910
11911
11912
3720
11913
3721
11914
3722
11915
3723
3724
11918
11919
11920
11921
11922
11924
11925
11926
11927
3735
11928
3736
11929
3737
11930
3738
11931
3739
11932
11933
11934
11935
11936
11937
11938
11939
11940
11941
11942
3750
11943
3751
3752
11945
3753
11946
3754
11947
11948
11949
11950
11951
11952
11953
11954
11955
11956
11957
3765
11958
3766
11959
3767
11960
3768
11961
3769
11962
11963
11964
11965
11966
11967
11968
11969
11970
11971
11972
3780
11973
11974
11975
11976
11977
11978
11979
11980
11981
11982
11983
3791
11984
3792
11985
11986
11987
11988
11989
11990
11991
11992
11993
11994
11995
3803
11996
3804
11997
3805
11998
11999
3816
3817
3818
3819
3830
3831
3832
3833
3834
3845
3846
3847
3848
3849
3860
3861
3862
3863
3864
3875
3876
3877
3878
3879
3890
3891
3892
3893
3894
3905
3906
3907
3908
3909
3920
3921
3922
3923
3924
3935
3936
3937
3938
3939
3950
3951
3952
3953
3954
3965
3966
3967
3968
3969
3980
3981
3982
3983
3984
3995
3996
3997
3998
3999
4010
4011
4012
4013
4014
4025
4026
4027
4028
4029
4040
4041
4042
4043
4044
4055
4056
4057
4058
4059
4070
4071
4082
4083
4084
4095
4096
4097
4098
4109
4110
4111
4112
4113
4124
4125
4126
4127
4128
4139
4140
4141
4142
4143
4154
4155
4156
4157
4158
4169
4170
4171
4172
4173
4184
4185
4186
4187
4188
4199
4200
4201
4202
4203
4214
4215
4216
4217
4218
4229
4230
4231
4232
4233
4244
4245
4246
4247
4248
4259
4260
4261
4262
4263
4274
4275
4276
4277
4278
4289
4290
4291
4292
4293
4304
4305
4306
4307
4308
4319
4320
4321
4322
4323
4334
4335
4336
4337
4338
4349
4350
4351
4352
4353
4364
4365
4366
4377
4378
4379
4380
4391
4392
4393
4394
4395
4406
4407
4408
4409
4410
4421
4422
4423
4424
4425
4436
4437
4438
4439
4440
4451
4452
4453
4454
4455
4466
4467
4468
4469
4470
4481
4482
4483
4484
4485
4496
4497
4498
4499
4500
4511
4512
4513
4514
4515
4526
4527
4528
4529
4530
4541
4542
4543
4544
4545
4556
4557
4558
4559
4560
4571
4572
4573
4574
4575
4586
4587
4588
4589
4590
4601
4602
4603
4604
4605
4616
4617
4618
4619
4620
4631
4632
4633
4634
4635
4646
4647
4648
4649
4650
4661
4662
4663
4664
4675
4676
4677
4678
4679
4690
4691
4692
4693
4694
4705
4706
4707
4708
4709
4720
4721
4722
4723
4724
4735
4736
4737
4738
4739
4750
4751
4752
4753
4754
4765
4766
4767
4768
4769
4780
4781
4782
4783
4784
4795
4796
4797
4798
4799
4810
4811
4812
4813
4814
4825
4826
4827
4828
4829
4840
4841
4842
4843
4844
4855
4856
4857
4858
4859
4870
4871
4872
4873
4874
4885
4886
4887
4888
4889
4900
4901
4902
4903
4904
4915
4916
4917
4918
4919
4930
4931
4932
4933
4934
4945
4946
4947
4948
4949
4960
4961
4962
4963
4964
4975
4976
4977
4978
4979
4990
4991
4992
4993
4994
5005
5006
5007
5008
5009
5020
5021
5022
5023
5024
5035
5036
5037
5038
5039
5050
5051
5052
5053
5054
5065
5066
5067
5068
5069
5080
5081
5082
5083
5084
5095
5096
5097
5098
5099
5110
5111
5112
5113
5114
5125
5126
5127
5128
5129
5140
5141
5142
5143
5144
5155
5156
5157
5158
5159
5170
5171
5172
5173
5174
5185
5186
5187
5188
5189
5200
5201
5202
5203
5204
5215
5216
5217
5218
5219
5230
5231
5232
5233
5234
5245
5246
5247
5248
5249
5260
5261
5262
5263
5264
5275
5276
5277
5278
5279
5290
5291
5292
5293
5294
5305
5306
5307
5308
5309
5320
5321
5322
5323
5324
5335
5336
5337
5338
5339
5350
5351
5352
5353
5354
5365
5366
5367
5368
5369
5380
5381
5382
5383
5384
5395
5396
5397
5398
5399
5410
5411
5412
5413
5414
5425
5426
5427
5428
5429
5440
5441
5442
5443
5444
5455
5456
5457
5458
5459
5470
5471
5472
5473
5474
5485
5486
5487
5488
5489
5500
5501
5502
5503
5504
5515
5516
5517
5518
5519
5530
5531
5532
5533
5534
5545
5546
5547
5548
5549
5560
5561
5562
5563
5564
5575
5576
5577
5578
5579
5590
5591
5592
5593
5594
5605
5606
5607
5608
5609
5620
5621
5622
5623
5624
5635
5636
5637
5638
5639
5650
5651
5652
5653
5654
5665
5666
5667
5668
5669
5680
5681
5682
5683
5684
5695
5696
5697
5698
5699
5710
5711
5712
5713
5714
5725
5726
5727
5728
5729
5740
5741
5742
5743
5744
5755
5756
5757
5758
5759
5770
5771
5772
5773
5774
5785
5786
5787
5788
5789
5800
5801
5802
5803
5804
5815
5816
5817
5818
5819
5830
5831
5832
5833
5834
5845
5846
5847
5848
5849
5860
5861
5862
5863
5864
5875
5876
5877
5878
5879
5890
5891
5892
5893
5894
5905
5906
5907
5908
5909
5920
5921
5922
5923
5924
5935
5936
5937
5938
5939
5950
5951
5952
5953
5954
5965
5966
5967
5968
5969
5980
5981
5982
5983
5984
5995
5996
5997
5998
5999
6010
6011
6012
6013
6014
6025
6026
6027
6028
6029
6040
6041
6042
6043
6044
6055
6056
6057
6058
6059
6070
6071
6072
6073
6074
6085
6086
6087
6088
6089
6100
6101
6102
6103
6104
6115
6116
6117
6118
6119
6130
6131
6132
6133
6134
6145
6146
6147
6148
6149
6160
6161
6162
6163
6164
6175
6176
6177
6178
6179
6190
6191
6192
6193
6194
6205
6206
6207
6208
6209
6220
6221
6222
6223
6224
6235
6236
6237
6238
6239
6250
6251
6252
6253
6254
6265
6266
6267
6268
6269
6280
6281
6282
6283
6284
6295
6296
6297
6298
6299
6310
6311
6312
6313
6314
6325
6326
6327
6328
6329
6340
6341
6342
6343
6344
6355
6356
6357
6358
6359
6370
6371
6372
6373
6374
6385
6386
6387
6388
6389
6400
6401
6402
6403
6404
6415
6416
6417
6418
6419
6430
6431
6432
6433
6434
6445
6446
6447
6448
6449
6460
6461
6462
6463
6464
6475
6476
6477
6478
6479
6490
6491
6492
6493
6494
6505
6506
6507
6508
6509
6520
6521
6522
6523
6524
6535
6536
6537
6538
6539
6550
6551
6552
6553
6554
6565
6566
6567
6568
6569
6580
6581
6582
6583
6584
6595
6596
6597
6598
6599
6610
6611
6612
6613
6614
6625
6626
6627
6628
6629
6640
6641
6642
6643
6644
6655
6656
6657
6658
6659
6670
6671
6672
6673
6674
6685
6686
6687
6688
6689
6700
6701
6702
6703
6704
6715
6716
6717
6718
6719
6730
6731
6732
6733
6734
6745
6746
6747
6748
6749
6760
6761
6762
6763
6764
6775
6776
6777
6778
6779
6790
6791
6792
6793
6794
6805
6806
6807
6808
6809
6820
6821
6822
6823
6824
6835
6836
6837
6838
6839
6850
6851
6852
6853
6854
6865
6866
6867
6868
6869
6880
6881
6882
6883
6884
6895
6896
6897
6898
6899
6910
6911
6912
6913
6914
6925
6926
6927
6928
6929
6940
6941
6942
6943
6944
6955
6956
6957
6958
6959
6970
6971
6972
6973
6974
6985
6986
6987
6988
6989
7000
7001
7002
7003
7004
7015
7016
7017
7018
7019
7030
7031
7032
7033
7034
7045
7046
7047
7048
7049
7060
7061
7062
7063
7064
7075
7076
7077
7078
7079
7090
7091
7092
7093
7094
7105
7106
7107
7108
7109
7120
7121
7122
7123
7124
7135
7136
7137
7138
7139
7150
7151
7152
7153
7154
7165
7166
7167
7168
7169
7180
7181
7182
7183
7184
7195
7196
7197
7198
7199
7210
7211
7212
7213
7214
7225
7226
7227
7228
7229
7240
7241
7242
7243
7244
7255
7256
7257
7258
7259
7270
7271
7272
7273
7274
7285
7286
7287
7288
7289
7300
7301
7302
7303
7304
7315
7316
7317
7318
7319
7330
7331
7332
7333
7334
7344
7345
7346
7347
7348
7359
7360
7361
7362
7363
7374
7375
7376
7377
7378
7389
7390
7391
7392
7393
7404
7405
7406
7407
7408
7419
7420
7421
7422
7423
7434
7435
7436
7437
7438
7449
7450
7451
7452
7453
7464
7465
7466
7467
7468
7479
7480
7481
7482
7483
7494
7495
7496
7497
7498
7509
7510
7511
7512
7513
7524
7525
7526
7527
7528
7539
7540
7541
7542
7543
7554
7555
7556
7557
7558
7569
7570
7571
7572
7573
7584
7585
7586
7587
7588
7599
7600
7601
7602
7603
7614
7615
7616
7617
7618
7628
7629
7630
7631
7632
7641
7642
7643
7644
7645
7656
7657
7658
7659
7660
7671
7672
7673
7674
7675
7686
7687
7688
7689
7690
7701
7702
7703
7704
7705
7716
7717
7718
7719
7720
7731
7732
7733
7734
7735
7746
7747
7748
7749
7750
7761
7762
7763
7764
7765
7776
7777
7778
7779
7780
7791
7792
7793
7794
7795
7806
7807
7808
7809
7810
7821
7822
7823
7824
7825
7836
7837
7838
7839
7840
7851
7852
7853
7854
7855
7866
7867
7868
7869
7870
7881
7882
7883
7884
7885
7896
7897
7898
7899
7900
7910
7911
7912
7913
7914
7923
7924
7925
7926
7927
7935
7936
7937
7938
7939
7950
7951
7952
7953
7954
7965
7966
7967
7968
7969
7980
7981
7982
7983
7984
7995
7996
7997
7998
7999
8010
8011
8012
8013
8014
8025
8026
8027
8028
8029
8040
8041
8042
8043
8044
8055
8056
8057
8058
8059
8070
8071
8072
8073
8074
8085
8086
8087
8088
8089
8100
8101
8102
8103
8104
8115
8116
8117
8118
8119
8130
8131
8132
8133
8134
8145
8146
8147
8148
8149
8160
8161
8162
8163
8164
8175
8176
8177
8178
8179
8189
8190
8191
)


// ************************************************************************* //
