/*--------------------------------*- C++ -*----------------------------------*\
| =========                 |                                                 |
| \\      /  F ield         | OpenFOAM: The Open Source CFD Toolbox           |
|  \\    /   O peration     | Version:  2306                                  |
|   \\  /    A nd           | Website:  www.openfoam.com                      |
|    \\/     M anipulation  |                                                 |
\*---------------------------------------------------------------------------*/
FoamFile
{
    version     2.0;
    format      ascii;
    arch        "LSB;label=32;scalar=64";
    class       cellSet;
    location    "constant/phiI/polyMesh/sets";
    object      ccl;
}
// * * * * * * * * * * * * * * * * * * * * * * * * * * * * * * * * * * * * * //


4000
(
0
1
8194
2
8195
3
8196
4
5
6
7
8
9
10
11
12
13
14
8207
15
8208
16
17
18
19
20
21
22
23
24
25
26
8219
27
28
29
30
31
32
33
34
35
36
37
8230
38
8231
39
8232
40
8233
41
8234
42
43
44
45
46
47
48
49
50
51
52
8245
53
8246
54
8247
8248
56
8249
57
58
59
60
61
62
63
64
65
66
67
8260
68
8261
69
8262
70
8263
71
8264
72
73
74
75
77
78
79
80
81
8275
8276
84
8277
85
8278
86
8279
87
88
89
90
91
92
93
94
95
96
97
8290
98
8291
99
8292
100
8293
101
8294
102
103
105
106
107
108
109
112
8305
113
8306
114
8307
115
8308
116
8309
120
121
122
123
124
125
126
127
8320
128
8321
129
8322
130
8323
131
8324
132
133
134
135
136
137
138
139
141
142
8335
143
8336
144
8337
145
8338
8339
148
149
150
151
152
156
157
8350
158
8351
159
8352
160
8353
8354
165
166
167
168
169
170
171
172
8365
173
8366
174
8367
175
8368
176
8369
177
178
179
180
181
182
183
184
186
187
8380
188
8381
189
8382
190
8383
8384
193
194
195
196
197
201
202
8395
203
8396
204
8397
205
8398
8399
210
211
212
213
214
8410
8411
8412
220
8413
221
8414
222
223
224
225
226
227
228
229
230
231
232
8425
233
8426
234
8427
235
8428
236
8429
237
238
239
241
242
243
244
245
8440
248
8441
249
8442
250
8443
251
8444
252
256
257
258
259
260
8455
8456
8457
265
8458
266
267
268
269
275
276
8469
277
8470
278
8471
279
286
287
288
289
8482
290
8483
291
292
293
294
295
296
297
298
299
300
301
8494
302
303
304
305
307
308
309
310
311
314
315
316
317
318
322
8515
323
8516
324
8517
325
8518
326
8519
331
332
333
334
335
8530
8531
8532
8533
341
8534
342
343
344
345
352
8545
353
8546
354
8547
355
8548
356
8549
364
365
366
367
8560
368
8561
369
8562
370
8563
371
8564
372
373
374
375
376
377
378
379
380
381
382
8575
383
8576
8577
385
8578
386
8579
387
388
389
392
393
394
395
396
8590
8591
8592
400
8593
401
8594
402
403
404
409
410
411
412
8605
413
8606
8607
8608
8609
419
420
421
422
423
8620
8621
8622
430
8623
431
8624
432
433
434
442
8635
443
8636
444
8637
445
8638
446
8639
455
456
457
8650
458
8651
459
8652
460
8653
461
8654
462
463
464
465
466
467
468
469
470
471
472
8665
473
8666
474
8667
8668
476
8669
477
478
479
480
483
484
485
486
487
8680
8681
8682
8683
491
8684
492
493
494
495
500
501
502
8695
503
8696
504
8697
8698
8699
510
511
512
513
514
8710
8711
8712
8713
521
8714
522
523
524
525
8725
533
8726
534
8727
535
8728
536
537
546
8739
547
8740
548
8741
549
550
8752
560
8753
561
562
563
564
565
566
567
568
569
570
571
8764
572
573
574
575
576
577
578
579
581
582
583
584
585
588
589
590
591
592
596
597
598
599
600
8794
8795
8796
8797
605
8798
606
607
608
609
615
616
8809
617
8810
618
8811
619
8812
8813
626
627
628
629
630
8824
8825
8826
8827
8828
638
639
640
641
642
8839
8840
8841
8842
8843
651
652
653
654
655
8854
8855
8856
8857
665
8858
666
667
668
669
8869
8870
8871
8872
680
8873
681
682
683
684
685
686
687
688
689
690
691
8884
692
8885
693
8886
694
8887
695
8888
696
697
698
699
701
702
703
704
705
8899
8900
708
8901
709
8902
710
8903
711
712
716
717
718
719
720
8914
8915
8916
8917
725
8918
726
727
728
729
735
736
8929
737
8930
738
8931
739
8932
8933
746
747
748
749
750
8944
8945
8946
8947
8948
758
759
760
761
762
8959
8960
8961
8962
8963
771
772
773
774
775
8974
8975
8976
8977
785
8978
786
787
788
789
8989
8990
8991
8992
800
801
802
803
804
9003
9004
9005
815
816
817
818
819
820
821
822
823
9016
824
9017
825
826
827
828
829
830
831
832
833
834
9028
836
837
838
839
840
843
844
845
846
847
851
852
853
854
855
860
861
862
863
864
870
871
872
873
9066
874
9067
9068
9069
9070
881
882
883
884
885
9081
9082
9083
9084
9085
893
894
895
896
897
9096
9097
9098
906
9099
907
9100
908
909
910
9111
9112
920
9113
921
9114
922
9115
923
924
9126
9127
935
9128
936
9129
937
9130
938
939
9141
9142
950
9143
951
9144
952
9145
953
954
9156
9157
965
9158
966
9159
967
9160
968
969
970
971
972
973
974
975
976
977
978
9171
979
9172
980
9173
981
9174
982
9175
983
984
986
987
988
989
990
993
9186
994
9187
995
9188
996
9189
997
9190
1001
1002
1003
1004
1005
9201
9202
1010
9203
1011
9204
1012
9205
1013
1014
1020
1021
1022
1023
9216
1024
9217
9218
9219
9220
1031
1032
1033
1034
1035
9231
9232
9233
9234
9235
1043
1044
1045
1046
1047
9246
9247
9248
1056
9249
1057
1058
1059
1060
9260
9261
9262
1070
1071
1072
1073
1074
9273
9274
1085
1086
1087
1088
1089
9285
1100
1101
1102
1103
1104
1115
1116
1117
1118
1119
1130
1131
1132
1133
1134
1135
1136
1137
9330
1138
9331
1139
9332
1140
9333
1141
9334
1142
1143
1144
1145
1146
1147
1148
1149
1151
1152
9345
1153
9346
1154
9347
1155
9348
9349
1158
1159
1160
1161
1162
1166
1167
9360
1168
9361
1169
9362
1170
9363
9364
1175
1176
1177
1178
1179
9375
9376
9377
1185
9378
1186
9379
1187
1188
1189
1196
1197
9390
1198
9391
1199
9392
1200
9393
9394
1208
1209
1210
1211
1212
9405
9406
9407
9408
9409
1221
1222
1223
1224
1225
9420
9421
9422
9423
9424
1235
1236
1237
1238
1239
9435
9436
9437
9438
9439
1250
1251
1252
1253
1254
9450
9451
9452
9453
9454
1265
1266
1267
1268
1269
9465
9466
9467
9468
9469
1280
1281
1282
1283
1284
9480
9481
9482
9483
9484
1295
1296
1297
1298
1299
9495
9496
9497
9498
1310
1311
1312
1313
1314
1315
1316
9509
1317
9510
1318
9511
1319
1320
1321
1322
1323
1324
1325
1326
1327
1328
1329
9522
9523
1331
1332
1333
1334
1335
1338
1339
1340
1341
9534
1342
1346
1347
1348
1349
1350
1355
1356
1357
1358
1359
1365
1366
1367
1368
1369
1376
1377
1378
1379
1380
1388
1389
1390
1391
1392
9585
9586
9587
9588
9589
1401
1402
1403
1404
1405
9600
9601
9602
9603
9604
1415
1416
1417
1418
1419
9615
9616
9617
9618
9619
1430
1431
1432
1433
1434
9630
9631
9632
9633
9634
1445
1446
1447
1448
1449
9645
9646
9647
9648
9649
1460
1461
1462
1463
1464
9660
9661
9662
9663
9664
1475
1476
1477
1478
1479
9675
9676
9677
9678
9679
1490
1491
1492
1493
1494
9690
9691
9692
9693
9694
1505
1506
1507
1508
1509
1510
1511
1512
9705
1513
9706
1514
9707
1515
9708
1516
9709
1517
1518
1519
1520
1521
1522
1523
1525
1526
1527
9720
1528
9721
1529
9722
9723
9724
1532
1533
1534
1535
1536
1540
1541
1542
9735
1543
9736
1544
9737
9738
1549
1550
1551
1552
1553
9749
9750
9751
1559
1560
1561
1562
1563
9762
1570
9763
1571
1572
1573
1574
9774
1582
1583
1584
1585
1586
1595
1596
1597
1598
1599
1609
1610
1611
1612
1613
1624
1625
1626
1627
1628
9830
9831
1639
9832
1640
9833
1641
9834
1642
1643
9845
9846
1654
9847
1655
9848
1656
9849
1657
1658
9860
9861
1669
9862
1670
9863
1671
9864
1672
1673
9875
9876
1684
9877
1685
9878
1686
9879
1687
1688
9890
9891
1699
9892
1700
9893
1701
9894
1702
1703
9905
9906
1714
9907
1715
9908
1716
9909
1717
1718
1719
1720
1721
1722
1723
1724
1725
1726
1727
9920
1728
9921
1729
9922
1730
9923
9924
1732
1733
1734
1735
1736
1739
1740
1741
1742
9935
1743
9936
9937
9938
9939
1747
1748
1749
1750
1751
1756
1757
9950
1758
9951
1759
9952
1760
9953
9954
1766
1767
1768
1769
1770
9965
9966
9967
9968
1777
1778
1779
1780
1781
9979
9980
9981
1789
1790
1791
1792
1793
9992
9993
1802
1803
1804
1805
1806
10004
1816
1817
1818
1819
1820
1831
1832
1833
1834
1835
1846
1847
1848
1849
1850
1861
1862
1863
1864
1865
10064
10065
10066
10067
10068
1876
1877
1878
1879
1880
10079
10080
10081
10082
10083
1891
1892
1893
1894
1895
10094
10095
10096
10097
10098
1906
1907
1908
1909
1910
10109
10110
10111
10112
10113
1921
1922
1923
1924
1925
10124
10125
10126
10127
10128
1936
1937
1938
1939
1940
1941
1942
1943
1944
1945
1946
10139
1947
10140
1948
10141
1949
10142
10143
1951
1952
1953
1954
1955
1958
1959
1960
1961
10154
1962
10155
10156
10157
10158
1966
1967
1968
1969
1970
1975
1976
10169
1977
10170
1978
10171
1979
10172
10173
1985
1986
1987
1988
1989
10184
10185
10186
10187
1996
1997
1998
1999
2000
10198
10199
10200
2008
2009
2010
2011
2012
10211
10212
2021
2022
2023
2024
2025
10223
2035
2036
2037
2038
2039
2050
2051
2052
2053
2054
2065
2066
2067
2068
2069
2080
2081
2082
2083
2084
10286
10287
2095
10288
2096
10289
2097
10290
2098
2099
10301
10302
2110
10303
2111
10304
2112
10305
2113
2114
10316
10317
2125
10318
2126
10319
2127
10320
2128
2129
10331
10332
2140
10333
2141
10334
2142
10335
2143
2144
10346
10347
2155
10348
2156
10349
2157
10350
2158
2159
10361
10362
2170
10363
2171
10364
2172
10365
2173
2174
2175
2176
2177
2178
2179
2181
2182
2183
10376
2184
10377
2185
10378
10379
10380
2188
2189
2190
2191
2192
2196
2197
2198
10391
2199
10392
2200
10393
10394
2205
2206
2207
2208
2209
10405
10406
10407
2215
2216
2217
2218
2219
10418
2226
10419
2227
2228
2229
2230
10430
2238
2239
2240
2241
2242
2251
2252
2253
2254
2255
2265
2266
2267
2268
2269
2280
2281
2282
2283
2284
2295
2296
2297
2298
2299
10495
10496
10497
10498
10499
2310
2311
2312
2313
2314
10510
10511
10512
10513
10514
2325
2326
2327
2328
2329
10525
10526
10527
10528
10529
2340
2341
2342
2343
2344
10540
10541
10542
10543
10544
2355
2356
2357
2358
2359
10555
10556
10557
10558
10559
2370
2371
2372
2373
2374
10570
10571
10572
10573
10574
2385
2386
2387
2388
2389
10585
10586
10587
10588
2400
2401
2402
2403
2404
10599
10600
10601
2415
2416
2417
2418
2419
10612
10613
2421
2422
2423
2424
2425
2428
2429
2430
2431
10624
2432
2436
2437
2438
2439
2440
2445
2446
2447
2448
2449
2455
2456
2457
2458
2459
2466
2467
2468
2469
2470
2478
2479
2480
2481
2482
2491
2492
2493
2494
2495
10690
10691
10692
10693
10694
2505
2506
2507
2508
2509
10705
10706
10707
10708
10709
2520
2521
2522
2523
2524
10720
10721
10722
10723
10724
2535
2536
2537
2538
2539
10735
10736
10737
10738
10739
2550
2551
2552
2553
2554
10750
10751
10752
10753
10754
2565
2566
2567
2568
2569
10765
10766
10767
10768
2580
2581
2582
2583
2584
10779
10780
10781
2595
2596
2597
2598
2599
10792
10793
2610
2611
10804
2612
2613
2614
2625
2626
2627
2628
2629
2640
2641
2642
2643
2644
2655
2656
2657
2658
2659
2670
2671
2672
2673
2674
2677
10870
2678
10871
2679
10872
2680
10873
2681
10874
2685
2686
2687
2688
2689
10885
10886
2694
10887
2695
10888
2696
10889
2697
2698
2704
2705
2706
2707
10900
2708
10901
10902
10903
10904
2715
2716
2717
2718
2719
10915
10916
10917
10918
10919
2727
2728
2729
2730
2731
10930
10931
10932
2740
10933
2741
2742
2743
2744
10944
10945
10946
2754
2755
2756
2757
2758
10957
10958
2769
2770
2771
2772
2773
10969
2784
2785
2786
2787
2788
2799
2800
2801
2802
2803
2814
2815
2816
2817
2818
2829
2830
2831
2832
2833
11035
11036
2844
11037
2845
11038
2846
11039
2847
2848
11050
11051
2859
11052
2860
11053
2861
11054
2862
2863
11065
11066
2874
11067
2875
11068
2876
11069
2877
2878
11080
11081
2889
11082
2890
11083
2891
2892
2893
11094
11095
11096
2904
2905
2906
2907
2908
11107
11108
2919
2920
2921
2922
2923
11119
2934
2935
2936
2937
2938
2942
2943
2944
2945
2946
2951
2952
2953
2954
2955
2961
2962
2963
2964
2965
2972
2973
2974
2975
2976
2984
2985
2986
2987
2988
11185
11186
11187
11188
11189
2997
2998
2999
3000
3001
11200
11201
11202
11203
3011
11204
3012
3013
3014
3015
11215
11216
11217
11218
3026
3027
3028
3029
3030
11229
11230
11231
3041
3042
3043
3044
3045
11242
11243
3056
3057
3058
3059
3060
11254
3071
3072
3073
3074
3075
3086
3087
3088
3089
3090
3101
3102
3103
3104
3105
3116
3117
3118
3119
3120
11320
11321
11322
11323
3131
11324
3132
3133
3134
3135
11335
11336
11337
11338
3146
3147
3148
3149
3150
11349
11350
11351
3161
3162
3163
3164
3165
11362
11363
3176
3177
3178
3179
3180
11374
3191
3192
3193
3194
3195
3206
3207
3208
3209
3210
3215
3216
3217
3218
3219
3225
3226
3227
3228
3229
3236
3237
3238
3239
3240
11440
3248
11441
3249
11442
3250
11443
3251
3252
3261
11454
3262
11455
3263
11456
3264
3265
11467
3275
11468
3276
3277
3278
3279
11479
3290
3291
3292
3293
3294
3305
3306
3307
3308
3309
3320
3321
3322
3323
3324
3335
3336
3337
3338
3339
3350
3351
3352
11545
3353
11546
3354
11547
3365
11558
3366
11559
3367
3368
3369
11570
3380
3381
3382
3383
3384
3395
3396
3397
3398
3399
3410
3411
3412
3413
3414
3425
3426
3427
3428
3429
3440
3441
3442
3443
11636
3444
11637
3455
11648
3456
3457
3458
3459
3470
3471
3472
3473
3474
3485
3486
3487
3488
3489
3495
3496
3497
3498
3499
3506
3507
3508
3509
3510
3518
3519
3520
3521
11714
3522
3531
3532
3533
3534
3535
3545
3546
3547
3548
3549
3560
3561
3562
3563
3564
3575
3576
3577
3578
3579
3590
3591
3592
3593
3594
3605
3606
3607
3608
3609
3620
3621
3622
3623
3624
3635
3636
3637
3638
3639
3650
3651
3652
3653
3654
3665
3666
3667
3668
3669
3680
3681
3682
3683
3684
3695
3696
3697
3698
3699
3710
3711
3712
3713
3714
3725
3726
3727
3728
3729
3740
3741
3742
3743
3744
3755
3756
3757
3758
3759
3770
3771
3772
3773
3774
3781
3782
3783
3784
3785
3793
3794
3795
3796
3797
3806
3807
3808
3809
3810
3820
3821
3822
3823
3824
3835
3836
3837
3838
3839
3850
3851
3852
3853
3854
3865
3866
3867
3868
3869
3880
3881
3882
3883
3884
3895
3896
3897
3898
3899
3910
3911
3912
3913
3914
3925
3926
3927
3928
3929
3940
3941
3942
3943
3944
3955
3956
3957
3958
3959
3970
3971
3972
3973
3974
3985
3986
3987
3988
3989
4000
4001
4002
4003
4004
4015
4016
4017
4018
4019
4030
4031
4032
4033
4034
4045
4046
4047
4048
4049
4060
4061
4062
4063
4064
4072
4073
4074
4075
4076
4085
4086
4087
4088
4089
4099
4100
4101
4102
4103
4114
4115
4116
4117
4118
4129
4130
4131
4132
4133
4144
4145
4146
4147
4148
4159
4160
4161
4162
4163
4174
4175
4176
4177
4178
4189
4190
4191
4192
4193
4204
4205
4206
4207
4208
4219
4220
4221
4222
4223
4234
4235
4236
4237
4238
4249
4250
4251
4252
4253
4264
4265
4266
4267
4268
4279
4280
4281
4282
4283
4294
4295
4296
4297
4298
4309
4310
4311
4312
4313
4324
4325
4326
4327
4328
4339
4340
4341
4342
4343
4354
4355
4356
4357
4358
4367
4368
4369
4370
4371
4381
4382
4383
4384
4385
4396
4397
4398
4399
4400
4411
4412
4413
4414
4415
4426
4427
4428
4429
4430
4441
4442
4443
4444
4445
4456
4457
4458
4459
4460
4471
4472
4473
4474
4475
4486
4487
4488
4489
4490
4501
4502
4503
4504
4505
4516
4517
4518
4519
4520
4531
4532
4533
4534
4535
4546
4547
4548
4549
4550
4561
4562
4563
4564
4565
4576
4577
4578
4579
4580
4591
4592
4593
4594
4595
4606
4607
4608
4609
4610
4621
4622
4623
4624
4625
4636
4637
4638
4639
4640
4651
4652
4653
4654
4655
4665
4666
4667
4668
4669
4680
4681
4682
4683
4684
4695
4696
4697
4698
4699
4710
4711
4712
4713
4714
4725
4726
4727
4728
4729
4740
4741
4742
4743
4744
4755
4756
4757
4758
4759
4770
4771
4772
4773
4774
4785
4786
4787
4788
4789
4800
4801
4802
4803
4804
4815
4816
4817
4818
4819
4830
4831
4832
4833
4834
4845
4846
4847
4848
4849
4860
4861
4862
4863
4864
4875
4876
4877
4878
4879
4890
4891
4892
4893
4894
4905
4906
4907
4908
4909
4920
4921
4922
4923
4924
4935
4936
4937
4938
4939
4950
4951
4952
4953
4954
4965
4966
4967
4968
4969
4980
4981
4982
4983
4984
4995
4996
4997
4998
4999
5010
5011
5012
5013
5014
5025
5026
5027
5028
5029
5040
5041
5042
5043
5044
5055
5056
5057
5058
5059
5070
5071
5072
5073
5074
5085
5086
5087
5088
5089
5100
5101
5102
5103
5104
5115
5116
5117
5118
5119
5130
5131
5132
5133
5134
5145
5146
5147
5148
5149
5160
5161
5162
5163
5164
5175
5176
5177
5178
5179
5190
5191
5192
5193
5194
5205
5206
5207
5208
5209
5220
5221
5222
5223
5224
5235
5236
5237
5238
5239
5250
5251
5252
5253
5254
5265
5266
5267
5268
5269
5280
5281
5282
5283
5284
5295
5296
5297
5298
5299
5310
5311
5312
5313
5314
5325
5326
5327
5328
5329
5340
5341
5342
5343
5344
5355
5356
5357
5358
5359
5370
5371
5372
5373
5374
5385
5386
5387
5388
5389
5400
5401
5402
5403
5404
5415
5416
5417
5418
5419
5430
5431
5432
5433
5434
5445
5446
5447
5448
5449
5460
5461
5462
5463
5464
5475
5476
5477
5478
5479
5490
5491
5492
5493
5494
5505
5506
5507
5508
5509
5520
5521
5522
5523
5524
5535
5536
5537
5538
5539
5550
5551
5552
5553
5554
5565
5566
5567
5568
5569
5580
5581
5582
5583
5584
5595
5596
5597
5598
5599
5610
5611
5612
5613
5614
5625
5626
5627
5628
5629
5640
5641
5642
5643
5644
5655
5656
5657
5658
5659
5670
5671
5672
5673
5674
5685
5686
5687
5688
5689
5700
5701
5702
5703
5704
5715
5716
5717
5718
5719
5730
5731
5732
5733
5734
5745
5746
5747
5748
5749
5760
5761
5762
5763
5764
5775
5776
5777
5778
5779
5790
5791
5792
5793
5794
5805
5806
5807
5808
5809
5820
5821
5822
5823
5824
5835
5836
5837
5838
5839
5850
5851
5852
5853
5854
5865
5866
5867
5868
5869
5880
5881
5882
5883
5884
5895
5896
5897
5898
5899
5910
5911
5912
5913
5914
5925
5926
5927
5928
5929
5940
5941
5942
5943
5944
5955
5956
5957
5958
5959
5970
5971
5972
5973
5974
5985
5986
5987
5988
5989
6000
6001
6002
6003
6004
6015
6016
6017
6018
6019
6030
6031
6032
6033
6034
6045
6046
6047
6048
6049
6060
6061
6062
6063
6064
6075
6076
6077
6078
6079
6090
6091
6092
6093
6094
6105
6106
6107
6108
6109
6120
6121
6122
6123
6124
6135
6136
6137
6138
6139
6150
6151
6152
6153
6154
6165
6166
6167
6168
6169
6180
6181
6182
6183
6184
6195
6196
6197
6198
6199
6210
6211
6212
6213
6214
6225
6226
6227
6228
6229
6240
6241
6242
6243
6244
6255
6256
6257
6258
6259
6270
6271
6272
6273
6274
6285
6286
6287
6288
6289
6300
6301
6302
6303
6304
6315
6316
6317
6318
6319
6330
6331
6332
6333
6334
6345
6346
6347
6348
6349
6360
6361
6362
6363
6364
6375
6376
6377
6378
6379
6390
6391
6392
6393
6394
6405
6406
6407
6408
6409
6420
6421
6422
6423
6424
6435
6436
6437
6438
6439
6450
6451
6452
6453
6454
6465
6466
6467
6468
6469
6480
6481
6482
6483
6484
6495
6496
6497
6498
6499
6510
6511
6512
6513
6514
6525
6526
6527
6528
6529
6540
6541
6542
6543
6544
6555
6556
6557
6558
6559
6570
6571
6572
6573
6574
6585
6586
6587
6588
6589
6600
6601
6602
6603
6604
6615
6616
6617
6618
6619
6630
6631
6632
6633
6634
6645
6646
6647
6648
6649
6660
6661
6662
6663
6664
6675
6676
6677
6678
6679
6690
6691
6692
6693
6694
6705
6706
6707
6708
6709
6720
6721
6722
6723
6724
6735
6736
6737
6738
6739
6750
6751
6752
6753
6754
6765
6766
6767
6768
6769
6780
6781
6782
6783
6784
6795
6796
6797
6798
6799
6810
6811
6812
6813
6814
6825
6826
6827
6828
6829
6840
6841
6842
6843
6844
6855
6856
6857
6858
6859
6870
6871
6872
6873
6874
6885
6886
6887
6888
6889
6900
6901
6902
6903
6904
6915
6916
6917
6918
6919
6930
6931
6932
6933
6934
6945
6946
6947
6948
6949
6960
6961
6962
6963
6964
6975
6976
6977
6978
6979
6990
6991
6992
6993
6994
7005
7006
7007
7008
7009
7020
7021
7022
7023
7024
7035
7036
7037
7038
7039
7050
7051
7052
7053
7054
7065
7066
7067
7068
7069
7080
7081
7082
7083
7084
7095
7096
7097
7098
7099
7110
7111
7112
7113
7114
7125
7126
7127
7128
7129
7140
7141
7142
7143
7144
7155
7156
7157
7158
7159
7170
7171
7172
7173
7174
7185
7186
7187
7188
7189
7200
7201
7202
7203
7204
7215
7216
7217
7218
7219
7230
7231
7232
7233
7234
7245
7246
7247
7248
7249
7260
7261
7262
7263
7264
7275
7276
7277
7278
7279
7290
7291
7292
7293
7294
7305
7306
7307
7308
7309
7320
7321
7322
7323
7324
7335
7336
7337
7338
7349
7350
7351
7352
7353
7364
7365
7366
7367
7368
7379
7380
7381
7382
7383
7394
7395
7396
7397
7398
7409
7410
7411
7412
7413
7424
7425
7426
7427
7428
7439
7440
7441
7442
7443
7454
7455
7456
7457
7458
7469
7470
7471
7472
7473
7484
7485
7486
7487
7488
7499
7500
7501
7502
7503
7514
7515
7516
7517
7518
7529
7530
7531
7532
7533
7544
7545
7546
7547
7548
7559
7560
7561
7562
7563
7574
7575
7576
7577
7578
7589
7590
7591
7592
7593
7604
7605
7606
7607
7608
7619
7620
7621
7622
7633
7634
7635
7646
7647
7648
7649
7650
7661
7662
7663
7664
7665
7676
7677
7678
7679
7680
7691
7692
7693
7694
7695
7706
7707
7708
7709
7710
7721
7722
7723
7724
7725
7736
7737
7738
7739
7740
7751
7752
7753
7754
7755
7766
7767
7768
7769
7770
7781
7782
7783
7784
7785
7796
7797
7798
7799
7800
7811
7812
7813
7814
7815
7826
7827
7828
7829
7830
7841
7842
7843
7844
7845
7856
7857
7858
7859
7860
7871
7872
7873
7874
7875
7886
7887
7888
7889
7890
7901
7902
7903
7904
7915
7916
7917
7928
7929
7940
7941
7942
7943
7944
7955
7956
7957
7958
7959
7970
7971
7972
7973
7974
7985
7986
7987
7988
7989
8000
8001
8002
8003
8004
8015
8016
8017
8018
8019
8030
8031
8032
8033
8034
8045
8046
8047
8048
8049
8060
8061
8062
8063
8064
8075
8076
8077
8078
8079
8090
8091
8092
8093
8094
8105
8106
8107
8108
8109
8120
8121
8122
8123
8124
8135
8136
8137
8138
8139
8150
8151
8152
8153
8154
8165
8166
8167
8168
8169
8180
8181
8182
8183
)


// ************************************************************************* //
