/*--------------------------------*- C++ -*----------------------------------*\
| =========                 |                                                 |
| \\      /  F ield         | OpenFOAM: The Open Source CFD Toolbox           |
|  \\    /   O peration     | Version:  2306                                  |
|   \\  /    A nd           | Website:  www.openfoam.com                      |
|    \\/     M anipulation  |                                                 |
\*---------------------------------------------------------------------------*/
FoamFile
{
    version     2.0;
    format      ascii;
    arch        "LSB;label=32;scalar=64";
    class       volScalarField;
    location    "1.5/fuel";
    object      j;
}
// * * * * * * * * * * * * * * * * * * * * * * * * * * * * * * * * * * * * * //

dimensions      [0 -3 0 0 0 1 0];

internalField   nonuniform List<scalar> 
16000
(
9.050894e+08
9.133198e+08
8.286323e+08
8.631418e+08
9.299381e+08
8.339968e+08
8.707697e+08
7.642648e+08
7.922003e+08
8.335898e+08
9.549412e+08
8.445566e+08
8.861611e+08
7.683651e+08
7.971961e+08
8.408179e+08
7.126777e+08
7.322773e+08
7.663213e+08
8.154838e+08
9.873774e+08
8.597334e+08
9.092952e+08
7.763412e+08
8.070253e+08
8.554003e+08
7.160289e+08
7.361111e+08
7.710666e+08
8.224918e+08
6.698447e+08
6.841159e+08
7.094176e+08
7.502442e+08
8.078611e+08
1.022303e+09
8.78073e+08
9.392717e+08
7.875588e+08
8.211415e+08
8.773147e+08
7.224991e+08
7.435657e+08
7.804009e+08
8.366344e+08
6.726861e+08
6.872595e+08
7.130676e+08
7.548443e+08
8.148062e+08
6.330237e+08
6.440297e+08
6.636171e+08
6.950789e+08
7.432068e+08
0
1.048578e+09
8.959458e+08
9.715074e+08
8.006322e+08
8.381845e+08
9.057151e+08
7.314747e+08
7.540428e+08
7.938032e+08
8.579031e+08
6.781436e+08
6.933264e+08
7.201631e+08
7.63894e+08
8.288327e+08
6.354884e+08
6.467024e+08
6.666161e+08
6.986192e+08
7.477543e+08
0
6.007059e+08
6.094938e+08
6.254428e+08
6.506765e+08
6.886487e+08
0
0
1.065081e+09
9.080059e+08
9.956682e+08
8.126584e+08
8.54777e+08
9.362704e+08
7.41689e+08
7.662429e+08
8.099819e+08
8.855079e+08
6.856417e+08
7.017372e+08
7.301325e+08
7.768908e+08
8.499582e+08
6.402039e+08
6.518338e+08
6.724025e+08
7.055014e+08
7.567038e+08
0
6.028804e+08
6.118178e+08
6.279972e+08
6.535877e+08
6.921449e+08
0
0
5.718621e+08
5.791203e+08
5.925091e+08
6.136553e+08
6.447881e+08
0
0
0
1.074371e+09
9.147336e+08
1.010795e+09
8.201033e+08
8.659403e+08
9.59113e+08
7.507157e+08
7.774538e+08
8.257319e+08
9.152753e+08
6.940293e+08
7.113002e+08
7.417375e+08
7.925903e+08
8.774529e+08
6.466359e+08
6.588794e+08
6.804216e+08
7.151717e+08
7.695662e+08
0
6.07028e+08
6.162622e+08
6.329002e+08
6.592045e+08
6.989428e+08
0
0
5.738043e+08
5.811751e+08
5.947338e+08
6.161371e+08
6.476622e+08
0
0
0
5.458241e+08
5.519606e+08
5.635065e+08
5.817003e+08
6.082402e+08
0
0
0
0
1.078514e+09
9.181434e+08
1.01929e+09
8.237258e+08
8.72152e+08
9.733875e+08
7.559393e+08
7.843736e+08
8.363007e+08
9.374992e+08
7.012224e+08
7.197408e+08
7.523966e+08
8.078881e+08
9.072181e+08
6.537369e+08
6.667535e+08
6.895349e+08
7.264312e+08
7.851248e+08
0
6.126535e+08
6.223205e+08
6.396296e+08
6.669879e+08
7.084983e+08
0
0
5.774997e+08
5.850927e+08
5.989874e+08
6.209003e+08
6.53208e+08
0
0
0
5.475758e+08
5.537994e+08
5.654765e+08
5.838637e+08
6.106904e+08
0
0
0
0
5.220944e+08
5.273995e+08
5.375396e+08
5.53543e+08
5.767016e+08
0
0
0
0
0
1.078514e+09
9.195561e+08
1.023073e+09
8.252525e+08
8.752946e+08
9.813956e+08
7.581613e+08
7.877302e+08
8.421712e+08
9.513809e+08
7.051642e+08
7.246094e+08
7.589557e+08
8.181308e+08
9.294393e+08
6.596836e+08
6.734962e+08
6.975717e+08
7.36775e+08
8.00313e+08
0
6.187995e+08
6.290024e+08
6.471458e+08
6.758333e+08
7.196329e+08
0
0
5.824887e+08
5.904028e+08
6.047833e+08
6.274371e+08
6.608948e+08
0
0
0
5.509021e+08
5.572967e+08
5.692316e+08
5.879996e+08
6.153934e+08
0
0
0
0
5.236867e+08
5.290609e+08
5.39305e+08
5.554603e+08
5.788379e+08
0
0
0
0
0
5.003108e+08
5.049782e+08
5.140283e+08
5.283169e+08
5.489128e+08
0
0
0
0
0
0
1.074371e+09
9.195561e+08
1.023073e+09
8.257762e+08
8.765953e+08
9.849603e+08
7.588799e+08
7.891401e+08
8.451393e+08
9.591716e+08
7.066338e+08
7.266711e+08
7.621287e+08
8.238153e+08
9.433332e+08
6.627964e+08
6.771778e+08
7.021907e+08
7.431209e+08
8.104646e+08
0
6.23848e+08
6.345889e+08
6.535748e+08
6.836312e+08
7.2987e+08
0
0
5.878923e+08
5.961981e+08
6.111712e+08
6.347367e+08
6.696341e+08
0
0
0
5.553753e+08
5.620152e+08
5.743191e+08
5.936341e+08
6.218483e+08
0
0
0
0
5.267048e+08
5.322145e+08
5.426618e+08
5.591145e+08
5.829221e+08
0
0
0
0
0
5.017674e+08
5.06491e+08
5.156256e+08
5.300365e+08
5.508066e+08
0
0
0
0
0
0
4.801892e+08
4.84363e+08
4.925402e+08
5.054613e+08
5.240151e+08
0
0
0
0
0
0
0
1.065081e+09
9.181434e+08
1.01929e+09
8.257762e+08
8.765953e+08
9.849603e+08
7.590331e+08
7.896222e+08
8.463678e+08
9.626415e+08
7.069466e+08
7.27332e+08
7.634585e+08
8.266914e+08
9.511445e+08
6.638123e+08
6.785411e+08
7.041378e+08
7.461841e+08
8.160987e+08
0
6.263884e+08
6.375008e+08
6.570704e+08
6.880959e+08
7.361317e+08
0
0
5.922589e+08
6.009497e+08
6.165045e+08
6.40976e+08
6.773393e+08
0
0
0
5.601847e+08
5.671201e+08
5.798674e+08
5.998423e+08
6.29058e+08
0
0
0
0
5.3075e+08
5.364527e+08
5.471888e+08
5.640645e+08
5.884866e+08
0
0
0
0
0
5.045244e+08
5.093571e+08
5.186564e+08
5.333058e+08
5.54416e+08
0
0
0
0
0
0
4.815291e+08
4.857491e+08
4.939962e+08
5.070183e+08
5.257141e+08
0
0
0
0
0
0
0
4.615087e+08
4.652919e+08
4.727605e+08
4.845587e+08
5.014541e+08
0
0
0
0
0
0
0
0
1.048578e+09
9.147336e+08
1.010795e+09
8.252525e+08
8.752946e+08
9.813956e+08
7.590331e+08
7.896222e+08
8.463678e+08
9.626415e+08
7.069226e+08
7.274701e+08
7.639124e+08
8.278833e+08
9.546289e+08
6.638993e+08
6.788242e+08
7.047572e+08
7.474668e+08
8.189548e+08
0
6.27112e+08
6.38442e+08
6.583555e+08
6.899697e+08
7.391492e+08
0
0
5.943804e+08
6.033296e+08
6.192713e+08
6.443529e+08
6.817331e+08
0
0
0
5.640165e+08
5.712372e+08
5.844092e+08
6.050203e+08
6.35218e+08
0
0
0
0
5.350713e+08
5.410042e+08
5.520826e+08
5.694606e+08
5.946182e+08
0
0
0
0
0
5.082086e+08
5.131962e+08
5.227278e+08
5.377138e+08
5.593054e+08
0
0
0
0
0
0
4.840615e+08
4.883712e+08
4.967541e+08
5.099724e+08
5.289442e+08
0
0
0
0
0
0
0
4.627468e+08
4.665687e+08
4.740961e+08
4.85979e+08
5.029929e+08
0
0
0
0
0
0
0
0
4.440905e+08
4.47561e+08
4.544424e+08
4.653052e+08
4.808169e+08
0
0
0
0
0
0
0
0
0
1.022303e+09
9.080059e+08
9.956682e+08
8.237258e+08
8.72152e+08
9.733875e+08
7.588799e+08
7.891401e+08
8.451393e+08
9.591716e+08
7.069226e+08
7.274701e+08
7.639124e+08
8.278833e+08
9.546289e+08
6.637832e+08
6.787968e+08
7.048842e+08
7.479046e+08
8.201413e+08
0
6.270661e+08
6.385141e+08
6.586158e+08
6.90562e+08
7.404134e+08
0
0
5.949032e+08
6.039983e+08
6.201562e+08
6.455856e+08
6.835697e+08
0
0
0
5.658194e+08
5.732271e+08
5.86672e+08
6.076926e+08
6.38536e+08
0
0
0
0
5.384712e+08
5.446228e+08
5.560224e+08
5.738724e+08
5.997285e+08
0
0
0
0
0
5.121218e+08
5.172924e+08
5.270965e+08
5.424769e+08
5.646356e+08
0
0
0
0
0
0
4.874368e+08
4.918731e+08
5.004465e+08
5.139399e+08
5.332995e+08
0
0
0
0
0
0
0
4.650842e+08
4.689808e+08
4.766221e+08
4.886691e+08
5.059124e+08
0
0
0
0
0
0
0
0
4.452392e+08
4.487424e+08
4.556739e+08
4.666091e+08
4.822211e+08
0
0
0
0
0
0
0
0
0
4.277885e+08
4.310055e+08
4.373936e+08
4.474629e+08
4.61804e+08
0
0
0
0
0
0
0
0
0
0
9.873774e+08
8.959458e+08
9.715074e+08
8.201033e+08
8.659403e+08
9.59113e+08
7.581613e+08
7.877302e+08
8.421712e+08
9.513809e+08
7.069466e+08
7.27332e+08
7.634585e+08
8.266914e+08
9.511445e+08
6.637832e+08
6.787968e+08
7.048842e+08
7.479046e+08
8.201413e+08
0
6.269003e+08
6.384001e+08
6.585851e+08
6.906818e+08
7.408459e+08
0
0
5.947746e+08
6.039457e+08
6.202157e+08
6.458294e+08
6.841474e+08
0
0
0
5.661984e+08
5.737082e+08
5.872984e+08
6.085381e+08
6.397385e+08
0
0
0
0
5.400237e+08
5.463157e+08
5.579156e+08
5.760578e+08
6.023513e+08
0
0
0
0
0
5.15166e+08
5.205079e+08
5.305631e+08
5.463061e+08
5.689892e+08
0
0
0
0
0
0
4.910034e+08
4.95588e+08
5.043828e+08
5.18195e+08
5.380054e+08
0
0
0
0
0
0
0
4.681921e+08
4.721936e+08
4.799939e+08
4.922698e+08
5.098336e+08
0
0
0
0
0
0
0
0
4.474056e+08
4.509719e+08
4.580001e+08
4.690747e+08
4.848806e+08
0
0
0
0
0
0
0
0
0
4.288581e+08
4.32103e+08
4.385343e+08
4.48666e+08
4.630934e+08
0
0
0
0
0
0
0
0
0
0
4.124811e+08
4.154904e+08
4.214588e+08
4.308464e+08
4.441805e+08
0
0
0
0
0
0
0
0
0
0
9.549412e+08
8.78073e+08
9.392717e+08
8.126584e+08
8.54777e+08
9.362704e+08
7.559393e+08
7.843736e+08
8.363007e+08
9.374992e+08
7.066338e+08
7.266711e+08
7.621287e+08
8.238153e+08
9.433332e+08
6.638993e+08
6.788242e+08
7.047572e+08
7.474668e+08
8.189548e+08
0
6.269003e+08
6.384001e+08
6.585851e+08
6.906818e+08
7.408459e+08
0
0
5.945813e+08
6.037848e+08
6.201023e+08
6.457957e+08
6.842631e+08
0
0
0
5.660166e+08
5.735779e+08
5.872392e+08
6.085872e+08
6.399709e+08
0
0
0
0
5.402957e+08
5.466624e+08
5.58364e+08
5.766536e+08
6.031722e+08
0
0
0
0
0
5.165171e+08
5.219671e+08
5.321747e+08
5.481346e+08
5.711327e+08
0
0
0
0
0
0
4.937495e+08
4.984711e+08
5.074664e+08
5.215662e+08
5.417842e+08
0
0
0
0
0
0
0
4.714608e+08
4.755844e+08
4.835678e+08
4.961065e+08
5.140385e+08
0
0
0
0
0
0
0
0
4.502799e+08
4.539342e+08
4.610969e+08
4.723651e+08
4.884403e+08
0
0
0
0
0
0
0
0
0
4.308735e+08
4.34172e+08
4.406864e+08
4.50938e+08
4.655317e+08
0
0
0
0
0
0
0
0
0
0
4.134802e+08
4.165136e+08
4.225196e+08
4.319615e+08
4.453706e+08
0
0
0
0
0
0
0
0
0
0
3.980665e+08
4.009033e+08
4.065109e+08
4.15306e+08
4.277638e+08
0
0
0
0
0
0
0
0
0
0
9.299381e+08
8.597334e+08
9.092952e+08
8.006322e+08
8.381845e+08
9.057151e+08
7.507157e+08
7.774538e+08
8.257319e+08
9.152753e+08
7.051642e+08
7.246094e+08
7.589557e+08
8.181308e+08
9.294393e+08
6.638123e+08
6.785411e+08
7.041378e+08
7.461841e+08
8.160987e+08
0
6.270661e+08
6.385141e+08
6.586158e+08
6.90562e+08
7.404134e+08
0
0
5.945813e+08
6.037848e+08
6.201023e+08
6.457957e+08
6.842631e+08
0
0
0
5.658082e+08
5.733908e+08
5.870809e+08
6.084731e+08
6.399344e+08
0
0
0
0
5.400788e+08
5.464819e+08
5.582307e+08
5.765878e+08
6.032126e+08
0
0
0
0
0
5.167075e+08
5.222135e+08
5.324955e+08
5.485588e+08
5.717083e+08
0
0
0
0
0
0
4.949356e+08
4.997422e+08
5.088563e+08
5.23123e+08
5.435769e+08
0
0
0
0
0
0
0
4.739537e+08
4.781886e+08
4.863354e+08
4.991071e+08
5.173659e+08
0
0
0
0
0
0
0
0
4.532899e+08
4.570459e+08
4.643622e+08
4.758508e+08
4.922328e+08
0
0
0
0
0
0
0
0
0
4.33542e+08
4.369152e+08
4.435447e+08
4.539621e+08
4.687856e+08
0
0
0
0
0
0
0
0
0
0
4.153613e+08
4.184407e+08
4.245187e+08
4.340649e+08
4.476182e+08
0
0
0
0
0
0
0
0
0
0
3.990024e+08
4.018601e+08
4.075006e+08
4.163435e+08
4.288672e+08
0
0
0
0
0
0
0
0
0
0
3.844589e+08
3.871502e+08
3.924437e+08
4.007191e+08
4.124065e+08
0
0
0
0
0
0
0
0
0
0
9.133198e+08
8.445566e+08
8.861611e+08
7.875588e+08
8.211415e+08
8.773147e+08
7.41689e+08
7.662429e+08
8.099819e+08
8.855079e+08
7.012224e+08
7.197408e+08
7.523966e+08
8.078881e+08
9.072181e+08
6.627964e+08
6.771778e+08
7.021907e+08
7.431209e+08
8.104646e+08
0
6.27112e+08
6.38442e+08
6.583555e+08
6.899697e+08
7.391492e+08
0
0
5.947746e+08
6.039457e+08
6.202157e+08
6.458294e+08
6.841474e+08
0
0
0
5.658082e+08
5.733908e+08
5.870809e+08
6.084731e+08
6.399344e+08
0
0
0
0
5.398626e+08
5.462805e+08
5.580473e+08
5.764301e+08
6.030965e+08
0
0
0
0
0
5.164673e+08
5.219999e+08
5.323144e+08
5.484213e+08
5.716356e+08
0
0
0
0
0
0
4.950626e+08
4.999122e+08
5.090821e+08
5.234241e+08
5.439841e+08
0
0
0
0
0
0
0
4.750025e+08
4.793052e+08
4.875467e+08
5.004499e+08
5.188918e+08
0
0
0
0
0
0
0
0
4.555654e+08
4.594129e+08
4.668645e+08
4.785455e+08
4.951949e+08
0
0
0
0
0
0
0
0
0
4.363254e+08
4.397842e+08
4.465442e+08
4.57149e+08
4.722322e+08
0
0
0
0
0
0
0
0
0
0
4.178473e+08
4.209905e+08
4.27168e+08
4.368577e+08
4.506096e+08
0
0
0
0
0
0
0
0
0
0
4.007633e+08
4.036609e+08
4.093644e+08
4.182986e+08
4.309485e+08
0
0
0
0
0
0
0
0
0
0
3.853379e+08
3.880475e+08
3.933702e+08
4.016878e+08
4.134334e+08
0
0
0
0
0
0
0
0
0
0
3.715845e+08
3.741518e+08
3.791689e+08
3.869836e+08
3.979879e+08
0
0
0
0
0
0
0
0
0
0
9.050894e+08
8.339968e+08
8.707697e+08
7.763412e+08
8.070253e+08
8.554003e+08
7.314747e+08
7.540428e+08
7.938032e+08
8.579031e+08
6.940293e+08
7.113002e+08
7.417375e+08
7.925903e+08
8.774529e+08
6.596836e+08
6.734962e+08
6.975717e+08
7.36775e+08
8.00313e+08
0
6.263884e+08
6.375008e+08
6.570704e+08
6.880959e+08
7.361317e+08
0
0
5.949032e+08
6.039983e+08
6.201562e+08
6.455856e+08
6.835697e+08
0
0
0
5.660166e+08
5.735779e+08
5.872392e+08
6.085872e+08
6.399709e+08
0
0
0
0
5.398626e+08
5.462805e+08
5.580473e+08
5.764301e+08
6.030965e+08
0
0
0
0
0
5.16248e+08
5.217909e+08
5.321172e+08
5.482393e+08
5.714766e+08
0
0
0
0
0
0
4.948071e+08
4.996765e+08
5.088693e+08
5.232406e+08
5.438413e+08
0
0
0
0
0
0
0
4.750796e+08
4.794158e+08
4.877e+08
5.006595e+08
5.191787e+08
0
0
0
0
0
0
0
0
4.564987e+08
4.60401e+08
4.679292e+08
4.79716e+08
4.965109e+08
0
0
0
0
0
0
0
0
0
4.384125e+08
4.419474e+08
4.488207e+08
4.595867e+08
4.74893e+08
0
0
0
0
0
0
0
0
0
0
4.204309e+08
4.236468e+08
4.299362e+08
4.397871e+08
4.537616e+08
0
0
0
0
0
0
0
0
0
0
4.030866e+08
4.060391e+08
4.118292e+08
4.208888e+08
4.33712e+08
0
0
0
0
0
0
0
0
0
0
3.869907e+08
3.897351e+08
3.951132e+08
4.035115e+08
4.153685e+08
0
0
0
0
0
0
0
0
0
0
3.72412e+08
3.749954e+08
3.800384e+08
3.878908e+08
3.989469e+08
0
0
0
0
0
0
0
0
0
0
3.593795e+08
3.618399e+08
3.666114e+08
3.740143e+08
3.844074e+08
0
0
0
0
0
0
0
0
0
0
8.286323e+08
8.631418e+08
7.683651e+08
7.971961e+08
8.408179e+08
7.224991e+08
7.435657e+08
7.804009e+08
8.366344e+08
6.856417e+08
7.017372e+08
7.301325e+08
7.768908e+08
8.499582e+08
6.537369e+08
6.667535e+08
6.895349e+08
7.264312e+08
7.851248e+08
0
6.23848e+08
6.345889e+08
6.535748e+08
6.836312e+08
7.2987e+08
0
0
5.943804e+08
6.033296e+08
6.192713e+08
6.443529e+08
6.817331e+08
0
0
0
5.661984e+08
5.737082e+08
5.872984e+08
6.085381e+08
6.397385e+08
0
0
0
0
5.400788e+08
5.464819e+08
5.582307e+08
5.765878e+08
6.032126e+08
0
0
0
0
0
5.16248e+08
5.217909e+08
5.321172e+08
5.482393e+08
5.714766e+08
0
0
0
0
0
0
4.945874e+08
4.994644e+08
5.086649e+08
5.230452e+08
5.436585e+08
0
0
0
0
0
0
0
4.748145e+08
4.791657e+08
4.874662e+08
5.004454e+08
5.189908e+08
0
0
0
0
0
0
0
0
4.56536e+08
4.604648e+08
4.68026e+08
4.798558e+08
4.967083e+08
0
0
0
0
0
0
0
0
0
4.392476e+08
4.428272e+08
4.497633e+08
4.606157e+08
4.760399e+08
0
0
0
0
0
0
0
0
0
0
4.223535e+08
4.256331e+08
4.320184e+08
4.42006e+08
4.561692e+08
0
0
0
0
0
0
0
0
0
0
0
4.054928e+08
4.085076e+08
4.143945e+08
4.235939e+08
4.366101e+08
0
0
0
0
0
0
0
0
0
0
3.89168e+08
3.919601e+08
3.974142e+08
4.059228e+08
4.179322e+08
0
0
0
0
0
0
0
0
0
0
3.739673e+08
3.765812e+08
3.816733e+08
3.895974e+08
4.007524e+08
0
0
0
0
0
0
0
0
0
0
3.601604e+08
3.62635e+08
3.674296e+08
3.748662e+08
3.853058e+08
0
0
0
0
0
0
0
0
0
0
3.477883e+08
3.501555e+08
3.547072e+08
3.617391e+08
3.715813e+08
0
0
0
0
0
0
0
0
0
0
7.642648e+08
7.922003e+08
8.335898e+08
7.160289e+08
7.361111e+08
7.710666e+08
8.224918e+08
6.781436e+08
6.933264e+08
7.201631e+08
7.63894e+08
8.288327e+08
6.466359e+08
6.588794e+08
6.804216e+08
7.151717e+08
7.695662e+08
0
6.187995e+08
6.290024e+08
6.471458e+08
6.758333e+08
7.196329e+08
0
0
5.922589e+08
6.009497e+08
6.165045e+08
6.40976e+08
6.773393e+08
0
0
0
5.658194e+08
5.732271e+08
5.86672e+08
6.076926e+08
6.38536e+08
0
0
0
0
5.402957e+08
5.466624e+08
5.58364e+08
5.766536e+08
6.031722e+08
0
0
0
0
0
5.164673e+08
5.219999e+08
5.323144e+08
5.484213e+08
5.716356e+08
0
0
0
0
0
0
4.945874e+08
4.994644e+08
5.086649e+08
5.230452e+08
5.436585e+08
0
0
0
0
0
0
0
4.745963e+08
4.78953e+08
4.872586e+08
5.00243e+08
5.187949e+08
0
0
0
0
0
0
0
0
4.562653e+08
4.602054e+08
4.677785e+08
4.796216e+08
4.964908e+08
0
0
0
0
0
0
0
0
0
4.392531e+08
4.428536e+08
4.498156e+08
4.607013e+08
4.761692e+08
0
0
0
0
0
0
0
0
0
0
4.231045e+08
4.264208e+08
4.328581e+08
4.429171e+08
4.571774e+08
0
0
0
0
0
0
0
0
0
0
0
4.072706e+08
4.103392e+08
4.16308e+08
4.256246e+08
4.388022e+08
0
0
0
0
0
0
0
0
0
0
0
0
3.914158e+08
3.942615e+08
3.998e+08
4.084309e+08
4.206092e+08
0
0
0
0
0
0
0
0
0
0
3.76013e+08
3.786685e+08
3.838277e+08
3.918496e+08
4.031397e+08
0
0
0
0
0
0
0
0
0
0
3.616271e+08
3.641286e+08
3.68967e+08
3.764677e+08
3.869958e+08
0
0
0
0
0
0
0
0
0
0
3.485265e+08
3.509064e+08
3.554788e+08
3.625411e+08
3.724251e+08
0
0
0
0
0
0
0
0
0
0
3.367617e+08
3.39047e+08
3.434005e+08
3.500961e+08
3.594386e+08
0
0
0
0
0
0
0
0
0
0
7.126777e+08
7.322773e+08
7.663213e+08
8.154838e+08
6.726861e+08
6.872595e+08
7.130676e+08
7.548443e+08
8.148062e+08
6.402039e+08
6.518338e+08
6.724025e+08
7.055014e+08
7.567038e+08
0
6.126535e+08
6.223205e+08
6.396296e+08
6.669879e+08
7.084983e+08
0
0
5.878923e+08
5.961981e+08
6.111712e+08
6.347367e+08
6.696341e+08
0
0
0
5.640165e+08
5.712372e+08
5.844092e+08
6.050203e+08
6.35218e+08
0
0
0
0
5.400237e+08
5.463157e+08
5.579156e+08
5.760578e+08
6.023513e+08
0
0
0
0
0
5.167075e+08
5.222135e+08
5.324955e+08
5.485588e+08
5.717083e+08
0
0
0
0
0
0
4.948071e+08
4.996765e+08
5.088693e+08
5.232406e+08
5.438413e+08
0
0
0
0
0
0
0
4.745963e+08
4.78953e+08
4.872586e+08
5.00243e+08
5.187949e+08
0
0
0
0
0
0
0
0
4.5605e+08
4.599942e+08
4.675704e+08
4.794162e+08
4.962882e+08
0
0
0
0
0
0
0
0
0
4.389797e+08
4.425889e+08
4.495593e+08
4.604538e+08
4.759323e+08
0
0
0
0
0
0
0
0
0
0
4.230843e+08
4.264173e+08
4.32875e+08
4.429599e+08
4.572538e+08
0
0
0
0
0
0
0
0
0
0
0
4.07949e+08
4.11048e+08
4.1706e+08
4.264363e+08
4.396948e+08
0
0
0
0
0
0
0
0
0
0
0
0
3.930656e+08
3.95957e+08
4.01566e+08
4.102981e+08
4.226158e+08
0
0
0
0
0
0
0
0
0
0
0
0
0
3.781187e+08
3.808207e+08
3.860539e+08
3.941837e+08
4.056225e+08
0
0
0
0
0
0
0
0
0
0
3.635537e+08
3.660918e+08
3.709897e+08
3.785777e+08
3.892262e+08
0
0
0
0
0
0
0
0
0
0
3.499128e+08
3.523164e+08
3.56928e+08
3.640479e+08
3.740115e+08
0
0
0
0
0
0
0
0
0
0
3.37461e+08
3.397575e+08
3.441297e+08
3.508528e+08
3.602332e+08
0
0
0
0
0
0
0
0
0
0
3.262582e+08
3.28469e+08
3.326425e+08
3.390317e+08
3.479186e+08
0
0
0
0
0
0
0
0
0
0
6.698447e+08
6.841159e+08
7.094175e+08
7.502442e+08
8.078611e+08
6.354884e+08
6.467024e+08
6.666161e+08
6.986192e+08
7.477543e+08
0
6.07028e+08
6.162622e+08
6.329002e+08
6.592045e+08
6.989428e+08
0
0
5.824887e+08
5.904028e+08
6.047833e+08
6.274371e+08
6.608948e+08
0
0
0
5.601847e+08
5.671201e+08
5.798674e+08
5.998423e+08
6.29058e+08
0
0
0
0
5.384712e+08
5.446228e+08
5.560224e+08
5.738724e+08
5.997285e+08
0
0
0
0
0
5.165171e+08
5.219671e+08
5.321747e+08
5.481346e+08
5.711327e+08
0
0
0
0
0
0
4.950626e+08
4.999122e+08
5.090821e+08
5.234241e+08
5.439841e+08
0
0
0
0
0
0
0
4.748145e+08
4.791657e+08
4.874662e+08
5.004454e+08
5.189908e+08
0
0
0
0
0
0
0
0
4.5605e+08
4.599942e+08
4.675704e+08
4.794162e+08
4.962882e+08
0
0
0
0
0
0
0
0
0
4.387681e+08
4.423802e+08
4.493525e+08
4.60248e+08
4.757268e+08
0
0
0
0
0
0
0
0
0
0
4.228106e+08
4.261501e+08
4.326136e+08
4.427042e+08
4.570042e+08
0
0
0
0
0
0
0
0
0
0
0
4.079083e+08
4.110205e+08
4.170485e+08
4.264451e+08
4.397297e+08
0
0
0
0
0
0
0
0
0
0
0
0
3.936809e+08
3.965976e+08
4.022429e+08
4.110252e+08
4.23411e+08
0
0
0
0
0
0
0
0
0
0
0
0
0
3.796546e+08
3.823956e+08
3.876899e+08
3.959078e+08
4.07468e+08
0
0
0
0
0
0
0
0
0
0
0
0
0
0
3.655314e+08
3.681099e+08
3.730732e+08
3.807567e+08
3.915372e+08
0
0
0
0
0
0
0
0
0
0
3.517314e+08
3.541671e+08
3.588319e+08
3.660299e+08
3.761015e+08
0
0
0
0
0
0
0
0
0
0
3.387738e+08
3.410914e+08
3.454988e+08
3.522738e+08
3.617261e+08
0
0
0
0
0
0
0
0
0
0
3.269218e+08
3.291426e+08
3.333331e+08
3.397471e+08
3.486685e+08
0
0
0
0
0
0
0
0
0
0
3.162387e+08
3.183829e+08
3.223905e+08
3.284988e+08
3.369684e+08
0
0
0
0
0
0
0
0
0
0
6.330237e+08
6.440297e+08
6.636171e+08
6.950789e+08
7.432068e+08
0
6.028804e+08
6.118178e+08
6.279972e+08
6.535877e+08
6.921449e+08
0
0
5.774997e+08
5.850927e+08
5.989874e+08
6.209003e+08
6.53208e+08
0
0
0
5.553753e+08
5.620152e+08
5.743191e+08
5.936341e+08
6.218483e+08
0
0
0
0
5.350713e+08
5.410042e+08
5.520826e+08
5.694606e+08
5.946182e+08
0
0
0
0
0
5.15166e+08
5.205079e+08
5.305631e+08
5.463061e+08
5.689892e+08
0
0
0
0
0
0
4.949356e+08
4.997422e+08
5.088563e+08
5.23123e+08
5.435769e+08
0
0
0
0
0
0
0
4.750796e+08
4.794158e+08
4.877e+08
5.006595e+08
5.191787e+08
0
0
0
0
0
0
0
0
4.562653e+08
4.602054e+08
4.677785e+08
4.796216e+08
4.964908e+08
0
0
0
0
0
0
0
0
0
4.387681e+08
4.423802e+08
4.493525e+08
4.60248e+08
4.757268e+08
0
0
0
0
0
0
0
0
0
0
4.226033e+08
4.259448e+08
4.324093e+08
4.424997e+08
4.567985e+08
0
0
0
0
0
0
0
0
0
0
0
4.076358e+08
4.107529e+08
4.167848e+08
4.261846e+08
4.394722e+08
0
0
0
0
0
0
0
0
0
0
0
0
3.936236e+08
3.965508e+08
4.022087e+08
4.110068e+08
4.234128e+08
0
0
0
0
0
0
0
0
0
0
0
0
0
3.80215e+08
3.82977e+08
3.883019e+08
3.965623e+08
4.081803e+08
0
0
0
0
0
0
0
0
0
0
0
0
0
0
3.669655e+08
3.695775e+08
3.74594e+08
3.823547e+08
3.932417e+08
0
0
0
0
0
0
0
0
0
0
0
0
0
0
0
3.535933e+08
3.560644e+08
3.607871e+08
3.680702e+08
3.782596e+08
0
0
0
0
0
0
0
0
0
0
3.404938e+08
3.4284e+08
3.472949e+08
3.541403e+08
3.636898e+08
0
0
0
0
0
0
0
0
0
0
3.281673e+08
3.304069e+08
3.346291e+08
3.410902e+08
3.500767e+08
0
0
0
0
0
0
0
0
0
0
3.168694e+08
3.190227e+08
3.230457e+08
3.291767e+08
3.376776e+08
0
0
0
0
0
0
0
0
0
0
3.066712e+08
3.087525e+08
3.126081e+08
3.184565e+08
3.265419e+08
0
0
0
0
0
0
0
0
0
0
6.007059e+08
6.094938e+08
6.254428e+08
6.506765e+08
6.886487e+08
0
0
5.738043e+08
5.811751e+08
5.947338e+08
6.161371e+08
6.476622e+08
0
0
0
5.509021e+08
5.572967e+08
5.692316e+08
5.879996e+08
6.153934e+08
0
0
0
0
5.3075e+08
5.364527e+08
5.471888e+08
5.640645e+08
5.884866e+08
0
0
0
0
0
5.121218e+08
5.172924e+08
5.270965e+08
5.424769e+08
5.646356e+08
0
0
0
0
0
0
4.937495e+08
4.984711e+08
5.074664e+08
5.215662e+08
5.417842e+08
0
0
0
0
0
0
0
4.750025e+08
4.793052e+08
4.875467e+08
5.004499e+08
5.188918e+08
0
0
0
0
0
0
0
0
4.56536e+08
4.604648e+08
4.68026e+08
4.798558e+08
4.967083e+08
0
0
0
0
0
0
0
0
0
4.389797e+08
4.425889e+08
4.495593e+08
4.604538e+08
4.759323e+08
0
0
0
0
0
0
0
0
0
0
4.226033e+08
4.259448e+08
4.324093e+08
4.424997e+08
4.567985e+08
0
0
0
0
0
0
0
0
0
0
0
4.074332e+08
4.105516e+08
4.165837e+08
4.259825e+08
4.392678e+08
0
0
0
0
0
0
0
0
0
0
0
0
3.933536e+08
3.962844e+08
4.019446e+08
4.107442e+08
4.231509e+08
0
0
0
0
0
0
0
0
0
0
0
0
0
3.801443e+08
3.829146e+08
3.882493e+08
3.965221e+08
4.081556e+08
0
0
0
0
0
0
0
0
0
0
0
0
0
0
3.674777e+08
3.701072e+08
3.751495e+08
3.829466e+08
3.938829e+08
0
0
0
0
0
0
0
0
0
0
0
0
0
0
0
3.549362e+08
3.574359e+08
3.622052e+08
3.695564e+08
3.798398e+08
0
0
0
0
0
0
0
0
0
0
0
0
0
0
0
0
3.422507e+08
3.446279e+08
3.491343e+08
3.560559e+08
3.657111e+08
0
0
0
0
0
0
0
0
0
0
3.297973e+08
3.320622e+08
3.363273e+08
3.428519e+08
3.519264e+08
0
0
0
0
0
0
0
0
0
0
3.18053e+08
3.202232e+08
3.242749e+08
3.304488e+08
3.390089e+08
0
0
0
0
0
0
0
0
0
0
3.072716e+08
3.093611e+08
3.132307e+08
3.190999e+08
3.272139e+08
0
0
0
0
0
0
0
0
0
0
2.975228e+08
2.995482e+08
3.032611e+08
3.088696e+08
3.165987e+08
0
0
0
0
0
0
0
0
0
0
5.718621e+08
5.791203e+08
5.925091e+08
6.136553e+08
6.447881e+08
0
0
0
5.475758e+08
5.537994e+08
5.654765e+08
5.838637e+08
6.106904e+08
0
0
0
0
5.267048e+08
5.322145e+08
5.426618e+08
5.591145e+08
5.829221e+08
0
0
0
0
0
5.082086e+08
5.131962e+08
5.227278e+08
5.377138e+08
5.593054e+08
0
0
0
0
0
0
4.910034e+08
4.95588e+08
5.043828e+08
5.18195e+08
5.380054e+08
0
0
0
0
0
0
0
4.739537e+08
4.781886e+08
4.863354e+08
4.991071e+08
5.173659e+08
0
0
0
0
0
0
0
0
4.564987e+08
4.60401e+08
4.679292e+08
4.79716e+08
4.965109e+08
0
0
0
0
0
0
0
0
0
4.392531e+08
4.428536e+08
4.498156e+08
4.607013e+08
4.761692e+08
0
0
0
0
0
0
0
0
0
0
4.228106e+08
4.261501e+08
4.326136e+08
4.427042e+08
4.570042e+08
0
0
0
0
0
0
0
0
0
0
0
4.074332e+08
4.105516e+08
4.165837e+08
4.259825e+08
4.392678e+08
0
0
0
0
0
0
0
0
0
0
0
0
3.931559e+08
3.960875e+08
4.017474e+08
4.105453e+08
4.22949e+08
0
0
0
0
0
0
0
0
0
0
0
0
0
3.798778e+08
3.826506e+08
3.879865e+08
3.962593e+08
4.078918e+08
0
0
0
0
0
0
0
0
0
0
0
0
0
0
3.673963e+08
3.700323e+08
3.750823e+08
3.828888e+08
3.938371e+08
0
0
0
0
0
0
0
0
0
0
0
0
0
0
0
3.554061e+08
3.579203e+08
3.627115e+08
3.700938e+08
3.804196e+08
0
0
0
0
0
0
0
0
0
0
0
0
0
0
0
0
3.435113e+08
3.459134e+08
3.504606e+08
3.574425e+08
3.671811e+08
0
0
0
0
0
0
0
0
0
0
0
0
0
0
0
0
0
3.314585e+08
3.337507e+08
3.380619e+08
3.446549e+08
3.538246e+08
0
0
0
0
0
0
0
0
0
0
3.196006e+08
3.217933e+08
3.258836e+08
3.321151e+08
3.407551e+08
0
0
0
0
0
0
0
0
0
0
3.083984e+08
3.10503e+08
3.143987e+08
3.203069e+08
3.284751e+08
0
0
0
0
0
0
0
0
0
0
2.980953e+08
3.001281e+08
3.038537e+08
3.094812e+08
3.172366e+08
0
0
0
0
0
0
0
0
0
0
2.887702e+08
2.907395e+08
2.943215e+08
2.99705e+08
3.071043e+08
0
0
0
0
0
0
0
0
0
0
5.458241e+08
5.519606e+08
5.635065e+08
5.817003e+08
6.082402e+08
0
0
0
0
5.236867e+08
5.290609e+08
5.39305e+08
5.554603e+08
5.788379e+08
0
0
0
0
0
5.045244e+08
5.093571e+08
5.186564e+08
5.333058e+08
5.54416e+08
0
0
0
0
0
0
4.874368e+08
4.918731e+08
5.004465e+08
5.139399e+08
5.332995e+08
0
0
0
0
0
0
0
4.714608e+08
4.755844e+08
4.835678e+08
4.961065e+08
5.140385e+08
0
0
0
0
0
0
0
0
4.555654e+08
4.594129e+08
4.668645e+08
4.785455e+08
4.951949e+08
0
0
0
0
0
0
0
0
0
4.392476e+08
4.428272e+08
4.497633e+08
4.606157e+08
4.760399e+08
0
0
0
0
0
0
0
0
0
0
4.230843e+08
4.264173e+08
4.32875e+08
4.429599e+08
4.572538e+08
0
0
0
0
0
0
0
0
0
0
0
4.076358e+08
4.107529e+08
4.167848e+08
4.261846e+08
4.394722e+08
0
0
0
0
0
0
0
0
0
0
0
0
3.931559e+08
3.960875e+08
4.017474e+08
4.105453e+08
4.22949e+08
0
0
0
0
0
0
0
0
0
0
0
0
0
3.796852e+08
3.824584e+08
3.877935e+08
3.960641e+08
4.076932e+08
0
0
0
0
0
0
0
0
0
0
0
0
0
0
3.67134e+08
3.697716e+08
3.748218e+08
3.826273e+08
3.935733e+08
0
0
0
0
0
0
0
0
0
0
0
0
0
0
0
3.553163e+08
3.578354e+08
3.626325e+08
3.700219e+08
3.803568e+08
0
0
0
0
0
0
0
0
0
0
0
0
0
0
0
0
3.439437e+08
3.463579e+08
3.509236e+08
3.579323e+08
3.677074e+08
0
0
0
0
0
0
0
0
0
0
0
0
0
0
0
0
0
3.326449e+08
3.349585e+08
3.393058e+08
3.459523e+08
3.551963e+08
0
0
0
0
0
0
0
0
0
0
0
0
0
0
0
0
0
0
3.211743e+08
3.233912e+08
3.275228e+08
3.338162e+08
3.425421e+08
0
0
0
0
0
0
0
0
0
0
3.098702e+08
3.119948e+08
3.159256e+08
3.218861e+08
3.301272e+08
0
0
0
0
0
0
0
0
0
0
2.991696e+08
3.01216e+08
3.049653e+08
3.106286e+08
3.184336e+08
0
0
0
0
0
0
0
0
0
0
2.893168e+08
2.912927e+08
2.948865e+08
3.002875e+08
3.077109e+08
0
0
0
0
0
0
0
0
0
0
2.803856e+08
2.823047e+08
2.857604e+08
2.909361e+08
2.980262e+08
0
0
0
0
0
0
0
0
0
0
5.220944e+08
5.273995e+08
5.375396e+08
5.53543e+08
5.767016e+08
0
0
0
0
0
5.017674e+08
5.06491e+08
5.156256e+08
5.300365e+08
5.508066e+08
0
0
0
0
0
0
4.840615e+08
4.883712e+08
4.967541e+08
5.099724e+08
5.289442e+08
0
0
0
0
0
0
0
4.681921e+08
4.721936e+08
4.799939e+08
4.922698e+08
5.098336e+08
0
0
0
0
0
0
0
0
4.532899e+08
4.570459e+08
4.643622e+08
4.758508e+08
4.922328e+08
0
0
0
0
0
0
0
0
0
4.384125e+08
4.419474e+08
4.488207e+08
4.595867e+08
4.74893e+08
0
0
0
0
0
0
0
0
0
0
4.231045e+08
4.264208e+08
4.328581e+08
4.429171e+08
4.571774e+08
0
0
0
0
0
0
0
0
0
0
0
4.079083e+08
4.110205e+08
4.170485e+08
4.264451e+08
4.397297e+08
0
0
0
0
0
0
0
0
0
0
0
0
3.933536e+08
3.962844e+08
4.019446e+08
4.107442e+08
4.231509e+08
0
0
0
0
0
0
0
0
0
0
0
0
0
3.796852e+08
3.824584e+08
3.877935e+08
3.960641e+08
4.076932e+08
0
0
0
0
0
0
0
0
0
0
0
0
0
0
3.669465e+08
3.695842e+08
3.746333e+08
3.824363e+08
3.933785e+08
0
0
0
0
0
0
0
0
0
0
0
0
0
0
0
3.550588e+08
3.575787e+08
3.623753e+08
3.697628e+08
3.800945e+08
0
0
0
0
0
0
0
0
0
0
0
0
0
0
0
0
3.438473e+08
3.462653e+08
3.508352e+08
3.578492e+08
3.676311e+08
0
0
0
0
0
0
0
0
0
0
0
0
0
0
0
0
0
3.330442e+08
3.353677e+08
3.397309e+08
3.464003e+08
3.55676e+08
0
0
0
0
0
0
0
0
0
0
0
0
0
0
0
0
0
0
3.222932e+08
3.245288e+08
3.286923e+08
3.350335e+08
3.438259e+08
0
0
0
0
0
0
0
0
0
0
0
0
0
0
0
0
0
0
0
3.11364e+08
3.135098e+08
3.174779e+08
3.234944e+08
3.318135e+08
0
0
0
0
0
0
0
0
0
0
3.005716e+08
3.02636e+08
3.06417e+08
3.121281e+08
3.199996e+08
0
0
0
0
0
0
0
0
0
0
2.903427e+08
2.923308e+08
2.959462e+08
3.013799e+08
3.088489e+08
0
0
0
0
0
0
0
0
0
0
2.809081e+08
2.828333e+08
2.862997e+08
2.914916e+08
2.98604e+08
0
0
0
0
0
0
0
0
0
0
2.723542e+08
2.742178e+08
2.775574e+08
2.825347e+08
2.893382e+08
0
0
0
0
0
0
0
0
0
0
5.003108e+08
5.049782e+08
5.140283e+08
5.283169e+08
5.489128e+08
0
0
0
0
0
0
4.815291e+08
4.857491e+08
4.939962e+08
5.070183e+08
5.257141e+08
0
0
0
0
0
0
0
4.650842e+08
4.689808e+08
4.766221e+08
4.886691e+08
5.059124e+08
0
0
0
0
0
0
0
0
4.502799e+08
4.539342e+08
4.610969e+08
4.723651e+08
4.884403e+08
0
0
0
0
0
0
0
0
0
4.363254e+08
4.397842e+08
4.465442e+08
4.57149e+08
4.722322e+08
0
0
0
0
0
0
0
0
0
0
4.223535e+08
4.256331e+08
4.320184e+08
4.42006e+08
4.561692e+08
0
0
0
0
0
0
0
0
0
0
0
4.07949e+08
4.11048e+08
4.1706e+08
4.264363e+08
4.396948e+08
0
0
0
0
0
0
0
0
0
0
0
0
3.936236e+08
3.965508e+08
4.022087e+08
4.110068e+08
4.234128e+08
0
0
0
0
0
0
0
0
0
0
0
0
0
3.798778e+08
3.826506e+08
3.879865e+08
3.962593e+08
4.078918e+08
0
0
0
0
0
0
0
0
0
0
0
0
0
0
3.669465e+08
3.695842e+08
3.746333e+08
3.824363e+08
3.933785e+08
0
0
0
0
0
0
0
0
0
0
0
0
0
0
0
3.548765e+08
3.573961e+08
3.621914e+08
3.695763e+08
3.799038e+08
0
0
0
0
0
0
0
0
0
0
0
0
0
0
0
0
3.435949e+08
3.460131e+08
3.505819e+08
3.575934e+08
3.673713e+08
0
0
0
0
0
0
0
0
0
0
0
0
0
0
0
0
0
3.329428e+08
3.35269e+08
3.396352e+08
3.463082e+08
3.555889e+08
0
0
0
0
0
0
0
0
0
0
0
0
0
0
0
0
0
0
3.22663e+08
3.249069e+08
3.290838e+08
3.354448e+08
3.442647e+08
0
0
0
0
0
0
0
0
0
0
0
0
0
0
0
0
0
0
0
3.124218e+08
3.145837e+08
3.185801e+08
3.246393e+08
3.330184e+08
0
0
0
0
0
0
0
0
0
0
0
0
0
0
0
0
0
0
0
0
3.019918e+08
3.040752e+08
3.078897e+08
3.136518e+08
3.215942e+08
0
0
0
0
0
0
0
0
0
0
2.916804e+08
2.936844e+08
2.973288e+08
3.028061e+08
3.103362e+08
0
0
0
0
0
0
0
0
0
0
2.81889e+08
2.838253e+08
2.873115e+08
2.925334e+08
2.996878e+08
0
0
0
0
0
0
0
0
0
0
2.728545e+08
2.747235e+08
2.780731e+08
2.830652e+08
2.898894e+08
0
0
0
0
0
0
0
0
0
0
2.646493e+08
2.664656e+08
2.69688e+08
2.744815e+08
2.810128e+08
0
0
0
0
0
0
0
0
0
0
4.801892e+08
4.84363e+08
4.925402e+08
5.054613e+08
5.240151e+08
0
0
0
0
0
0
0
4.627468e+08
4.665687e+08
4.740961e+08
4.85979e+08
5.029929e+08
0
0
0
0
0
0
0
0
4.474056e+08
4.509719e+08
4.580001e+08
4.690747e+08
4.848806e+08
0
0
0
0
0
0
0
0
0
4.33542e+08
4.369152e+08
4.435447e+08
4.539621e+08
4.687856e+08
0
0
0
0
0
0
0
0
0
0
4.204309e+08
4.236468e+08
4.299362e+08
4.397871e+08
4.537616e+08
0
0
0
0
0
0
0
0
0
0
4.072706e+08
4.103392e+08
4.16308e+08
4.256246e+08
4.388022e+08
0
0
0
0
0
0
0
0
0
0
0
0
3.936809e+08
3.965976e+08
4.022429e+08
4.110252e+08
4.23411e+08
0
0
0
0
0
0
0
0
0
0
0
0
0
3.801443e+08
3.829146e+08
3.882493e+08
3.965221e+08
4.081556e+08
0
0
0
0
0
0
0
0
0
0
0
0
0
0
3.67134e+08
3.697716e+08
3.748218e+08
3.826273e+08
3.935733e+08
0
0
0
0
0
0
0
0
0
0
0
0
0
0
0
3.548765e+08
3.573961e+08
3.621914e+08
3.695763e+08
3.799038e+08
0
0
0
0
0
0
0
0
0
0
0
0
0
0
0
0
3.434177e+08
3.458355e+08
3.504027e+08
3.574113e+08
3.671851e+08
0
0
0
0
0
0
0
0
0
0
0
0
0
0
0
0
0
3.326958e+08
3.350218e+08
3.393864e+08
3.460564e+08
3.553325e+08
0
0
0
0
0
0
0
0
0
0
0
0
0
0
0
0
0
0
3.225579e+08
3.248035e+08
3.289824e+08
3.353459e+08
3.44169e+08
0
0
0
0
0
0
0
0
0
0
0
0
0
0
0
0
0
0
0
3.127655e+08
3.14934e+08
3.189419e+08
3.250182e+08
3.334212e+08
0
0
0
0
0
0
0
0
0
0
0
0
0
0
0
0
0
0
0
0
3.029938e+08
3.050912e+08
3.089308e+08
3.147313e+08
3.227278e+08
0
0
0
0
0
0
0
0
0
0
0
0
0
0
0
0
0
0
0
0
2.930333e+08
2.950539e+08
2.987287e+08
3.042523e+08
3.118473e+08
0
0
0
0
0
0
0
0
0
0
2.831669e+08
2.851179e+08
2.886302e+08
2.938923e+08
3.011026e+08
0
0
0
0
0
0
0
0
0
0
2.737938e+08
2.756727e+08
2.790405e+08
2.840603e+08
2.909231e+08
0
0
0
0
0
0
0
0
0
0
2.651286e+08
2.669501e+08
2.701816e+08
2.749889e+08
2.815392e+08
0
0
0
0
0
0
0
0
0
0
2.572685e+08
2.590228e+08
2.621398e+08
2.667526e+08
2.730307e+08
0
0
0
0
0
0
0
0
0
0
4.615087e+08
4.652919e+08
4.727605e+08
4.845587e+08
5.014541e+08
0
0
0
0
0
0
0
0
4.452392e+08
4.487424e+08
4.556739e+08
4.666091e+08
4.822211e+08
0
0
0
0
0
0
0
0
0
4.308735e+08
4.34172e+08
4.406864e+08
4.50938e+08
4.655317e+08
0
0
0
0
0
0
0
0
0
0
4.178473e+08
4.209905e+08
4.27168e+08
4.368577e+08
4.506096e+08
0
0
0
0
0
0
0
0
0
0
4.054928e+08
4.085076e+08
4.143945e+08
4.235939e+08
4.366101e+08
0
0
0
0
0
0
0
0
0
0
3.930656e+08
3.95957e+08
4.01566e+08
4.102981e+08
4.226158e+08
0
0
0
0
0
0
0
0
0
0
0
0
0
3.80215e+08
3.82977e+08
3.883019e+08
3.965623e+08
4.081803e+08
0
0
0
0
0
0
0
0
0
0
0
0
0
0
3.673963e+08
3.700323e+08
3.750823e+08
3.828888e+08
3.938371e+08
0
0
0
0
0
0
0
0
0
0
0
0
0
0
0
3.550588e+08
3.575787e+08
3.623753e+08
3.697628e+08
3.800945e+08
0
0
0
0
0
0
0
0
0
0
0
0
0
0
0
0
3.434177e+08
3.458355e+08
3.504027e+08
3.574113e+08
3.671851e+08
0
0
0
0
0
0
0
0
0
0
0
0
0
0
0
0
0
3.325237e+08
3.34849e+08
3.392119e+08
3.458789e+08
3.551508e+08
0
0
0
0
0
0
0
0
0
0
0
0
0
0
0
0
0
0
3.223165e+08
3.245615e+08
3.287384e+08
3.350985e+08
3.439166e+08
0
0
0
0
0
0
0
0
0
0
0
0
0
0
0
0
0
0
0
3.126577e+08
3.148272e+08
3.188362e+08
3.249139e+08
3.33319e+08
0
0
0
0
0
0
0
0
0
0
0
0
0
0
0
0
0
0
0
0
3.03314e+08
3.054169e+08
3.092662e+08
3.150815e+08
3.230988e+08
0
0
0
0
0
0
0
0
0
0
0
0
0
0
0
0
0
0
0
0
2.939844e+08
2.96017e+08
2.997143e+08
3.052724e+08
3.129163e+08
0
0
0
0
0
0
0
0
0
0
0
0
0
0
0
0
0
0
0
0
2.844572e+08
2.864233e+08
2.899631e+08
2.952675e+08
3.025371e+08
0
0
0
0
0
0
0
0
0
0
2.750168e+08
2.769084e+08
2.803005e+08
2.853569e+08
2.922715e+08
0
0
0
0
0
0
0
0
0
0
2.66029e+08
2.678597e+08
2.711077e+08
2.759407e+08
2.825267e+08
0
0
0
0
0
0
0
0
0
0
2.577287e+08
2.594874e+08
2.626129e+08
2.672384e+08
2.735342e+08
0
0
0
0
0
0
0
0
0
0
2.501848e+08
2.518879e+08
2.548886e+08
2.593362e+08
2.653685e+08
0
0
0
0
0
0
0
0
0
0
4.440905e+08
4.47561e+08
4.544424e+08
4.653052e+08
4.808169e+08
0
0
0
0
0
0
0
0
0
4.288581e+08
4.32103e+08
4.385343e+08
4.48666e+08
4.630934e+08
0
0
0
0
0
0
0
0
0
0
4.153613e+08
4.184407e+08
4.245187e+08
4.340649e+08
4.476182e+08
0
0
0
0
0
0
0
0
0
0
4.030866e+08
4.060391e+08
4.118292e+08
4.208888e+08
4.33712e+08
0
0
0
0
0
0
0
0
0
0
3.914158e+08
3.942615e+08
3.998e+08
4.084309e+08
4.206092e+08
0
0
0
0
0
0
0
0
0
0
3.796546e+08
3.823956e+08
3.876899e+08
3.959078e+08
4.07468e+08
0
0
0
0
0
0
0
0
0
0
0
0
0
0
3.674777e+08
3.701072e+08
3.751495e+08
3.829466e+08
3.938829e+08
0
0
0
0
0
0
0
0
0
0
0
0
0
0
0
3.553163e+08
3.578354e+08
3.626325e+08
3.700219e+08
3.803568e+08
0
0
0
0
0
0
0
0
0
0
0
0
0
0
0
0
3.435949e+08
3.460131e+08
3.505819e+08
3.575934e+08
3.673713e+08
0
0
0
0
0
0
0
0
0
0
0
0
0
0
0
0
0
3.325237e+08
3.34849e+08
3.392119e+08
3.458789e+08
3.551508e+08
0
0
0
0
0
0
0
0
0
0
0
0
0
0
0
0
0
0
3.221493e+08
3.243936e+08
3.285687e+08
3.349258e+08
3.437395e+08
0
0
0
0
0
0
0
0
0
0
0
0
0
0
0
0
0
0
0
3.12422e+08
3.145906e+08
3.185974e+08
3.246713e+08
3.330712e+08
0
0
0
0
0
0
0
0
0
0
0
0
0
0
0
0
0
0
0
0
3.032044e+08
3.053078e+08
3.091574e+08
3.149732e+08
3.229915e+08
0
0
0
0
0
0
0
0
0
0
0
0
0
0
0
0
0
0
0
0
2.942838e+08
2.963206e+08
3.000262e+08
3.05597e+08
3.132592e+08
0
0
0
0
0
0
0
0
0
0
0
0
0
0
0
0
0
0
0
0
2.853615e+08
2.873383e+08
2.908979e+08
2.962337e+08
3.035475e+08
0
0
0
0
0
0
0
0
0
0
0
0
0
0
0
0
0
0
0
0
2.762498e+08
2.781544e+08
2.815718e+08
2.866668e+08
2.936358e+08
0
0
0
0
0
0
0
0
0
0
2.672004e+08
2.690431e+08
2.723129e+08
2.7718e+08
2.838135e+08
0
0
0
0
0
0
0
0
0
0
2.585932e+08
2.603598e+08
2.635009e+08
2.681499e+08
2.74479e+08
0
0
0
0
0
0
0
0
0
0
2.506266e+08
2.523342e+08
2.553425e+08
2.59802e+08
2.658508e+08
0
0
0
0
0
0
0
0
0
0
2.43417e+08
2.450352e+08
2.479335e+08
2.522089e+08
2.580148e+08
0
0
0
0
0
0
0
0
0
0
4.277885e+08
4.310055e+08
4.373936e+08
4.474629e+08
4.61804e+08
0
0
0
0
0
0
0
0
0
0
4.134802e+08
4.165136e+08
4.225196e+08
4.319615e+08
4.453706e+08
0
0
0
0
0
0
0
0
0
0
4.007633e+08
4.036609e+08
4.093644e+08
4.182986e+08
4.309485e+08
0
0
0
0
0
0
0
0
0
0
3.89168e+08
3.919601e+08
3.974142e+08
4.059228e+08
4.179322e+08
0
0
0
0
0
0
0
0
0
0
3.781187e+08
3.808207e+08
3.860539e+08
3.941837e+08
4.056225e+08
0
0
0
0
0
0
0
0
0
0
3.669655e+08
3.695775e+08
3.74594e+08
3.823547e+08
3.932417e+08
0
0
0
0
0
0
0
0
0
0
0
0
0
0
0
3.554061e+08
3.579203e+08
3.627115e+08
3.700938e+08
3.804196e+08
0
0
0
0
0
0
0
0
0
0
0
0
0
0
0
0
3.438473e+08
3.462653e+08
3.508352e+08
3.578492e+08
3.676311e+08
0
0
0
0
0
0
0
0
0
0
0
0
0
0
0
0
0
3.326958e+08
3.350218e+08
3.393864e+08
3.460564e+08
3.553325e+08
0
0
0
0
0
0
0
0
0
0
0
0
0
0
0
0
0
0
3.221493e+08
3.243936e+08
3.285687e+08
3.349258e+08
3.437395e+08
0
0
0
0
0
0
0
0
0
0
0
0
0
0
0
0
0
0
0
3.122598e+08
3.144274e+08
3.184323e+08
3.245032e+08
3.328987e+08
0
0
0
0
0
0
0
0
0
0
0
0
0
0
0
0
0
0
0
0
3.029745e+08
3.050767e+08
3.089237e+08
3.147357e+08
3.227485e+08
0
0
0
0
0
0
0
0
0
0
0
0
0
0
0
0
0
0
0
0
2.941733e+08
2.962099e+08
2.999153e+08
3.054859e+08
3.131482e+08
0
0
0
0
0
0
0
0
0
0
0
0
0
0
0
0
0
0
0
0
2.856419e+08
2.876224e+08
2.911888e+08
2.965356e+08
3.038654e+08
0
0
0
0
0
0
0
0
0
0
0
0
0
0
0
0
0
0
0
0
2.771115e+08
2.790249e+08
2.824604e+08
2.875836e+08
2.94593e+08
0
0
0
0
0
0
0
0
0
0
0
0
0
0
0
0
0
0
0
0
2.683797e+08
2.702347e+08
2.73527e+08
2.784298e+08
2.851132e+08
0
0
0
0
0
0
0
0
0
0
2.597174e+08
2.614941e+08
2.646557e+08
2.693358e+08
2.757091e+08
0
0
0
0
0
0
0
0
0
0
2.514571e+08
2.531725e+08
2.561946e+08
2.606763e+08
2.667556e+08
0
0
0
0
0
0
0
0
0
0
2.438422e+08
2.45464e+08
2.483697e+08
2.52656e+08
2.584774e+08
0
0
0
0
0
0
0
0
0
0
2.36938e+08
2.384838e+08
2.4125e+08
2.453703e+08
2.509466e+08
0
0
0
0
0
0
0
0
0
0
4.124811e+08
4.154904e+08
4.214588e+08
4.308464e+08
4.441805e+08
0
0
0
0
0
0
0
0
0
0
3.990024e+08
4.018601e+08
4.075006e+08
4.163435e+08
4.288672e+08
0
0
0
0
0
0
0
0
0
0
3.869907e+08
3.897351e+08
3.951132e+08
4.035115e+08
4.153685e+08
0
0
0
0
0
0
0
0
0
0
3.76013e+08
3.786685e+08
3.838277e+08
3.918496e+08
4.031397e+08
0
0
0
0
0
0
0
0
0
0
3.655314e+08
3.681099e+08
3.730732e+08
3.807567e+08
3.915372e+08
0
0
0
0
0
0
0
0
0
0
3.549362e+08
3.574359e+08
3.622052e+08
3.695564e+08
3.798398e+08
0
0
0
0
0
0
0
0
0
0
0
0
0
0
0
0
3.439437e+08
3.463579e+08
3.509236e+08
3.579323e+08
3.677074e+08
0
0
0
0
0
0
0
0
0
0
0
0
0
0
0
0
0
3.329428e+08
3.35269e+08
3.396352e+08
3.463082e+08
3.555889e+08
0
0
0
0
0
0
0
0
0
0
0
0
0
0
0
0
0
0
3.223165e+08
3.245615e+08
3.287384e+08
3.350985e+08
3.439166e+08
0
0
0
0
0
0
0
0
0
0
0
0
0
0
0
0
0
0
0
3.122598e+08
3.144274e+08
3.184323e+08
3.245032e+08
3.328987e+08
0
0
0
0
0
0
0
0
0
0
0
0
0
0
0
0
0
0
0
0
3.02817e+08
3.049182e+08
3.087633e+08
3.145722e+08
3.225807e+08
0
0
0
0
0
0
0
0
0
0
0
0
0
0
0
0
0
0
0
0
2.939493e+08
2.959844e+08
2.996871e+08
3.052536e+08
3.129103e+08
0
0
0
0
0
0
0
0
0
0
0
0
0
0
0
0
0
0
0
0
2.855309e+08
2.875109e+08
2.910765e+08
2.964226e+08
3.037516e+08
0
0
0
0
0
0
0
0
0
0
0
0
0
0
0
0
0
0
0
0
2.773753e+08
2.792912e+08
2.827326e+08
2.878651e+08
2.948886e+08
0
0
0
0
0
0
0
0
0
0
0
0
0
0
0
0
0
0
0
0
2.692014e+08
2.710649e+08
2.74373e+08
2.793016e+08
2.860217e+08
0
0
0
0
0
0
0
0
0
0
0
0
0
0
0
0
0
0
0
0
2.608478e+08
2.626345e+08
2.658174e+08
2.705298e+08
2.769495e+08
0
0
0
0
0
0
0
0
0
0
2.525361e+08
2.542618e+08
2.57302e+08
2.61813e+08
2.679329e+08
0
0
0
0
0
0
0
0
0
0
2.446418e+08
2.462697e+08
2.49189e+08
2.534952e+08
2.593454e+08
0
0
0
0
0
0
0
0
0
0
2.373469e+08
2.388967e+08
2.416693e+08
2.458e+08
2.513905e+08
0
0
0
0
0
0
0
0
0
0
2.308127e+08
2.322077e+08
2.34857e+08
2.387962e+08
2.441634e+08
0
0
0
0
0
0
0
0
0
0
3.980665e+08
4.009033e+08
4.065109e+08
4.15306e+08
4.277638e+08
0
0
0
0
0
0
0
0
0
0
3.853379e+08
3.880475e+08
3.933702e+08
4.016878e+08
4.134334e+08
0
0
0
0
0
0
0
0
0
0
3.739673e+08
3.765812e+08
3.816733e+08
3.895974e+08
4.007524e+08
0
0
0
0
0
0
0
0
0
0
3.635537e+08
3.660918e+08
3.709897e+08
3.785777e+08
3.892262e+08
0
0
0
0
0
0
0
0
0
0
3.535933e+08
3.560644e+08
3.607871e+08
3.680702e+08
3.782596e+08
0
0
0
0
0
0
0
0
0
0
3.435113e+08
3.459134e+08
3.504606e+08
3.574425e+08
3.671811e+08
0
0
0
0
0
0
0
0
0
0
0
0
0
0
0
0
0
3.330442e+08
3.353677e+08
3.397309e+08
3.464003e+08
3.55676e+08
0
0
0
0
0
0
0
0
0
0
0
0
0
0
0
0
0
0
3.225579e+08
3.248035e+08
3.289824e+08
3.353459e+08
3.44169e+08
0
0
0
0
0
0
0
0
0
0
0
0
0
0
0
0
0
0
0
3.12422e+08
3.145906e+08
3.185974e+08
3.246713e+08
3.330712e+08
0
0
0
0
0
0
0
0
0
0
0
0
0
0
0
0
0
0
0
0
3.02817e+08
3.049182e+08
3.087633e+08
3.145722e+08
3.225807e+08
0
0
0
0
0
0
0
0
0
0
0
0
0
0
0
0
0
0
0
0
2.937965e+08
2.958305e+08
2.995311e+08
3.050946e+08
3.127471e+08
0
0
0
0
0
0
0
0
0
0
0
0
0
0
0
0
0
0
0
0
2.853126e+08
2.872911e+08
2.908538e+08
2.961957e+08
3.03519e+08
0
0
0
0
0
0
0
0
0
0
0
0
0
0
0
0
0
0
0
0
2.772647e+08
2.791794e+08
2.826198e+08
2.87751e+08
2.947732e+08
0
0
0
0
0
0
0
0
0
0
0
0
0
0
0
0
0
0
0
0
2.694497e+08
2.713155e+08
2.746282e+08
2.795652e+08
2.862974e+08
0
0
0
0
0
0
0
0
0
0
0
0
0
0
0
0
0
0
0
0
2.616338e+08
2.634268e+08
2.666246e+08
2.7136e+08
2.778135e+08
0
0
0
0
0
0
0
0
0
0
0
0
0
0
0
0
0
0
0
0
2.536197e+08
2.553557e+08
2.584144e+08
2.629558e+08
2.691182e+08
0
0
0
0
0
0
0
0
0
0
2.456803e+08
2.47316e+08
2.50253e+08
2.545856e+08
2.604741e+08
0
0
0
0
0
0
0
0
0
0
2.381161e+08
2.39673e+08
2.42457e+08
2.466071e+08
2.522239e+08
0
0
0
0
0
0
0
0
0
0
2.312073e+08
2.32605e+08
2.352609e+08
2.392094e+08
2.445902e+08
0
0
0
0
0
0
0
0
0
0
2.25024e+08
2.262706e+08
2.287294e+08
2.325058e+08
2.376415e+08
0
0
0
0
0
0
0
0
0
0
3.844589e+08
3.871502e+08
3.924437e+08
4.007191e+08
4.124065e+08
0
0
0
0
0
0
0
0
0
0
3.72412e+08
3.749954e+08
3.800384e+08
3.878908e+08
3.989469e+08
0
0
0
0
0
0
0
0
0
0
3.616271e+08
3.641286e+08
3.68967e+08
3.764677e+08
3.869958e+08
0
0
0
0
0
0
0
0
0
0
3.517314e+08
3.541671e+08
3.588319e+08
3.660299e+08
3.761015e+08
0
0
0
0
0
0
0
0
0
0
3.422507e+08
3.446279e+08
3.491343e+08
3.560559e+08
3.657111e+08
0
0
0
0
0
0
0
0
0
0
3.326449e+08
3.349585e+08
3.393058e+08
3.459523e+08
3.551963e+08
0
0
0
0
0
0
0
0
0
0
0
0
0
0
0
0
0
0
3.22663e+08
3.249069e+08
3.290838e+08
3.354448e+08
3.442647e+08
0
0
0
0
0
0
0
0
0
0
0
0
0
0
0
0
0
0
0
3.126577e+08
3.148272e+08
3.188362e+08
3.249139e+08
3.33319e+08
0
0
0
0
0
0
0
0
0
0
0
0
0
0
0
0
0
0
0
0
3.029745e+08
3.050767e+08
3.089237e+08
3.147357e+08
3.227485e+08
0
0
0
0
0
0
0
0
0
0
0
0
0
0
0
0
0
0
0
0
2.937965e+08
2.958305e+08
2.995311e+08
3.050946e+08
3.127471e+08
0
0
0
0
0
0
0
0
0
0
0
0
0
0
0
0
0
0
0
0
2.851642e+08
2.871416e+08
2.907023e+08
2.960411e+08
3.033603e+08
0
0
0
0
0
0
0
0
0
0
0
0
0
0
0
0
0
0
0
0
2.770522e+08
2.789651e+08
2.824026e+08
2.875295e+08
2.94546e+08
0
0
0
0
0
0
0
0
0
0
0
0
0
0
0
0
0
0
0
0
2.693393e+08
2.712042e+08
2.745152e+08
2.794507e+08
2.86181e+08
0
0
0
0
0
0
0
0
0
0
0
0
0
0
0
0
0
0
0
0
2.618688e+08
2.636627e+08
2.668649e+08
2.716072e+08
2.780717e+08
0
0
0
0
0
0
0
0
0
0
0
0
0
0
0
0
0
0
0
0
2.543711e+08
2.56114e+08
2.591852e+08
2.637483e+08
2.699412e+08
0
0
0
0
0
0
0
0
0
0
0
0
0
0
0
0
0
0
0
0
2.467221e+08
2.483653e+08
2.513206e+08
2.556804e+08
2.616087e+08
0
0
0
0
0
0
0
0
0
0
2.391145e+08
2.406806e+08
2.434796e+08
2.476552e+08
2.533068e+08
0
0
0
0
0
0
0
0
0
0
2.3195e+08
2.333522e+08
2.360203e+08
2.399858e+08
2.453918e+08
0
0
0
0
0
0
0
0
0
0
2.254037e+08
2.266543e+08
2.291183e+08
2.32904e+08
2.380519e+08
0
0
0
0
0
0
0
0
0
0
2.197429e+08
2.206562e+08
2.229303e+08
2.264746e+08
2.314e+08
0
0
0
0
0
0
0
0
0
0
3.715845e+08
3.741518e+08
3.791689e+08
3.869836e+08
3.979879e+08
0
0
0
0
0
0
0
0
0
0
3.601604e+08
3.62635e+08
3.674296e+08
3.748662e+08
3.853058e+08
0
0
0
0
0
0
0
0
0
0
3.499128e+08
3.523164e+08
3.56928e+08
3.640479e+08
3.740115e+08
0
0
0
0
0
0
0
0
0
0
3.404938e+08
3.4284e+08
3.472949e+08
3.541403e+08
3.636898e+08
0
0
0
0
0
0
0
0
0
0
3.314585e+08
3.337507e+08
3.380619e+08
3.446549e+08
3.538246e+08
0
0
0
0
0
0
0
0
0
0
3.222932e+08
3.245288e+08
3.286923e+08
3.350335e+08
3.438259e+08
0
0
0
0
0
0
0
0
0
0
0
0
0
0
0
0
0
0
0
3.127655e+08
3.14934e+08
3.189419e+08
3.250182e+08
3.334212e+08
0
0
0
0
0
0
0
0
0
0
0
0
0
0
0
0
0
0
0
0
3.032044e+08
3.053078e+08
3.091574e+08
3.149732e+08
3.229915e+08
0
0
0
0
0
0
0
0
0
0
0
0
0
0
0
0
0
0
0
0
2.939493e+08
2.959844e+08
2.996871e+08
3.052536e+08
3.129103e+08
0
0
0
0
0
0
0
0
0
0
0
0
0
0
0
0
0
0
0
0
2.851642e+08
2.871416e+08
2.907023e+08
2.960411e+08
3.033603e+08
0
0
0
0
0
0
0
0
0
0
0
0
0
0
0
0
0
0
0
0
2.769082e+08
2.788199e+08
2.822555e+08
2.873793e+08
2.943917e+08
0
0
0
0
0
0
0
0
0
0
0
0
0
0
0
0
0
0
0
0
2.691322e+08
2.709955e+08
2.743034e+08
2.792347e+08
2.859592e+08
0
0
0
0
0
0
0
0
0
0
0
0
0
0
0
0
0
0
0
0
2.617596e+08
2.635518e+08
2.667525e+08
2.714927e+08
2.77955e+08
0
0
0
0
0
0
0
0
0
0
0
0
0
0
0
0
0
0
0
0
2.545928e+08
2.563374e+08
2.594115e+08
2.639812e+08
2.701833e+08
0
0
0
0
0
0
0
0
0
0
0
0
0
0
0
0
0
0
0
0
2.474433e+08
2.490907e+08
2.520587e+08
2.564374e+08
2.623945e+08
0
0
0
0
0
0
0
0
0
0
0
0
0
0
0
0
0
0
0
0
2.401145e+08
2.4169e+08
2.445041e+08
2.487062e+08
2.543939e+08
0
0
0
0
0
0
0
0
0
0
2.329135e+08
2.343214e+08
2.370054e+08
2.409932e+08
2.464328e+08
0
0
0
0
0
0
0
0
0
0
2.261185e+08
2.273762e+08
2.298496e+08
2.336526e+08
2.388231e+08
0
0
0
0
0
0
0
0
0
0
2.201104e+08
2.210255e+08
2.23306e+08
2.268581e+08
2.317956e+08
0
0
0
0
0
0
0
0
0
0
2.150044e+08
2.155314e+08
2.174436e+08
2.207649e+08
2.254147e+08
0
0
0
0
0
0
0
0
0
0
3.593795e+08
3.618399e+08
3.666114e+08
3.740143e+08
3.844074e+08
0
0
0
0
0
0
0
0
0
0
3.485265e+08
3.509064e+08
3.554788e+08
3.625411e+08
3.724251e+08
0
0
0
0
0
0
0
0
0
0
3.387738e+08
3.410914e+08
3.454988e+08
3.522738e+08
3.617261e+08
0
0
0
0
0
0
0
0
0
0
3.297973e+08
3.320622e+08
3.363273e+08
3.428519e+08
3.519264e+08
0
0
0
0
0
0
0
0
0
0
3.211743e+08
3.233912e+08
3.275228e+08
3.338162e+08
3.425421e+08
0
0
0
0
0
0
0
0
0
0
3.124218e+08
3.145837e+08
3.185801e+08
3.246393e+08
3.330184e+08
0
0
0
0
0
0
0
0
0
0
0
0
0
0
0
0
0
0
0
0
3.03314e+08
3.054169e+08
3.092662e+08
3.150815e+08
3.230988e+08
0
0
0
0
0
0
0
0
0
0
0
0
0
0
0
0
0
0
0
0
2.941733e+08
2.962099e+08
2.999153e+08
3.054859e+08
3.131482e+08
0
0
0
0
0
0
0
0
0
0
0
0
0
0
0
0
0
0
0
0
2.853126e+08
2.872911e+08
2.908538e+08
2.961957e+08
3.03519e+08
0
0
0
0
0
0
0
0
0
0
0
0
0
0
0
0
0
0
0
0
2.769082e+08
2.7882e+08
2.822555e+08
2.873793e+08
2.943917e+08
0
0
0
0
0
0
0
0
0
0
0
0
0
0
0
0
0
0
0
0
2.689924e+08
2.708546e+08
2.741605e+08
2.790888e+08
2.858093e+08
0
0
0
0
0
0
0
0
0
0
0
0
0
0
0
0
0
0
0
0
2.615583e+08
2.633484e+08
2.665463e+08
2.71282e+08
2.777388e+08
0
0
0
0
0
0
0
0
0
0
0
0
0
0
0
0
0
0
0
0
2.544842e+08
2.562279e+08
2.592997e+08
2.638673e+08
2.700667e+08
0
0
0
0
0
0
0
0
0
0
0
0
0
0
0
0
0
0
0
0
2.476544e+08
2.493017e+08
2.522732e+08
2.566567e+08
2.626225e+08
0
0
0
0
0
0
0
0
0
0
0
0
0
0
0
0
0
0
0
0
2.408046e+08
2.423867e+08
2.452106e+08
2.494314e+08
2.551446e+08
0
0
0
0
0
0
0
0
0
0
0
0
0
0
0
0
0
0
0
0
2.338777e+08
2.35291e+08
2.379915e+08
2.420021e+08
2.474765e+08
0
0
0
0
0
0
0
0
0
0
2.270447e+08
2.283121e+08
2.307976e+08
2.346235e+08
2.398239e+08
0
0
0
0
0
0
0
0
0
0
2.208024e+08
2.217206e+08
2.240127e+08
2.275791e+08
2.325393e+08
0
0
0
0
0
0
0
0
0
0
2.153573e+08
2.158889e+08
2.178053e+08
2.211354e+08
2.257957e+08
0
0
0
0
0
0
0
0
0
0
2.11246e+08
2.109301e+08
2.124334e+08
2.15361e+08
2.197477e+08
0
0
0
0
0
0
0
0
0
0
3.477883e+08
3.501555e+08
3.547072e+08
3.617391e+08
3.715813e+08
0
0
0
0
0
0
0
0
0
0
3.37461e+08
3.397575e+08
3.441297e+08
3.508528e+08
3.602332e+08
0
0
0
0
0
0
0
0
0
0
3.281673e+08
3.304069e+08
3.346291e+08
3.410902e+08
3.500767e+08
0
0
0
0
0
0
0
0
0
0
3.196006e+08
3.217933e+08
3.258836e+08
3.321151e+08
3.407551e+08
0
0
0
0
0
0
0
0
0
0
3.11364e+08
3.135098e+08
3.174779e+08
3.234944e+08
3.318135e+08
0
0
0
0
0
0
0
0
0
0
3.029938e+08
3.050912e+08
3.089308e+08
3.147313e+08
3.227278e+08
0
0
0
0
0
0
0
0
0
0
0
0
0
0
0
0
0
0
0
0
2.942838e+08
2.963206e+08
3.000262e+08
3.05597e+08
3.132592e+08
0
0
0
0
0
0
0
0
0
0
0
0
0
0
0
0
0
0
0
0
2.855309e+08
2.875109e+08
2.910765e+08
2.964226e+08
3.037516e+08
0
0
0
0
0
0
0
0
0
0
0
0
0
0
0
0
0
0
0
0
2.770522e+08
2.789651e+08
2.824026e+08
2.875295e+08
2.94546e+08
0
0
0
0
0
0
0
0
0
0
0
0
0
0
0
0
0
0
0
0
2.689924e+08
2.708546e+08
2.741605e+08
2.790888e+08
2.858093e+08
0
0
0
0
0
0
0
0
0
0
0
0
0
0
0
0
0
0
0
0
2.614227e+08
2.632115e+08
2.664075e+08
2.711403e+08
2.775932e+08
0
0
0
0
0
0
0
0
0
0
0
0
0
0
0
0
0
0
0
0
2.542879e+08
2.5603e+08
2.590986e+08
2.636622e+08
2.698559e+08
0
0
0
0
0
0
0
0
0
0
0
0
0
0
0
0
0
0
0
0
2.475476e+08
2.491927e+08
2.521628e+08
2.565436e+08
2.625068e+08
0
0
0
0
0
0
0
0
0
0
0
0
0
0
0
0
0
0
0
0
2.410035e+08
2.425878e+08
2.454131e+08
2.496393e+08
2.553594e+08
0
0
0
0
0
0
0
0
0
0
0
0
0
0
0
0
0
0
0
0
2.345422e+08
2.359581e+08
2.386704e+08
2.426965e+08
2.481958e+08
0
0
0
0
0
0
0
0
0
0
0
0
0
0
0
0
0
0
0
0
2.279696e+08
2.292475e+08
2.317452e+08
2.355949e+08
2.40826e+08
0
0
0
0
0
0
0
0
0
0
2.216987e+08
2.226208e+08
2.249286e+08
2.285138e+08
2.33504e+08
0
0
0
0
0
0
0
0
0
0
2.160218e+08
2.165623e+08
2.184861e+08
2.218325e+08
2.265122e+08
0
0
0
0
0
0
0
0
0
0
2.115887e+08
2.112736e+08
2.127838e+08
2.157179e+08
2.201159e+08
0
0
0
0
0
0
0
0
0
0
2.086828e+08
2.072789e+08
2.079328e+08
2.104252e+08
2.143833e+08
0
0
0
0
0
0
0
0
0
0
3.367617e+08
3.39047e+08
3.434005e+08
3.500961e+08
3.594386e+08
0
0
0
0
0
0
0
0
0
0
3.269218e+08
3.291426e+08
3.333331e+08
3.397471e+08
3.486685e+08
0
0
0
0
0
0
0
0
0
0
3.18053e+08
3.202232e+08
3.242749e+08
3.304488e+08
3.390089e+08
0
0
0
0
0
0
0
0
0
0
3.098702e+08
3.119948e+08
3.159256e+08
3.218861e+08
3.301272e+08
0
0
0
0
0
0
0
0
0
0
3.019918e+08
3.040752e+08
3.078897e+08
3.136518e+08
3.215942e+08
0
0
0
0
0
0
0
0
0
0
2.939844e+08
2.96017e+08
2.997143e+08
3.052724e+08
3.129163e+08
0
0
0
0
0
0
0
0
0
0
0
0
0
0
0
0
0
0
0
0
2.856419e+08
2.876224e+08
2.911888e+08
2.965356e+08
3.038654e+08
0
0
0
0
0
0
0
0
0
0
0
0
0
0
0
0
0
0
0
0
2.772647e+08
2.791794e+08
2.826198e+08
2.87751e+08
2.947732e+08
0
0
0
0
0
0
0
0
0
0
0
0
0
0
0
0
0
0
0
0
2.691322e+08
2.709955e+08
2.743034e+08
2.792347e+08
2.859592e+08
0
0
0
0
0
0
0
0
0
0
0
0
0
0
0
0
0
0
0
0
2.614227e+08
2.632115e+08
2.664075e+08
2.711403e+08
2.775932e+08
0
0
0
0
0
0
0
0
0
0
0
0
0
0
0
0
0
0
0
0
2.54156e+08
2.558972e+08
2.589637e+08
2.635245e+08
2.697144e+08
0
0
0
0
0
0
0
0
0
0
0
0
0
0
0
0
0
0
0
0
2.473568e+08
2.489998e+08
2.519672e+08
2.563435e+08
2.623015e+08
0
0
0
0
0
0
0
0
0
0
0
0
0
0
0
0
0
0
0
0
2.408969e+08
2.424808e+08
2.453035e+08
2.495276e+08
2.552445e+08
0
0
0
0
0
0
0
0
0
0
0
0
0
0
0
0
0
0
0
0
2.347326e+08
2.361476e+08
2.388636e+08
2.42893e+08
2.483995e+08
0
0
0
0
0
0
0
0
0
0
0
0
0
0
0
0
0
0
0
0
2.286038e+08
2.298902e+08
2.323956e+08
2.362625e+08
2.415149e+08
0
0
0
0
0
0
0
0
0
0
0
0
0
0
0
0
0
0
0
0
2.225925e+08
2.235185e+08
2.258432e+08
2.294475e+08
2.34469e+08
0
0
0
0
0
0
0
0
0
0
2.168806e+08
2.174339e+08
2.193675e+08
2.227357e+08
2.274409e+08
0
0
0
0
0
0
0
0
0
0
2.122342e+08
2.119205e+08
2.134436e+08
2.163896e+08
2.208086e+08
0
0
0
0
0
0
0
0
0
0
2.090071e+08
2.076127e+08
2.082695e+08
2.10771e+08
2.14738e+08
0
0
0
0
0
0
0
0
0
0
2.047859e+08
2.043602e+08
2.059898e+08
2.09483e+08
0
0
0
0
0
0
0
0
0
0
3.262582e+08
3.28469e+08
3.326425e+08
3.390317e+08
3.479186e+08
0
0
0
0
0
0
0
0
0
0
3.168694e+08
3.190227e+08
3.230457e+08
3.291767e+08
3.376776e+08
0
0
0
0
0
0
0
0
0
0
3.083984e+08
3.10503e+08
3.143987e+08
3.203069e+08
3.284751e+08
0
0
0
0
0
0
0
0
0
0
3.005716e+08
3.02636e+08
3.06417e+08
3.121281e+08
3.199996e+08
0
0
0
0
0
0
0
0
0
0
2.930333e+08
2.950539e+08
2.987287e+08
3.042523e+08
3.118473e+08
0
0
0
0
0
0
0
0
0
0
2.853615e+08
2.873383e+08
2.908979e+08
2.962337e+08
3.035475e+08
0
0
0
0
0
0
0
0
0
0
0
0
0
0
0
0
0
0
0
0
2.773753e+08
2.792912e+08
2.827326e+08
2.878651e+08
2.948886e+08
0
0
0
0
0
0
0
0
0
0
0
0
0
0
0
0
0
0
0
0
2.693393e+08
2.712042e+08
2.745152e+08
2.794507e+08
2.86181e+08
0
0
0
0
0
0
0
0
0
0
0
0
0
0
0
0
0
0
0
0
2.615583e+08
2.633484e+08
2.665463e+08
2.71282e+08
2.777388e+08
0
0
0
0
0
0
0
0
0
0
0
0
0
0
0
0
0
0
0
0
2.54156e+08
2.558972e+08
2.589637e+08
2.635245e+08
2.697144e+08
0
0
0
0
0
0
0
0
0
0
0
0
0
0
0
0
0
0
0
0
2.472288e+08
2.488705e+08
2.518362e+08
2.562097e+08
2.62164e+08
0
0
0
0
0
0
0
0
0
0
0
0
0
0
0
0
0
0
0
0
2.407103e+08
2.422932e+08
2.451126e+08
2.49333e+08
2.550443e+08
0
0
0
0
0
0
0
0
0
0
0
0
0
0
0
0
0
0
0
0
2.346281e+08
2.360409e+08
2.387559e+08
2.427821e+08
2.482862e+08
0
0
0
0
0
0
0
0
0
0
0
0
0
0
0
0
0
0
0
0
2.287809e+08
2.300717e+08
2.325777e+08
2.364498e+08
2.417073e+08
0
0
0
0
0
0
0
0
0
0
0
0
0
0
0
0
0
0
0
0
2.232038e+08
2.241324e+08
2.264701e+08
2.300872e+08
2.351313e+08
0
0
0
0
0
0
0
0
0
0
0
0
0
0
0
0
0
0
0
0
2.17733e+08
2.183019e+08
2.202456e+08
2.236372e+08
2.283686e+08
0
0
0
0
0
0
0
0
0
0
2.130673e+08
2.127559e+08
2.142972e+08
2.17259e+08
2.217062e+08
0
0
0
0
0
0
0
0
0
0
2.096166e+08
2.082412e+08
2.089035e+08
2.114221e+08
2.154056e+08
0
0
0
0
0
0
0
0
0
0
2.051018e+08
2.046875e+08
2.063222e+08
2.098267e+08
0
0
0
0
0
0
0
0
0
0
2.019188e+08
2.024683e+08
2.050788e+08
0
0
0
0
0
0
0
0
0
0
3.162387e+08
3.183829e+08
3.223905e+08
3.284988e+08
3.369684e+08
0
0
0
0
0
0
0
0
0
0
3.072716e+08
3.093611e+08
3.132307e+08
3.190999e+08
3.272139e+08
0
0
0
0
0
0
0
0
0
0
2.991696e+08
3.01216e+08
3.049653e+08
3.106286e+08
3.184336e+08
0
0
0
0
0
0
0
0
0
0
2.916804e+08
2.936844e+08
2.973288e+08
3.028061e+08
3.103362e+08
0
0
0
0
0
0
0
0
0
0
2.844572e+08
2.864233e+08
2.899631e+08
2.952675e+08
3.025371e+08
0
0
0
0
0
0
0
0
0
0
2.771115e+08
2.790249e+08
2.824604e+08
2.875836e+08
2.94593e+08
0
0
0
0
0
0
0
0
0
0
0
0
0
0
0
0
0
0
0
0
2.694497e+08
2.713155e+08
2.746282e+08
2.795652e+08
2.862974e+08
0
0
0
0
0
0
0
0
0
0
0
0
0
0
0
0
0
0
0
0
2.617596e+08
2.635518e+08
2.667525e+08
2.714927e+08
2.77955e+08
0
0
0
0
0
0
0
0
0
0
0
0
0
0
0
0
0
0
0
0
2.542879e+08
2.5603e+08
2.590986e+08
2.636622e+08
2.698559e+08
0
0
0
0
0
0
0
0
0
0
0
0
0
0
0
0
0
0
0
0
2.472288e+08
2.488705e+08
2.518362e+08
2.562097e+08
2.62164e+08
0
0
0
0
0
0
0
0
0
0
0
0
0
0
0
0
0
0
0
0
2.405855e+08
2.421677e+08
2.449851e+08
2.492031e+08
2.549107e+08
0
0
0
0
0
0
0
0
0
0
0
0
0
0
0
0
0
0
0
0
2.344467e+08
2.358573e+08
2.385703e+08
2.425923e+08
2.480914e+08
0
0
0
0
0
0
0
0
0
0
0
0
0
0
0
0
0
0
0
0
2.286747e+08
2.299672e+08
2.324704e+08
2.363411e+08
2.41595e+08
0
0
0
0
0
0
0
0
0
0
0
0
0
0
0
0
0
0
0
0
2.233731e+08
2.243013e+08
2.266447e+08
2.302639e+08
2.353149e+08
0
0
0
0
0
0
0
0
0
0
0
0
0
0
0
0
0
0
0
0
2.183096e+08
2.18894e+08
2.208446e+08
2.24254e+08
2.290034e+08
0
0
0
0
0
0
0
0
0
0
0
0
0
0
0
0
0
0
0
0
2.138918e+08
2.135842e+08
2.151466e+08
2.181248e+08
2.22602e+08
0
0
0
0
0
0
0
0
0
0
2.103981e+08
2.09052e+08
2.097221e+08
2.122643e+08
2.162697e+08
0
0
0
0
0
0
0
0
0
0
2.056955e+08
2.053038e+08
2.069481e+08
2.104739e+08
0
0
0
0
0
0
0
0
0
0
2.022286e+08
2.027915e+08
2.054092e+08
0
0
0
0
0
0
0
0
0
0
2.000603e+08
2.015817e+08
0
0
0
0
0
0
0
0
0
0
3.066712e+08
3.087525e+08
3.126081e+08
3.184565e+08
3.265419e+08
0
0
0
0
0
0
0
0
0
0
2.980953e+08
3.001281e+08
3.038537e+08
3.094812e+08
3.172366e+08
0
0
0
0
0
0
0
0
0
0
2.903427e+08
2.923308e+08
2.959462e+08
3.013799e+08
3.088489e+08
0
0
0
0
0
0
0
0
0
0
2.831669e+08
2.851179e+08
2.886302e+08
2.938923e+08
3.011026e+08
0
0
0
0
0
0
0
0
0
0
2.762498e+08
2.781544e+08
2.815718e+08
2.866668e+08
2.936358e+08
0
0
0
0
0
0
0
0
0
0
2.692014e+08
2.710649e+08
2.74373e+08
2.793016e+08
2.860216e+08
0
0
0
0
0
0
0
0
0
0
0
0
0
0
0
0
0
0
0
0
2.618688e+08
2.636627e+08
2.668649e+08
2.716072e+08
2.780717e+08
0
0
0
0
0
0
0
0
0
0
0
0
0
0
0
0
0
0
0
0
2.544842e+08
2.562279e+08
2.592997e+08
2.638673e+08
2.700667e+08
0
0
0
0
0
0
0
0
0
0
0
0
0
0
0
0
0
0
0
0
2.473568e+08
2.489998e+08
2.519672e+08
2.563435e+08
2.623015e+08
0
0
0
0
0
0
0
0
0
0
0
0
0
0
0
0
0
0
0
0
2.405855e+08
2.421677e+08
2.449851e+08
2.492031e+08
2.549107e+08
0
0
0
0
0
0
0
0
0
0
0
0
0
0
0
0
0
0
0
0
2.343254e+08
2.357349e+08
2.384465e+08
2.424658e+08
2.479617e+08
0
0
0
0
0
0
0
0
0
0
0
0
0
0
0
0
0
0
0
0
2.284957e+08
2.297887e+08
2.322888e+08
2.361564e+08
2.414049e+08
0
0
0
0
0
0
0
0
0
0
0
0
0
0
0
0
0
0
0
0
2.232683e+08
2.241951e+08
2.265397e+08
2.301556e+08
2.352046e+08
0
0
0
0
0
0
0
0
0
0
0
0
0
0
0
0
0
0
0
0
2.1846e+08
2.190555e+08
2.210071e+08
2.244235e+08
2.291766e+08
0
0
0
0
0
0
0
0
0
0
0
0
0
0
0
0
0
0
0
0
2.144459e+08
2.141428e+08
2.157246e+08
2.187142e+08
2.232142e+08
0
0
0
0
0
0
0
0
0
0
0
0
0
0
0
0
0
0
0
0
2.111609e+08
2.098535e+08
2.105328e+08
2.13102e+08
2.171301e+08
0
0
0
0
0
0
0
0
0
0
2.064563e+08
2.060984e+08
2.077559e+08
2.113111e+08
0
0
0
0
0
0
0
0
0
0
2.028107e+08
2.033999e+08
2.060313e+08
0
0
0
0
0
0
0
0
0
0
2.003662e+08
2.019029e+08
0
0
0
0
0
0
0
0
0
0
1.991896e+08
0
0
0
0
0
0
0
0
0
0
2.975228e+08
2.995482e+08
3.032611e+08
3.088696e+08
3.165987e+08
0
0
0
0
0
0
0
0
0
0
2.893168e+08
2.912927e+08
2.948865e+08
3.002875e+08
3.077109e+08
0
0
0
0
0
0
0
0
0
0
2.81889e+08
2.838253e+08
2.873115e+08
2.925334e+08
2.996877e+08
0
0
0
0
0
0
0
0
0
0
2.750168e+08
2.769084e+08
2.803005e+08
2.853569e+08
2.922715e+08
0
0
0
0
0
0
0
0
0
0
2.683797e+08
2.702347e+08
2.73527e+08
2.784298e+08
2.851132e+08
0
0
0
0
0
0
0
0
0
0
2.616338e+08
2.634268e+08
2.666246e+08
2.7136e+08
2.778135e+08
0
0
0
0
0
0
0
0
0
0
0
0
0
0
0
0
0
0
0
0
2.545928e+08
2.563374e+08
2.594115e+08
2.639812e+08
2.701833e+08
0
0
0
0
0
0
0
0
0
0
0
0
0
0
0
0
0
0
0
0
2.475476e+08
2.491927e+08
2.521628e+08
2.565436e+08
2.625068e+08
0
0
0
0
0
0
0
0
0
0
0
0
0
0
0
0
0
0
0
0
2.407103e+08
2.422932e+08
2.451126e+08
2.49333e+08
2.550443e+08
0
0
0
0
0
0
0
0
0
0
0
0
0
0
0
0
0
0
0
0
2.343254e+08
2.357349e+08
2.384465e+08
2.424658e+08
2.479617e+08
0
0
0
0
0
0
0
0
0
0
0
0
0
0
0
0
0
0
0
0
2.283766e+08
2.296698e+08
2.32168e+08
2.360336e+08
2.412786e+08
0
0
0
0
0
0
0
0
0
0
0
0
0
0
0
0
0
0
0
0
2.230934e+08
2.24019e+08
2.26363e+08
2.299749e+08
2.350198e+08
0
0
0
0
0
0
0
0
0
0
0
0
0
0
0
0
0
0
0
0
2.183481e+08
2.189508e+08
2.209005e+08
2.243175e+08
2.290669e+08
0
0
0
0
0
0
0
0
0
0
0
0
0
0
0
0
0
0
0
0
2.145865e+08
2.142862e+08
2.158801e+08
2.188719e+08
2.233803e+08
0
0
0
0
0
0
0
0
0
0
0
0
0
0
0
0
0
0
0
0
2.116542e+08
2.103906e+08
2.110783e+08
2.13671e+08
2.177152e+08
0
0
0
0
0
0
0
0
0
0
0
0
0
0
0
0
0
0
0
0
2.071978e+08
2.068832e+08
2.085556e+08
2.121437e+08
0
0
0
0
0
0
0
0
0
0
2.035564e+08
2.041843e+08
2.068344e+08
0
0
0
0
0
0
0
0
0
0
2.00941e+08
2.025078e+08
0
0
0
0
0
0
0
0
0
0
1.994937e+08
0
0
0
0
0
0
0
0
0
0
0
0
0
0
0
0
0
0
0
0
2.887702e+08
2.907395e+08
2.943215e+08
2.99705e+08
3.071043e+08
0
0
0
0
0
0
0
0
0
0
2.809081e+08
2.828333e+08
2.862997e+08
2.914916e+08
2.98604e+08
0
0
0
0
0
0
0
0
0
0
2.737938e+08
2.756727e+08
2.790405e+08
2.840603e+08
2.909231e+08
0
0
0
0
0
0
0
0
0
0
2.672004e+08
2.690431e+08
2.723129e+08
2.7718e+08
2.838135e+08
0
0
0
0
0
0
0
0
0
0
2.608478e+08
2.626345e+08
2.658174e+08
2.705298e+08
2.769495e+08
0
0
0
0
0
0
0
0
0
0
2.543711e+08
2.56114e+08
2.591852e+08
2.637483e+08
2.699412e+08
0
0
0
0
0
0
0
0
0
0
0
0
0
0
0
0
0
0
0
0
2.476544e+08
2.493017e+08
2.522732e+08
2.566567e+08
2.626225e+08
0
0
0
0
0
0
0
0
0
0
0
0
0
0
0
0
0
0
0
0
2.408969e+08
2.424808e+08
2.453035e+08
2.495276e+08
2.552445e+08
0
0
0
0
0
0
0
0
0
0
0
0
0
0
0
0
0
0
0
0
2.344467e+08
2.358573e+08
2.385703e+08
2.425923e+08
2.480914e+08
0
0
0
0
0
0
0
0
0
0
0
0
0
0
0
0
0
0
0
0
2.283766e+08
2.296698e+08
2.32168e+08
2.360336e+08
2.412786e+08
0
0
0
0
0
0
0
0
0
0
0
0
0
0
0
0
0
0
0
0
2.229772e+08
2.239021e+08
2.262457e+08
2.29855e+08
2.348972e+08
0
0
0
0
0
0
0
0
0
0
0
0
0
0
0
0
0
0
0
0
2.181715e+08
2.187787e+08
2.207262e+08
2.241418e+08
2.288861e+08
0
0
0
0
0
0
0
0
0
0
0
0
0
0
0
0
0
0
0
0
2.144731e+08
2.141747e+08
2.157751e+08
2.187645e+08
2.23273e+08
0
0
0
0
0
0
0
0
0
0
0
0
0
0
0
0
0
0
0
0
2.117509e+08
2.105246e+08
2.112162e+08
2.138219e+08
2.178697e+08
0
0
0
0
0
0
0
0
0
0
0
0
0
0
0
0
0
0
0
0
2.076758e+08
2.074078e+08
2.090927e+08
2.127086e+08
0
0
0
0
0
0
0
0
0
0
0
0
0
0
0
0
0
0
0
0
2.042826e+08
2.049586e+08
2.076294e+08
0
0
0
0
0
0
0
0
0
0
2.016772e+08
2.032876e+08
0
0
0
0
0
0
0
0
0
0
2.000652e+08
0
0
0
0
0
0
0
0
0
0
0
0
0
0
0
0
0
0
0
0
0
0
0
0
0
0
0
0
0
2.803856e+08
2.823047e+08
2.857604e+08
2.909361e+08
2.980262e+08
0
0
0
0
0
0
0
0
0
0
2.728545e+08
2.747235e+08
2.780731e+08
2.830652e+08
2.898894e+08
0
0
0
0
0
0
0
0
0
0
2.66029e+08
2.678597e+08
2.711077e+08
2.759407e+08
2.825267e+08
0
0
0
0
0
0
0
0
0
0
2.597174e+08
2.614941e+08
2.646557e+08
2.693358e+08
2.757091e+08
0
0
0
0
0
0
0
0
0
0
2.536197e+08
2.553557e+08
2.584144e+08
2.629558e+08
2.691182e+08
0
0
0
0
0
0
0
0
0
0
2.474433e+08
2.490907e+08
2.520587e+08
2.564374e+08
2.623944e+08
0
0
0
0
0
0
0
0
0
0
0
0
0
0
0
0
0
0
0
0
2.410035e+08
2.425878e+08
2.454131e+08
2.496393e+08
2.553594e+08
0
0
0
0
0
0
0
0
0
0
0
0
0
0
0
0
0
0
0
0
2.346281e+08
2.360409e+08
2.387559e+08
2.427821e+08
2.482862e+08
0
0
0
0
0
0
0
0
0
0
0
0
0
0
0
0
0
0
0
0
2.284957e+08
2.297887e+08
2.322888e+08
2.361564e+08
2.414049e+08
0
0
0
0
0
0
0
0
0
0
0
0
0
0
0
0
0
0
0
0
2.229772e+08
2.239021e+08
2.262457e+08
2.29855e+08
2.348972e+08
0
0
0
0
0
0
0
0
0
0
0
0
0
0
0
0
0
0
0
0
2.180553e+08
2.186647e+08
2.206108e+08
2.240252e+08
2.287663e+08
0
0
0
0
0
0
0
0
0
0
0
0
0
0
0
0
0
0
0
0
2.14298e+08
2.140009e+08
2.156047e+08
2.185911e+08
2.230971e+08
0
0
0
0
0
0
0
0
0
0
0
0
0
0
0
0
0
0
0
0
2.116099e+08
2.104118e+08
2.111045e+08
2.137162e+08
2.177611e+08
0
0
0
0
0
0
0
0
0
0
0
0
0
0
0
0
0
0
0
0
2.077672e+08
2.075367e+08
2.092264e+08
2.128564e+08
0
0
0
0
0
0
0
0
0
0
0
0
0
0
0
0
0
0
0
0
2.047494e+08
2.054751e+08
2.081626e+08
0
0
0
0
0
0
0
0
0
0
0
0
0
0
0
0
0
0
0
0
2.023936e+08
2.040574e+08
0
0
0
0
0
0
0
0
0
0
2.007971e+08
0
0
0
0
0
0
0
0
0
0
0
0
0
0
0
0
0
0
0
0
0
0
0
0
0
0
0
0
0
0
0
0
0
0
0
0
0
2.723542e+08
2.742178e+08
2.775574e+08
2.825347e+08
2.893382e+08
0
0
0
0
0
0
0
0
0
0
2.651286e+08
2.669501e+08
2.701816e+08
2.749889e+08
2.815392e+08
0
0
0
0
0
0
0
0
0
0
2.585932e+08
2.603598e+08
2.635009e+08
2.681499e+08
2.74479e+08
0
0
0
0
0
0
0
0
0
0
2.525361e+08
2.542618e+08
2.57302e+08
2.61813e+08
2.679329e+08
0
0
0
0
0
0
0
0
0
0
2.467221e+08
2.483653e+08
2.513206e+08
2.556804e+08
2.616087e+08
0
0
0
0
0
0
0
0
0
0
2.408046e+08
2.423867e+08
2.452106e+08
2.494314e+08
2.551446e+08
0
0
0
0
0
0
0
0
0
0
0
0
0
0
0
0
0
0
0
0
2.347326e+08
2.361476e+08
2.388636e+08
2.428929e+08
2.483995e+08
0
0
0
0
0
0
0
0
0
0
0
0
0
0
0
0
0
0
0
0
2.286747e+08
2.299672e+08
2.324704e+08
2.363411e+08
2.41595e+08
0
0
0
0
0
0
0
0
0
0
0
0
0
0
0
0
0
0
0
0
2.230934e+08
2.24019e+08
2.26363e+08
2.299749e+08
2.350198e+08
0
0
0
0
0
0
0
0
0
0
0
0
0
0
0
0
0
0
0
0
2.180553e+08
2.186647e+08
2.206108e+08
2.240252e+08
2.287663e+08
0
0
0
0
0
0
0
0
0
0
0
0
0
0
0
0
0
0
0
0
2.141831e+08
2.138868e+08
2.154922e+08
2.184765e+08
2.229807e+08
0
0
0
0
0
0
0
0
0
0
0
0
0
0
0
0
0
0
0
0
2.114188e+08
2.102395e+08
2.109326e+08
2.135467e+08
2.175875e+08
0
0
0
0
0
0
0
0
0
0
0
0
0
0
0
0
0
0
0
0
2.076274e+08
2.074239e+08
2.091141e+08
2.127495e+08
0
0
0
0
0
0
0
0
0
0
0
0
0
0
0
0
0
0
0
0
2.048365e+08
2.056001e+08
2.082934e+08
0
0
0
0
0
0
0
0
0
0
0
0
0
0
0
0
0
0
0
0
2.028531e+08
2.045702e+08
0
0
0
0
0
0
0
0
0
0
0
0
0
0
0
0
0
0
0
0
2.015093e+08
0
0
0
0
0
0
0
0
0
0
0
0
0
0
0
0
0
0
0
0
0
0
0
0
0
0
0
0
0
0
0
0
0
0
0
0
0
0
0
0
0
0
0
0
2.646493e+08
2.664656e+08
2.69688e+08
2.744815e+08
2.810128e+08
0
0
0
0
0
0
0
0
0
0
2.577287e+08
2.594874e+08
2.626129e+08
2.672384e+08
2.735342e+08
0
0
0
0
0
0
0
0
0
0
2.514571e+08
2.531725e+08
2.561946e+08
2.606763e+08
2.667556e+08
0
0
0
0
0
0
0
0
0
0
2.456803e+08
2.47316e+08
2.50253e+08
2.545856e+08
2.604741e+08
0
0
0
0
0
0
0
0
0
0
2.401145e+08
2.4169e+08
2.445041e+08
2.487062e+08
2.543938e+08
0
0
0
0
0
0
0
0
0
0
2.345422e+08
2.359581e+08
2.386704e+08
2.426965e+08
2.481958e+08
0
0
0
0
0
0
0
0
0
0
0
0
0
0
0
0
0
0
0
0
2.287809e+08
2.300717e+08
2.325777e+08
2.364498e+08
2.417073e+08
0
0
0
0
0
0
0
0
0
0
0
0
0
0
0
0
0
0
0
0
2.232683e+08
2.241951e+08
2.265397e+08
2.301556e+08
2.352046e+08
0
0
0
0
0
0
0
0
0
0
0
0
0
0
0
0
0
0
0
0
2.181715e+08
2.187787e+08
2.207262e+08
2.241418e+08
2.28886e+08
0
0
0
0
0
0
0
0
0
0
0
0
0
0
0
0
0
0
0
0
2.141831e+08
2.138868e+08
2.154922e+08
2.184765e+08
2.229807e+08
0
0
0
0
0
0
0
0
0
0
0
0
0
0
0
0
0
0
0
0
2.112966e+08
2.101268e+08
2.1082e+08
2.134349e+08
2.174732e+08
0
0
0
0
0
0
0
0
0
0
0
0
0
0
0
0
0
0
0
0
2.074395e+08
2.072535e+08
2.089431e+08
2.125799e+08
0
0
0
0
0
0
0
0
0
0
0
0
0
0
0
0
0
0
0
0
2.046972e+08
2.054868e+08
2.081801e+08
0
0
0
0
0
0
0
0
0
0
0
0
0
0
0
0
0
0
0
0
2.029369e+08
2.046925e+08
0
0
0
0
0
0
0
0
0
0
0
0
0
0
0
0
0
0
0
0
2.019654e+08
0
0
0
0
0
0
0
0
0
0
0
0
0
0
0
0
0
0
0
0
0
0
0
0
0
0
0
0
0
0
0
0
0
0
0
0
0
0
0
0
0
0
0
0
0
0
0
0
0
0
0
0
0
0
0
0
0
0
0
0
2.572685e+08
2.590228e+08
2.621398e+08
2.667526e+08
2.730307e+08
0
0
0
0
0
0
0
0
0
0
2.506266e+08
2.523342e+08
2.553425e+08
2.59802e+08
2.658508e+08
0
0
0
0
0
0
0
0
0
0
2.446418e+08
2.462697e+08
2.49189e+08
2.534952e+08
2.593454e+08
0
0
0
0
0
0
0
0
0
0
2.391145e+08
2.406806e+08
2.434796e+08
2.476552e+08
2.533068e+08
0
0
0
0
0
0
0
0
0
0
2.338777e+08
2.35291e+08
2.379915e+08
2.420021e+08
2.474765e+08
0
0
0
0
0
0
0
0
0
0
2.286038e+08
2.298902e+08
2.323956e+08
2.362624e+08
2.415149e+08
0
0
0
0
0
0
0
0
0
0
0
0
0
0
0
0
0
0
0
0
2.233731e+08
2.243013e+08
2.266447e+08
2.302639e+08
2.353149e+08
0
0
0
0
0
0
0
0
0
0
0
0
0
0
0
0
0
0
0
0
2.183481e+08
2.189508e+08
2.209005e+08
2.243175e+08
2.290669e+08
0
0
0
0
0
0
0
0
0
0
0
0
0
0
0
0
0
0
0
0
2.14298e+08
2.140009e+08
2.156047e+08
2.185911e+08
2.230971e+08
0
0
0
0
0
0
0
0
0
0
0
0
0
0
0
0
0
0
0
0
2.112966e+08
2.101268e+08
2.1082e+08
2.134349e+08
2.174732e+08
0
0
0
0
0
0
0
0
0
0
0
0
0
0
0
0
0
0
0
0
2.073196e+08
2.071422e+08
2.088312e+08
2.124683e+08
0
0
0
0
0
0
0
0
0
0
0
0
0
0
0
0
0
0
0
0
2.045115e+08
2.053173e+08
2.08009e+08
0
0
0
0
0
0
0
0
0
0
0
0
0
0
0
0
0
0
0
0
2.027975e+08
2.045782e+08
0
0
0
0
0
0
0
0
0
0
0
0
0
0
0
0
0
0
0
0
2.020468e+08
0
0
0
0
0
0
0
0
0
0
0
0
0
0
0
0
0
0
0
0
0
0
0
0
0
0
0
0
0
0
0
0
0
0
0
0
0
0
0
0
0
0
0
0
0
0
0
0
0
0
0
0
0
0
0
0
0
0
0
0
0
0
0
0
0
0
0
0
0
0
0
0
0
0
0
2.501848e+08
2.518879e+08
2.548886e+08
2.593362e+08
2.653685e+08
0
0
0
0
0
0
0
0
0
0
2.438422e+08
2.45464e+08
2.483697e+08
2.52656e+08
2.584774e+08
0
0
0
0
0
0
0
0
0
0
2.381161e+08
2.39673e+08
2.42457e+08
2.466071e+08
2.522239e+08
0
0
0
0
0
0
0
0
0
0
2.329136e+08
2.343214e+08
2.370054e+08
2.409932e+08
2.464328e+08
0
0
0
0
0
0
0
0
0
0
2.279696e+08
2.292475e+08
2.317452e+08
2.355949e+08
2.40826e+08
0
0
0
0
0
0
0
0
0
0
2.232038e+08
2.241324e+08
2.264701e+08
2.300872e+08
2.351313e+08
0
0
0
0
0
0
0
0
0
0
0
0
0
0
0
0
0
0
0
0
2.1846e+08
2.190555e+08
2.210071e+08
2.244235e+08
2.291766e+08
0
0
0
0
0
0
0
0
0
0
0
0
0
0
0
0
0
0
0
0
2.144731e+08
2.141747e+08
2.157751e+08
2.187645e+08
2.23273e+08
0
0
0
0
0
0
0
0
0
0
0
0
0
0
0
0
0
0
0
0
2.114188e+08
2.102395e+08
2.109326e+08
2.135467e+08
2.175875e+08
0
0
0
0
0
0
0
0
0
0
0
0
0
0
0
0
0
0
0
0
2.073196e+08
2.071422e+08
2.088312e+08
2.124683e+08
0
0
0
0
0
0
0
0
0
0
0
0
0
0
0
0
0
0
0
0
2.043932e+08
2.052068e+08
2.078973e+08
0
0
0
0
0
0
0
0
0
0
0
0
0
0
0
0
0
0
0
0
2.026129e+08
2.044086e+08
0
0
0
0
0
0
0
0
0
0
0
0
0
0
0
0
0
0
0
0
2.019066e+08
0
0
0
0
0
0
0
0
0
0
0
0
0
0
0
0
0
0
0
0
0
0
0
0
0
0
0
0
0
0
0
0
0
0
0
0
0
0
0
0
0
0
0
0
0
0
0
0
0
0
0
0
0
0
0
0
0
0
0
0
0
0
0
0
0
0
0
0
0
0
0
0
0
0
0
0
0
0
0
0
0
0
0
0
0
0
0
0
0
2.43417e+08
2.450352e+08
2.479335e+08
2.522089e+08
2.580148e+08
0
0
0
0
0
0
0
0
0
0
2.373469e+08
2.388967e+08
2.416693e+08
2.458e+08
2.513905e+08
0
0
0
0
0
0
0
0
0
0
2.3195e+08
2.333522e+08
2.360203e+08
2.399858e+08
2.453918e+08
0
0
0
0
0
0
0
0
0
0
2.270448e+08
2.283121e+08
2.307976e+08
2.346235e+08
2.398239e+08
0
0
0
0
0
0
0
0
0
0
2.225925e+08
2.235186e+08
2.258432e+08
2.294475e+08
2.34469e+08
0
0
0
0
0
0
0
0
0
0
2.183096e+08
2.18894e+08
2.208446e+08
2.24254e+08
2.290034e+08
0
0
0
0
0
0
0
0
0
0
0
0
0
0
0
0
0
0
0
0
2.145865e+08
2.142862e+08
2.158801e+08
2.188719e+08
2.233803e+08
0
0
0
0
0
0
0
0
0
0
0
0
0
0
0
0
0
0
0
0
2.116099e+08
2.104118e+08
2.111045e+08
2.137162e+08
2.177611e+08
0
0
0
0
0
0
0
0
0
0
0
0
0
0
0
0
0
0
0
0
2.074395e+08
2.072535e+08
2.089431e+08
2.125799e+08
0
0
0
0
0
0
0
0
0
0
0
0
0
0
0
0
0
0
0
0
2.043932e+08
2.052068e+08
2.078973e+08
0
0
0
0
0
0
0
0
0
0
0
0
0
0
0
0
0
0
0
0
2.024955e+08
2.042983e+08
0
0
0
0
0
0
0
0
0
0
0
0
0
0
0
0
0
0
0
0
2.017221e+08
0
0
0
0
0
0
0
0
0
0
0
0
0
0
0
0
0
0
0
0
0
0
0
0
0
0
0
0
0
0
0
0
0
0
0
0
0
0
0
0
0
0
0
0
0
0
0
0
0
0
0
0
0
0
0
0
0
0
0
0
0
0
0
0
0
0
0
0
0
0
0
0
0
0
0
0
0
0
0
0
0
0
0
0
0
0
0
0
0
0
0
0
0
0
0
0
0
0
0
0
0
0
2.36938e+08
2.384838e+08
2.4125e+08
2.453703e+08
2.509466e+08
0
0
0
0
0
0
0
0
0
0
2.312073e+08
2.32605e+08
2.352609e+08
2.392094e+08
2.445902e+08
0
0
0
0
0
0
0
0
0
0
2.261185e+08
2.273762e+08
2.298496e+08
2.336526e+08
2.388231e+08
0
0
0
0
0
0
0
0
0
0
2.216987e+08
2.226208e+08
2.249286e+08
2.285138e+08
2.33504e+08
0
0
0
0
0
0
0
0
0
0
2.17733e+08
2.183019e+08
2.202456e+08
2.236372e+08
2.283686e+08
0
0
0
0
0
0
0
0
0
0
2.144459e+08
2.141428e+08
2.157246e+08
2.187142e+08
2.232142e+08
0
0
0
0
0
0
0
0
0
0
0
0
0
0
0
0
0
0
0
0
2.117509e+08
2.105246e+08
2.112162e+08
2.138219e+08
2.178697e+08
0
0
0
0
0
0
0
0
0
0
0
0
0
0
0
0
0
0
0
0
2.076274e+08
2.074239e+08
2.091141e+08
2.127495e+08
0
0
0
0
0
0
0
0
0
0
0
0
0
0
0
0
0
0
0
0
2.045115e+08
2.053173e+08
2.08009e+08
0
0
0
0
0
0
0
0
0
0
0
0
0
0
0
0
0
0
0
0
2.024955e+08
2.042983e+08
0
0
0
0
0
0
0
0
0
0
0
0
0
0
0
0
0
0
0
0
2.016048e+08
0
0
0
0
0
0
0
0
0
0
0
0
0
0
0
0
0
0
0
0
0
0
0
0
0
0
0
0
0
0
0
0
0
0
0
0
0
0
0
0
0
0
0
0
0
0
0
0
0
0
0
0
0
0
0
0
0
0
0
0
0
0
0
0
0
0
0
0
0
0
0
0
0
0
0
0
0
0
0
0
0
0
0
0
0
0
0
0
0
0
0
0
0
0
0
0
0
0
0
0
0
0
0
0
0
0
0
0
0
0
0
0
0
0
2.308127e+08
2.322077e+08
2.34857e+08
2.387962e+08
2.441634e+08
0
0
0
0
0
0
0
0
0
0
2.254037e+08
2.266543e+08
2.291183e+08
2.32904e+08
2.380519e+08
0
0
0
0
0
0
0
0
0
0
2.208024e+08
2.217206e+08
2.240127e+08
2.275791e+08
2.325393e+08
0
0
0
0
0
0
0
0
0
0
2.168806e+08
2.174339e+08
2.193675e+08
2.227357e+08
2.274409e+08
0
0
0
0
0
0
0
0
0
0
2.138918e+08
2.135842e+08
2.151466e+08
2.181248e+08
2.22602e+08
0
0
0
0
0
0
0
0
0
0
2.116542e+08
2.103906e+08
2.110783e+08
2.13671e+08
2.177152e+08
0
0
0
0
0
0
0
0
0
0
0
0
0
0
0
0
0
0
0
0
2.077672e+08
2.075367e+08
2.092264e+08
2.128564e+08
0
0
0
0
0
0
0
0
0
0
0
0
0
0
0
0
0
0
0
0
2.046972e+08
2.054868e+08
2.081801e+08
0
0
0
0
0
0
0
0
0
0
0
0
0
0
0
0
0
0
0
0
2.026129e+08
2.044086e+08
0
0
0
0
0
0
0
0
0
0
0
0
0
0
0
0
0
0
0
0
2.016048e+08
0
0
0
0
0
0
0
0
0
0
0
0
0
0
0
0
0
0
0
0
0
0
0
0
0
0
0
0
0
0
0
0
0
0
0
0
0
0
0
0
0
0
0
0
0
0
0
0
0
0
0
0
0
0
0
0
0
0
0
0
0
0
0
0
0
0
0
0
0
0
0
0
0
0
0
0
0
0
0
0
0
0
0
0
0
0
0
0
0
0
0
0
0
0
0
0
0
0
0
0
0
0
0
0
0
0
0
0
0
0
0
0
0
0
0
0
0
0
0
0
0
0
0
0
0
2.25024e+08
2.262706e+08
2.287294e+08
2.325058e+08
2.376415e+08
0
0
0
0
0
0
0
0
0
0
2.201104e+08
2.210255e+08
2.23306e+08
2.268581e+08
2.317956e+08
0
0
0
0
0
0
0
0
0
0
2.160218e+08
2.165623e+08
2.184861e+08
2.218325e+08
2.265122e+08
0
0
0
0
0
0
0
0
0
0
2.130673e+08
2.127559e+08
2.142972e+08
2.17259e+08
2.217062e+08
0
0
0
0
0
0
0
0
0
0
2.111609e+08
2.098535e+08
2.105328e+08
2.13102e+08
2.171301e+08
0
0
0
0
0
0
0
0
0
0
2.076758e+08
2.074078e+08
2.090927e+08
2.127086e+08
0
0
0
0
0
0
0
0
0
0
0
0
0
0
0
0
0
0
0
0
2.048365e+08
2.056001e+08
2.082934e+08
0
0
0
0
0
0
0
0
0
0
0
0
0
0
0
0
0
0
0
0
2.027975e+08
2.045782e+08
0
0
0
0
0
0
0
0
0
0
0
0
0
0
0
0
0
0
0
0
2.017221e+08
0
0
0
0
0
0
0
0
0
0
0
0
0
0
0
0
0
0
0
0
0
0
0
0
0
0
0
0
0
0
0
0
0
0
0
0
0
0
0
0
0
0
0
0
0
0
0
0
0
0
0
0
0
0
0
0
0
0
0
0
0
0
0
0
0
0
0
0
0
0
0
0
0
0
0
0
0
0
0
0
0
0
0
0
0
0
0
0
0
0
0
0
0
0
0
0
0
0
0
0
0
0
0
0
0
0
0
0
0
0
0
0
0
0
0
0
0
0
0
0
0
0
0
0
0
0
0
0
0
0
0
0
0
0
0
2.197429e+08
2.206562e+08
2.229303e+08
2.264746e+08
2.314e+08
0
0
0
0
0
0
0
0
0
0
2.153573e+08
2.158889e+08
2.178053e+08
2.211354e+08
2.257957e+08
0
0
0
0
0
0
0
0
0
0
2.122342e+08
2.119205e+08
2.134436e+08
2.163896e+08
2.208086e+08
0
0
0
0
0
0
0
0
0
0
2.103981e+08
2.09052e+08
2.097221e+08
2.122643e+08
2.162697e+08
0
0
0
0
0
0
0
0
0
0
2.071978e+08
2.068832e+08
2.085556e+08
2.121437e+08
0
0
0
0
0
0
0
0
0
0
2.047494e+08
2.054751e+08
2.081626e+08
0
0
0
0
0
0
0
0
0
0
0
0
0
0
0
0
0
0
0
0
2.029369e+08
2.046925e+08
0
0
0
0
0
0
0
0
0
0
0
0
0
0
0
0
0
0
0
0
2.019066e+08
0
0
0
0
0
0
0
0
0
0
0
0
0
0
0
0
0
0
0
0
0
0
0
0
0
0
0
0
0
0
0
0
0
0
0
0
0
0
0
0
0
0
0
0
0
0
0
0
0
0
0
0
0
0
0
0
0
0
0
0
0
0
0
0
0
0
0
0
0
0
0
0
0
0
0
0
0
0
0
0
0
0
0
0
0
0
0
0
0
0
0
0
0
0
0
0
0
0
0
0
0
0
0
0
0
0
0
0
0
0
0
0
0
0
0
0
0
0
0
0
0
0
0
0
0
0
0
0
0
0
0
0
0
0
0
0
0
0
0
0
0
0
0
0
0
2.150044e+08
2.155314e+08
2.174436e+08
2.207649e+08
2.254147e+08
0
0
0
0
0
0
0
0
0
0
2.115887e+08
2.112736e+08
2.127838e+08
2.157179e+08
2.201159e+08
0
0
0
0
0
0
0
0
0
0
2.096166e+08
2.082412e+08
2.089035e+08
2.114221e+08
2.154056e+08
0
0
0
0
0
0
0
0
0
0
2.064563e+08
2.060984e+08
2.077559e+08
2.113111e+08
0
0
0
0
0
0
0
0
0
0
2.042826e+08
2.049586e+08
2.076294e+08
0
0
0
0
0
0
0
0
0
0
2.028531e+08
2.045702e+08
0
0
0
0
0
0
0
0
0
0
0
0
0
0
0
0
0
0
0
0
2.020468e+08
0
0
0
0
0
0
0
0
0
0
0
0
0
0
0
0
0
0
0
0
0
0
0
0
0
0
0
0
0
0
0
0
0
0
0
0
0
0
0
0
0
0
0
0
0
0
0
0
0
0
0
0
0
0
0
0
0
0
0
0
0
0
0
0
0
0
0
0
0
0
0
0
0
0
0
0
0
0
0
0
0
0
0
0
0
0
0
0
0
0
0
0
0
0
0
0
0
0
0
0
0
0
0
0
0
0
0
0
0
0
0
0
0
0
0
0
0
0
0
0
0
0
0
0
0
0
0
0
0
0
0
0
0
0
0
0
0
0
0
0
0
0
0
0
0
0
0
0
0
0
0
0
0
0
0
2.11246e+08
2.109301e+08
2.124334e+08
2.15361e+08
2.197477e+08
0
0
0
0
0
0
0
0
0
0
2.090071e+08
2.076127e+08
2.082695e+08
2.10771e+08
2.14738e+08
0
0
0
0
0
0
0
0
0
0
2.056955e+08
2.053038e+08
2.069481e+08
2.104739e+08
0
0
0
0
0
0
0
0
0
0
2.035564e+08
2.041843e+08
2.068344e+08
0
0
0
0
0
0
0
0
0
0
2.023936e+08
2.040574e+08
0
0
0
0
0
0
0
0
0
0
2.019654e+08
0
0
0
0
0
0
0
0
0
0
0
0
0
0
0
0
0
0
0
0
0
0
0
0
0
0
0
0
0
0
0
0
0
0
0
0
0
0
0
0
0
0
0
0
0
0
0
0
0
0
0
0
0
0
0
0
0
0
0
0
0
0
0
0
0
0
0
0
0
0
0
0
0
0
0
0
0
0
0
0
0
0
0
0
0
0
0
0
0
0
0
0
0
0
0
0
0
0
0
0
0
0
0
0
0
0
0
0
0
0
0
0
0
0
0
0
0
0
0
0
0
0
0
0
0
0
0
0
0
0
0
0
0
0
0
0
0
0
0
0
0
0
0
0
0
0
0
0
0
0
0
0
0
0
0
0
0
0
0
0
0
0
0
0
0
2.086828e+08
2.072789e+08
2.079328e+08
2.104252e+08
2.143833e+08
0
0
0
0
0
0
0
0
0
0
2.051018e+08
2.046875e+08
2.063222e+08
2.098267e+08
0
0
0
0
0
0
0
0
0
0
2.028107e+08
2.033999e+08
2.060313e+08
0
0
0
0
0
0
0
0
0
0
2.016772e+08
2.032876e+08
0
0
0
0
0
0
0
0
0
0
2.015093e+08
0
0
0
0
0
0
0
0
0
0
0
0
0
0
0
0
0
0
0
0
0
0
0
0
0
0
0
0
0
0
0
0
0
0
0
0
0
0
0
0
0
0
0
0
0
0
0
0
0
0
0
0
0
0
0
0
0
0
0
0
0
0
0
0
0
0
0
0
0
0
0
0
0
0
0
0
0
0
0
0
0
0
0
0
0
0
0
0
0
0
0
0
0
0
0
0
0
0
0
0
0
0
0
0
0
0
0
0
0
0
0
0
0
0
0
0
0
0
0
0
0
0
0
0
0
0
0
0
0
0
0
0
0
0
0
0
0
0
0
0
0
0
0
0
0
0
0
0
0
0
0
0
0
0
0
0
0
0
0
0
0
0
0
0
0
2.047859e+08
2.043602e+08
2.059899e+08
2.09483e+08
0
0
0
0
0
0
0
0
0
0
2.022286e+08
2.027915e+08
2.054092e+08
0
0
0
0
0
0
0
0
0
0
2.00941e+08
2.025078e+08
0
0
0
0
0
0
0
0
0
0
2.007971e+08
0
0
0
0
0
0
0
0
0
0
0
0
0
0
0
0
0
0
0
0
0
0
0
0
0
0
0
0
0
0
0
0
0
0
0
0
0
0
0
0
0
0
0
0
0
0
0
0
0
0
0
0
0
0
0
0
0
0
0
0
0
0
0
0
0
0
0
0
0
0
0
0
0
0
0
0
0
0
0
0
0
0
0
0
0
0
0
0
0
0
0
0
0
0
0
0
0
0
0
0
0
0
0
0
0
0
0
0
0
0
0
0
0
0
0
0
0
0
0
0
0
0
0
0
0
0
0
0
0
0
0
0
0
0
0
0
0
0
0
0
0
0
0
0
0
0
0
0
0
0
0
0
0
0
0
0
0
0
0
0
0
0
0
0
0
2.019188e+08
2.024683e+08
2.050788e+08
0
0
0
0
0
0
0
0
0
0
2.003663e+08
2.019029e+08
0
0
0
0
0
0
0
0
0
0
2.000652e+08
0
0
0
0
0
0
0
0
0
0
0
0
0
0
0
0
0
0
0
0
0
0
0
0
0
0
0
0
0
0
0
0
0
0
0
0
0
0
0
0
0
0
0
0
0
0
0
0
0
0
0
0
0
0
0
0
0
0
0
0
0
0
0
0
0
0
0
0
0
0
0
0
0
0
0
0
0
0
0
0
0
0
0
0
0
0
0
0
0
0
0
0
0
0
0
0
0
0
0
0
0
0
0
0
0
0
0
0
0
0
0
0
0
0
0
0
0
0
0
0
0
0
0
0
0
0
0
0
0
0
0
0
0
0
0
0
0
0
0
0
0
0
0
0
0
0
0
0
0
0
0
0
0
0
0
0
0
0
0
0
0
0
0
0
2.000603e+08
2.015817e+08
0
0
0
0
0
0
0
0
0
0
1.994937e+08
0
0
0
0
0
0
0
0
0
0
0
0
0
0
0
0
0
0
0
0
0
0
0
0
0
0
0
0
0
0
0
0
0
0
0
0
0
0
0
0
0
0
0
0
0
0
0
0
0
0
0
0
0
0
0
0
0
0
0
0
0
0
0
0
0
0
0
0
0
0
0
0
0
0
0
0
0
0
0
0
0
0
0
0
0
0
0
0
0
0
0
0
0
0
0
0
0
0
0
0
0
0
0
0
0
0
0
0
0
0
0
0
0
0
0
0
0
0
0
0
0
0
0
0
0
0
0
0
0
0
0
0
0
0
0
0
0
0
0
0
0
0
0
0
0
0
0
0
0
0
0
0
0
0
0
0
0
0
0
0
0
0
1.991896e+08
0
0
0
0
0
0
0
0
0
0
0
0
0
0
0
0
0
0
0
0
0
0
0
0
0
0
0
0
0
0
0
0
0
0
0
0
0
0
0
0
0
0
0
0
0
0
0
0
0
0
0
0
0
0
0
0
0
0
0
0
0
0
0
0
0
0
0
0
0
0
0
0
0
0
0
0
0
0
0
0
0
0
0
0
0
0
0
0
0
0
0
0
0
0
0
0
0
0
0
0
0
0
0
0
0
0
0
0
0
0
0
0
0
0
0
0
0
0
0
0
0
0
0
0
0
0
0
0
0
0
0
0
0
0
0
0
0
0
0
0
0
0
0
0
0
0
0
0
0
0
0
0
0
0
0
0
0
0
0
0
0
0
0
0
0
0
0
0
0
0
0
0
0
0
0
0
0
0
0
0
0
0
0
0
0
0
0
0
0
0
0
0
0
0
0
0
0
0
0
0
0
0
0
0
0
0
0
0
0
0
0
0
0
0
0
0
0
0
0
0
0
0
0
0
0
0
0
0
0
0
0
0
0
0
0
0
0
0
0
0
0
0
0
0
0
0
0
0
0
0
0
0
0
0
0
0
0
0
0
0
0
0
0
0
0
0
0
0
0
0
0
0
0
0
0
0
0
0
0
0
0
0
0
0
0
0
0
0
0
0
0
0
0
0
0
0
0
0
0
0
0
0
0
0
0
0
0
0
0
0
0
0
0
0
0
0
0
0
0
0
0
0
0
0
0
0
0
0
0
0
0
0
0
0
0
0
0
0
0
0
0
0
0
0
0
0
0
0
0
0
0
0
0
0
0
0
0
0
0
0
0
0
0
0
0
0
0
0
0
0
0
0
0
0
0
0
0
0
0
0
0
0
0
0
0
0
0
0
0
0
0
0
0
0
0
0
0
0
0
0
0
0
0
0
0
0
0
0
0
0
0
0
0
0
0
0
0
0
0
0
0
0
0
0
0
0
0
0
0
0
0
0
0
0
0
0
0
0
0
0
0
0
0
0
0
0
0
0
0
0
0
0
0
0
0
0
0
0
0
0
0
0
0
0
0
0
0
0
0
0
0
0
0
0
0
0
0
0
0
0
0
0
0
0
0
0
0
0
0
0
0
0
0
0
0
0
0
0
0
0
0
0
0
0
0
0
0
0
0
0
0
0
0
0
0
0
0
0
0
0
0
0
0
0
0
0
0
0
0
0
0
0
0
0
0
0
0
0
0
0
0
0
0
0
0
0
0
0
0
0
0
0
0
0
0
0
0
0
0
0
0
0
0
0
0
0
0
0
0
0
0
0
0
0
0
0
0
0
0
0
0
0
0
0
0
0
0
0
0
0
0
0
0
0
0
0
0
0
0
0
0
0
0
0
0
0
0
0
0
0
0
0
0
0
0
0
0
0
0
0
0
0
0
0
0
0
0
0
0
0
0
0
0
0
0
0
0
0
0
0
0
0
0
0
0
0
0
0
0
0
0
0
0
0
0
0
0
0
0
0
0
0
0
0
0
0
0
0
0
0
0
0
0
0
0
0
0
0
0
0
0
0
0
0
0
0
0
0
0
0
0
0
0
0
0
0
0
0
0
0
0
0
0
0
0
0
0
0
0
0
0
0
0
0
0
0
0
0
0
0
0
0
0
0
0
0
0
0
0
0
0
0
0
0
0
0
0
0
0
0
0
0
0
0
0
0
0
0
0
0
0
0
0
0
0
0
0
0
0
0
0
0
0
0
0
0
0
0
0
0
0
0
0
0
0
0
0
0
0
0
0
0
0
0
0
0
0
0
0
0
0
0
0
0
0
0
0
0
0
0
0
0
0
0
0
0
0
0
0
0
0
0
0
0
0
0
0
0
0
0
0
0
0
0
0
0
0
0
0
0
0
0
0
0
0
0
0
0
0
0
0
0
0
0
0
0
0
0
0
0
0
0
0
0
0
0
0
0
0
0
0
0
0
0
0
0
0
0
0
0
0
0
0
0
0
0
0
0
0
0
0
0
0
0
0
0
0
0
0
0
0
0
0
0
0
0
0
0
0
0
0
0
0
0
0
0
0
0
0
0
0
0
0
0
0
0
0
0
0
0
0
0
0
0
0
0
0
0
0
0
0
0
0
0
0
0
0
0
0
0
0
0
0
0
0
0
0
0
0
0
0
0
0
0
0
0
0
0
0
0
0
0
0
0
0
0
0
0
0
0
0
0
0
0
0
0
0
0
0
0
0
0
0
0
0
0
0
0
0
)
;

boundaryField
{
    anodeSides
    {
        type            calculated;
        value           uniform 0;
    }
    fuelInlet
    {
        type            calculated;
        value           uniform 0;
    }
    fuelOutlet
    {
        type            calculated;
        value           uniform 0;
    }
    fuel_to_electrolyte
    {
        type            calculated;
        value           uniform 0;
    }
    fuel_to_interconnect
    {
        type            calculated;
        value           uniform 0;
    }
}


// ************************************************************************* //
