/*--------------------------------*- C++ -*----------------------------------*\
| =========                 |                                                 |
| \\      /  F ield         | OpenFOAM: The Open Source CFD Toolbox           |
|  \\    /   O peration     | Version:  2306                                  |
|   \\  /    A nd           | Website:  www.openfoam.com                      |
|    \\/     M anipulation  |                                                 |
\*---------------------------------------------------------------------------*/
FoamFile
{
    version     2.0;
    format      ascii;
    arch        "LSB;label=32;scalar=64";
    class       volScalarField;
    location    "0.6/fuel";
    object      j;
}
// * * * * * * * * * * * * * * * * * * * * * * * * * * * * * * * * * * * * * //

dimensions      [0 -3 0 0 0 1 0];

internalField   nonuniform List<scalar> 
16000
(
1.001499e+09
1.009307e+09
9.122114e+08
9.567333e+08
1.024953e+09
9.171773e+08
9.639475e+08
8.344007e+08
8.738111e+08
9.251217e+08
1.048465e+09
9.268678e+08
9.783909e+08
8.381512e+08
8.784243e+08
9.319411e+08
7.714192e+08
8.012104e+08
8.464753e+08
9.056206e+08
1.078933e+09
9.408093e+08
1.000075e+09
8.453824e+08
8.874202e+08
9.455897e+08
7.744724e+08
8.047108e+08
8.508484e+08
9.12221e+08
7.189591e+08
7.422252e+08
7.774433e+08
8.293909e+08
8.971042e+08
1.111523e+09
9.576907e+08
1.028144e+09
8.555755e+08
9.003551e+08
9.660782e+08
7.803169e+08
8.114556e+08
8.593733e+08
9.254347e+08
7.21544e+08
7.450857e+08
7.807709e+08
8.336243e+08
9.036377e+08
6.73935e+08
6.929403e+08
7.212327e+08
7.624563e+08
8.216824e+08
0
1.13559e+09
9.740631e+08
1.058128e+09
8.675027e+08
9.160075e+08
9.92605e+08
7.88448e+08
8.209587e+08
8.716291e+08
9.452849e+08
7.264686e+08
7.505579e+08
7.871804e+08
8.418766e+08
9.167277e+08
6.761763e+08
6.953698e+08
7.239588e+08
7.656804e+08
8.258631e+08
0
6.345038e+08
6.505263e+08
6.741726e+08
7.079177e+08
7.555623e+08
0
0
1.150293e+09
9.849197e+08
1.080173e+09
8.784494e+08
9.311747e+08
1.020954e+09
7.977484e+08
8.320728e+08
8.864603e+08
9.710255e+08
7.332564e+08
7.581678e+08
7.962096e+08
8.537447e+08
9.364221e+08
6.804322e+08
6.999955e+08
7.291717e+08
7.718898e+08
8.340159e+08
0
6.36481e+08
6.526388e+08
6.764931e+08
7.105619e+08
7.587436e+08
0
0
5.994244e+08
6.132901e+08
6.335999e+08
6.6222e+08
7.017256e+08
0
0
0
1.158336e+09
9.907631e+08
1.093582e+09
8.851427e+08
9.411996e+08
1.041733e+09
8.059651e+08
8.422654e+08
9.008314e+08
9.985979e+08
7.408919e+08
7.668673e+08
8.067685e+08
8.681175e+08
9.620322e+08
6.86257e+08
7.063686e+08
7.364196e+08
7.806387e+08
8.457494e+08
0
6.402269e+08
6.566476e+08
6.809092e+08
7.156175e+08
7.64872e+08
0
0
6.011911e+08
6.151582e+08
6.356214e+08
6.644734e+08
7.043345e+08
0
0
0
5.678621e+08
5.800896e+08
5.979201e+08
6.227871e+08
6.566243e+08
0
0
0
0
1.161843e+09
9.935875e+08
1.100891e+09
8.882941e+08
9.465776e+08
1.054335e+09
8.106859e+08
8.484801e+08
9.103015e+08
1.018771e+09
7.474463e+08
7.74546e+08
8.164486e+08
8.820572e+08
9.895734e+08
6.927249e+08
7.135331e+08
7.447034e+08
7.908735e+08
8.599789e+08
0
6.453253e+08
6.621316e+08
6.869921e+08
7.22647e+08
7.7351e+08
0
0
6.045333e+08
6.186955e+08
6.39456e+08
6.68761e+08
7.093231e+08
0
0
0
5.694565e+08
5.817626e+08
5.997109e+08
6.247522e+08
6.58848e+08
0
0
0
0
5.392086e+08
5.501562e+08
5.660573e+08
5.880785e+08
6.177033e+08
0
0
0
0
0
1.161843e+09
9.947035e+08
1.104069e+09
8.895463e+08
9.491692e+08
1.061192e+09
8.126437e+08
8.51397e+08
9.153694e+08
1.030996e+09
7.510248e+08
7.78945e+08
8.223323e+08
8.912185e+08
1.009717e+09
6.981508e+08
7.196761e+08
7.520103e+08
8.002585e+08
8.738033e+08
0
6.50928e+08
6.682167e+08
6.938279e+08
7.306822e+08
7.836232e+08
0
0
6.090617e+08
6.235075e+08
6.447004e+08
6.746666e+08
7.162611e+08
0
0
0
5.724698e+08
5.849257e+08
6.031006e+08
6.284793e+08
6.630795e+08
0
0
0
0
5.40659e+08
5.516692e+08
5.676637e+08
5.898213e+08
6.196432e+08
0
0
0
0
0
5.130081e+08
5.229295e+08
5.372877e+08
5.570555e+08
5.834383e+08
0
0
0
0
0
0
1.158336e+09
9.947035e+08
1.104069e+09
8.899401e+08
9.501908e+08
1.06417e+09
8.132368e+08
8.525518e+08
9.178079e+08
1.037648e+09
7.523346e+08
7.807622e+08
8.250854e+08
8.961142e+08
1.021937e+09
7.009862e+08
7.23019e+08
7.561815e+08
8.059434e+08
8.828681e+08
0
6.555403e+08
6.733145e+08
6.996834e+08
7.377677e+08
7.929022e+08
0
0
6.139955e+08
6.287912e+08
6.505169e+08
6.81303e+08
7.241953e+08
0
0
0
5.765375e+08
5.892093e+08
6.077103e+08
6.335762e+08
6.689086e+08
0
0
0
0
5.433985e+08
5.545268e+08
5.706997e+08
5.931192e+08
6.233226e+08
0
0
0
0
0
5.143362e+08
5.243084e+08
5.387425e+08
5.586204e+08
5.851594e+08
0
0
0
0
0
0
4.889078e+08
4.979892e+08
5.110833e+08
5.290201e+08
5.528034e+08
0
0
0
0
0
0
0
1.150293e+09
9.935875e+08
1.100891e+09
8.899401e+08
9.501908e+08
1.06417e+09
8.13339e+08
8.529133e+08
9.187682e+08
1.040538e+09
7.525924e+08
7.813084e+08
8.261722e+08
8.984701e+08
1.0286e+09
7.018994e+08
7.242355e+08
7.578967e+08
8.085961e+08
8.8771e+08
0
6.578598e+08
6.759683e+08
7.028569e+08
7.417959e+08
7.985027e+08
0
0
6.179935e+08
6.331338e+08
6.553835e+08
6.869837e+08
7.311912e+08
0
0
0
5.809376e+08
5.938722e+08
6.12769e+08
6.392281e+08
6.754607e+08
0
0
0
0
5.470854e+08
5.583825e+08
5.748099e+08
5.976037e+08
6.283547e+08
0
0
0
0
0
5.168442e+08
5.269115e+08
5.414896e+08
5.615772e+08
5.884163e+08
0
0
0
0
0
0
4.901307e+08
4.99254e+08
5.12411e+08
5.304386e+08
5.543493e+08
0
0
0
0
0
0
0
4.666269e+08
4.750097e+08
4.870482e+08
5.034632e+08
5.2511e+08
0
0
0
0
0
0
0
0
1.13559e+09
9.907631e+08
1.093582e+09
8.895463e+08
9.491692e+08
1.061192e+09
8.13339e+08
8.529133e+08
9.187682e+08
1.040538e+09
7.525538e+08
7.814003e+08
8.265114e+08
8.993988e+08
1.031502e+09
7.019664e+08
7.244696e+08
7.584082e+08
8.096414e+08
8.900444e+08
0
6.585135e+08
6.768155e+08
7.040038e+08
7.434443e+08
8.011091e+08
0
0
6.199366e+08
6.35308e+08
6.579052e+08
6.900478e+08
7.3515e+08
0
0
0
5.84456e+08
5.976438e+08
6.169206e+08
6.439522e+08
6.810662e+08
0
0
0
0
5.510493e+08
5.625493e+08
5.792811e+08
6.025238e+08
6.339355e+08
0
0
0
0
0
5.202108e+08
5.304127e+08
5.451946e+08
5.655795e+08
5.928454e+08
0
0
0
0
0
0
4.924402e+08
5.016413e+08
5.149169e+08
5.331164e+08
5.572705e+08
0
0
0
0
0
0
0
4.677582e+08
4.761762e+08
4.882677e+08
5.047589e+08
5.26512e+08
0
0
0
0
0
0
0
0
4.459435e+08
4.537313e+08
4.648754e+08
4.800032e+08
4.998567e+08
0
0
0
0
0
0
0
0
0
1.111523e+09
9.849197e+08
1.080173e+09
8.882941e+08
9.465776e+08
1.054335e+09
8.132368e+08
8.525518e+08
9.178079e+08
1.037648e+09
7.525538e+08
7.814003e+08
8.265114e+08
8.993988e+08
1.031502e+09
7.018527e+08
7.244298e+08
7.584919e+08
8.099673e+08
8.909671e+08
0
6.584652e+08
6.768708e+08
7.042189e+08
7.439319e+08
8.021354e+08
0
0
6.204119e+08
6.359129e+08
6.58702e+08
6.911468e+08
7.367615e+08
0
0
0
5.861147e+08
5.994676e+08
6.189884e+08
6.463871e+08
6.840735e+08
0
0
0
0
5.54183e+08
5.658744e+08
5.828916e+08
6.065567e+08
6.385963e+08
0
0
0
0
0
5.238116e+08
5.341734e+08
5.491959e+08
5.699321e+08
5.977047e+08
0
0
0
0
0
0
4.955332e+08
5.048441e+08
5.18286e+08
5.367276e+08
5.612249e+08
0
0
0
0
0
0
0
4.698949e+08
4.783781e+08
4.905688e+08
5.072037e+08
5.291586e+08
0
0
0
0
0
0
0
0
4.469936e+08
4.54812e+08
4.660015e+08
4.811942e+08
5.011378e+08
0
0
0
0
0
0
0
0
0
4.26673e+08
4.339491e+08
4.443201e+08
4.583444e+08
4.766678e+08
0
0
0
0
0
0
0
0
0
0
1.078933e+09
9.740631e+08
1.058128e+09
8.851427e+08
9.411996e+08
1.041733e+09
8.126437e+08
8.51397e+08
9.153694e+08
1.030996e+09
7.525924e+08
7.813084e+08
8.261722e+08
8.984701e+08
1.0286e+09
7.018527e+08
7.244298e+08
7.584919e+08
8.099673e+08
8.909671e+08
0
6.583096e+08
6.767601e+08
7.041773e+08
7.440097e+08
8.024556e+08
0
0
6.202914e+08
6.358595e+08
6.587469e+08
6.913473e+08
7.372343e+08
0
0
0
5.864634e+08
5.999055e+08
6.195552e+08
6.471479e+08
6.85143e+08
0
0
0
0
5.556204e+08
5.674332e+08
5.846275e+08
6.085534e+08
6.409841e+08
0
0
0
0
0
5.266306e+08
5.371399e+08
5.52383e+08
5.734418e+08
6.016836e+08
0
0
0
0
0
0
4.988261e+08
5.082661e+08
5.219021e+08
5.40626e+08
5.655251e+08
0
0
0
0
0
0
0
4.727507e+08
4.813254e+08
4.936547e+08
5.104903e+08
5.327278e+08
0
0
0
0
0
0
0
0
4.489781e+08
4.568524e+08
4.681265e+08
4.834412e+08
5.035551e+08
0
0
0
0
0
0
0
0
0
4.276515e+08
4.349537e+08
4.453646e+08
4.594451e+08
4.778458e+08
0
0
0
0
0
0
0
0
0
0
4.086661e+08
4.154923e+08
4.251891e+08
4.382509e+08
4.552522e+08
0
0
0
0
0
0
0
0
0
0
1.048465e+09
9.576907e+08
1.028144e+09
8.784494e+08
9.311747e+08
1.020954e+09
8.106859e+08
8.484801e+08
9.103015e+08
1.018771e+09
7.523346e+08
7.807622e+08
8.250854e+08
8.961142e+08
1.021937e+09
7.019664e+08
7.244696e+08
7.584082e+08
8.096414e+08
8.900444e+08
0
6.583096e+08
6.767601e+08
7.041773e+08
7.440097e+08
8.024556e+08
0
0
6.201125e+08
6.35709e+08
6.586373e+08
6.913033e+08
7.373078e+08
0
0
0
5.862972e+08
5.997838e+08
6.194963e+08
6.471834e+08
6.853322e+08
0
0
0
0
5.558768e+08
5.677524e+08
5.850358e+08
6.090922e+08
6.417212e+08
0
0
0
0
0
5.278922e+08
5.384923e+08
5.538677e+08
5.751184e+08
6.036409e+08
0
0
0
0
0
0
5.013814e+08
5.10939e+08
5.24749e+08
5.437264e+08
5.689885e+08
0
0
0
0
0
0
0
4.757791e+08
4.844599e+08
4.969494e+08
5.140164e+08
5.365806e+08
0
0
0
0
0
0
0
0
4.516268e+08
4.595779e+08
4.709698e+08
4.86454e+08
5.068047e+08
0
0
0
0
0
0
0
0
0
4.295022e+08
4.368515e+08
4.47336e+08
4.615217e+08
4.800683e+08
0
0
0
0
0
0
0
0
0
0
4.09581e+08
4.164296e+08
4.26161e+08
4.392725e+08
4.563412e+08
0
0
0
0
0
0
0
0
0
0
3.917931e+08
3.982227e+08
4.073211e+08
4.195366e+08
4.353778e+08
0
0
0
0
0
0
0
0
0
0
1.024953e+09
9.408093e+08
1.000075e+09
8.675027e+08
9.160075e+08
9.92605e+08
8.059651e+08
8.422654e+08
9.008314e+08
9.985979e+08
7.510248e+08
7.78945e+08
8.223323e+08
8.912185e+08
1.009717e+09
7.018994e+08
7.242355e+08
7.578967e+08
8.085961e+08
8.8771e+08
0
6.584652e+08
6.768708e+08
7.042189e+08
7.439319e+08
8.021354e+08
0
0
6.201125e+08
6.35709e+08
6.586373e+08
6.913033e+08
7.373078e+08
0
0
0
5.861061e+08
5.996109e+08
6.193485e+08
6.470735e+08
6.852852e+08
0
0
0
0
5.556818e+08
5.675875e+08
5.849115e+08
6.090273e+08
6.417481e+08
0
0
0
0
0
5.280796e+08
5.38725e+08
5.541633e+08
5.755044e+08
6.041603e+08
0
0
0
0
0
0
5.024994e+08
5.121272e+08
5.260381e+08
5.451608e+08
5.706316e+08
0
0
0
0
0
0
0
4.781127e+08
4.868863e+08
4.995174e+08
5.167879e+08
5.396409e+08
0
0
0
0
0
0
0
0
4.544271e+08
4.624648e+08
4.739912e+08
4.896691e+08
5.102909e+08
0
0
0
0
0
0
0
0
0
4.319693e+08
4.393829e+08
4.499682e+08
4.642997e+08
4.830483e+08
0
0
0
0
0
0
0
0
0
0
4.113128e+08
4.182018e+08
4.279965e+08
4.412004e+08
4.583959e+08
0
0
0
0
0
0
0
0
0
0
3.926511e+08
3.991003e+08
4.082289e+08
4.204879e+08
4.363889e+08
0
0
0
0
0
0
0
0
0
0
3.759461e+08
3.820202e+08
3.905859e+08
4.020461e+08
4.168616e+08
0
0
0
0
0
0
0
0
0
0
1.009307e+09
9.268678e+08
9.783909e+08
8.555755e+08
9.003551e+08
9.660782e+08
7.977484e+08
8.320728e+08
8.864602e+08
9.710255e+08
7.474463e+08
7.74546e+08
8.164486e+08
8.820572e+08
9.895734e+08
7.009862e+08
7.23019e+08
7.561815e+08
8.059434e+08
8.828681e+08
0
6.585135e+08
6.768155e+08
7.040038e+08
7.434443e+08
8.011091e+08
0
0
6.202914e+08
6.358595e+08
6.587469e+08
6.913473e+08
7.372343e+08
0
0
0
5.861061e+08
5.996109e+08
6.193485e+08
6.470735e+08
6.852852e+08
0
0
0
0
5.554852e+08
5.674026e+08
5.84742e+08
6.088801e+08
6.41636e+08
0
0
0
0
0
5.278666e+08
5.385326e+08
5.539976e+08
5.753762e+08
6.040887e+08
0
0
0
0
0
0
5.026348e+08
5.122952e+08
5.262515e+08
5.454382e+08
5.710014e+08
0
0
0
0
0
0
0
4.791146e+08
4.879404e+08
5.006508e+08
5.180337e+08
5.410465e+08
0
0
0
0
0
0
0
0
4.565724e+08
4.64684e+08
4.76325e+08
4.921709e+08
5.130272e+08
0
0
0
0
0
0
0
0
0
4.345706e+08
4.420562e+08
4.527541e+08
4.672504e+08
4.862282e+08
0
0
0
0
0
0
0
0
0
0
4.136189e+08
4.20563e+08
4.30444e+08
4.437741e+08
4.611447e+08
0
0
0
0
0
0
0
0
0
0
3.942766e+08
4.007607e+08
4.099447e+08
4.222841e+08
4.382972e+08
0
0
0
0
0
0
0
0
0
0
3.767526e+08
3.828441e+08
3.914365e+08
4.029351e+08
4.178035e+08
0
0
0
0
0
0
0
0
0
0
3.610293e+08
3.667847e+08
3.748699e+08
3.856539e+08
3.99551e+08
0
0
0
0
0
0
0
0
0
0
1.001499e+09
9.171773e+08
9.639475e+08
8.453824e+08
8.874202e+08
9.455897e+08
7.88448e+08
8.209587e+08
8.716291e+08
9.452849e+08
7.408919e+08
7.668673e+08
8.067685e+08
8.681175e+08
9.620322e+08
6.981508e+08
7.196761e+08
7.520103e+08
8.002585e+08
8.738033e+08
0
6.578598e+08
6.759683e+08
7.028569e+08
7.417959e+08
7.985027e+08
0
0
6.204119e+08
6.359129e+08
6.58702e+08
6.911468e+08
7.367615e+08
0
0
0
5.862972e+08
5.997838e+08
6.194963e+08
6.471834e+08
6.853322e+08
0
0
0
0
5.554852e+08
5.674026e+08
5.84742e+08
6.088801e+08
6.41636e+08
0
0
0
0
0
5.276687e+08
5.383423e+08
5.538166e+08
5.75208e+08
6.039401e+08
0
0
0
0
0
0
5.02412e+08
5.120856e+08
5.260595e+08
5.4527e+08
5.70868e+08
0
0
0
0
0
0
0
4.792119e+08
4.880597e+08
5.008029e+08
5.18232e+08
5.413104e+08
0
0
0
0
0
0
0
0
4.574783e+08
4.656296e+08
4.773312e+08
4.932668e+08
5.142481e+08
0
0
0
0
0
0
0
0
0
4.365533e+08
4.440991e+08
4.548909e+08
4.695256e+08
4.886991e+08
0
0
0
0
0
0
0
0
0
0
4.160448e+08
4.230497e+08
4.330265e+08
4.464968e+08
4.64064e+08
0
0
0
0
0
0
0
0
0
0
3.964393e+08
4.029706e+08
4.122298e+08
4.246788e+08
4.408447e+08
0
0
0
0
0
0
0
0
0
0
3.782822e+08
3.844046e+08
3.930457e+08
4.046153e+08
4.19582e+08
0
0
0
0
0
0
0
0
0
0
3.617891e+08
3.6756e+08
3.756692e+08
3.864875e+08
4.004315e+08
0
0
0
0
0
0
0
0
0
0
3.469614e+08
3.52427e+08
3.600785e+08
3.702506e+08
3.833227e+08
0
0
0
0
0
0
0
0
0
0
9.122114e+08
9.567333e+08
8.381512e+08
8.784243e+08
9.319411e+08
7.803169e+08
8.114556e+08
8.593733e+08
9.254347e+08
7.332564e+08
7.581678e+08
7.962096e+08
8.537447e+08
9.364221e+08
6.927249e+08
7.135331e+08
7.447034e+08
7.908735e+08
8.599789e+08
0
6.555403e+08
6.733145e+08
6.996834e+08
7.377677e+08
7.929022e+08
0
0
6.199366e+08
6.35308e+08
6.579052e+08
6.900478e+08
7.3515e+08
0
0
0
5.864634e+08
5.999055e+08
6.195552e+08
6.471479e+08
6.85143e+08
0
0
0
0
5.556818e+08
5.675875e+08
5.849115e+08
6.090273e+08
6.417481e+08
0
0
0
0
0
5.276687e+08
5.383423e+08
5.538166e+08
5.75208e+08
6.039401e+08
0
0
0
0
0
0
5.022159e+08
5.118938e+08
5.258731e+08
5.450906e+08
5.706988e+08
0
0
0
0
0
0
0
4.789851e+08
4.878406e+08
5.005944e+08
5.180385e+08
5.41138e+08
0
0
0
0
0
0
0
0
4.575469e+08
4.657131e+08
4.77437e+08
4.934061e+08
5.144348e+08
0
0
0
0
0
0
0
0
0
4.373789e+08
4.44955e+08
4.557942e+08
4.704988e+08
4.897731e+08
0
0
0
0
0
0
0
0
0
0
4.178861e+08
4.249403e+08
4.349956e+08
4.485814e+08
4.663119e+08
0
0
0
0
0
0
0
0
0
0
0
3.987096e+08
4.052927e+08
4.146345e+08
4.272045e+08
4.435393e+08
0
0
0
0
0
0
0
0
0
0
3.803154e+08
3.864796e+08
3.951865e+08
4.068526e+08
4.219531e+08
0
0
0
0
0
0
0
0
0
0
3.632315e+08
3.690301e+08
3.771829e+08
3.880643e+08
4.020957e+08
0
0
0
0
0
0
0
0
0
0
3.476785e+08
3.531582e+08
3.608313e+08
3.710344e+08
3.841484e+08
0
0
0
0
0
0
0
0
0
0
3.336723e+08
3.388717e+08
3.461274e+08
3.557451e+08
3.680689e+08
0
0
0
0
0
0
0
0
0
0
8.344007e+08
8.738111e+08
9.251217e+08
7.744724e+08
8.047108e+08
8.508484e+08
9.12221e+08
7.264686e+08
7.505579e+08
7.871804e+08
8.418766e+08
9.167277e+08
6.86257e+08
7.063686e+08
7.364196e+08
7.806387e+08
8.457494e+08
0
6.50928e+08
6.682167e+08
6.938279e+08
7.306822e+08
7.836232e+08
0
0
6.179935e+08
6.331338e+08
6.553835e+08
6.869837e+08
7.311912e+08
0
0
0
5.861147e+08
5.994676e+08
6.189884e+08
6.463871e+08
6.840735e+08
0
0
0
0
5.558768e+08
5.677524e+08
5.850358e+08
6.090922e+08
6.417212e+08
0
0
0
0
0
5.278666e+08
5.385326e+08
5.539976e+08
5.753762e+08
6.040887e+08
0
0
0
0
0
0
5.022159e+08
5.118938e+08
5.258731e+08
5.450906e+08
5.706988e+08
0
0
0
0
0
0
0
4.787929e+08
4.876504e+08
5.004065e+08
5.178538e+08
5.409579e+08
0
0
0
0
0
0
0
0
4.573203e+08
4.654904e+08
4.772196e+08
4.931968e+08
5.14238e+08
0
0
0
0
0
0
0
0
0
4.374261e+08
4.450119e+08
4.558663e+08
4.705938e+08
4.899024e+08
0
0
0
0
0
0
0
0
0
0
4.186435e+08
4.257211e+08
4.358139e+08
4.494554e+08
4.672658e+08
0
0
0
0
0
0
0
0
0
0
0
4.004261e+08
4.070506e+08
4.164586e+08
4.291267e+08
4.455995e+08
0
0
0
0
0
0
0
0
0
0
0
0
3.824455e+08
3.886553e+08
3.974341e+08
4.092059e+08
4.244535e+08
0
0
0
0
0
0
0
0
0
0
3.651471e+08
3.709831e+08
3.791949e+08
3.901616e+08
4.043116e+08
0
0
0
0
0
0
0
0
0
0
3.490414e+08
3.545459e+08
3.622585e+08
3.725185e+08
3.857106e+08
0
0
0
0
0
0
0
0
0
0
3.343502e+08
3.395625e+08
3.468379e+08
3.564837e+08
3.688455e+08
0
0
0
0
0
0
0
0
0
0
3.210918e+08
3.260535e+08
3.329452e+08
3.42056e+08
3.537001e+08
0
0
0
0
0
0
0
0
0
0
7.714192e+08
8.012104e+08
8.464753e+08
9.056206e+08
7.21544e+08
7.450857e+08
7.807709e+08
8.336243e+08
9.036377e+08
6.804322e+08
6.999955e+08
7.291717e+08
7.718898e+08
8.340159e+08
0
6.453253e+08
6.621316e+08
6.869921e+08
7.22647e+08
7.7351e+08
0
0
6.139955e+08
6.287912e+08
6.505169e+08
6.81303e+08
7.241953e+08
0
0
0
5.84456e+08
5.976438e+08
6.169206e+08
6.439522e+08
6.810662e+08
0
0
0
0
5.556204e+08
5.674332e+08
5.846275e+08
6.085534e+08
6.409841e+08
0
0
0
0
0
5.280796e+08
5.38725e+08
5.541633e+08
5.755044e+08
6.041603e+08
0
0
0
0
0
0
5.02412e+08
5.120856e+08
5.260595e+08
5.4527e+08
5.70868e+08
0
0
0
0
0
0
0
4.787929e+08
4.876504e+08
5.004065e+08
5.178538e+08
5.409579e+08
0
0
0
0
0
0
0
0
4.571332e+08
4.653037e+08
4.77033e+08
4.930106e+08
5.140529e+08
0
0
0
0
0
0
0
0
0
4.372022e+08
4.447892e+08
4.556453e+08
4.70376e+08
4.896903e+08
0
0
0
0
0
0
0
0
0
0
4.186743e+08
4.25758e+08
4.358608e+08
4.495181e+08
4.673521e+08
0
0
0
0
0
0
0
0
0
0
0
4.011237e+08
4.077677e+08
4.172057e+08
4.299189e+08
4.464564e+08
0
0
0
0
0
0
0
0
0
0
0
0
3.840505e+08
3.902961e+08
3.991319e+08
4.109878e+08
4.263539e+08
0
0
0
0
0
0
0
0
0
0
0
0
0
3.671506e+08
3.730268e+08
3.813028e+08
3.923625e+08
4.066421e+08
0
0
0
0
0
0
0
0
0
0
3.508504e+08
3.56388e+08
3.641539e+08
3.744908e+08
3.877885e+08
0
0
0
0
0
0
0
0
0
0
3.356399e+08
3.408751e+08
3.481863e+08
3.578838e+08
3.703163e+08
0
0
0
0
0
0
0
0
0
0
3.217328e+08
3.26707e+08
3.33617e+08
3.427534e+08
3.544322e+08
0
0
0
0
0
0
0
0
0
0
3.091654e+08
3.139065e+08
3.204701e+08
3.291144e+08
3.401366e+08
0
0
0
0
0
0
0
0
0
0
7.189591e+08
7.422252e+08
7.774433e+08
8.293909e+08
8.971042e+08
6.761763e+08
6.953698e+08
7.239588e+08
7.656804e+08
8.258631e+08
0
6.402269e+08
6.566476e+08
6.809092e+08
7.156175e+08
7.64872e+08
0
0
6.090617e+08
6.235075e+08
6.447004e+08
6.746666e+08
7.162611e+08
0
0
0
5.809376e+08
5.938722e+08
6.12769e+08
6.392281e+08
6.754607e+08
0
0
0
0
5.54183e+08
5.658744e+08
5.828916e+08
6.065567e+08
6.385963e+08
0
0
0
0
0
5.278922e+08
5.384923e+08
5.538677e+08
5.751184e+08
6.036409e+08
0
0
0
0
0
0
5.026348e+08
5.122952e+08
5.262515e+08
5.454382e+08
5.710014e+08
0
0
0
0
0
0
0
4.789851e+08
4.878406e+08
5.005944e+08
5.180385e+08
5.41138e+08
0
0
0
0
0
0
0
0
4.571332e+08
4.653037e+08
4.77033e+08
4.930106e+08
5.140529e+08
0
0
0
0
0
0
0
0
0
4.370212e+08
4.446074e+08
4.554622e+08
4.701911e+08
4.895039e+08
0
0
0
0
0
0
0
0
0
0
4.184548e+08
4.255381e+08
4.356401e+08
4.492971e+08
4.67132e+08
0
0
0
0
0
0
0
0
0
0
0
4.011411e+08
4.077896e+08
4.172339e+08
4.299576e+08
4.465114e+08
0
0
0
0
0
0
0
0
0
0
0
0
3.846973e+08
3.909573e+08
3.998186e+08
4.117114e+08
4.271308e+08
0
0
0
0
0
0
0
0
0
0
0
0
0
3.686574e+08
3.745627e+08
3.828888e+08
3.94022e+08
4.084043e+08
0
0
0
0
0
0
0
0
0
0
0
0
0
0
3.527405e+08
3.583124e+08
3.661355e+08
3.765561e+08
3.899688e+08
0
0
0
0
0
0
0
0
0
0
3.37351e+08
3.426164e+08
3.499754e+08
3.597428e+08
3.722708e+08
0
0
0
0
0
0
0
0
0
0
3.229546e+08
3.279504e+08
3.348933e+08
3.440769e+08
3.558201e+08
0
0
0
0
0
0
0
0
0
0
3.097737e+08
3.145251e+08
3.211061e+08
3.297742e+08
3.40828e+08
0
0
0
0
0
0
0
0
0
0
2.978488e+08
3.023802e+08
3.086393e+08
3.168608e+08
3.273103e+08
0
0
0
0
0
0
0
0
0
0
6.73935e+08
6.929403e+08
7.212327e+08
7.624563e+08
8.216824e+08
0
6.36481e+08
6.526388e+08
6.764931e+08
7.105619e+08
7.587436e+08
0
0
6.045333e+08
6.186955e+08
6.39456e+08
6.68761e+08
7.093231e+08
0
0
0
5.765375e+08
5.892093e+08
6.077103e+08
6.335762e+08
6.689086e+08
0
0
0
0
5.510493e+08
5.625493e+08
5.792811e+08
6.025238e+08
6.339355e+08
0
0
0
0
0
5.266306e+08
5.371399e+08
5.52383e+08
5.734418e+08
6.016836e+08
0
0
0
0
0
0
5.024994e+08
5.121272e+08
5.260381e+08
5.451608e+08
5.706316e+08
0
0
0
0
0
0
0
4.792119e+08
4.880597e+08
5.008029e+08
5.18232e+08
5.413104e+08
0
0
0
0
0
0
0
0
4.573203e+08
4.654904e+08
4.772196e+08
4.931968e+08
5.14238e+08
0
0
0
0
0
0
0
0
0
4.370212e+08
4.446074e+08
4.554622e+08
4.701911e+08
4.895039e+08
0
0
0
0
0
0
0
0
0
0
4.1828e+08
4.25362e+08
4.354616e+08
4.491156e+08
4.66947e+08
0
0
0
0
0
0
0
0
0
0
0
4.009268e+08
4.075738e+08
4.170159e+08
4.297369e+08
4.462885e+08
0
0
0
0
0
0
0
0
0
0
0
0
3.84706e+08
3.909668e+08
3.998327e+08
4.117324e+08
4.271627e+08
0
0
0
0
0
0
0
0
0
0
0
0
0
3.692607e+08
3.751764e+08
3.835224e+08
3.946876e+08
4.091142e+08
0
0
0
0
0
0
0
0
0
0
0
0
0
0
3.541592e+08
3.597559e+08
3.676216e+08
3.781073e+08
3.916105e+08
0
0
0
0
0
0
0
0
0
0
0
0
0
0
0
3.391365e+08
3.444337e+08
3.518429e+08
3.616855e+08
3.743174e+08
0
0
0
0
0
0
0
0
0
0
3.245757e+08
3.295991e+08
3.365858e+08
3.458327e+08
3.576629e+08
0
0
0
0
0
0
0
0
0
0
3.109349e+08
3.15704e+08
3.223159e+08
3.310275e+08
3.421402e+08
0
0
0
0
0
0
0
0
0
0
2.984271e+08
3.029677e+08
3.092417e+08
3.174857e+08
3.279645e+08
0
0
0
0
0
0
0
0
0
0
2.871085e+08
2.914332e+08
2.974048e+08
3.052343e+08
3.151628e+08
0
0
0
0
0
0
0
0
0
0
6.345038e+08
6.505263e+08
6.741726e+08
7.079177e+08
7.555623e+08
0
0
6.011911e+08
6.151582e+08
6.356214e+08
6.644734e+08
7.043345e+08
0
0
0
5.724698e+08
5.849257e+08
6.031006e+08
6.284793e+08
6.630795e+08
0
0
0
0
5.470854e+08
5.583825e+08
5.748099e+08
5.976037e+08
6.283547e+08
0
0
0
0
0
5.238116e+08
5.341734e+08
5.491959e+08
5.699321e+08
5.977047e+08
0
0
0
0
0
0
5.013814e+08
5.10939e+08
5.24749e+08
5.437264e+08
5.689885e+08
0
0
0
0
0
0
0
4.791146e+08
4.879404e+08
5.006508e+08
5.180337e+08
5.410465e+08
0
0
0
0
0
0
0
0
4.575469e+08
4.657131e+08
4.77437e+08
4.934061e+08
5.144348e+08
0
0
0
0
0
0
0
0
0
4.372022e+08
4.447892e+08
4.556453e+08
4.70376e+08
4.896903e+08
0
0
0
0
0
0
0
0
0
0
4.1828e+08
4.25362e+08
4.354616e+08
4.491156e+08
4.66947e+08
0
0
0
0
0
0
0
0
0
0
0
4.007586e+08
4.074035e+08
4.16843e+08
4.295601e+08
4.46107e+08
0
0
0
0
0
0
0
0
0
0
0
0
3.844988e+08
3.90756e+08
3.996189e+08
4.115146e+08
4.269404e+08
0
0
0
0
0
0
0
0
0
0
0
0
0
3.692632e+08
3.75178e+08
3.83525e+08
3.946952e+08
4.091291e+08
0
0
0
0
0
0
0
0
0
0
0
0
0
0
3.547236e+08
3.603289e+08
3.682101e+08
3.787217e+08
3.922636e+08
0
0
0
0
0
0
0
0
0
0
0
0
0
0
0
3.404745e+08
3.457943e+08
3.532407e+08
3.631398e+08
3.758525e+08
0
0
0
0
0
0
0
0
0
0
0
0
0
0
0
0
3.262668e+08
3.313175e+08
3.383509e+08
3.476644e+08
3.595885e+08
0
0
0
0
0
0
0
0
0
0
3.124755e+08
3.172675e+08
3.239197e+08
3.326893e+08
3.438811e+08
0
0
0
0
0
0
0
0
0
0
2.995328e+08
3.040892e+08
3.103896e+08
3.186743e+08
3.292075e+08
0
0
0
0
0
0
0
0
0
0
2.876591e+08
2.919922e+08
2.979773e+08
3.058264e+08
3.157826e+08
0
0
0
0
0
0
0
0
0
0
2.768981e+08
2.810349e+08
2.867278e+08
2.941886e+08
3.036342e+08
0
0
0
0
0
0
0
0
0
0
5.994244e+08
6.132901e+08
6.335999e+08
6.6222e+08
7.017256e+08
0
0
0
5.694565e+08
5.817626e+08
5.997109e+08
6.247522e+08
6.58848e+08
0
0
0
0
5.433985e+08
5.545268e+08
5.706997e+08
5.931192e+08
6.233226e+08
0
0
0
0
0
5.202108e+08
5.304127e+08
5.451946e+08
5.655795e+08
5.928454e+08
0
0
0
0
0
0
4.988261e+08
5.082661e+08
5.219021e+08
5.40626e+08
5.655251e+08
0
0
0
0
0
0
0
4.781127e+08
4.868863e+08
4.995174e+08
5.167879e+08
5.396409e+08
0
0
0
0
0
0
0
0
4.574783e+08
4.656296e+08
4.773312e+08
4.932668e+08
5.142481e+08
0
0
0
0
0
0
0
0
0
4.374261e+08
4.450119e+08
4.558663e+08
4.705938e+08
4.899024e+08
0
0
0
0
0
0
0
0
0
0
4.184548e+08
4.255381e+08
4.356401e+08
4.492971e+08
4.67132e+08
0
0
0
0
0
0
0
0
0
0
0
4.007586e+08
4.074035e+08
4.16843e+08
4.295601e+08
4.46107e+08
0
0
0
0
0
0
0
0
0
0
0
0
3.843375e+08
3.90592e+08
3.994516e+08
4.113432e+08
4.267636e+08
0
0
0
0
0
0
0
0
0
0
0
0
0
3.690634e+08
3.749741e+08
3.833162e+08
3.944816e+08
4.089098e+08
0
0
0
0
0
0
0
0
0
0
0
0
0
0
3.547209e+08
3.60325e+08
3.682055e+08
3.787185e+08
3.922657e+08
0
0
0
0
0
0
0
0
0
0
0
0
0
0
0
3.410043e+08
3.463309e+08
3.537908e+08
3.637108e+08
3.764555e+08
0
0
0
0
0
0
0
0
0
0
0
0
0
0
0
0
3.275333e+08
3.32602e+08
3.396694e+08
3.490331e+08
3.61028e+08
0
0
0
0
0
0
0
0
0
0
0
0
0
0
0
0
0
3.140819e+08
3.188966e+08
3.255899e+08
3.344215e+08
3.456972e+08
0
0
0
0
0
0
0
0
0
0
3.009996e+08
3.055763e+08
3.119114e+08
3.202496e+08
3.308556e+08
0
0
0
0
0
0
0
0
0
0
2.887133e+08
2.930609e+08
2.990701e+08
3.069547e+08
3.169617e+08
0
0
0
0
0
0
0
0
0
0
2.774229e+08
2.815674e+08
2.872728e+08
2.947515e+08
3.042216e+08
0
0
0
0
0
0
0
0
0
0
2.671812e+08
2.711414e+08
2.765793e+08
2.836861e+08
2.92679e+08
0
0
0
0
0
0
0
0
0
0
5.678621e+08
5.800896e+08
5.979201e+08
6.227871e+08
6.566243e+08
0
0
0
0
5.40659e+08
5.516692e+08
5.676637e+08
5.898213e+08
6.196432e+08
0
0
0
0
0
5.168442e+08
5.269115e+08
5.414896e+08
5.615772e+08
5.884163e+08
0
0
0
0
0
0
4.955332e+08
5.048441e+08
5.18286e+08
5.367276e+08
5.612249e+08
0
0
0
0
0
0
0
4.757791e+08
4.844599e+08
4.969494e+08
5.140164e+08
5.365806e+08
0
0
0
0
0
0
0
0
4.565724e+08
4.64684e+08
4.76325e+08
4.921709e+08
5.130272e+08
0
0
0
0
0
0
0
0
0
4.373789e+08
4.44955e+08
4.557942e+08
4.704988e+08
4.897731e+08
0
0
0
0
0
0
0
0
0
0
4.186743e+08
4.25758e+08
4.358608e+08
4.495181e+08
4.673521e+08
0
0
0
0
0
0
0
0
0
0
0
4.009268e+08
4.075738e+08
4.170159e+08
4.297369e+08
4.462885e+08
0
0
0
0
0
0
0
0
0
0
0
0
3.843375e+08
3.90592e+08
3.994516e+08
4.113432e+08
4.267636e+08
0
0
0
0
0
0
0
0
0
0
0
0
0
3.689089e+08
3.748167e+08
3.831548e+08
3.943158e+08
4.087385e+08
0
0
0
0
0
0
0
0
0
0
0
0
0
0
3.545284e+08
3.601283e+08
3.680034e+08
3.7851e+08
3.920509e+08
0
0
0
0
0
0
0
0
0
0
0
0
0
0
0
3.409981e+08
3.463224e+08
3.537812e+08
3.637009e+08
3.764474e+08
0
0
0
0
0
0
0
0
0
0
0
0
0
0
0
0
3.280337e+08
3.331062e+08
3.401849e+08
3.495671e+08
3.615887e+08
0
0
0
0
0
0
0
0
0
0
0
0
0
0
0
0
0
3.152846e+08
3.201136e+08
3.268355e+08
3.357133e+08
3.470524e+08
0
0
0
0
0
0
0
0
0
0
0
0
0
0
0
0
0
0
3.025285e+08
3.071251e+08
3.134959e+08
3.218895e+08
3.325734e+08
0
0
0
0
0
0
0
0
0
0
2.901119e+08
2.94478e+08
3.005186e+08
3.084502e+08
3.185244e+08
0
0
0
0
0
0
0
0
0
0
2.784293e+08
2.825872e+08
2.883148e+08
2.95826e+08
3.053411e+08
0
0
0
0
0
0
0
0
0
0
2.676821e+08
2.716493e+08
2.770989e+08
2.842223e+08
2.932376e+08
0
0
0
0
0
0
0
0
0
0
2.579242e+08
2.617185e+08
2.669176e+08
2.736994e+08
2.822604e+08
0
0
0
0
0
0
0
0
0
0
5.392086e+08
5.501562e+08
5.660573e+08
5.880785e+08
6.177033e+08
0
0
0
0
0
5.143362e+08
5.243084e+08
5.387425e+08
5.586204e+08
5.851594e+08
0
0
0
0
0
0
4.924402e+08
5.016413e+08
5.149169e+08
5.331164e+08
5.572705e+08
0
0
0
0
0
0
0
4.727507e+08
4.813254e+08
4.936547e+08
5.104903e+08
5.327278e+08
0
0
0
0
0
0
0
0
4.544271e+08
4.624648e+08
4.739912e+08
4.896691e+08
5.102909e+08
0
0
0
0
0
0
0
0
0
4.365533e+08
4.440991e+08
4.548909e+08
4.695256e+08
4.886991e+08
0
0
0
0
0
0
0
0
0
0
4.186435e+08
4.257211e+08
4.358139e+08
4.494554e+08
4.672658e+08
0
0
0
0
0
0
0
0
0
0
0
4.011411e+08
4.077896e+08
4.172339e+08
4.299576e+08
4.465114e+08
0
0
0
0
0
0
0
0
0
0
0
0
3.844988e+08
3.90756e+08
3.996189e+08
4.115146e+08
4.269404e+08
0
0
0
0
0
0
0
0
0
0
0
0
0
3.689089e+08
3.748167e+08
3.831548e+08
3.943158e+08
4.087385e+08
0
0
0
0
0
0
0
0
0
0
0
0
0
0
3.543806e+08
3.599774e+08
3.678485e+08
3.7835e+08
3.918851e+08
0
0
0
0
0
0
0
0
0
0
0
0
0
0
0
3.408131e+08
3.461328e+08
3.535862e+08
3.634991e+08
3.762377e+08
0
0
0
0
0
0
0
0
0
0
0
0
0
0
0
0
3.280263e+08
3.330946e+08
3.401712e+08
3.495527e+08
3.615743e+08
0
0
0
0
0
0
0
0
0
0
0
0
0
0
0
0
0
3.157597e+08
3.205904e+08
3.273203e+08
3.36214e+08
3.475769e+08
0
0
0
0
0
0
0
0
0
0
0
0
0
0
0
0
0
0
3.036734e+08
3.08282e+08
3.146771e+08
3.231105e+08
3.338528e+08
0
0
0
0
0
0
0
0
0
0
0
0
0
0
0
0
0
0
0
2.915694e+08
2.959535e+08
3.02026e+08
3.100066e+08
3.20151e+08
0
0
0
0
0
0
0
0
0
0
2.797646e+08
2.839395e+08
2.89696e+08
2.972501e+08
3.068249e+08
0
0
0
0
0
0
0
0
0
0
2.686444e+08
2.726237e+08
2.780938e+08
2.852473e+08
2.943039e+08
0
0
0
0
0
0
0
0
0
0
2.58403e+08
2.622038e+08
2.674134e+08
2.742107e+08
2.827925e+08
0
0
0
0
0
0
0
0
0
0
2.491111e+08
2.527349e+08
2.577099e+08
2.641877e+08
2.723512e+08
0
0
0
0
0
0
0
0
0
0
5.130081e+08
5.229295e+08
5.372877e+08
5.570556e+08
5.834383e+08
0
0
0
0
0
0
4.901307e+08
4.99254e+08
5.12411e+08
5.304386e+08
5.543493e+08
0
0
0
0
0
0
0
4.698949e+08
4.783781e+08
4.905688e+08
5.072037e+08
5.291586e+08
0
0
0
0
0
0
0
0
4.516268e+08
4.595779e+08
4.709698e+08
4.86454e+08
5.068047e+08
0
0
0
0
0
0
0
0
0
4.345706e+08
4.420562e+08
4.527541e+08
4.672504e+08
4.862282e+08
0
0
0
0
0
0
0
0
0
0
4.178861e+08
4.249403e+08
4.349956e+08
4.485814e+08
4.663119e+08
0
0
0
0
0
0
0
0
0
0
0
4.011237e+08
4.077677e+08
4.172057e+08
4.299189e+08
4.464564e+08
0
0
0
0
0
0
0
0
0
0
0
0
3.84706e+08
3.909668e+08
3.998327e+08
4.117324e+08
4.271627e+08
0
0
0
0
0
0
0
0
0
0
0
0
0
3.690634e+08
3.749741e+08
3.833162e+08
3.944816e+08
4.089098e+08
0
0
0
0
0
0
0
0
0
0
0
0
0
0
3.543806e+08
3.599774e+08
3.678485e+08
3.7835e+08
3.918851e+08
0
0
0
0
0
0
0
0
0
0
0
0
0
0
0
3.406716e+08
3.459883e+08
3.534377e+08
3.633456e+08
3.760778e+08
0
0
0
0
0
0
0
0
0
0
0
0
0
0
0
0
3.278496e+08
3.329123e+08
3.399833e+08
3.49358e+08
3.613715e+08
0
0
0
0
0
0
0
0
0
0
0
0
0
0
0
0
0
3.157523e+08
3.20578e+08
3.27304e+08
3.361959e+08
3.475584e+08
0
0
0
0
0
0
0
0
0
0
0
0
0
0
0
0
0
0
3.041261e+08
3.087351e+08
3.151358e+08
3.235817e+08
3.343448e+08
0
0
0
0
0
0
0
0
0
0
0
0
0
0
0
0
0
0
0
2.926614e+08
2.970558e+08
3.031496e+08
3.111649e+08
3.213606e+08
0
0
0
0
0
0
0
0
0
0
0
0
0
0
0
0
0
0
0
0
2.811562e+08
2.853473e+08
2.91133e+08
2.987315e+08
3.083691e+08
0
0
0
0
0
0
0
0
0
0
2.699213e+08
2.739157e+08
2.794126e+08
2.866057e+08
2.957172e+08
0
0
0
0
0
0
0
0
0
0
2.593244e+08
2.63136e+08
2.683644e+08
2.751897e+08
2.838099e+08
0
0
0
0
0
0
0
0
0
0
2.495694e+08
2.53199e+08
2.581838e+08
2.646757e+08
2.728588e+08
0
0
0
0
0
0
0
0
0
0
2.407132e+08
2.441758e+08
2.489263e+08
2.551194e+08
2.629115e+08
0
0
0
0
0
0
0
0
0
0
4.889078e+08
4.979892e+08
5.110833e+08
5.290201e+08
5.528034e+08
0
0
0
0
0
0
0
4.677582e+08
4.761762e+08
4.882677e+08
5.047589e+08
5.26512e+08
0
0
0
0
0
0
0
0
4.489781e+08
4.568524e+08
4.681265e+08
4.834412e+08
5.035551e+08
0
0
0
0
0
0
0
0
0
4.319693e+08
4.393829e+08
4.499682e+08
4.642997e+08
4.830483e+08
0
0
0
0
0
0
0
0
0
0
4.160448e+08
4.230497e+08
4.330265e+08
4.464968e+08
4.64064e+08
0
0
0
0
0
0
0
0
0
0
4.004261e+08
4.070506e+08
4.164586e+08
4.291267e+08
4.455995e+08
0
0
0
0
0
0
0
0
0
0
0
0
3.846973e+08
3.909573e+08
3.998186e+08
4.117114e+08
4.271308e+08
0
0
0
0
0
0
0
0
0
0
0
0
0
3.692632e+08
3.75178e+08
3.83525e+08
3.946952e+08
4.091291e+08
0
0
0
0
0
0
0
0
0
0
0
0
0
0
3.545284e+08
3.601283e+08
3.680034e+08
3.7851e+08
3.920509e+08
0
0
0
0
0
0
0
0
0
0
0
0
0
0
0
3.406716e+08
3.459883e+08
3.534377e+08
3.633456e+08
3.760778e+08
0
0
0
0
0
0
0
0
0
0
0
0
0
0
0
0
3.277148e+08
3.327739e+08
3.398409e+08
3.492107e+08
3.61218e+08
0
0
0
0
0
0
0
0
0
0
0
0
0
0
0
0
0
3.15584e+08
3.204038e+08
3.271232e+08
3.360082e+08
3.473628e+08
0
0
0
0
0
0
0
0
0
0
0
0
0
0
0
0
0
0
3.041196e+08
3.087231e+08
3.151191e+08
3.235613e+08
3.343229e+08
0
0
0
0
0
0
0
0
0
0
0
0
0
0
0
0
0
0
0
2.930939e+08
2.97488e+08
3.03586e+08
3.116112e+08
3.218237e+08
0
0
0
0
0
0
0
0
0
0
0
0
0
0
0
0
0
0
0
0
2.821994e+08
2.863995e+08
2.922043e+08
2.998339e+08
3.09517e+08
0
0
0
0
0
0
0
0
0
0
0
0
0
0
0
0
0
0
0
0
2.712522e+08
2.752609e+08
2.807845e+08
2.880185e+08
2.971873e+08
0
0
0
0
0
0
0
0
0
0
2.605474e+08
2.643726e+08
2.696253e+08
2.764874e+08
2.851583e+08
0
0
0
0
0
0
0
0
0
0
2.504528e+08
2.540923e+08
2.590943e+08
2.65612e+08
2.738307e+08
0
0
0
0
0
0
0
0
0
0
2.411522e+08
2.446203e+08
2.493798e+08
2.55586e+08
2.633961e+08
0
0
0
0
0
0
0
0
0
0
2.327124e+08
2.360144e+08
2.405534e+08
2.464654e+08
2.539101e+08
0
0
0
0
0
0
0
0
0
0
4.666269e+08
4.750097e+08
4.870482e+08
5.034632e+08
5.2511e+08
0
0
0
0
0
0
0
0
4.469936e+08
4.54812e+08
4.660015e+08
4.811942e+08
5.011378e+08
0
0
0
0
0
0
0
0
0
4.295022e+08
4.368515e+08
4.47336e+08
4.615217e+08
4.800683e+08
0
0
0
0
0
0
0
0
0
0
4.136189e+08
4.20563e+08
4.30444e+08
4.437741e+08
4.611447e+08
0
0
0
0
0
0
0
0
0
0
3.987096e+08
4.052927e+08
4.146345e+08
4.272045e+08
4.435393e+08
0
0
0
0
0
0
0
0
0
0
3.840505e+08
3.902961e+08
3.991319e+08
4.109878e+08
4.263539e+08
0
0
0
0
0
0
0
0
0
0
0
0
0
3.692607e+08
3.751764e+08
3.835224e+08
3.946876e+08
4.091142e+08
0
0
0
0
0
0
0
0
0
0
0
0
0
0
3.54721e+08
3.60325e+08
3.682055e+08
3.787185e+08
3.922657e+08
0
0
0
0
0
0
0
0
0
0
0
0
0
0
0
3.408131e+08
3.461328e+08
3.535862e+08
3.634991e+08
3.762377e+08
0
0
0
0
0
0
0
0
0
0
0
0
0
0
0
0
3.277148e+08
3.327739e+08
3.398409e+08
3.492107e+08
3.61218e+08
0
0
0
0
0
0
0
0
0
0
0
0
0
0
0
0
0
3.154556e+08
3.202717e+08
3.269868e+08
3.35867e+08
3.472155e+08
0
0
0
0
0
0
0
0
0
0
0
0
0
0
0
0
0
0
3.039597e+08
3.085571e+08
3.149462e+08
3.233808e+08
3.341344e+08
0
0
0
0
0
0
0
0
0
0
0
0
0
0
0
0
0
0
0
2.930887e+08
2.974772e+08
3.035699e+08
3.115906e+08
3.217998e+08
0
0
0
0
0
0
0
0
0
0
0
0
0
0
0
0
0
0
0
0
2.826137e+08
2.86813e+08
2.92621e+08
3.002587e+08
3.099558e+08
0
0
0
0
0
0
0
0
0
0
0
0
0
0
0
0
0
0
0
0
2.722509e+08
2.76267e+08
2.818079e+08
2.890702e+08
2.9828e+08
0
0
0
0
0
0
0
0
0
0
0
0
0
0
0
0
0
0
0
0
2.618224e+08
2.6566e+08
2.70937e+08
2.778368e+08
2.865606e+08
0
0
0
0
0
0
0
0
0
0
2.516256e+08
2.552774e+08
2.603015e+08
2.668531e+08
2.75119e+08
0
0
0
0
0
0
0
0
0
0
2.419999e+08
2.454773e+08
2.502526e+08
2.564827e+08
2.643258e+08
0
0
0
0
0
0
0
0
0
0
2.331336e+08
2.364405e+08
2.409878e+08
2.469121e+08
2.543735e+08
0
0
0
0
0
0
0
0
0
0
2.250887e+08
2.282338e+08
2.325652e+08
2.382132e+08
2.453184e+08
0
0
0
0
0
0
0
0
0
0
4.459435e+08
4.537313e+08
4.648754e+08
4.800032e+08
4.998567e+08
0
0
0
0
0
0
0
0
0
4.276515e+08
4.349537e+08
4.453646e+08
4.594451e+08
4.778458e+08
0
0
0
0
0
0
0
0
0
0
4.113128e+08
4.182018e+08
4.279965e+08
4.412004e+08
4.583959e+08
0
0
0
0
0
0
0
0
0
0
3.964393e+08
4.029706e+08
4.122298e+08
4.246788e+08
4.408447e+08
0
0
0
0
0
0
0
0
0
0
3.824455e+08
3.886553e+08
3.974341e+08
4.092059e+08
4.244535e+08
0
0
0
0
0
0
0
0
0
0
3.686574e+08
3.745627e+08
3.828888e+08
3.94022e+08
4.084043e+08
0
0
0
0
0
0
0
0
0
0
0
0
0
0
3.547236e+08
3.603289e+08
3.682101e+08
3.787217e+08
3.922636e+08
0
0
0
0
0
0
0
0
0
0
0
0
0
0
0
3.409981e+08
3.463224e+08
3.537812e+08
3.637009e+08
3.764474e+08
0
0
0
0
0
0
0
0
0
0
0
0
0
0
0
0
3.278496e+08
3.329123e+08
3.399833e+08
3.49358e+08
3.613715e+08
0
0
0
0
0
0
0
0
0
0
0
0
0
0
0
0
0
3.154556e+08
3.202717e+08
3.269868e+08
3.35867e+08
3.472155e+08
0
0
0
0
0
0
0
0
0
0
0
0
0
0
0
0
0
0
3.038375e+08
3.084313e+08
3.148161e+08
3.232454e+08
3.339932e+08
0
0
0
0
0
0
0
0
0
0
0
0
0
0
0
0
0
0
0
2.929368e+08
2.973194e+08
3.034052e+08
3.11418e+08
3.216185e+08
0
0
0
0
0
0
0
0
0
0
0
0
0
0
0
0
0
0
0
0
2.826101e+08
2.868037e+08
2.926064e+08
3.00239e+08
3.099319e+08
0
0
0
0
0
0
0
0
0
0
0
0
0
0
0
0
0
0
0
0
2.72649e+08
2.766635e+08
2.822069e+08
2.894761e+08
2.986979e+08
0
0
0
0
0
0
0
0
0
0
0
0
0
0
0
0
0
0
0
0
2.627804e+08
2.666239e+08
2.719161e+08
2.788418e+08
2.876033e+08
0
0
0
0
0
0
0
0
0
0
0
0
0
0
0
0
0
0
0
0
2.528488e+08
2.565117e+08
2.615577e+08
2.681437e+08
2.764586e+08
0
0
0
0
0
0
0
0
0
0
2.431257e+08
2.466146e+08
2.514104e+08
2.576715e+08
2.655581e+08
0
0
0
0
0
0
0
0
0
0
2.339485e+08
2.372634e+08
2.418257e+08
2.477721e+08
2.55264e+08
0
0
0
0
0
0
0
0
0
0
2.254932e+08
2.286428e+08
2.329819e+08
2.386413e+08
2.45762e+08
0
0
0
0
0
0
0
0
0
0
2.178454e+08
2.208152e+08
2.249459e+08
2.303374e+08
2.371239e+08
0
0
0
0
0
0
0
0
0
0
4.26673e+08
4.339491e+08
4.443201e+08
4.583444e+08
4.766678e+08
0
0
0
0
0
0
0
0
0
0
4.09581e+08
4.164296e+08
4.26161e+08
4.392725e+08
4.563412e+08
0
0
0
0
0
0
0
0
0
0
3.942766e+08
4.007607e+08
4.099447e+08
4.222841e+08
4.382972e+08
0
0
0
0
0
0
0
0
0
0
3.803154e+08
3.864796e+08
3.951865e+08
4.068526e+08
4.219531e+08
0
0
0
0
0
0
0
0
0
0
3.671506e+08
3.730268e+08
3.813028e+08
3.923625e+08
4.066421e+08
0
0
0
0
0
0
0
0
0
0
3.541593e+08
3.597559e+08
3.676216e+08
3.781073e+08
3.916105e+08
0
0
0
0
0
0
0
0
0
0
0
0
0
0
0
3.410043e+08
3.463309e+08
3.537908e+08
3.637108e+08
3.764555e+08
0
0
0
0
0
0
0
0
0
0
0
0
0
0
0
0
3.280263e+08
3.330946e+08
3.401713e+08
3.495527e+08
3.615743e+08
0
0
0
0
0
0
0
0
0
0
0
0
0
0
0
0
0
3.15584e+08
3.204038e+08
3.271231e+08
3.360082e+08
3.473628e+08
0
0
0
0
0
0
0
0
0
0
0
0
0
0
0
0
0
0
3.038375e+08
3.084313e+08
3.148161e+08
3.232454e+08
3.339932e+08
0
0
0
0
0
0
0
0
0
0
0
0
0
0
0
0
0
0
0
2.928207e+08
2.971997e+08
3.032811e+08
3.112888e+08
3.214832e+08
0
0
0
0
0
0
0
0
0
0
0
0
0
0
0
0
0
0
0
0
2.82466e+08
2.866538e+08
2.924497e+08
3.000745e+08
3.097586e+08
0
0
0
0
0
0
0
0
0
0
0
0
0
0
0
0
0
0
0
0
2.726475e+08
2.76656e+08
2.82194e+08
2.894581e+08
2.986751e+08
0
0
0
0
0
0
0
0
0
0
0
0
0
0
0
0
0
0
0
0
2.631641e+08
2.670053e+08
2.72299e+08
2.792306e+08
2.880027e+08
0
0
0
0
0
0
0
0
0
0
0
0
0
0
0
0
0
0
0
0
2.537691e+08
2.574371e+08
2.624964e+08
2.691058e+08
2.774553e+08
0
0
0
0
0
0
0
0
0
0
0
0
0
0
0
0
0
0
0
0
2.443002e+08
2.477995e+08
2.526153e+08
2.589079e+08
2.668396e+08
0
0
0
0
0
0
0
0
0
0
2.350311e+08
2.383558e+08
2.429372e+08
2.489124e+08
2.564446e+08
0
0
0
0
0
0
0
0
0
0
2.262771e+08
2.294343e+08
2.337868e+08
2.39467e+08
2.466161e+08
0
0
0
0
0
0
0
0
0
0
2.182344e+08
2.212082e+08
2.253461e+08
2.307481e+08
2.375492e+08
0
0
0
0
0
0
0
0
0
0
2.109673e+08
2.137624e+08
2.176777e+08
2.228228e+08
2.293021e+08
0
0
0
0
0
0
0
0
0
0
4.086661e+08
4.154923e+08
4.251891e+08
4.382509e+08
4.552522e+08
0
0
0
0
0
0
0
0
0
0
3.926511e+08
3.991003e+08
4.082289e+08
4.204879e+08
4.363889e+08
0
0
0
0
0
0
0
0
0
0
3.782822e+08
3.844046e+08
3.930457e+08
4.046153e+08
4.19582e+08
0
0
0
0
0
0
0
0
0
0
3.651471e+08
3.709831e+08
3.791949e+08
3.901616e+08
4.043116e+08
0
0
0
0
0
0
0
0
0
0
3.527405e+08
3.583124e+08
3.661355e+08
3.765561e+08
3.899688e+08
0
0
0
0
0
0
0
0
0
0
3.404745e+08
3.457944e+08
3.532407e+08
3.631398e+08
3.758525e+08
0
0
0
0
0
0
0
0
0
0
0
0
0
0
0
0
3.280337e+08
3.331062e+08
3.401849e+08
3.495671e+08
3.615887e+08
0
0
0
0
0
0
0
0
0
0
0
0
0
0
0
0
0
3.157523e+08
3.20578e+08
3.27304e+08
3.361959e+08
3.475584e+08
0
0
0
0
0
0
0
0
0
0
0
0
0
0
0
0
0
0
3.039597e+08
3.085571e+08
3.149462e+08
3.233807e+08
3.341344e+08
0
0
0
0
0
0
0
0
0
0
0
0
0
0
0
0
0
0
0
2.928207e+08
2.971997e+08
3.032811e+08
3.112888e+08
3.214832e+08
0
0
0
0
0
0
0
0
0
0
0
0
0
0
0
0
0
0
0
0
2.823555e+08
2.865399e+08
2.923316e+08
2.999513e+08
3.096294e+08
0
0
0
0
0
0
0
0
0
0
0
0
0
0
0
0
0
0
0
0
2.725111e+08
2.765137e+08
2.820451e+08
2.893016e+08
2.985099e+08
0
0
0
0
0
0
0
0
0
0
0
0
0
0
0
0
0
0
0
0
2.631651e+08
2.670002e+08
2.722882e+08
2.792146e+08
2.879818e+08
0
0
0
0
0
0
0
0
0
0
0
0
0
0
0
0
0
0
0
0
2.541398e+08
2.578051e+08
2.628651e+08
2.694792e+08
2.778381e+08
0
0
0
0
0
0
0
0
0
0
0
0
0
0
0
0
0
0
0
0
2.451853e+08
2.486893e+08
2.53517e+08
2.598306e+08
2.677939e+08
0
0
0
0
0
0
0
0
0
0
0
0
0
0
0
0
0
0
0
0
2.361611e+08
2.394943e+08
2.440945e+08
2.500989e+08
2.576725e+08
0
0
0
0
0
0
0
0
0
0
2.273189e+08
2.304854e+08
2.348549e+08
2.405622e+08
2.477489e+08
0
0
0
0
0
0
0
0
0
0
2.189896e+08
2.2197e+08
2.261206e+08
2.315415e+08
2.383694e+08
0
0
0
0
0
0
0
0
0
0
2.113414e+08
2.141405e+08
2.180624e+08
2.232174e+08
2.297101e+08
0
0
0
0
0
0
0
0
0
0
2.045092e+08
2.070613e+08
2.107647e+08
2.156522e+08
2.218377e+08
0
0
0
0
0
0
0
0
0
0
3.917931e+08
3.982227e+08
4.073211e+08
4.195366e+08
4.353778e+08
0
0
0
0
0
0
0
0
0
0
3.767526e+08
3.828441e+08
3.914365e+08
4.029351e+08
4.178035e+08
0
0
0
0
0
0
0
0
0
0
3.632315e+08
3.690301e+08
3.771829e+08
3.880643e+08
4.020957e+08
0
0
0
0
0
0
0
0
0
0
3.508504e+08
3.56388e+08
3.641539e+08
3.744908e+08
3.877885e+08
0
0
0
0
0
0
0
0
0
0
3.391365e+08
3.444338e+08
3.518429e+08
3.616855e+08
3.743174e+08
0
0
0
0
0
0
0
0
0
0
3.275333e+08
3.32602e+08
3.396695e+08
3.490331e+08
3.61028e+08
0
0
0
0
0
0
0
0
0
0
0
0
0
0
0
0
0
3.157597e+08
3.205903e+08
3.273203e+08
3.36214e+08
3.475769e+08
0
0
0
0
0
0
0
0
0
0
0
0
0
0
0
0
0
0
3.041196e+08
3.087231e+08
3.151191e+08
3.235612e+08
3.343229e+08
0
0
0
0
0
0
0
0
0
0
0
0
0
0
0
0
0
0
0
2.929368e+08
2.973194e+08
3.034052e+08
3.11418e+08
3.216185e+08
0
0
0
0
0
0
0
0
0
0
0
0
0
0
0
0
0
0
0
0
2.823555e+08
2.865399e+08
2.923316e+08
2.999513e+08
3.096294e+08
0
0
0
0
0
0
0
0
0
0
0
0
0
0
0
0
0
0
0
0
2.724061e+08
2.764053e+08
2.819327e+08
2.891843e+08
2.983868e+08
0
0
0
0
0
0
0
0
0
0
0
0
0
0
0
0
0
0
0
0
2.630362e+08
2.668654e+08
2.721468e+08
2.790659e+08
2.878246e+08
0
0
0
0
0
0
0
0
0
0
0
0
0
0
0
0
0
0
0
0
2.541434e+08
2.578026e+08
2.628567e+08
2.694654e+08
2.778194e+08
0
0
0
0
0
0
0
0
0
0
0
0
0
0
0
0
0
0
0
0
2.455437e+08
2.490452e+08
2.538731e+08
2.601904e+08
2.681616e+08
0
0
0
0
0
0
0
0
0
0
0
0
0
0
0
0
0
0
0
0
2.370142e+08
2.403506e+08
2.449621e+08
2.509856e+08
2.585879e+08
0
0
0
0
0
0
0
0
0
0
0
0
0
0
0
0
0
0
0
0
2.284069e+08
2.315815e+08
2.359675e+08
2.417022e+08
2.489273e+08
0
0
0
0
0
0
0
0
0
0
2.199939e+08
2.229821e+08
2.271489e+08
2.325944e+08
2.394575e+08
0
0
0
0
0
0
0
0
0
0
2.120691e+08
2.148749e+08
2.188082e+08
2.239811e+08
2.304984e+08
0
0
0
0
0
0
0
0
0
0
2.048701e+08
2.074252e+08
2.111349e+08
2.160315e+08
2.222297e+08
0
0
0
0
0
0
0
0
0
0
1.984667e+08
2.00766e+08
2.041935e+08
2.088299e+08
2.147138e+08
0
0
0
0
0
0
0
0
0
0
3.759461e+08
3.820202e+08
3.905859e+08
4.020461e+08
4.168616e+08
0
0
0
0
0
0
0
0
0
0
3.617891e+08
3.6756e+08
3.756692e+08
3.864875e+08
4.004315e+08
0
0
0
0
0
0
0
0
0
0
3.490414e+08
3.545459e+08
3.622585e+08
3.725185e+08
3.857106e+08
0
0
0
0
0
0
0
0
0
0
3.37351e+08
3.426164e+08
3.499754e+08
3.597428e+08
3.722708e+08
0
0
0
0
0
0
0
0
0
0
3.262668e+08
3.313175e+08
3.383509e+08
3.476644e+08
3.595885e+08
0
0
0
0
0
0
0
0
0
0
3.152846e+08
3.201136e+08
3.268355e+08
3.357133e+08
3.470524e+08
0
0
0
0
0
0
0
0
0
0
0
0
0
0
0
0
0
0
3.041261e+08
3.087351e+08
3.151358e+08
3.235817e+08
3.343448e+08
0
0
0
0
0
0
0
0
0
0
0
0
0
0
0
0
0
0
0
2.930887e+08
2.974772e+08
3.035699e+08
3.115906e+08
3.217998e+08
0
0
0
0
0
0
0
0
0
0
0
0
0
0
0
0
0
0
0
0
2.82466e+08
2.866538e+08
2.924497e+08
3.000745e+08
3.097586e+08
0
0
0
0
0
0
0
0
0
0
0
0
0
0
0
0
0
0
0
0
2.724061e+08
2.764053e+08
2.819327e+08
2.891843e+08
2.983868e+08
0
0
0
0
0
0
0
0
0
0
0
0
0
0
0
0
0
0
0
0
2.629366e+08
2.667624e+08
2.720398e+08
2.789542e+08
2.877074e+08
0
0
0
0
0
0
0
0
0
0
0
0
0
0
0
0
0
0
0
0
2.540217e+08
2.576752e+08
2.627227e+08
2.693241e+08
2.7767e+08
0
0
0
0
0
0
0
0
0
0
0
0
0
0
0
0
0
0
0
0
2.455498e+08
2.490455e+08
2.538676e+08
2.601792e+08
2.681453e+08
0
0
0
0
0
0
0
0
0
0
0
0
0
0
0
0
0
0
0
0
2.37362e+08
2.406951e+08
2.453067e+08
2.513333e+08
2.589424e+08
0
0
0
0
0
0
0
0
0
0
0
0
0
0
0
0
0
0
0
0
2.292298e+08
2.324075e+08
2.368029e+08
2.425556e+08
2.498072e+08
0
0
0
0
0
0
0
0
0
0
0
0
0
0
0
0
0
0
0
0
2.210433e+08
2.240381e+08
2.282205e+08
2.336906e+08
2.4059e+08
0
0
0
0
0
0
0
0
0
0
2.130369e+08
2.158511e+08
2.197987e+08
2.249949e+08
2.315445e+08
0
0
0
0
0
0
0
0
0
0
2.055733e+08
2.081331e+08
2.118542e+08
2.167671e+08
2.229886e+08
0
0
0
0
0
0
0
0
0
0
1.988138e+08
2.011172e+08
2.045499e+08
2.091951e+08
2.150907e+08
0
0
0
0
0
0
0
0
0
0
1.930011e+08
1.948729e+08
1.980178e+08
2.023431e+08
2.07935e+08
0
0
0
0
0
0
0
0
0
0
3.610293e+08
3.667847e+08
3.748699e+08
3.856539e+08
3.99551e+08
0
0
0
0
0
0
0
0
0
0
3.476785e+08
3.531582e+08
3.608313e+08
3.710344e+08
3.841484e+08
0
0
0
0
0
0
0
0
0
0
3.356399e+08
3.408751e+08
3.481863e+08
3.578838e+08
3.703163e+08
0
0
0
0
0
0
0
0
0
0
3.245757e+08
3.295991e+08
3.365859e+08
3.458326e+08
3.576629e+08
0
0
0
0
0
0
0
0
0
0
3.140819e+08
3.188966e+08
3.255898e+08
3.344215e+08
3.456972e+08
0
0
0
0
0
0
0
0
0
0
3.036734e+08
3.08282e+08
3.14677e+08
3.231105e+08
3.338528e+08
0
0
0
0
0
0
0
0
0
0
0
0
0
0
0
0
0
0
0
2.930939e+08
2.97488e+08
3.03586e+08
3.116112e+08
3.218237e+08
0
0
0
0
0
0
0
0
0
0
0
0
0
0
0
0
0
0
0
0
2.826101e+08
2.868037e+08
2.926064e+08
3.00239e+08
3.099319e+08
0
0
0
0
0
0
0
0
0
0
0
0
0
0
0
0
0
0
0
0
2.725111e+08
2.765137e+08
2.820451e+08
2.893016e+08
2.985099e+08
0
0
0
0
0
0
0
0
0
0
0
0
0
0
0
0
0
0
0
0
2.629366e+08
2.667624e+08
2.720398e+08
2.789542e+08
2.877074e+08
0
0
0
0
0
0
0
0
0
0
0
0
0
0
0
0
0
0
0
0
2.539272e+08
2.575774e+08
2.62621e+08
2.692178e+08
2.775583e+08
0
0
0
0
0
0
0
0
0
0
0
0
0
0
0
0
0
0
0
0
2.454348e+08
2.489251e+08
2.537409e+08
2.600454e+08
2.680034e+08
0
0
0
0
0
0
0
0
0
0
0
0
0
0
0
0
0
0
0
0
2.373709e+08
2.40698e+08
2.453041e+08
2.513251e+08
2.589288e+08
0
0
0
0
0
0
0
0
0
0
0
0
0
0
0
0
0
0
0
0
2.295676e+08
2.327421e+08
2.371368e+08
2.428923e+08
2.501499e+08
0
0
0
0
0
0
0
0
0
0
0
0
0
0
0
0
0
0
0
0
2.218389e+08
2.248354e+08
2.290268e+08
2.345128e+08
2.41437e+08
0
0
0
0
0
0
0
0
0
0
0
0
0
0
0
0
0
0
0
0
2.140487e+08
2.168703e+08
2.208316e+08
2.260512e+08
2.326337e+08
0
0
0
0
0
0
0
0
0
0
2.065092e+08
2.090744e+08
2.1281e+08
2.177441e+08
2.239961e+08
0
0
0
0
0
0
0
0
0
0
1.994912e+08
2.018017e+08
2.052436e+08
2.099048e+08
2.158218e+08
0
0
0
0
0
0
0
0
0
0
1.93337e+08
1.952107e+08
1.983619e+08
2.026947e+08
2.082979e+08
0
0
0
0
0
0
0
0
0
0
1.881644e+08
1.895399e+08
1.922343e+08
1.96245e+08
2.014886e+08
0
0
0
0
0
0
0
0
0
0
3.469614e+08
3.52427e+08
3.600785e+08
3.702506e+08
3.833227e+08
0
0
0
0
0
0
0
0
0
0
3.343502e+08
3.395625e+08
3.468379e+08
3.564837e+08
3.688455e+08
0
0
0
0
0
0
0
0
0
0
3.229546e+08
3.279504e+08
3.348933e+08
3.440769e+08
3.558201e+08
0
0
0
0
0
0
0
0
0
0
3.124755e+08
3.172675e+08
3.239197e+08
3.326893e+08
3.438811e+08
0
0
0
0
0
0
0
0
0
0
3.025285e+08
3.071251e+08
3.134959e+08
3.218895e+08
3.325734e+08
0
0
0
0
0
0
0
0
0
0
2.926614e+08
2.970558e+08
3.031496e+08
3.111649e+08
3.213606e+08
0
0
0
0
0
0
0
0
0
0
0
0
0
0
0
0
0
0
0
0
2.826137e+08
2.86813e+08
2.926211e+08
3.002587e+08
3.099558e+08
0
0
0
0
0
0
0
0
0
0
0
0
0
0
0
0
0
0
0
0
2.726475e+08
2.76656e+08
2.82194e+08
2.894581e+08
2.986751e+08
0
0
0
0
0
0
0
0
0
0
0
0
0
0
0
0
0
0
0
0
2.630362e+08
2.668654e+08
2.721468e+08
2.790659e+08
2.878246e+08
0
0
0
0
0
0
0
0
0
0
0
0
0
0
0
0
0
0
0
0
2.539272e+08
2.575774e+08
2.62621e+08
2.692178e+08
2.775583e+08
0
0
0
0
0
0
0
0
0
0
0
0
0
0
0
0
0
0
0
0
2.45345e+08
2.488323e+08
2.536442e+08
2.599442e+08
2.678971e+08
0
0
0
0
0
0
0
0
0
0
0
0
0
0
0
0
0
0
0
0
2.372627e+08
2.405843e+08
2.451844e+08
2.511985e+08
2.587944e+08
0
0
0
0
0
0
0
0
0
0
0
0
0
0
0
0
0
0
0
0
2.295792e+08
2.32748e+08
2.371369e+08
2.428872e+08
2.501395e+08
0
0
0
0
0
0
0
0
0
0
0
0
0
0
0
0
0
0
0
0
2.221679e+08
2.251607e+08
2.293514e+08
2.348392e+08
2.417691e+08
0
0
0
0
0
0
0
0
0
0
0
0
0
0
0
0
0
0
0
0
2.148168e+08
2.176416e+08
2.216104e+08
2.268449e+08
2.334499e+08
0
0
0
0
0
0
0
0
0
0
0
0
0
0
0
0
0
0
0
0
2.074884e+08
2.100576e+08
2.138073e+08
2.187625e+08
2.250457e+08
0
0
0
0
0
0
0
0
0
0
2.003927e+08
2.027123e+08
2.061655e+08
2.108476e+08
2.167927e+08
0
0
0
0
0
0
0
0
0
0
1.939937e+08
1.958705e+08
1.990328e+08
2.033793e+08
2.090033e+08
0
0
0
0
0
0
0
0
0
0
1.884866e+08
1.89867e+08
1.925654e+08
1.965846e+08
2.018381e+08
0
0
0
0
0
0
0
0
0
0
1.843776e+08
1.848189e+08
1.869988e+08
1.905327e+08
1.954276e+08
0
0
0
0
0
0
0
0
0
0
3.336723e+08
3.388717e+08
3.461274e+08
3.557451e+08
3.680689e+08
0
0
0
0
0
0
0
0
0
0
3.217328e+08
3.26707e+08
3.33617e+08
3.427534e+08
3.544322e+08
0
0
0
0
0
0
0
0
0
0
3.109349e+08
3.15704e+08
3.223159e+08
3.310275e+08
3.421402e+08
0
0
0
0
0
0
0
0
0
0
3.009996e+08
3.055763e+08
3.119114e+08
3.202496e+08
3.308556e+08
0
0
0
0
0
0
0
0
0
0
2.915694e+08
2.959535e+08
3.02026e+08
3.100066e+08
3.20151e+08
0
0
0
0
0
0
0
0
0
0
2.821994e+08
2.863995e+08
2.922043e+08
2.998339e+08
3.09517e+08
0
0
0
0
0
0
0
0
0
0
0
0
0
0
0
0
0
0
0
0
2.72649e+08
2.766635e+08
2.822069e+08
2.894761e+08
2.986979e+08
0
0
0
0
0
0
0
0
0
0
0
0
0
0
0
0
0
0
0
0
2.631651e+08
2.670002e+08
2.722882e+08
2.792146e+08
2.879818e+08
0
0
0
0
0
0
0
0
0
0
0
0
0
0
0
0
0
0
0
0
2.540217e+08
2.576752e+08
2.627227e+08
2.693241e+08
2.7767e+08
0
0
0
0
0
0
0
0
0
0
0
0
0
0
0
0
0
0
0
0
2.45345e+08
2.488323e+08
2.536442e+08
2.599442e+08
2.678971e+08
0
0
0
0
0
0
0
0
0
0
0
0
0
0
0
0
0
0
0
0
2.371775e+08
2.40496e+08
2.450926e+08
2.511024e+08
2.586932e+08
0
0
0
0
0
0
0
0
0
0
0
0
0
0
0
0
0
0
0
0
2.294771e+08
2.326408e+08
2.370238e+08
2.427676e+08
2.500123e+08
0
0
0
0
0
0
0
0
0
0
0
0
0
0
0
0
0
0
0
0
2.221825e+08
2.251694e+08
2.293546e+08
2.348369e+08
2.417618e+08
0
0
0
0
0
0
0
0
0
0
0
0
0
0
0
0
0
0
0
0
2.151361e+08
2.179587e+08
2.219261e+08
2.271624e+08
2.337718e+08
0
0
0
0
0
0
0
0
0
0
0
0
0
0
0
0
0
0
0
0
2.082336e+08
2.108027e+08
2.14561e+08
2.195294e+08
2.258338e+08
0
0
0
0
0
0
0
0
0
0
0
0
0
0
0
0
0
0
0
0
2.013357e+08
2.036644e+08
2.07128e+08
2.118313e+08
2.178049e+08
0
0
0
0
0
0
0
0
0
0
1.948679e+08
1.96748e+08
1.999251e+08
2.04289e+08
2.099405e+08
0
0
0
0
0
0
0
0
0
0
1.891173e+08
1.905068e+08
1.932123e+08
1.972468e+08
2.025185e+08
0
0
0
0
0
0
0
0
0
0
1.846906e+08
1.851327e+08
1.873194e+08
1.908596e+08
1.957651e+08
0
0
0
0
0
0
0
0
0
0
1.818277e+08
1.811215e+08
1.823627e+08
1.853604e+08
1.897494e+08
0
0
0
0
0
0
0
0
0
0
3.210918e+08
3.260535e+08
3.329452e+08
3.42056e+08
3.537001e+08
0
0
0
0
0
0
0
0
0
0
3.097737e+08
3.145251e+08
3.211061e+08
3.297742e+08
3.40828e+08
0
0
0
0
0
0
0
0
0
0
2.995328e+08
3.040892e+08
3.103896e+08
3.186743e+08
3.292075e+08
0
0
0
0
0
0
0
0
0
0
2.901118e+08
2.94478e+08
3.005185e+08
3.084502e+08
3.185244e+08
0
0
0
0
0
0
0
0
0
0
2.811562e+08
2.853473e+08
2.91133e+08
2.987315e+08
3.083691e+08
0
0
0
0
0
0
0
0
0
0
2.722509e+08
2.76267e+08
2.818079e+08
2.890702e+08
2.9828e+08
0
0
0
0
0
0
0
0
0
0
0
0
0
0
0
0
0
0
0
0
2.631641e+08
2.670053e+08
2.72299e+08
2.792306e+08
2.880027e+08
0
0
0
0
0
0
0
0
0
0
0
0
0
0
0
0
0
0
0
0
2.541434e+08
2.578026e+08
2.628567e+08
2.694654e+08
2.778194e+08
0
0
0
0
0
0
0
0
0
0
0
0
0
0
0
0
0
0
0
0
2.454348e+08
2.489251e+08
2.537409e+08
2.600454e+08
2.680034e+08
0
0
0
0
0
0
0
0
0
0
0
0
0
0
0
0
0
0
0
0
2.371775e+08
2.40496e+08
2.450926e+08
2.511024e+08
2.586932e+08
0
0
0
0
0
0
0
0
0
0
0
0
0
0
0
0
0
0
0
0
2.293963e+08
2.325571e+08
2.369365e+08
2.426763e+08
2.499162e+08
0
0
0
0
0
0
0
0
0
0
0
0
0
0
0
0
0
0
0
0
2.220866e+08
2.250684e+08
2.29248e+08
2.347238e+08
2.416416e+08
0
0
0
0
0
0
0
0
0
0
0
0
0
0
0
0
0
0
0
0
2.151523e+08
2.179705e+08
2.219323e+08
2.271634e+08
2.337675e+08
0
0
0
0
0
0
0
0
0
0
0
0
0
0
0
0
0
0
0
0
2.085462e+08
2.111108e+08
2.148691e+08
2.198384e+08
2.261471e+08
0
0
0
0
0
0
0
0
0
0
0
0
0
0
0
0
0
0
0
0
2.020533e+08
2.043878e+08
2.078565e+08
2.125737e+08
2.185665e+08
0
0
0
0
0
0
0
0
0
0
0
0
0
0
0
0
0
0
0
0
1.957828e+08
1.976653e+08
2.008575e+08
2.052385e+08
2.109182e+08
0
0
0
0
0
0
0
0
0
0
1.899561e+08
1.913581e+08
1.940725e+08
1.981275e+08
2.034229e+08
0
0
0
0
0
0
0
0
0
0
1.85304e+08
1.857474e+08
1.879469e+08
1.914982e+08
1.964236e+08
0
0
0
0
0
0
0
0
0
0
1.821219e+08
1.814264e+08
1.826704e+08
1.85677e+08
1.900743e+08
0
0
0
0
0
0
0
0
0
0
1.786318e+08
1.787309e+08
1.807794e+08
1.846073e+08
0
0
0
0
0
0
0
0
0
0
3.091654e+08
3.139065e+08
3.204701e+08
3.291145e+08
3.401365e+08
0
0
0
0
0
0
0
0
0
0
2.984271e+08
3.029677e+08
3.092417e+08
3.174857e+08
3.279645e+08
0
0
0
0
0
0
0
0
0
0
2.887132e+08
2.930609e+08
2.990701e+08
3.069547e+08
3.169617e+08
0
0
0
0
0
0
0
0
0
0
2.797646e+08
2.839395e+08
2.89696e+08
2.972501e+08
3.068249e+08
0
0
0
0
0
0
0
0
0
0
2.712523e+08
2.752609e+08
2.807845e+08
2.880186e+08
2.971873e+08
0
0
0
0
0
0
0
0
0
0
2.627804e+08
2.666239e+08
2.719161e+08
2.788418e+08
2.876033e+08
0
0
0
0
0
0
0
0
0
0
0
0
0
0
0
0
0
0
0
0
2.541398e+08
2.578051e+08
2.628651e+08
2.694792e+08
2.778381e+08
0
0
0
0
0
0
0
0
0
0
0
0
0
0
0
0
0
0
0
0
2.455498e+08
2.490455e+08
2.538676e+08
2.601792e+08
2.681453e+08
0
0
0
0
0
0
0
0
0
0
0
0
0
0
0
0
0
0
0
0
2.372627e+08
2.405843e+08
2.451844e+08
2.511985e+08
2.587944e+08
0
0
0
0
0
0
0
0
0
0
0
0
0
0
0
0
0
0
0
0
2.293963e+08
2.325571e+08
2.369365e+08
2.426763e+08
2.499162e+08
0
0
0
0
0
0
0
0
0
0
0
0
0
0
0
0
0
0
0
0
2.220099e+08
2.249888e+08
2.291652e+08
2.34637e+08
2.415503e+08
0
0
0
0
0
0
0
0
0
0
0
0
0
0
0
0
0
0
0
0
2.150615e+08
2.178755e+08
2.218317e+08
2.270567e+08
2.336539e+08
0
0
0
0
0
0
0
0
0
0
0
0
0
0
0
0
0
0
0
0
2.085658e+08
2.111243e+08
2.148784e+08
2.198424e+08
2.261461e+08
0
0
0
0
0
0
0
0
0
0
0
0
0
0
0
0
0
0
0
0
2.023545e+08
2.046897e+08
2.08156e+08
2.128755e+08
2.188716e+08
0
0
0
0
0
0
0
0
0
0
0
0
0
0
0
0
0
0
0
0
1.964803e+08
1.983622e+08
2.01565e+08
2.059564e+08
2.116556e+08
0
0
0
0
0
0
0
0
0
0
0
0
0
0
0
0
0
0
0
0
1.90832e+08
1.922485e+08
1.949711e+08
1.990475e+08
2.043668e+08
0
0
0
0
0
0
0
0
0
0
1.861198e+08
1.865645e+08
1.887817e+08
1.923474e+08
1.972992e+08
0
0
0
0
0
0
0
0
0
0
1.826983e+08
1.820243e+08
1.832734e+08
1.862966e+08
1.907093e+08
0
0
0
0
0
0
0
0
0
0
1.789184e+08
1.790299e+08
1.810833e+08
1.849221e+08
0
0
0
0
0
0
0
0
0
0
1.762855e+08
1.771903e+08
1.800526e+08
0
0
0
0
0
0
0
0
0
0
2.978488e+08
3.023801e+08
3.086393e+08
3.168608e+08
3.273103e+08
0
0
0
0
0
0
0
0
0
0
2.87659e+08
2.919922e+08
2.979773e+08
3.058264e+08
3.157826e+08
0
0
0
0
0
0
0
0
0
0
2.784293e+08
2.825872e+08
2.883148e+08
2.95826e+08
3.053411e+08
0
0
0
0
0
0
0
0
0
0
2.699213e+08
2.739157e+08
2.794126e+08
2.866057e+08
2.957172e+08
0
0
0
0
0
0
0
0
0
0
2.618224e+08
2.6566e+08
2.70937e+08
2.778368e+08
2.865606e+08
0
0
0
0
0
0
0
0
0
0
2.537691e+08
2.574371e+08
2.624964e+08
2.691058e+08
2.774553e+08
0
0
0
0
0
0
0
0
0
0
0
0
0
0
0
0
0
0
0
0
2.455437e+08
2.490452e+08
2.538731e+08
2.601904e+08
2.681616e+08
0
0
0
0
0
0
0
0
0
0
0
0
0
0
0
0
0
0
0
0
2.373709e+08
2.40698e+08
2.453041e+08
2.513251e+08
2.589288e+08
0
0
0
0
0
0
0
0
0
0
0
0
0
0
0
0
0
0
0
0
2.294771e+08
2.326408e+08
2.370238e+08
2.427676e+08
2.500123e+08
0
0
0
0
0
0
0
0
0
0
0
0
0
0
0
0
0
0
0
0
2.220099e+08
2.249888e+08
2.291652e+08
2.34637e+08
2.415503e+08
0
0
0
0
0
0
0
0
0
0
0
0
0
0
0
0
0
0
0
0
2.149884e+08
2.178001e+08
2.21753e+08
2.269743e+08
2.335671e+08
0
0
0
0
0
0
0
0
0
0
0
0
0
0
0
0
0
0
0
0
2.084808e+08
2.110343e+08
2.147839e+08
2.197418e+08
2.26039e+08
0
0
0
0
0
0
0
0
0
0
0
0
0
0
0
0
0
0
0
0
2.023733e+08
2.047066e+08
2.081672e+08
2.128827e+08
2.188737e+08
0
0
0
0
0
0
0
0
0
0
0
0
0
0
0
0
0
0
0
0
1.967751e+08
1.986533e+08
2.018588e+08
2.062499e+08
2.119536e+08
0
0
0
0
0
0
0
0
0
0
0
0
0
0
0
0
0
0
0
0
1.914969e+08
1.929262e+08
1.95653e+08
1.99745e+08
2.050799e+08
0
0
0
0
0
0
0
0
0
0
0
0
0
0
0
0
0
0
0
0
1.869712e+08
1.874172e+08
1.896542e+08
1.932343e+08
1.982138e+08
0
0
0
0
0
0
0
0
0
0
1.834616e+08
1.828192e+08
1.840748e+08
1.871209e+08
1.915536e+08
0
0
0
0
0
0
0
0
0
0
1.794804e+08
1.796166e+08
1.816788e+08
1.855382e+08
0
0
0
0
0
0
0
0
0
0
1.765666e+08
1.774856e+08
1.803548e+08
0
0
0
0
0
0
0
0
0
0
1.747734e+08
1.764837e+08
0
0
0
0
0
0
0
0
0
0
2.871085e+08
2.914332e+08
2.974048e+08
3.052343e+08
3.151628e+08
0
0
0
0
0
0
0
0
0
0
2.774229e+08
2.815674e+08
2.872728e+08
2.947515e+08
3.042216e+08
0
0
0
0
0
0
0
0
0
0
2.686444e+08
2.726236e+08
2.780938e+08
2.852473e+08
2.943039e+08
0
0
0
0
0
0
0
0
0
0
2.605474e+08
2.643726e+08
2.696253e+08
2.764874e+08
2.851583e+08
0
0
0
0
0
0
0
0
0
0
2.528488e+08
2.565117e+08
2.615577e+08
2.681437e+08
2.764586e+08
0
0
0
0
0
0
0
0
0
0
2.451853e+08
2.486893e+08
2.53517e+08
2.598306e+08
2.677939e+08
0
0
0
0
0
0
0
0
0
0
0
0
0
0
0
0
0
0
0
0
2.37362e+08
2.406951e+08
2.453067e+08
2.513333e+08
2.589424e+08
0
0
0
0
0
0
0
0
0
0
0
0
0
0
0
0
0
0
0
0
2.295792e+08
2.32748e+08
2.371369e+08
2.428872e+08
2.501395e+08
0
0
0
0
0
0
0
0
0
0
0
0
0
0
0
0
0
0
0
0
2.220866e+08
2.250684e+08
2.29248e+08
2.347238e+08
2.416416e+08
0
0
0
0
0
0
0
0
0
0
0
0
0
0
0
0
0
0
0
0
2.149884e+08
2.178001e+08
2.21753e+08
2.269743e+08
2.335671e+08
0
0
0
0
0
0
0
0
0
0
0
0
0
0
0
0
0
0
0
0
2.084116e+08
2.109624e+08
2.147093e+08
2.196635e+08
2.259566e+08
0
0
0
0
0
0
0
0
0
0
0
0
0
0
0
0
0
0
0
0
2.022913e+08
2.046224e+08
2.080776e+08
2.127881e+08
2.187726e+08
0
0
0
0
0
0
0
0
0
0
0
0
0
0
0
0
0
0
0
0
1.967961e+08
1.986697e+08
2.018734e+08
2.062591e+08
2.119591e+08
0
0
0
0
0
0
0
0
0
0
0
0
0
0
0
0
0
0
0
0
1.917744e+08
1.932113e+08
1.959364e+08
2.00033e+08
2.053699e+08
0
0
0
0
0
0
0
0
0
0
0
0
0
0
0
0
0
0
0
0
1.876169e+08
1.880635e+08
1.903176e+08
1.939067e+08
1.989068e+08
0
0
0
0
0
0
0
0
0
0
0
0
0
0
0
0
0
0
0
0
1.842509e+08
1.836483e+08
1.849106e+08
1.879822e+08
1.924355e+08
0
0
0
0
0
0
0
0
0
0
1.802242e+08
1.803964e+08
1.824703e+08
1.863578e+08
0
0
0
0
0
0
0
0
0
0
1.77118e+08
1.780651e+08
1.80947e+08
0
0
0
0
0
0
0
0
0
0
1.75051e+08
1.767774e+08
0
0
0
0
0
0
0
0
0
0
1.740804e+08
0
0
0
0
0
0
0
0
0
0
2.768981e+08
2.810348e+08
2.867278e+08
2.941885e+08
3.036342e+08
0
0
0
0
0
0
0
0
0
0
2.676821e+08
2.716493e+08
2.770989e+08
2.842223e+08
2.932376e+08
0
0
0
0
0
0
0
0
0
0
2.593244e+08
2.63136e+08
2.683644e+08
2.751897e+08
2.838099e+08
0
0
0
0
0
0
0
0
0
0
2.516256e+08
2.552774e+08
2.603015e+08
2.668531e+08
2.75119e+08
0
0
0
0
0
0
0
0
0
0
2.443002e+08
2.477995e+08
2.526153e+08
2.589079e+08
2.668396e+08
0
0
0
0
0
0
0
0
0
0
2.370142e+08
2.403506e+08
2.449621e+08
2.509856e+08
2.585879e+08
0
0
0
0
0
0
0
0
0
0
0
0
0
0
0
0
0
0
0
0
2.295676e+08
2.327421e+08
2.371368e+08
2.428923e+08
2.501499e+08
0
0
0
0
0
0
0
0
0
0
0
0
0
0
0
0
0
0
0
0
2.221825e+08
2.251694e+08
2.293546e+08
2.348369e+08
2.417618e+08
0
0
0
0
0
0
0
0
0
0
0
0
0
0
0
0
0
0
0
0
2.150615e+08
2.178755e+08
2.218317e+08
2.270567e+08
2.336539e+08
0
0
0
0
0
0
0
0
0
0
0
0
0
0
0
0
0
0
0
0
2.084116e+08
2.109624e+08
2.147093e+08
2.196635e+08
2.259566e+08
0
0
0
0
0
0
0
0
0
0
0
0
0
0
0
0
0
0
0
0
2.022246e+08
2.045543e+08
2.080064e+08
2.127139e+08
2.186943e+08
0
0
0
0
0
0
0
0
0
0
0
0
0
0
0
0
0
0
0
0
1.967186e+08
1.985885e+08
2.017896e+08
2.061694e+08
2.11864e+08
0
0
0
0
0
0
0
0
0
0
0
0
0
0
0
0
0
0
0
0
1.917893e+08
1.9323e+08
1.959506e+08
2.000457e+08
2.053774e+08
0
0
0
0
0
0
0
0
0
0
0
0
0
0
0
0
0
0
0
0
1.878866e+08
1.88332e+08
1.905953e+08
1.941846e+08
1.991914e+08
0
0
0
0
0
0
0
0
0
0
0
0
0
0
0
0
0
0
0
0
1.848365e+08
1.84276e+08
1.855434e+08
1.886364e+08
1.931036e+08
0
0
0
0
0
0
0
0
0
0
0
0
0
0
0
0
0
0
0
0
1.809928e+08
1.812092e+08
1.832955e+08
1.872144e+08
0
0
0
0
0
0
0
0
0
0
1.778477e+08
1.788352e+08
1.81734e+08
0
0
0
0
0
0
0
0
0
0
1.755958e+08
1.773537e+08
0
0
0
0
0
0
0
0
0
0
1.743564e+08
0
0
0
0
0
0
0
0
0
0
0
0
0
0
0
0
0
0
0
0
2.671812e+08
2.711414e+08
2.765793e+08
2.836861e+08
2.92679e+08
0
0
0
0
0
0
0
0
0
0
2.58403e+08
2.622038e+08
2.674134e+08
2.742106e+08
2.827925e+08
0
0
0
0
0
0
0
0
0
0
2.504528e+08
2.540923e+08
2.590943e+08
2.65612e+08
2.738307e+08
0
0
0
0
0
0
0
0
0
0
2.431257e+08
2.466146e+08
2.514104e+08
2.576715e+08
2.655581e+08
0
0
0
0
0
0
0
0
0
0
2.361611e+08
2.394943e+08
2.440945e+08
2.500989e+08
2.576725e+08
0
0
0
0
0
0
0
0
0
0
2.292298e+08
2.324075e+08
2.368029e+08
2.425556e+08
2.498072e+08
0
0
0
0
0
0
0
0
0
0
0
0
0
0
0
0
0
0
0
0
2.221679e+08
2.251607e+08
2.293514e+08
2.348392e+08
2.417691e+08
0
0
0
0
0
0
0
0
0
0
0
0
0
0
0
0
0
0
0
0
2.151523e+08
2.179705e+08
2.219323e+08
2.271634e+08
2.337675e+08
0
0
0
0
0
0
0
0
0
0
0
0
0
0
0
0
0
0
0
0
2.084808e+08
2.110343e+08
2.147839e+08
2.197418e+08
2.26039e+08
0
0
0
0
0
0
0
0
0
0
0
0
0
0
0
0
0
0
0
0
2.022246e+08
2.045543e+08
2.080064e+08
2.127139e+08
2.186943e+08
0
0
0
0
0
0
0
0
0
0
0
0
0
0
0
0
0
0
0
0
1.966549e+08
1.985227e+08
2.017222e+08
2.060986e+08
2.117897e+08
0
0
0
0
0
0
0
0
0
0
0
0
0
0
0
0
0
0
0
0
1.917108e+08
1.931532e+08
1.958697e+08
1.999618e+08
2.052873e+08
0
0
0
0
0
0
0
0
0
0
0
0
0
0
0
0
0
0
0
0
1.879012e+08
1.883448e+08
1.906119e+08
1.94197e+08
1.992026e+08
0
0
0
0
0
0
0
0
0
0
0
0
0
0
0
0
0
0
0
0
1.850641e+08
1.845371e+08
1.85805e+08
1.88909e+08
1.933783e+08
0
0
0
0
0
0
0
0
0
0
0
0
0
0
0
0
0
0
0
0
1.815622e+08
1.818239e+08
1.839197e+08
1.878645e+08
0
0
0
0
0
0
0
0
0
0
0
0
0
0
0
0
0
0
0
0
1.786012e+08
1.796378e+08
1.825547e+08
0
0
0
0
0
0
0
0
0
0
1.763165e+08
1.781196e+08
0
0
0
0
0
0
0
0
0
0
1.748981e+08
0
0
0
0
0
0
0
0
0
0
0
0
0
0
0
0
0
0
0
0
0
0
0
0
0
0
0
0
0
2.579242e+08
2.617185e+08
2.669176e+08
2.736994e+08
2.822604e+08
0
0
0
0
0
0
0
0
0
0
2.495694e+08
2.53199e+08
2.581837e+08
2.646757e+08
2.728587e+08
0
0
0
0
0
0
0
0
0
0
2.419999e+08
2.454773e+08
2.502526e+08
2.564827e+08
2.643258e+08
0
0
0
0
0
0
0
0
0
0
2.350311e+08
2.383558e+08
2.429372e+08
2.489124e+08
2.564446e+08
0
0
0
0
0
0
0
0
0
0
2.284069e+08
2.315815e+08
2.359675e+08
2.417022e+08
2.489273e+08
0
0
0
0
0
0
0
0
0
0
2.218389e+08
2.248354e+08
2.290268e+08
2.345128e+08
2.41437e+08
0
0
0
0
0
0
0
0
0
0
0
0
0
0
0
0
0
0
0
0
2.151361e+08
2.179587e+08
2.219261e+08
2.271624e+08
2.337718e+08
0
0
0
0
0
0
0
0
0
0
0
0
0
0
0
0
0
0
0
0
2.085658e+08
2.111243e+08
2.148784e+08
2.198424e+08
2.261461e+08
0
0
0
0
0
0
0
0
0
0
0
0
0
0
0
0
0
0
0
0
2.022913e+08
2.046224e+08
2.080776e+08
2.127881e+08
2.187726e+08
0
0
0
0
0
0
0
0
0
0
0
0
0
0
0
0
0
0
0
0
1.966549e+08
1.985227e+08
2.017222e+08
2.060986e+08
2.117897e+08
0
0
0
0
0
0
0
0
0
0
0
0
0
0
0
0
0
0
0
0
1.916474e+08
1.930904e+08
1.958047e+08
1.998947e+08
2.052164e+08
0
0
0
0
0
0
0
0
0
0
0
0
0
0
0
0
0
0
0
0
1.878248e+08
1.88267e+08
1.905354e+08
1.941161e+08
1.991181e+08
0
0
0
0
0
0
0
0
0
0
0
0
0
0
0
0
0
0
0
0
1.85053e+08
1.845496e+08
1.858159e+08
1.889238e+08
1.933892e+08
0
0
0
0
0
0
0
0
0
0
0
0
0
0
0
0
0
0
0
0
1.817822e+08
1.820782e+08
1.841764e+08
1.88134e+08
0
0
0
0
0
0
0
0
0
0
0
0
0
0
0
0
0
0
0
0
1.791587e+08
1.802442e+08
1.83175e+08
0
0
0
0
0
0
0
0
0
0
0
0
0
0
0
0
0
0
0
0
1.770606e+08
1.789178e+08
0
0
0
0
0
0
0
0
0
0
1.756149e+08
0
0
0
0
0
0
0
0
0
0
0
0
0
0
0
0
0
0
0
0
0
0
0
0
0
0
0
0
0
0
0
0
0
0
0
0
0
2.491111e+08
2.527348e+08
2.577099e+08
2.641877e+08
2.723512e+08
0
0
0
0
0
0
0
0
0
0
2.411522e+08
2.446203e+08
2.493798e+08
2.55586e+08
2.633961e+08
0
0
0
0
0
0
0
0
0
0
2.339485e+08
2.372634e+08
2.418257e+08
2.477721e+08
2.55264e+08
0
0
0
0
0
0
0
0
0
0
2.273189e+08
2.304854e+08
2.348549e+08
2.405622e+08
2.477489e+08
0
0
0
0
0
0
0
0
0
0
2.210433e+08
2.240381e+08
2.282205e+08
2.336906e+08
2.4059e+08
0
0
0
0
0
0
0
0
0
0
2.148168e+08
2.176416e+08
2.216104e+08
2.268449e+08
2.334499e+08
0
0
0
0
0
0
0
0
0
0
0
0
0
0
0
0
0
0
0
0
2.085462e+08
2.111108e+08
2.148691e+08
2.198384e+08
2.261471e+08
0
0
0
0
0
0
0
0
0
0
0
0
0
0
0
0
0
0
0
0
2.023733e+08
2.047066e+08
2.081672e+08
2.128827e+08
2.188737e+08
0
0
0
0
0
0
0
0
0
0
0
0
0
0
0
0
0
0
0
0
1.967186e+08
1.985885e+08
2.017896e+08
2.061694e+08
2.11864e+08
0
0
0
0
0
0
0
0
0
0
0
0
0
0
0
0
0
0
0
0
1.916474e+08
1.930904e+08
1.958047e+08
1.998947e+08
2.052164e+08
0
0
0
0
0
0
0
0
0
0
0
0
0
0
0
0
0
0
0
0
1.877631e+08
1.882046e+08
1.904733e+08
1.940513e+08
1.99051e+08
0
0
0
0
0
0
0
0
0
0
0
0
0
0
0
0
0
0
0
0
1.849622e+08
1.84474e+08
1.857385e+08
1.888473e+08
1.933078e+08
0
0
0
0
0
0
0
0
0
0
0
0
0
0
0
0
0
0
0
0
1.817698e+08
1.82089e+08
1.841857e+08
1.881474e+08
0
0
0
0
0
0
0
0
0
0
0
0
0
0
0
0
0
0
0
0
1.793729e+08
1.804939e+08
1.834288e+08
0
0
0
0
0
0
0
0
0
0
0
0
0
0
0
0
0
0
0
0
1.776104e+08
1.795205e+08
0
0
0
0
0
0
0
0
0
0
0
0
0
0
0
0
0
0
0
0
1.763549e+08
0
0
0
0
0
0
0
0
0
0
0
0
0
0
0
0
0
0
0
0
0
0
0
0
0
0
0
0
0
0
0
0
0
0
0
0
0
0
0
0
0
0
0
0
2.407132e+08
2.441758e+08
2.489263e+08
2.551194e+08
2.629115e+08
0
0
0
0
0
0
0
0
0
0
2.331336e+08
2.364405e+08
2.409878e+08
2.469121e+08
2.543735e+08
0
0
0
0
0
0
0
0
0
0
2.262771e+08
2.294343e+08
2.337868e+08
2.39467e+08
2.466161e+08
0
0
0
0
0
0
0
0
0
0
2.199939e+08
2.229821e+08
2.271489e+08
2.325944e+08
2.394575e+08
0
0
0
0
0
0
0
0
0
0
2.140487e+08
2.168703e+08
2.208316e+08
2.260512e+08
2.326337e+08
0
0
0
0
0
0
0
0
0
0
2.082336e+08
2.108027e+08
2.14561e+08
2.195294e+08
2.258338e+08
0
0
0
0
0
0
0
0
0
0
0
0
0
0
0
0
0
0
0
0
2.023545e+08
2.046897e+08
2.08156e+08
2.128755e+08
2.188716e+08
0
0
0
0
0
0
0
0
0
0
0
0
0
0
0
0
0
0
0
0
1.967961e+08
1.986697e+08
2.018734e+08
2.062591e+08
2.119591e+08
0
0
0
0
0
0
0
0
0
0
0
0
0
0
0
0
0
0
0
0
1.917108e+08
1.931532e+08
1.958697e+08
1.999618e+08
2.052873e+08
0
0
0
0
0
0
0
0
0
0
0
0
0
0
0
0
0
0
0
0
1.877631e+08
1.882046e+08
1.904733e+08
1.940513e+08
1.99051e+08
0
0
0
0
0
0
0
0
0
0
0
0
0
0
0
0
0
0
0
0
1.84894e+08
1.844132e+08
1.856767e+08
1.887854e+08
1.93243e+08
0
0
0
0
0
0
0
0
0
0
0
0
0
0
0
0
0
0
0
0
1.816801e+08
1.820137e+08
1.841083e+08
1.880703e+08
0
0
0
0
0
0
0
0
0
0
0
0
0
0
0
0
0
0
0
0
1.793592e+08
1.805031e+08
1.834368e+08
0
0
0
0
0
0
0
0
0
0
0
0
0
0
0
0
0
0
0
0
1.778205e+08
1.797673e+08
0
0
0
0
0
0
0
0
0
0
0
0
0
0
0
0
0
0
0
0
1.769013e+08
0
0
0
0
0
0
0
0
0
0
0
0
0
0
0
0
0
0
0
0
0
0
0
0
0
0
0
0
0
0
0
0
0
0
0
0
0
0
0
0
0
0
0
0
0
0
0
0
0
0
0
0
0
0
0
0
0
0
0
0
2.327124e+08
2.360144e+08
2.405533e+08
2.464654e+08
2.539101e+08
0
0
0
0
0
0
0
0
0
0
2.254932e+08
2.286428e+08
2.329819e+08
2.386413e+08
2.45762e+08
0
0
0
0
0
0
0
0
0
0
2.189896e+08
2.2197e+08
2.261206e+08
2.315415e+08
2.383694e+08
0
0
0
0
0
0
0
0
0
0
2.130369e+08
2.158511e+08
2.197987e+08
2.249949e+08
2.315445e+08
0
0
0
0
0
0
0
0
0
0
2.074884e+08
2.100576e+08
2.138073e+08
2.187625e+08
2.250457e+08
0
0
0
0
0
0
0
0
0
0
2.020533e+08
2.043878e+08
2.078565e+08
2.125737e+08
2.185665e+08
0
0
0
0
0
0
0
0
0
0
0
0
0
0
0
0
0
0
0
0
1.967751e+08
1.986533e+08
2.018588e+08
2.062499e+08
2.119536e+08
0
0
0
0
0
0
0
0
0
0
0
0
0
0
0
0
0
0
0
0
1.917893e+08
1.9323e+08
1.959506e+08
2.000457e+08
2.053774e+08
0
0
0
0
0
0
0
0
0
0
0
0
0
0
0
0
0
0
0
0
1.878248e+08
1.88267e+08
1.905354e+08
1.941161e+08
1.991181e+08
0
0
0
0
0
0
0
0
0
0
0
0
0
0
0
0
0
0
0
0
1.84894e+08
1.844132e+08
1.856767e+08
1.887854e+08
1.93243e+08
0
0
0
0
0
0
0
0
0
0
0
0
0
0
0
0
0
0
0
0
1.816131e+08
1.819536e+08
1.840468e+08
1.880085e+08
0
0
0
0
0
0
0
0
0
0
0
0
0
0
0
0
0
0
0
0
1.792702e+08
1.804278e+08
1.83359e+08
0
0
0
0
0
0
0
0
0
0
0
0
0
0
0
0
0
0
0
0
1.778055e+08
1.797752e+08
0
0
0
0
0
0
0
0
0
0
0
0
0
0
0
0
0
0
0
0
1.771088e+08
0
0
0
0
0
0
0
0
0
0
0
0
0
0
0
0
0
0
0
0
0
0
0
0
0
0
0
0
0
0
0
0
0
0
0
0
0
0
0
0
0
0
0
0
0
0
0
0
0
0
0
0
0
0
0
0
0
0
0
0
0
0
0
0
0
0
0
0
0
0
0
0
0
0
0
2.250887e+08
2.282338e+08
2.325652e+08
2.382132e+08
2.453184e+08
0
0
0
0
0
0
0
0
0
0
2.182344e+08
2.212082e+08
2.253461e+08
2.307481e+08
2.375492e+08
0
0
0
0
0
0
0
0
0
0
2.120691e+08
2.148749e+08
2.188082e+08
2.239811e+08
2.304984e+08
0
0
0
0
0
0
0
0
0
0
2.065092e+08
2.090744e+08
2.1281e+08
2.177441e+08
2.239961e+08
0
0
0
0
0
0
0
0
0
0
2.013357e+08
2.036644e+08
2.07128e+08
2.118313e+08
2.178049e+08
0
0
0
0
0
0
0
0
0
0
1.964803e+08
1.983622e+08
2.01565e+08
2.059564e+08
2.116556e+08
0
0
0
0
0
0
0
0
0
0
0
0
0
0
0
0
0
0
0
0
1.917744e+08
1.932113e+08
1.959364e+08
2.00033e+08
2.053699e+08
0
0
0
0
0
0
0
0
0
0
0
0
0
0
0
0
0
0
0
0
1.879012e+08
1.883448e+08
1.906119e+08
1.94197e+08
1.992026e+08
0
0
0
0
0
0
0
0
0
0
0
0
0
0
0
0
0
0
0
0
1.849622e+08
1.84474e+08
1.857385e+08
1.888473e+08
1.933078e+08
0
0
0
0
0
0
0
0
0
0
0
0
0
0
0
0
0
0
0
0
1.816131e+08
1.819536e+08
1.840468e+08
1.880085e+08
0
0
0
0
0
0
0
0
0
0
0
0
0
0
0
0
0
0
0
0
1.792039e+08
1.80368e+08
1.832975e+08
0
0
0
0
0
0
0
0
0
0
0
0
0
0
0
0
0
0
0
0
1.777167e+08
1.796996e+08
0
0
0
0
0
0
0
0
0
0
0
0
0
0
0
0
0
0
0
0
1.770927e+08
0
0
0
0
0
0
0
0
0
0
0
0
0
0
0
0
0
0
0
0
0
0
0
0
0
0
0
0
0
0
0
0
0
0
0
0
0
0
0
0
0
0
0
0
0
0
0
0
0
0
0
0
0
0
0
0
0
0
0
0
0
0
0
0
0
0
0
0
0
0
0
0
0
0
0
0
0
0
0
0
0
0
0
0
0
0
0
0
0
2.178454e+08
2.208152e+08
2.249459e+08
2.303374e+08
2.371239e+08
0
0
0
0
0
0
0
0
0
0
2.113414e+08
2.141405e+08
2.180624e+08
2.232174e+08
2.2971e+08
0
0
0
0
0
0
0
0
0
0
2.055733e+08
2.081331e+08
2.118542e+08
2.167671e+08
2.229886e+08
0
0
0
0
0
0
0
0
0
0
2.003927e+08
2.027123e+08
2.061655e+08
2.108476e+08
2.167927e+08
0
0
0
0
0
0
0
0
0
0
1.957828e+08
1.976653e+08
2.008575e+08
2.052385e+08
2.109182e+08
0
0
0
0
0
0
0
0
0
0
1.914969e+08
1.929262e+08
1.95653e+08
1.99745e+08
2.050799e+08
0
0
0
0
0
0
0
0
0
0
0
0
0
0
0
0
0
0
0
0
1.878866e+08
1.88332e+08
1.905953e+08
1.941846e+08
1.991914e+08
0
0
0
0
0
0
0
0
0
0
0
0
0
0
0
0
0
0
0
0
1.85053e+08
1.845496e+08
1.858159e+08
1.889238e+08
1.933892e+08
0
0
0
0
0
0
0
0
0
0
0
0
0
0
0
0
0
0
0
0
1.816801e+08
1.820137e+08
1.841083e+08
1.880703e+08
0
0
0
0
0
0
0
0
0
0
0
0
0
0
0
0
0
0
0
0
1.792039e+08
1.80368e+08
1.832975e+08
0
0
0
0
0
0
0
0
0
0
0
0
0
0
0
0
0
0
0
0
1.776508e+08
1.796397e+08
0
0
0
0
0
0
0
0
0
0
0
0
0
0
0
0
0
0
0
0
1.770036e+08
0
0
0
0
0
0
0
0
0
0
0
0
0
0
0
0
0
0
0
0
0
0
0
0
0
0
0
0
0
0
0
0
0
0
0
0
0
0
0
0
0
0
0
0
0
0
0
0
0
0
0
0
0
0
0
0
0
0
0
0
0
0
0
0
0
0
0
0
0
0
0
0
0
0
0
0
0
0
0
0
0
0
0
0
0
0
0
0
0
0
0
0
0
0
0
0
0
0
0
0
0
0
2.109673e+08
2.137624e+08
2.176777e+08
2.228228e+08
2.293021e+08
0
0
0
0
0
0
0
0
0
0
2.048701e+08
2.074252e+08
2.111349e+08
2.160315e+08
2.222297e+08
0
0
0
0
0
0
0
0
0
0
1.994912e+08
2.018017e+08
2.052436e+08
2.099048e+08
2.158218e+08
0
0
0
0
0
0
0
0
0
0
1.948679e+08
1.96748e+08
1.999251e+08
2.04289e+08
2.099405e+08
0
0
0
0
0
0
0
0
0
0
1.90832e+08
1.922485e+08
1.949711e+08
1.990475e+08
2.043668e+08
0
0
0
0
0
0
0
0
0
0
1.876169e+08
1.880635e+08
1.903176e+08
1.939067e+08
1.989068e+08
0
0
0
0
0
0
0
0
0
0
0
0
0
0
0
0
0
0
0
0
1.850641e+08
1.845371e+08
1.85805e+08
1.88909e+08
1.933783e+08
0
0
0
0
0
0
0
0
0
0
0
0
0
0
0
0
0
0
0
0
1.817698e+08
1.82089e+08
1.841857e+08
1.881474e+08
0
0
0
0
0
0
0
0
0
0
0
0
0
0
0
0
0
0
0
0
1.792702e+08
1.804278e+08
1.83359e+08
0
0
0
0
0
0
0
0
0
0
0
0
0
0
0
0
0
0
0
0
1.776508e+08
1.796397e+08
0
0
0
0
0
0
0
0
0
0
0
0
0
0
0
0
0
0
0
0
1.769377e+08
0
0
0
0
0
0
0
0
0
0
0
0
0
0
0
0
0
0
0
0
0
0
0
0
0
0
0
0
0
0
0
0
0
0
0
0
0
0
0
0
0
0
0
0
0
0
0
0
0
0
0
0
0
0
0
0
0
0
0
0
0
0
0
0
0
0
0
0
0
0
0
0
0
0
0
0
0
0
0
0
0
0
0
0
0
0
0
0
0
0
0
0
0
0
0
0
0
0
0
0
0
0
0
0
0
0
0
0
0
0
0
0
0
0
2.045092e+08
2.070613e+08
2.107647e+08
2.156522e+08
2.218377e+08
0
0
0
0
0
0
0
0
0
0
1.988138e+08
2.011172e+08
2.045499e+08
2.091951e+08
2.150907e+08
0
0
0
0
0
0
0
0
0
0
1.939937e+08
1.958705e+08
1.990328e+08
2.033793e+08
2.090033e+08
0
0
0
0
0
0
0
0
0
0
1.899561e+08
1.913581e+08
1.940725e+08
1.981275e+08
2.034229e+08
0
0
0
0
0
0
0
0
0
0
1.869712e+08
1.874172e+08
1.896542e+08
1.932343e+08
1.982138e+08
0
0
0
0
0
0
0
0
0
0
1.848365e+08
1.84276e+08
1.855434e+08
1.886364e+08
1.931036e+08
0
0
0
0
0
0
0
0
0
0
0
0
0
0
0
0
0
0
0
0
1.817822e+08
1.820782e+08
1.841764e+08
1.88134e+08
0
0
0
0
0
0
0
0
0
0
0
0
0
0
0
0
0
0
0
0
1.793592e+08
1.805031e+08
1.834368e+08
0
0
0
0
0
0
0
0
0
0
0
0
0
0
0
0
0
0
0
0
1.777167e+08
1.796996e+08
0
0
0
0
0
0
0
0
0
0
0
0
0
0
0
0
0
0
0
0
1.769377e+08
0
0
0
0
0
0
0
0
0
0
0
0
0
0
0
0
0
0
0
0
0
0
0
0
0
0
0
0
0
0
0
0
0
0
0
0
0
0
0
0
0
0
0
0
0
0
0
0
0
0
0
0
0
0
0
0
0
0
0
0
0
0
0
0
0
0
0
0
0
0
0
0
0
0
0
0
0
0
0
0
0
0
0
0
0
0
0
0
0
0
0
0
0
0
0
0
0
0
0
0
0
0
0
0
0
0
0
0
0
0
0
0
0
0
0
0
0
0
0
0
0
0
0
0
0
1.984667e+08
2.00766e+08
2.041935e+08
2.088299e+08
2.147138e+08
0
0
0
0
0
0
0
0
0
0
1.93337e+08
1.952107e+08
1.983619e+08
2.026947e+08
2.082979e+08
0
0
0
0
0
0
0
0
0
0
1.891173e+08
1.905068e+08
1.932123e+08
1.972468e+08
2.025185e+08
0
0
0
0
0
0
0
0
0
0
1.861198e+08
1.865645e+08
1.887817e+08
1.923474e+08
1.972992e+08
0
0
0
0
0
0
0
0
0
0
1.842509e+08
1.836483e+08
1.849106e+08
1.879822e+08
1.924355e+08
0
0
0
0
0
0
0
0
0
0
1.815622e+08
1.818239e+08
1.839197e+08
1.878645e+08
0
0
0
0
0
0
0
0
0
0
0
0
0
0
0
0
0
0
0
0
1.793729e+08
1.804939e+08
1.834288e+08
0
0
0
0
0
0
0
0
0
0
0
0
0
0
0
0
0
0
0
0
1.778055e+08
1.797752e+08
0
0
0
0
0
0
0
0
0
0
0
0
0
0
0
0
0
0
0
0
1.770036e+08
0
0
0
0
0
0
0
0
0
0
0
0
0
0
0
0
0
0
0
0
0
0
0
0
0
0
0
0
0
0
0
0
0
0
0
0
0
0
0
0
0
0
0
0
0
0
0
0
0
0
0
0
0
0
0
0
0
0
0
0
0
0
0
0
0
0
0
0
0
0
0
0
0
0
0
0
0
0
0
0
0
0
0
0
0
0
0
0
0
0
0
0
0
0
0
0
0
0
0
0
0
0
0
0
0
0
0
0
0
0
0
0
0
0
0
0
0
0
0
0
0
0
0
0
0
0
0
0
0
0
0
0
0
0
0
1.930011e+08
1.948729e+08
1.980178e+08
2.023431e+08
2.07935e+08
0
0
0
0
0
0
0
0
0
0
1.884866e+08
1.89867e+08
1.925654e+08
1.965846e+08
2.018381e+08
0
0
0
0
0
0
0
0
0
0
1.85304e+08
1.857474e+08
1.879469e+08
1.914982e+08
1.964236e+08
0
0
0
0
0
0
0
0
0
0
1.834616e+08
1.828192e+08
1.840748e+08
1.871209e+08
1.915536e+08
0
0
0
0
0
0
0
0
0
0
1.809928e+08
1.812092e+08
1.832955e+08
1.872144e+08
0
0
0
0
0
0
0
0
0
0
1.791587e+08
1.802442e+08
1.83175e+08
0
0
0
0
0
0
0
0
0
0
0
0
0
0
0
0
0
0
0
0
1.778205e+08
1.797673e+08
0
0
0
0
0
0
0
0
0
0
0
0
0
0
0
0
0
0
0
0
1.770927e+08
0
0
0
0
0
0
0
0
0
0
0
0
0
0
0
0
0
0
0
0
0
0
0
0
0
0
0
0
0
0
0
0
0
0
0
0
0
0
0
0
0
0
0
0
0
0
0
0
0
0
0
0
0
0
0
0
0
0
0
0
0
0
0
0
0
0
0
0
0
0
0
0
0
0
0
0
0
0
0
0
0
0
0
0
0
0
0
0
0
0
0
0
0
0
0
0
0
0
0
0
0
0
0
0
0
0
0
0
0
0
0
0
0
0
0
0
0
0
0
0
0
0
0
0
0
0
0
0
0
0
0
0
0
0
0
0
0
0
0
0
0
0
0
0
0
1.881644e+08
1.895399e+08
1.922343e+08
1.96245e+08
2.014886e+08
0
0
0
0
0
0
0
0
0
0
1.846906e+08
1.851327e+08
1.873194e+08
1.908596e+08
1.957651e+08
0
0
0
0
0
0
0
0
0
0
1.826983e+08
1.820243e+08
1.832734e+08
1.862966e+08
1.907093e+08
0
0
0
0
0
0
0
0
0
0
1.802242e+08
1.803964e+08
1.824703e+08
1.863578e+08
0
0
0
0
0
0
0
0
0
0
1.786012e+08
1.796378e+08
1.825547e+08
0
0
0
0
0
0
0
0
0
0
1.776104e+08
1.795205e+08
0
0
0
0
0
0
0
0
0
0
0
0
0
0
0
0
0
0
0
0
1.771088e+08
0
0
0
0
0
0
0
0
0
0
0
0
0
0
0
0
0
0
0
0
0
0
0
0
0
0
0
0
0
0
0
0
0
0
0
0
0
0
0
0
0
0
0
0
0
0
0
0
0
0
0
0
0
0
0
0
0
0
0
0
0
0
0
0
0
0
0
0
0
0
0
0
0
0
0
0
0
0
0
0
0
0
0
0
0
0
0
0
0
0
0
0
0
0
0
0
0
0
0
0
0
0
0
0
0
0
0
0
0
0
0
0
0
0
0
0
0
0
0
0
0
0
0
0
0
0
0
0
0
0
0
0
0
0
0
0
0
0
0
0
0
0
0
0
0
0
0
0
0
0
0
0
0
0
0
1.843776e+08
1.848189e+08
1.869988e+08
1.905327e+08
1.954276e+08
0
0
0
0
0
0
0
0
0
0
1.821219e+08
1.814264e+08
1.826704e+08
1.85677e+08
1.900743e+08
0
0
0
0
0
0
0
0
0
0
1.794804e+08
1.796166e+08
1.816788e+08
1.855382e+08
0
0
0
0
0
0
0
0
0
0
1.778477e+08
1.788352e+08
1.81734e+08
0
0
0
0
0
0
0
0
0
0
1.770606e+08
1.789178e+08
0
0
0
0
0
0
0
0
0
0
1.769013e+08
0
0
0
0
0
0
0
0
0
0
0
0
0
0
0
0
0
0
0
0
0
0
0
0
0
0
0
0
0
0
0
0
0
0
0
0
0
0
0
0
0
0
0
0
0
0
0
0
0
0
0
0
0
0
0
0
0
0
0
0
0
0
0
0
0
0
0
0
0
0
0
0
0
0
0
0
0
0
0
0
0
0
0
0
0
0
0
0
0
0
0
0
0
0
0
0
0
0
0
0
0
0
0
0
0
0
0
0
0
0
0
0
0
0
0
0
0
0
0
0
0
0
0
0
0
0
0
0
0
0
0
0
0
0
0
0
0
0
0
0
0
0
0
0
0
0
0
0
0
0
0
0
0
0
0
0
0
0
0
0
0
0
0
0
0
1.818277e+08
1.811215e+08
1.823627e+08
1.853604e+08
1.897494e+08
0
0
0
0
0
0
0
0
0
0
1.789184e+08
1.790299e+08
1.810833e+08
1.849221e+08
0
0
0
0
0
0
0
0
0
0
1.77118e+08
1.780651e+08
1.80947e+08
0
0
0
0
0
0
0
0
0
0
1.763165e+08
1.781196e+08
0
0
0
0
0
0
0
0
0
0
1.763549e+08
0
0
0
0
0
0
0
0
0
0
0
0
0
0
0
0
0
0
0
0
0
0
0
0
0
0
0
0
0
0
0
0
0
0
0
0
0
0
0
0
0
0
0
0
0
0
0
0
0
0
0
0
0
0
0
0
0
0
0
0
0
0
0
0
0
0
0
0
0
0
0
0
0
0
0
0
0
0
0
0
0
0
0
0
0
0
0
0
0
0
0
0
0
0
0
0
0
0
0
0
0
0
0
0
0
0
0
0
0
0
0
0
0
0
0
0
0
0
0
0
0
0
0
0
0
0
0
0
0
0
0
0
0
0
0
0
0
0
0
0
0
0
0
0
0
0
0
0
0
0
0
0
0
0
0
0
0
0
0
0
0
0
0
0
0
1.786318e+08
1.787309e+08
1.807794e+08
1.846073e+08
0
0
0
0
0
0
0
0
0
0
1.765666e+08
1.774856e+08
1.803548e+08
0
0
0
0
0
0
0
0
0
0
1.755958e+08
1.773537e+08
0
0
0
0
0
0
0
0
0
0
1.756149e+08
0
0
0
0
0
0
0
0
0
0
0
0
0
0
0
0
0
0
0
0
0
0
0
0
0
0
0
0
0
0
0
0
0
0
0
0
0
0
0
0
0
0
0
0
0
0
0
0
0
0
0
0
0
0
0
0
0
0
0
0
0
0
0
0
0
0
0
0
0
0
0
0
0
0
0
0
0
0
0
0
0
0
0
0
0
0
0
0
0
0
0
0
0
0
0
0
0
0
0
0
0
0
0
0
0
0
0
0
0
0
0
0
0
0
0
0
0
0
0
0
0
0
0
0
0
0
0
0
0
0
0
0
0
0
0
0
0
0
0
0
0
0
0
0
0
0
0
0
0
0
0
0
0
0
0
0
0
0
0
0
0
0
0
0
0
1.762855e+08
1.771903e+08
1.800526e+08
0
0
0
0
0
0
0
0
0
0
1.75051e+08
1.767774e+08
0
0
0
0
0
0
0
0
0
0
1.748981e+08
0
0
0
0
0
0
0
0
0
0
0
0
0
0
0
0
0
0
0
0
0
0
0
0
0
0
0
0
0
0
0
0
0
0
0
0
0
0
0
0
0
0
0
0
0
0
0
0
0
0
0
0
0
0
0
0
0
0
0
0
0
0
0
0
0
0
0
0
0
0
0
0
0
0
0
0
0
0
0
0
0
0
0
0
0
0
0
0
0
0
0
0
0
0
0
0
0
0
0
0
0
0
0
0
0
0
0
0
0
0
0
0
0
0
0
0
0
0
0
0
0
0
0
0
0
0
0
0
0
0
0
0
0
0
0
0
0
0
0
0
0
0
0
0
0
0
0
0
0
0
0
0
0
0
0
0
0
0
0
0
0
0
0
0
1.747734e+08
1.764837e+08
0
0
0
0
0
0
0
0
0
0
1.743564e+08
0
0
0
0
0
0
0
0
0
0
0
0
0
0
0
0
0
0
0
0
0
0
0
0
0
0
0
0
0
0
0
0
0
0
0
0
0
0
0
0
0
0
0
0
0
0
0
0
0
0
0
0
0
0
0
0
0
0
0
0
0
0
0
0
0
0
0
0
0
0
0
0
0
0
0
0
0
0
0
0
0
0
0
0
0
0
0
0
0
0
0
0
0
0
0
0
0
0
0
0
0
0
0
0
0
0
0
0
0
0
0
0
0
0
0
0
0
0
0
0
0
0
0
0
0
0
0
0
0
0
0
0
0
0
0
0
0
0
0
0
0
0
0
0
0
0
0
0
0
0
0
0
0
0
0
0
0
0
0
0
0
0
1.740804e+08
0
0
0
0
0
0
0
0
0
0
0
0
0
0
0
0
0
0
0
0
0
0
0
0
0
0
0
0
0
0
0
0
0
0
0
0
0
0
0
0
0
0
0
0
0
0
0
0
0
0
0
0
0
0
0
0
0
0
0
0
0
0
0
0
0
0
0
0
0
0
0
0
0
0
0
0
0
0
0
0
0
0
0
0
0
0
0
0
0
0
0
0
0
0
0
0
0
0
0
0
0
0
0
0
0
0
0
0
0
0
0
0
0
0
0
0
0
0
0
0
0
0
0
0
0
0
0
0
0
0
0
0
0
0
0
0
0
0
0
0
0
0
0
0
0
0
0
0
0
0
0
0
0
0
0
0
0
0
0
0
0
0
0
0
0
0
0
0
0
0
0
0
0
0
0
0
0
0
0
0
0
0
0
0
0
0
0
0
0
0
0
0
0
0
0
0
0
0
0
0
0
0
0
0
0
0
0
0
0
0
0
0
0
0
0
0
0
0
0
0
0
0
0
0
0
0
0
0
0
0
0
0
0
0
0
0
0
0
0
0
0
0
0
0
0
0
0
0
0
0
0
0
0
0
0
0
0
0
0
0
0
0
0
0
0
0
0
0
0
0
0
0
0
0
0
0
0
0
0
0
0
0
0
0
0
0
0
0
0
0
0
0
0
0
0
0
0
0
0
0
0
0
0
0
0
0
0
0
0
0
0
0
0
0
0
0
0
0
0
0
0
0
0
0
0
0
0
0
0
0
0
0
0
0
0
0
0
0
0
0
0
0
0
0
0
0
0
0
0
0
0
0
0
0
0
0
0
0
0
0
0
0
0
0
0
0
0
0
0
0
0
0
0
0
0
0
0
0
0
0
0
0
0
0
0
0
0
0
0
0
0
0
0
0
0
0
0
0
0
0
0
0
0
0
0
0
0
0
0
0
0
0
0
0
0
0
0
0
0
0
0
0
0
0
0
0
0
0
0
0
0
0
0
0
0
0
0
0
0
0
0
0
0
0
0
0
0
0
0
0
0
0
0
0
0
0
0
0
0
0
0
0
0
0
0
0
0
0
0
0
0
0
0
0
0
0
0
0
0
0
0
0
0
0
0
0
0
0
0
0
0
0
0
0
0
0
0
0
0
0
0
0
0
0
0
0
0
0
0
0
0
0
0
0
0
0
0
0
0
0
0
0
0
0
0
0
0
0
0
0
0
0
0
0
0
0
0
0
0
0
0
0
0
0
0
0
0
0
0
0
0
0
0
0
0
0
0
0
0
0
0
0
0
0
0
0
0
0
0
0
0
0
0
0
0
0
0
0
0
0
0
0
0
0
0
0
0
0
0
0
0
0
0
0
0
0
0
0
0
0
0
0
0
0
0
0
0
0
0
0
0
0
0
0
0
0
0
0
0
0
0
0
0
0
0
0
0
0
0
0
0
0
0
0
0
0
0
0
0
0
0
0
0
0
0
0
0
0
0
0
0
0
0
0
0
0
0
0
0
0
0
0
0
0
0
0
0
0
0
0
0
0
0
0
0
0
0
0
0
0
0
0
0
0
0
0
0
0
0
0
0
0
0
0
0
0
0
0
0
0
0
0
0
0
0
0
0
0
0
0
0
0
0
0
0
0
0
0
0
0
0
0
0
0
0
0
0
0
0
0
0
0
0
0
0
0
0
0
0
0
0
0
0
0
0
0
0
0
0
0
0
0
0
0
0
0
0
0
0
0
0
0
0
0
0
0
0
0
0
0
0
0
0
0
0
0
0
0
0
0
0
0
0
0
0
0
0
0
0
0
0
0
0
0
0
0
0
0
0
0
0
0
0
0
0
0
0
0
0
0
0
0
0
0
0
0
0
0
0
0
0
0
0
0
0
0
0
0
0
0
0
0
0
0
0
0
0
0
0
0
0
0
0
0
0
0
0
0
0
0
0
0
0
0
0
0
0
0
0
0
0
0
0
0
0
0
0
0
0
0
0
0
0
0
0
0
0
0
0
0
0
0
0
0
0
0
0
0
0
0
0
0
0
0
0
0
0
0
0
0
0
0
0
0
0
0
0
0
0
0
0
0
0
0
0
0
0
0
0
0
0
0
0
0
0
0
0
0
0
0
0
0
0
0
0
0
0
0
0
0
0
0
0
0
0
0
0
0
0
0
0
0
0
0
0
0
0
0
0
0
0
0
0
0
0
0
0
0
0
0
0
0
0
0
0
0
0
0
0
0
0
0
0
0
0
0
0
0
0
)
;

boundaryField
{
    anodeSides
    {
        type            calculated;
        value           uniform 0;
    }
    fuelInlet
    {
        type            calculated;
        value           uniform 0;
    }
    fuelOutlet
    {
        type            calculated;
        value           uniform 0;
    }
    fuel_to_electrolyte
    {
        type            calculated;
        value           uniform 0;
    }
    fuel_to_interconnect
    {
        type            calculated;
        value           uniform 0;
    }
}


// ************************************************************************* //
