/*--------------------------------*- C++ -*----------------------------------*\
| =========                 |                                                 |
| \\      /  F ield         | OpenFOAM: The Open Source CFD Toolbox           |
|  \\    /   O peration     | Version:  2306                                  |
|   \\  /    A nd           | Website:  www.openfoam.com                      |
|    \\/     M anipulation  |                                                 |
\*---------------------------------------------------------------------------*/
FoamFile
{
    version     2.0;
    format      ascii;
    arch        "LSB;label=32;scalar=64";
    class       volScalarField;
    location    "0.6/air";
    object      j;
}
// * * * * * * * * * * * * * * * * * * * * * * * * * * * * * * * * * * * * * //

dimensions      [0 -3 0 0 0 1 0];

internalField   nonuniform List<scalar> 
16000
(
0
0
0
0
0
0
0
0
0
0
0
0
0
0
0
0
0
0
0
0
0
0
0
0
0
0
0
0
0
0
0
0
0
0
0
0
0
0
0
0
0
0
0
0
0
0
0
0
0
0
0
0
0
0
0
0
0
0
0
0
0
0
0
0
0
0
0
0
0
0
0
0
0
0
0
0
0
0
0
0
0
0
0
0
0
0
0
0
0
0
0
0
0
0
0
0
0
0
0
0
0
0
0
0
0
0
0
0
0
0
0
0
0
0
0
0
0
0
0
0
0
0
0
0
0
0
0
0
0
0
0
0
0
0
0
0
0
0
0
0
0
0
0
0
0
0
0
0
0
0
0
0
0
0
0
0
0
0
0
0
0
0
0
0
0
0
0
0
0
0
0
0
0
0
0
0
0
0
0
0
0
0
0
0
0
0
0
0
0
0
0
0
0
0
0
0
0
0
0
0
0
0
0
0
0
0
0
0
0
0
0
0
0
0
0
0
0
0
0
0
0
0
0
0
0
0
0
0
0
0
0
0
0
0
0
0
0
0
0
0
0
0
0
0
0
0
0
0
0
0
0
0
0
0
0
0
0
0
0
0
0
0
0
0
0
0
0
0
0
0
0
0
0
0
0
0
0
0
0
0
0
0
0
0
0
0
0
0
0
0
0
0
0
0
0
0
0
0
0
0
0
0
0
0
0
0
0
0
0
0
0
0
0
0
0
0
0
0
0
0
0
0
0
0
0
0
0
0
0
0
0
0
0
0
0
0
0
0
0
0
0
0
0
0
0
0
0
0
0
0
0
0
0
0
0
0
0
0
0
0
0
0
0
0
0
0
0
0
0
0
0
0
0
0
0
0
0
0
0
0
0
0
0
0
0
0
0
0
0
0
0
0
0
0
0
0
0
0
0
0
0
0
0
0
0
0
0
0
0
0
0
0
0
0
0
0
0
0
0
0
0
0
0
0
0
0
0
0
0
0
0
0
0
0
0
0
0
0
0
0
0
0
0
0
0
0
0
0
0
0
0
0
0
0
0
0
0
0
0
0
0
0
0
0
0
0
0
0
0
0
0
0
0
0
0
0
0
0
0
0
0
0
0
0
0
0
0
0
0
0
0
0
0
0
0
0
0
0
0
0
0
0
0
0
0
0
0
0
0
0
0
0
0
0
0
0
0
0
0
0
0
0
0
0
0
0
0
0
0
0
0
0
0
0
0
0
0
0
0
0
0
0
0
0
0
0
0
0
0
0
0
0
0
0
0
0
0
0
0
0
0
0
0
0
0
0
0
0
0
0
0
0
0
0
0
0
0
0
0
0
0
0
0
0
0
0
0
0
0
0
0
0
0
0
0
0
0
0
0
0
0
0
0
0
0
0
0
0
0
0
0
0
0
0
0
0
0
0
0
0
0
0
0
0
0
0
0
0
0
0
0
0
0
0
0
0
0
0
0
0
0
0
0
0
0
0
0
0
0
0
0
0
0
0
0
0
0
0
0
0
0
0
0
0
0
0
0
0
0
0
0
0
0
0
0
0
0
0
0
0
0
0
0
0
0
0
0
0
0
0
0
0
0
0
0
0
0
0
0
0
0
0
0
0
0
0
0
0
0
0
0
0
0
0
0
0
0
0
0
0
0
0
0
0
0
0
0
0
0
0
0
0
0
0
0
0
0
0
0
0
0
0
0
0
0
0
0
0
0
0
0
0
0
0
0
0
0
0
0
0
0
0
0
0
0
0
0
0
0
0
0
0
0
0
0
0
0
0
0
0
0
0
0
0
0
0
0
0
0
0
0
0
0
0
0
0
0
0
0
0
0
0
0
0
0
0
0
0
0
0
0
0
0
0
0
0
0
0
0
0
0
0
0
0
0
0
0
0
0
0
0
0
0
0
0
0
0
0
0
0
0
0
0
0
0
0
0
0
0
0
0
0
0
0
0
0
0
0
0
0
0
0
0
0
0
0
0
0
0
0
0
0
0
0
0
0
0
0
0
0
0
0
0
0
0
0
0
0
0
0
0
0
0
0
0
0
0
0
0
0
0
0
0
0
0
0
0
0
0
0
0
0
0
0
0
0
0
0
0
0
0
0
0
0
0
0
0
0
0
0
0
0
0
0
0
0
0
0
0
0
0
0
0
0
0
0
0
0
0
0
0
0
0
0
0
0
0
0
0
0
0
0
0
0
0
0
0
0
0
0
0
0
0
0
0
0
0
0
0
0
0
0
0
0
0
0
0
0
0
7.441301e+08
0
0
0
0
0
0
0
0
0
0
0
0
0
0
0
0
0
0
0
0
0
0
0
0
0
0
0
0
0
0
0
0
0
0
0
0
0
0
0
0
0
0
0
0
0
0
0
0
0
0
0
0
0
0
0
0
0
0
0
0
0
0
0
0
0
0
0
0
0
0
0
0
0
0
0
0
0
0
0
0
0
0
0
0
0
0
0
0
0
0
0
0
0
0
0
0
0
0
0
0
0
0
0
0
0
0
0
0
0
0
0
0
0
0
0
0
0
0
0
0
0
0
0
0
0
0
0
0
0
0
0
0
0
0
0
0
0
0
0
0
0
0
0
0
0
0
0
0
0
0
0
0
0
0
0
0
0
0
0
0
0
0
7.511141e+08
0
0
0
0
0
0
0
0
0
0
6.857317e+08
7.504567e+08
0
0
0
0
0
0
0
0
0
0
0
0
0
0
0
0
0
0
0
0
0
0
0
0
0
0
0
0
0
0
0
0
0
0
0
0
0
0
0
0
0
0
0
0
0
0
0
0
0
0
0
0
0
0
0
0
0
0
0
0
0
0
0
0
0
0
0
0
0
0
0
0
0
0
0
0
0
0
0
0
0
0
0
0
0
0
0
0
0
0
0
0
0
0
0
0
0
0
0
0
0
0
0
0
0
0
0
0
0
0
0
0
0
0
0
0
0
0
0
0
0
0
0
0
0
0
0
0
0
0
0
0
0
0
0
0
0
0
0
0
0
0
0
0
0
0
0
0
0
0
0
0
0
0
0
0
0
0
0
0
0
0
0
0
7.652497e+08
0
0
0
0
0
0
0
0
0
0
6.903208e+08
7.575638e+08
0
0
0
0
0
0
0
0
0
0
6.374395e+08
6.913459e+08
7.667346e+08
0
0
0
0
0
0
0
0
0
0
0
0
0
0
0
0
0
0
0
0
0
0
0
0
0
0
0
0
0
0
0
0
0
0
0
0
0
0
0
0
0
0
0
0
0
0
0
0
0
0
0
0
0
0
0
0
0
0
0
0
0
0
0
0
0
0
0
0
0
0
0
0
0
0
0
0
0
0
0
0
0
0
0
0
0
0
0
0
0
0
0
0
0
0
0
0
0
0
0
0
0
0
0
0
0
0
0
0
0
0
0
0
0
0
0
0
0
0
0
0
0
0
0
0
0
0
0
0
0
0
0
0
0
0
0
0
0
0
0
0
0
0
0
0
0
0
0
0
0
0
0
0
0
0
0
0
0
0
0
0
0
0
0
0
0
7.863836e+08
0
0
0
0
0
0
0
0
0
0
6.993778e+08
7.71947e+08
0
0
0
0
0
0
0
0
0
0
6.409764e+08
6.960196e+08
7.741346e+08
0
0
0
0
0
0
0
0
0
0
5.988922e+08
6.425269e+08
7.056705e+08
7.934786e+08
0
0
0
0
0
0
0
0
0
0
0
0
0
0
0
0
0
0
0
0
0
0
0
0
0
0
0
0
0
0
0
0
0
0
0
0
0
0
0
0
0
0
0
0
0
0
0
0
0
0
0
0
0
0
0
0
0
0
0
0
0
0
0
0
0
0
0
0
0
0
0
0
0
0
0
0
0
0
0
0
0
0
0
0
0
0
0
0
0
0
0
0
0
0
0
0
0
0
0
0
0
0
0
0
0
0
0
0
0
0
0
0
0
0
0
0
0
0
0
0
0
0
0
0
0
0
0
0
0
0
0
0
0
0
0
0
0
0
0
0
0
0
0
0
0
0
0
0
0
0
0
0
0
0
0
0
0
0
0
0
0
0
0
0
0
8.134709e+08
0
0
0
0
0
0
0
0
0
0
7.122411e+08
7.934435e+08
0
0
0
0
0
0
0
0
0
0
6.478772e+08
7.052457e+08
7.891122e+08
0
0
0
0
0
0
0
0
0
0
6.018038e+08
6.4613e+08
7.10539e+08
8.013557e+08
0
0
0
0
0
0
0
0
0
0
5.668953e+08
6.035852e+08
6.553702e+08
7.29114e+08
8.316854e+08
0
0
0
0
0
0
0
0
0
0
0
0
0
0
0
0
0
0
0
0
0
0
0
0
0
0
0
0
0
0
0
0
0
0
0
0
0
0
0
0
0
0
0
0
0
0
0
0
0
0
0
0
0
0
0
0
0
0
0
0
0
0
0
0
0
0
0
0
0
0
0
0
0
0
0
0
0
0
0
0
0
0
0
0
0
0
0
0
0
0
0
0
0
0
0
0
0
0
0
0
0
0
0
0
0
0
0
0
0
0
0
0
0
0
0
0
0
0
0
0
0
0
0
0
0
0
0
0
0
0
0
0
0
0
0
0
0
0
0
0
0
0
0
0
0
0
0
0
0
0
0
0
0
0
0
0
0
0
0
0
0
0
0
0
0
8.426271e+08
0
0
0
0
0
0
0
0
0
0
7.273745e+08
8.209615e+08
0
0
0
0
0
0
0
0
0
0
6.574456e+08
7.183575e+08
8.115018e+08
0
0
0
0
0
0
0
0
0
0
6.074444e+08
6.531624e+08
7.201536e+08
8.173048e+08
0
0
0
0
0
0
0
0
0
0
5.693816e+08
6.065515e+08
6.591232e+08
7.342957e+08
8.402513e+08
0
0
0
0
0
0
0
0
0
0
5.393383e+08
5.712731e+08
6.153138e+08
6.763026e+08
7.624704e+08
0
0
0
0
0
0
0
0
0
0
0
0
0
0
0
0
0
0
0
0
0
0
0
0
0
0
0
0
0
0
0
0
0
0
0
0
0
0
0
0
0
0
0
0
0
0
0
0
0
0
0
0
0
0
0
0
0
0
0
0
0
0
0
0
0
0
0
0
0
0
0
0
0
0
0
0
0
0
0
0
0
0
0
0
0
0
0
0
0
0
0
0
0
0
0
0
0
0
0
0
0
0
0
0
0
0
0
0
0
0
0
0
0
0
0
0
0
0
0
0
0
0
0
0
0
0
0
0
0
0
0
0
0
0
0
0
0
0
0
0
0
0
0
0
0
0
0
0
0
0
0
0
0
0
0
8.65737e+08
0
0
0
0
0
0
0
0
0
0
0
0
0
0
0
0
0
0
0
0
7.416724e+08
8.504939e+08
0
0
0
0
0
0
0
0
0
0
6.682199e+08
7.338023e+08
8.401515e+08
0
0
0
0
0
0
0
0
0
0
6.151523e+08
6.629235e+08
7.338342e+08
8.411642e+08
0
0
0
0
0
0
0
0
0
0
5.741748e+08
6.123005e+08
6.664522e+08
7.445354e+08
8.576055e+08
0
0
0
0
0
0
0
0
0
0
5.415098e+08
5.738062e+08
6.184029e+08
6.802949e+08
7.680997e+08
0
0
0
0
0
0
0
0
0
0
5.151287e+08
5.434496e+08
5.821153e+08
6.343587e+08
7.059744e+08
0
0
0
0
0
0
0
0
0
0
0
0
0
0
0
0
0
0
0
0
0
0
0
0
0
0
0
0
0
0
0
0
0
0
0
0
0
0
0
0
0
0
0
0
0
0
0
0
0
0
0
0
0
0
0
0
0
0
0
0
0
0
0
0
0
0
0
0
0
0
0
0
0
0
0
0
0
0
0
0
0
0
0
0
0
0
0
0
0
0
0
0
0
0
0
0
0
0
0
0
0
0
0
0
0
0
0
0
0
0
0
0
0
0
0
0
0
0
0
0
0
0
0
0
0
0
0
0
0
0
0
0
0
0
0
0
0
0
0
0
0
0
0
0
0
8.812611e+08
0
0
0
0
0
0
0
0
0
0
0
0
0
0
0
0
0
0
0
0
7.514742e+08
8.738466e+08
0
0
0
0
0
0
0
0
0
0
0
0
0
0
0
0
0
0
0
0
6.776076e+08
7.484264e+08
8.708408e+08
0
0
0
0
0
0
0
0
0
0
6.235949e+08
6.73942e+08
7.49983e+08
8.717088e+08
0
0
0
0
0
0
0
0
0
0
5.806625e+08
6.201668e+08
6.766428e+08
7.591303e+08
8.835999e+08
0
0
0
0
0
0
0
0
0
0
5.45681e+08
5.786918e+08
6.243938e+08
6.880974e+08
7.792329e+08
0
0
0
0
0
0
0
0
0
0
5.170572e+08
5.456619e+08
5.847526e+08
6.376428e+08
7.103062e+08
0
0
0
0
0
0
0
0
0
0
4.935153e+08
5.190087e+08
5.535509e+08
5.996635e+08
6.612694e+08
0
0
0
0
0
0
0
0
0
0
0
0
0
0
0
0
0
0
0
0
0
0
0
0
0
0
0
0
0
0
0
0
0
0
0
0
0
0
0
0
0
0
0
0
0
0
0
0
0
0
0
0
0
0
0
0
0
0
0
0
0
0
0
0
0
0
0
0
0
0
0
0
0
0
0
0
0
0
0
0
0
0
0
0
0
0
0
0
0
0
0
0
0
0
0
0
0
0
0
0
0
0
0
0
0
0
0
0
0
0
0
0
0
0
0
0
0
0
0
0
0
0
0
0
0
0
0
0
0
0
0
0
0
0
0
8.904637e+08
0
0
0
0
0
0
0
0
0
0
0
0
0
0
0
0
0
0
0
0
7.572532e+08
8.894878e+08
0
0
0
0
0
0
0
0
0
0
0
0
0
0
0
0
0
0
0
0
6.831799e+08
7.58461e+08
8.950606e+08
0
0
0
0
0
0
0
0
0
0
0
0
0
0
0
0
0
0
0
0
6.305488e+08
6.83597e+08
7.653243e+08
9.044025e+08
0
0
0
0
0
0
0
0
0
0
5.876383e+08
6.288104e+08
6.881866e+08
7.764077e+08
9.169209e+08
0
0
0
0
0
0
0
0
0
0
5.512891e+08
5.853139e+08
6.326078e+08
6.989708e+08
7.951348e+08
0
0
0
0
0
0
0
0
0
0
5.207511e+08
5.499133e+08
5.898428e+08
6.440177e+08
7.187805e+08
0
0
0
0
0
0
0
0
0
0
4.952485e+08
5.209732e+08
5.558535e+08
6.024657e+08
6.64829e+08
0
0
0
0
0
0
0
0
0
0
4.740189e+08
4.971902e+08
5.284748e+08
5.698532e+08
6.243925e+08
0
0
0
0
0
0
0
0
0
0
0
0
0
0
0
0
0
0
0
0
0
0
0
0
0
0
0
0
0
0
0
0
0
0
0
0
0
0
0
0
0
0
0
0
0
0
0
0
0
0
0
0
0
0
0
0
0
0
0
0
0
0
0
0
0
0
0
0
0
0
0
0
0
0
0
0
0
0
0
0
0
0
0
0
0
0
0
0
0
0
0
0
0
0
0
0
0
0
0
0
0
0
0
0
0
0
0
0
0
0
0
0
0
0
0
0
0
0
0
0
0
0
0
0
0
8.947044e+08
0
0
0
0
0
0
0
0
0
0
0
0
0
0
0
0
0
0
0
0
7.603633e+08
8.987349e+08
0
0
0
0
0
0
0
0
0
0
0
0
0
0
0
0
0
0
0
0
6.858358e+08
7.643611e+08
9.112409e+08
0
0
0
0
0
0
0
0
0
0
0
0
0
0
0
0
0
0
0
0
6.341867e+08
6.89369e+08
7.758687e+08
9.301666e+08
0
0
0
0
0
0
0
0
0
0
0
0
0
0
0
0
0
0
0
0
5.93159e+08
6.359886e+08
6.983745e+08
7.928894e+08
9.525988e+08
0
0
0
0
0
0
0
0
0
0
5.572409e+08
5.9246e+08
6.416738e+08
7.113418e+08
8.140242e+08
0
0
0
0
0
0
0
0
0
0
5.256935e+08
5.556378e+08
5.967578e+08
6.527813e+08
7.306216e+08
0
0
0
0
0
0
0
0
0
0
4.985601e+08
5.24738e+08
5.602821e+08
6.078798e+08
6.717462e+08
0
0
0
0
0
0
0
0
0
0
4.755913e+08
4.989557e+08
5.305191e+08
5.722986e+08
6.274269e+08
0
0
0
0
0
0
0
0
0
0
4.562771e+08
4.775099e+08
5.061007e+08
5.437139e+08
5.927731e+08
0
0
0
0
0
0
0
0
0
0
0
0
0
0
0
0
0
0
0
0
0
0
0
0
0
0
0
0
0
0
0
0
0
0
0
0
0
0
0
0
0
0
0
0
0
0
0
0
0
0
0
0
0
0
0
0
0
0
0
0
0
0
0
0
0
0
0
0
0
0
0
0
0
0
0
0
0
0
0
0
0
0
0
0
0
0
0
0
0
0
0
0
0
0
0
0
0
0
0
0
0
0
0
0
0
0
0
0
0
0
0
0
0
0
8.947044e+08
0
0
0
0
0
0
0
0
0
0
0
0
0
0
0
0
0
0
0
0
7.617183e+08
9.029884e+08
0
0
0
0
0
0
0
0
0
0
0
0
0
0
0
0
0
0
0
0
6.869258e+08
7.675208e+08
9.20784e+08
0
0
0
0
0
0
0
0
0
0
0
0
0
0
0
0
0
0
0
0
6.355018e+08
6.92136e+08
7.820591e+08
9.473421e+08
0
0
0
0
0
0
0
0
0
0
0
0
0
0
0
0
0
0
0
0
5.957516e+08
6.39798e+08
7.045188e+08
8.042436e+08
9.806899e+08
0
0
0
0
0
0
0
0
0
0
0
0
0
0
0
0
0
0
0
0
5.618151e+08
5.981723e+08
6.492794e+08
7.223488e+08
8.321299e+08
0
0
0
0
0
0
0
0
0
0
5.308898e+08
5.617367e+08
6.042578e+08
6.625062e+08
7.441599e+08
0
0
0
0
0
0
0
0
0
0
5.029749e+08
5.297828e+08
5.662591e+08
6.152558e+08
6.812841e+08
0
0
0
0
0
0
0
0
0
0
4.785892e+08
5.023305e+08
5.344397e+08
5.770067e+08
6.332965e+08
0
0
0
0
0
0
0
0
0
0
4.577143e+08
4.791114e+08
5.079372e+08
5.458838e+08
5.954188e+08
0
0
0
0
0
0
0
0
0
0
4.400314e+08
4.596017e+08
4.85928e+08
5.204132e+08
5.650951e+08
0
0
0
0
0
0
0
0
0
0
0
0
0
0
0
0
0
0
0
0
0
0
0
0
0
0
0
0
0
0
0
0
0
0
0
0
0
0
0
0
0
0
0
0
0
0
0
0
0
0
0
0
0
0
0
0
0
0
0
0
0
0
0
0
0
0
0
0
0
0
0
0
0
0
0
0
0
0
0
0
0
0
0
0
0
0
0
0
0
0
0
0
0
0
0
0
0
0
0
0
0
0
8.904637e+08
0
0
0
0
0
0
0
0
0
0
0
0
0
0
0
0
0
0
0
0
7.617183e+08
9.029884e+08
0
0
0
0
0
0
0
0
0
0
0
0
0
0
0
0
0
0
0
0
6.872915e+08
7.688912e+08
9.251666e+08
0
0
0
0
0
0
0
0
0
0
0
0
0
0
0
0
0
0
0
0
6.357575e+08
6.932769e+08
7.853626e+08
9.574522e+08
0
0
0
0
0
0
0
0
0
0
0
0
0
0
0
0
0
0
0
0
5.964033e+08
6.412118e+08
7.074918e+08
8.109064e+08
9.993871e+08
0
0
0
0
0
0
0
0
0
0
0
0
0
0
0
0
0
0
0
0
5.637737e+08
6.00913e+08
6.533852e+08
7.290519e+08
8.44636e+08
0
0
0
0
0
0
0
0
0
0
0
0
0
0
0
0
0
0
0
0
5.34797e+08
5.664764e+08
6.103271e+08
6.707569e+08
7.563093e+08
0
0
0
0
0
0
0
0
0
0
5.07583e+08
5.351078e+08
5.726619e+08
6.23305e+08
6.919319e+08
0
0
0
0
0
0
0
0
0
0
4.825739e+08
5.068364e+08
5.397063e+08
5.833803e+08
6.413197e+08
0
0
0
0
0
0
0
0
0
0
4.604488e+08
4.821663e+08
5.11451e+08
5.500499e+08
6.005189e+08
0
0
0
0
0
0
0
0
0
0
4.413529e+08
4.610653e+08
4.875935e+08
5.223616e+08
5.674408e+08
0
0
0
0
0
0
0
0
0
0
4.250751e+08
4.432041e+08
4.675787e+08
4.994227e+08
5.404582e+08
0
0
0
0
0
0
0
0
0
0
0
0
0
0
0
0
0
0
0
0
0
0
0
0
0
0
0
0
0
0
0
0
0
0
0
0
0
0
0
0
0
0
0
0
0
0
0
0
0
0
0
0
0
0
0
0
0
0
0
0
0
0
0
0
0
0
0
0
0
0
0
0
0
0
0
0
0
0
0
0
0
0
0
0
0
0
0
0
0
8.812611e+08
0
0
0
0
0
0
0
0
0
0
0
0
0
0
0
0
0
0
0
0
7.603633e+08
8.987349e+08
0
0
0
0
0
0
0
0
0
0
0
0
0
0
0
0
0
0
0
0
6.872915e+08
7.688912e+08
9.251666e+08
0
0
0
0
0
0
0
0
0
0
0
0
0
0
0
0
0
0
0
0
6.357223e+08
6.936611e+08
7.867903e+08
9.620889e+08
0
0
0
0
0
0
0
0
0
0
0
0
0
0
0
0
0
0
0
0
5.962753e+08
6.415153e+08
7.087313e+08
8.144543e+08
1.010376e+09
0
0
0
0
0
0
0
0
0
0
0
0
0
0
0
0
0
0
0
0
5.64064e+08
6.016515e+08
6.549612e+08
7.323334e+08
8.519779e+08
0
0
0
0
0
0
0
0
0
0
0
0
0
0
0
0
0
0
0
0
5.363439e+08
5.68564e+08
6.133144e+08
6.752937e+08
7.63782e+08
0
0
0
0
0
0
0
0
0
0
0
0
0
0
0
0
0
0
0
0
5.109893e+08
5.391598e+08
5.777072e+08
6.29908e+08
7.010717e+08
0
0
0
0
0
0
0
0
0
0
4.867094e+08
5.115585e+08
5.45297e+08
5.902532e+08
6.501342e+08
0
0
0
0
0
0
0
0
0
0
4.640744e+08
4.862328e+08
5.161538e+08
5.556639e+08
6.074477e+08
0
0
0
0
0
0
0
0
0
0
4.438622e+08
4.638514e+08
4.907733e+08
5.260936e+08
5.719505e+08
0
0
0
0
0
0
0
0
0
0
4.262963e+08
4.445497e+08
4.691003e+08
5.011887e+08
5.425628e+08
0
0
0
0
0
0
0
0
0
0
4.11245e+08
4.281086e+08
4.50783e+08
4.803433e+08
5.182917e+08
0
0
0
0
0
0
0
0
0
0
0
0
0
0
0
0
0
0
0
0
0
0
0
0
0
0
0
0
0
0
0
0
0
0
0
0
0
0
0
0
0
0
0
0
0
0
0
0
0
0
0
0
0
0
0
0
0
0
0
0
0
0
0
0
0
0
0
0
0
0
0
0
0
0
0
8.65737e+08
0
0
0
0
0
0
0
0
0
0
0
0
0
0
0
0
0
0
0
0
7.572532e+08
8.894878e+08
0
0
0
0
0
0
0
0
0
0
0
0
0
0
0
0
0
0
0
0
6.869258e+08
7.675208e+08
9.20784e+08
0
0
0
0
0
0
0
0
0
0
0
0
0
0
0
0
0
0
0
0
6.357223e+08
6.936611e+08
7.867903e+08
9.620889e+08
0
0
0
0
0
0
0
0
0
0
0
0
0
0
0
0
0
0
0
0
5.960636e+08
6.414984e+08
7.091534e+08
8.159839e+08
1.015411e+09
0
0
0
0
0
0
0
0
0
0
0
0
0
0
0
0
0
0
0
0
5.637484e+08
6.015663e+08
6.553412e+08
7.33722e+08
8.558832e+08
0
0
0
0
0
0
0
0
0
0
0
0
0
0
0
0
0
0
0
0
5.364267e+08
5.689304e+08
6.141869e+08
6.771002e+08
7.674865e+08
0
0
0
0
0
0
0
0
0
0
0
0
0
0
0
0
0
0
0
0
5.122481e+08
5.4082e+08
5.800051e+08
6.332475e+08
7.061903e+08
0
0
0
0
0
0
0
0
0
0
0
0
0
0
0
0
0
0
0
0
4.897241e+08
5.150926e+08
5.496153e+08
5.957529e+08
6.574676e+08
0
0
0
0
0
0
0
0
0
0
4.678193e+08
4.904702e+08
5.211114e+08
5.616651e+08
6.149736e+08
0
0
0
0
0
0
0
0
0
0
4.471823e+08
4.675509e+08
4.950166e+08
5.311049e+08
5.780498e+08
0
0
0
0
0
0
0
0
0
0
4.286108e+08
4.471062e+08
4.719996e+08
5.045646e+08
5.465998e+08
0
0
0
0
0
0
0
0
0
0
4.123788e+08
4.29352e+08
4.521816e+08
4.819561e+08
5.201981e+08
0
0
0
0
0
0
0
0
0
0
3.98405e+08
4.141502e+08
4.353257e+08
4.628909e+08
4.981657e+08
0
0
0
0
0
0
0
0
0
0
0
0
0
0
0
0
0
0
0
0
0
0
0
0
0
0
0
0
0
0
0
0
0
0
0
0
0
0
0
0
0
0
0
0
0
0
0
0
0
0
0
0
0
0
0
0
0
0
0
0
8.426271e+08
0
0
0
0
0
0
0
0
0
0
0
0
0
0
0
0
0
0
0
0
7.514742e+08
8.738466e+08
0
0
0
0
0
0
0
0
0
0
0
0
0
0
0
0
0
0
0
0
6.858358e+08
7.643611e+08
9.112409e+08
0
0
0
0
0
0
0
0
0
0
0
0
0
0
0
0
0
0
0
0
6.357575e+08
6.932769e+08
7.853626e+08
9.574522e+08
0
0
0
0
0
0
0
0
0
0
0
0
0
0
0
0
0
0
0
0
5.960636e+08
6.414984e+08
7.091534e+08
8.159839e+08
1.015411e+09
0
0
0
0
0
0
0
0
0
0
0
0
0
0
0
0
0
0
0
0
5.634574e+08
6.013716e+08
6.553534e+08
7.342028e+08
8.575646e+08
0
0
0
0
0
0
0
0
0
0
0
0
0
0
0
0
0
0
0
0
5.360195e+08
5.686529e+08
6.141643e+08
6.775873e+08
7.690807e+08
0
0
0
0
0
0
0
0
0
0
0
0
0
0
0
0
0
0
0
0
5.122037e+08
5.409699e+08
5.804853e+08
6.343047e+08
7.083032e+08
0
0
0
0
0
0
0
0
0
0
0
0
0
0
0
0
0
0
0
0
4.907713e+08
5.164517e+08
5.514584e+08
5.983484e+08
6.612767e+08
0
0
0
0
0
0
0
0
0
0
0
0
0
0
0
0
0
0
0
0
4.705168e+08
4.935986e+08
5.248806e+08
5.663785e+08
6.210925e+08
0
0
0
0
0
0
0
0
0
0
4.505975e+08
4.713876e+08
4.994647e+08
5.364258e+08
5.846198e+08
0
0
0
0
0
0
0
0
0
0
4.316671e+08
4.504936e+08
4.758592e+08
5.090845e+08
5.520411e+08
0
0
0
0
0
0
0
0
0
0
4.145232e+08
4.317096e+08
4.548413e+08
4.850329e+08
5.238474e+08
0
0
0
0
0
0
0
0
0
0
3.994616e+08
4.153044e+08
4.366178e+08
4.643727e+08
4.999055e+08
0
0
0
0
0
0
0
0
0
0
3.864485e+08
4.011916e+08
4.21037e+08
4.468387e+08
4.797741e+08
0
0
0
0
0
0
0
0
0
0
0
0
0
0
0
0
0
0
0
0
0
0
0
0
0
0
0
0
0
0
0
0
0
0
0
0
0
0
0
0
0
0
0
0
8.134709e+08
0
0
0
0
0
0
0
0
0
0
0
0
0
0
0
0
0
0
0
0
7.416724e+08
8.504939e+08
0
0
0
0
0
0
0
0
0
0
0
0
0
0
0
0
0
0
0
0
6.831799e+08
7.58461e+08
8.950606e+08
0
0
0
0
0
0
0
0
0
0
0
0
0
0
0
0
0
0
0
0
6.355018e+08
6.92136e+08
7.820591e+08
9.473421e+08
0
0
0
0
0
0
0
0
0
0
0
0
0
0
0
0
0
0
0
0
5.962753e+08
6.415153e+08
7.087313e+08
8.144543e+08
1.010376e+09
0
0
0
0
0
0
0
0
0
0
0
0
0
0
0
0
0
0
0
0
5.634574e+08
6.013716e+08
6.553534e+08
7.342028e+08
8.575646e+08
0
0
0
0
0
0
0
0
0
0
0
0
0
0
0
0
0
0
0
0
5.356952e+08
5.683771e+08
6.139932e+08
6.7764e+08
7.696429e+08
0
0
0
0
0
0
0
0
0
0
0
0
0
0
0
0
0
0
0
0
5.117521e+08
5.405964e+08
5.802607e+08
6.343658e+08
7.089312e+08
0
0
0
0
0
0
0
0
0
0
0
0
0
0
0
0
0
0
0
0
4.906455e+08
5.164668e+08
5.517069e+08
5.989828e+08
6.625748e+08
0
0
0
0
0
0
0
0
0
0
0
0
0
0
0
0
0
0
0
0
4.714012e+08
4.947355e+08
5.26401e+08
5.684788e+08
6.240817e+08
0
0
0
0
0
0
0
0
0
0
0
0
0
0
0
0
0
0
0
0
4.530315e+08
4.741872e+08
5.02803e+08
5.405435e+08
5.898701e+08
0
0
0
0
0
0
0
0
0
0
4.347992e+08
4.539919e+08
4.79886e+08
5.138577e+08
5.578646e+08
0
0
0
0
0
0
0
0
0
0
4.173501e+08
4.348275e+08
4.583744e+08
4.891426e+08
5.287523e+08
0
0
0
0
0
0
0
0
0
0
4.01456e+08
4.174886e+08
4.3907e+08
4.671941e+08
5.032295e+08
0
0
0
0
0
0
0
0
0
0
3.874364e+08
4.022671e+08
4.22236e+08
4.48207e+08
4.813715e+08
0
0
0
0
0
0
0
0
0
0
3.752884e+08
3.891252e+08
4.077751e+08
4.32008e+08
4.628731e+08
0
0
0
0
0
0
0
0
0
0
0
0
0
0
0
0
0
0
0
0
0
0
0
0
0
0
0
0
0
0
0
0
0
0
0
0
0
7.863836e+08
0
0
0
0
0
0
0
0
0
0
7.273745e+08
8.209615e+08
0
0
0
0
0
0
0
0
0
0
0
0
0
0
0
0
0
0
0
0
6.776076e+08
7.484264e+08
8.708408e+08
0
0
0
0
0
0
0
0
0
0
0
0
0
0
0
0
0
0
0
0
6.341867e+08
6.89369e+08
7.758687e+08
9.301666e+08
0
0
0
0
0
0
0
0
0
0
0
0
0
0
0
0
0
0
0
0
5.964033e+08
6.412118e+08
7.074918e+08
8.109064e+08
9.993871e+08
0
0
0
0
0
0
0
0
0
0
0
0
0
0
0
0
0
0
0
0
5.637484e+08
6.015663e+08
6.553412e+08
7.33722e+08
8.558832e+08
0
0
0
0
0
0
0
0
0
0
0
0
0
0
0
0
0
0
0
0
5.356952e+08
5.683771e+08
6.139932e+08
6.7764e+08
7.696429e+08
0
0
0
0
0
0
0
0
0
0
0
0
0
0
0
0
0
0
0
0
5.114164e+08
5.402855e+08
5.800047e+08
6.342254e+08
7.090366e+08
0
0
0
0
0
0
0
0
0
0
0
0
0
0
0
0
0
0
0
0
4.901744e+08
5.160451e+08
5.513789e+08
5.988268e+08
6.627425e+08
0
0
0
0
0
0
0
0
0
0
0
0
0
0
0
0
0
0
0
0
4.712209e+08
4.946628e+08
5.265028e+08
5.688596e+08
6.249146e+08
0
0
0
0
0
0
0
0
0
0
0
0
0
0
0
0
0
0
0
0
4.537864e+08
4.751523e+08
5.040836e+08
5.4229e+08
5.923093e+08
0
0
0
0
0
0
0
0
0
0
0
0
0
0
0
0
0
0
0
0
4.370095e+08
4.565182e+08
4.828745e+08
5.17507e+08
5.62455e+08
0
0
0
0
0
0
0
0
0
0
4.202371e+08
4.380354e+08
4.620455e+08
4.934627e+08
5.339747e+08
0
0
0
0
0
0
0
0
0
0
4.040809e+08
4.203721e+08
4.423214e+08
4.709548e+08
5.076868e+08
0
0
0
0
0
0
0
0
0
0
3.892974e+08
4.042983e+08
4.245073e+08
4.508074e+08
4.844179e+08
0
0
0
0
0
0
0
0
0
0
3.762147e+08
3.901306e+08
4.088921e+08
4.332772e+08
4.643472e+08
0
0
0
0
0
0
0
0
0
0
3.648489e+08
3.778628e+08
3.954292e+08
4.182499e+08
4.472707e+08
0
0
0
0
0
0
0
0
0
0
0
0
0
0
0
0
0
0
0
0
0
0
0
0
0
0
0
0
0
7.652497e+08
0
0
0
0
0
0
0
0
0
0
7.122411e+08
7.934435e+08
0
0
0
0
0
0
0
0
0
0
6.682199e+08
7.338023e+08
8.401515e+08
0
0
0
0
0
0
0
0
0
0
0
0
0
0
0
0
0
0
0
0
6.305488e+08
6.83597e+08
7.653243e+08
9.044025e+08
0
0
0
0
0
0
0
0
0
0
0
0
0
0
0
0
0
0
0
0
5.957516e+08
6.39798e+08
7.045188e+08
8.042436e+08
9.806899e+08
0
0
0
0
0
0
0
0
0
0
0
0
0
0
0
0
0
0
0
0
5.64064e+08
6.016515e+08
6.549612e+08
7.323334e+08
8.519779e+08
0
0
0
0
0
0
0
0
0
0
0
0
0
0
0
0
0
0
0
0
5.360195e+08
5.686529e+08
6.141643e+08
6.775873e+08
7.690807e+08
0
0
0
0
0
0
0
0
0
0
0
0
0
0
0
0
0
0
0
0
5.114164e+08
5.402855e+08
5.800047e+08
6.342254e+08
7.090366e+08
0
0
0
0
0
0
0
0
0
0
0
0
0
0
0
0
0
0
0
0
4.898384e+08
5.157214e+08
5.510851e+08
5.985956e+08
6.626405e+08
0
0
0
0
0
0
0
0
0
0
0
0
0
0
0
0
0
0
0
0
4.707436e+08
4.942185e+08
5.261209e+08
5.685898e+08
6.248444e+08
0
0
0
0
0
0
0
0
0
0
0
0
0
0
0
0
0
0
0
0
4.535683e+08
4.750198e+08
5.040881e+08
5.425074e+08
5.928592e+08
0
0
0
0
0
0
0
0
0
0
0
0
0
0
0
0
0
0
0
0
4.376581e+08
4.573462e+08
4.839688e+08
5.189887e+08
5.644985e+08
0
0
0
0
0
0
0
0
0
0
0
0
0
0
0
0
0
0
0
0
4.222558e+08
4.403297e+08
4.647431e+08
4.967312e+08
5.380453e+08
0
0
0
0
0
0
0
0
0
0
4.067532e+08
4.233286e+08
4.456872e+08
4.748925e+08
5.124119e+08
0
0
0
0
0
0
0
0
0
0
3.91743e+08
4.069755e+08
4.275136e+08
4.542671e+08
4.884948e+08
0
0
0
0
0
0
0
0
0
0
3.779561e+08
3.920258e+08
4.110039e+08
4.35685e+08
4.671536e+08
0
0
0
0
0
0
0
0
0
0
3.657201e+08
3.788055e+08
3.964733e+08
4.194319e+08
4.486375e+08
0
0
0
0
0
0
0
0
0
0
3.550596e+08
3.673279e+08
3.839086e+08
4.054479e+08
4.328076e+08
0
0
0
0
0
0
0
0
0
0
0
0
0
0
0
0
0
0
0
0
7.511141e+08
0
0
0
0
0
0
0
0
0
0
6.993778e+08
7.71947e+08
0
0
0
0
0
0
0
0
0
0
6.574456e+08
7.183575e+08
8.115018e+08
0
0
0
0
0
0
0
0
0
0
6.235949e+08
6.73942e+08
7.49983e+08
8.717088e+08
0
0
0
0
0
0
0
0
0
0
0
0
0
0
0
0
0
0
0
0
5.93159e+08
6.359886e+08
6.983745e+08
7.928894e+08
9.525988e+08
0
0
0
0
0
0
0
0
0
0
0
0
0
0
0
0
0
0
0
0
5.637737e+08
6.00913e+08
6.533852e+08
7.290519e+08
8.44636e+08
0
0
0
0
0
0
0
0
0
0
0
0
0
0
0
0
0
0
0
0
5.364267e+08
5.689304e+08
6.141869e+08
6.771002e+08
7.674865e+08
0
0
0
0
0
0
0
0
0
0
0
0
0
0
0
0
0
0
0
0
5.117521e+08
5.405964e+08
5.802607e+08
6.343658e+08
7.089312e+08
0
0
0
0
0
0
0
0
0
0
0
0
0
0
0
0
0
0
0
0
4.898384e+08
5.157214e+08
5.510851e+08
5.985956e+08
6.626405e+08
0
0
0
0
0
0
0
0
0
0
0
0
0
0
0
0
0
0
0
0
4.704125e+08
4.938931e+08
5.258121e+08
5.683168e+08
6.246431e+08
0
0
0
0
0
0
0
0
0
0
0
0
0
0
0
0
0
0
0
0
4.530921e+08
4.745665e+08
5.03679e+08
5.42176e+08
5.926612e+08
0
0
0
0
0
0
0
0
0
0
0
0
0
0
0
0
0
0
0
0
4.374126e+08
4.571714e+08
4.839056e+08
5.190957e+08
5.64863e+08
0
0
0
0
0
0
0
0
0
0
0
0
0
0
0
0
0
0
0
0
4.228163e+08
4.410449e+08
4.656882e+08
4.980063e+08
5.397909e+08
0
0
0
0
0
0
0
0
0
0
0
0
0
0
0
0
0
0
0
0
4.086054e+08
4.254241e+08
4.481377e+08
4.778441e+08
5.160594e+08
0
0
0
0
0
0
0
0
0
0
3.942253e+08
4.097118e+08
4.306152e+08
4.578766e+08
4.928002e+08
0
0
0
0
0
0
0
0
0
0
3.802412e+08
3.945198e+08
4.137945e+08
4.388829e+08
4.709024e+08
0
0
0
0
0
0
0
0
0
0
3.673544e+08
3.805787e+08
3.984432e+08
4.216698e+08
4.512346e+08
0
0
0
0
0
0
0
0
0
0
3.55881e+08
3.682145e+08
3.848873e+08
4.065523e+08
4.340797e+08
0
0
0
0
0
0
0
0
0
0
3.458655e+08
3.574495e+08
3.731343e+08
3.935066e+08
4.193588e+08
0
0
0
0
0
0
0
0
0
0
7.441301e+08
0
0
0
0
0
0
0
0
0
0
6.903208e+08
7.575638e+08
0
0
0
0
0
0
0
0
0
0
6.478772e+08
7.052457e+08
7.891122e+08
0
0
0
0
0
0
0
0
0
0
6.151523e+08
6.629235e+08
7.338342e+08
8.411642e+08
0
0
0
0
0
0
0
0
0
0
5.876383e+08
6.288104e+08
6.881865e+08
7.764077e+08
9.169209e+08
0
0
0
0
0
0
0
0
0
0
0
0
0
0
0
0
0
0
0
0
5.618151e+08
5.981723e+08
6.492794e+08
7.223488e+08
8.321299e+08
0
0
0
0
0
0
0
0
0
0
0
0
0
0
0
0
0
0
0
0
5.363439e+08
5.68564e+08
6.133144e+08
6.752937e+08
7.63782e+08
0
0
0
0
0
0
0
0
0
0
0
0
0
0
0
0
0
0
0
0
5.122037e+08
5.409699e+08
5.804853e+08
6.343047e+08
7.083032e+08
0
0
0
0
0
0
0
0
0
0
0
0
0
0
0
0
0
0
0
0
4.901744e+08
5.160451e+08
5.513789e+08
5.988268e+08
6.627425e+08
0
0
0
0
0
0
0
0
0
0
0
0
0
0
0
0
0
0
0
0
4.704125e+08
4.938931e+08
5.258121e+08
5.683168e+08
6.246431e+08
0
0
0
0
0
0
0
0
0
0
0
0
0
0
0
0
0
0
0
0
4.527687e+08
4.74245e+08
5.033668e+08
5.41885e+08
5.924128e+08
0
0
0
0
0
0
0
0
0
0
0
0
0
0
0
0
0
0
0
0
4.369414e+08
4.56717e+08
4.834839e+08
5.187312e+08
5.645934e+08
0
0
0
0
0
0
0
0
0
0
0
0
0
0
0
0
0
0
0
0
4.225512e+08
4.408388e+08
4.655761e+08
4.980349e+08
5.400279e+08
0
0
0
0
0
0
0
0
0
0
0
0
0
0
0
0
0
0
0
0
4.090915e+08
4.260456e+08
4.489597e+08
4.789529e+08
5.175712e+08
0
0
0
0
0
0
0
0
0
0
0
0
0
0
0
0
0
0
0
0
3.959312e+08
4.116345e+08
4.32854e+08
4.605589e+08
4.960953e+08
0
0
0
0
0
0
0
0
0
0
3.825535e+08
3.970612e+08
4.166647e+08
4.422084e+08
4.748478e+08
0
0
0
0
0
0
0
0
0
0
3.694958e+08
3.829087e+08
4.010424e+08
4.246375e+08
4.546982e+08
0
0
0
0
0
0
0
0
0
0
3.574184e+08
3.698784e+08
3.867301e+08
4.086393e+08
4.364925e+08
0
0
0
0
0
0
0
0
0
0
3.466419e+08
3.582854e+08
3.740545e+08
3.945414e+08
4.205468e+08
0
0
0
0
0
0
0
0
0
0
3.37215e+08
3.48172e+08
3.630334e+08
3.82343e+08
4.068217e+08
0
0
0
0
0
0
0
0
0
0
6.857317e+08
7.504567e+08
0
0
0
0
0
0
0
0
0
0
6.409764e+08
6.960196e+08
7.741346e+08
0
0
0
0
0
0
0
0
0
0
6.074444e+08
6.531624e+08
7.201536e+08
8.173048e+08
0
0
0
0
0
0
0
0
0
0
5.806625e+08
6.201668e+08
6.766428e+08
7.591303e+08
8.835999e+08
0
0
0
0
0
0
0
0
0
0
5.572409e+08
5.9246e+08
6.416738e+08
7.113418e+08
8.140242e+08
0
0
0
0
0
0
0
0
0
0
0
0
0
0
0
0
0
0
0
0
5.34797e+08
5.664764e+08
6.103271e+08
6.707569e+08
7.563093e+08
0
0
0
0
0
0
0
0
0
0
0
0
0
0
0
0
0
0
0
0
5.122481e+08
5.4082e+08
5.800051e+08
6.332475e+08
7.061903e+08
0
0
0
0
0
0
0
0
0
0
0
0
0
0
0
0
0
0
0
0
4.906455e+08
5.164668e+08
5.517069e+08
5.989828e+08
6.625748e+08
0
0
0
0
0
0
0
0
0
0
0
0
0
0
0
0
0
0
0
0
4.707436e+08
4.942185e+08
5.261209e+08
5.685898e+08
6.248444e+08
0
0
0
0
0
0
0
0
0
0
0
0
0
0
0
0
0
0
0
0
4.527687e+08
4.74245e+08
5.033668e+08
5.41885e+08
5.924128e+08
0
0
0
0
0
0
0
0
0
0
0
0
0
0
0
0
0
0
0
0
4.366265e+08
4.564022e+08
4.831742e+08
5.184346e+08
5.643234e+08
0
0
0
0
0
0
0
0
0
0
0
0
0
0
0
0
0
0
0
0
4.220875e+08
4.403874e+08
4.651503e+08
4.97653e+08
5.397176e+08
0
0
0
0
0
0
0
0
0
0
0
0
0
0
0
0
0
0
0
0
4.088123e+08
4.258168e+08
4.488108e+08
4.789238e+08
5.177161e+08
0
0
0
0
0
0
0
0
0
0
0
0
0
0
0
0
0
0
0
0
3.963537e+08
4.121769e+08
4.335735e+08
4.615302e+08
4.974183e+08
0
0
0
0
0
0
0
0
0
0
0
0
0
0
0
0
0
0
0
0
3.84129e+08
3.988323e+08
4.187194e+08
4.446599e+08
4.778435e+08
0
0
0
0
0
0
0
0
0
0
3.716565e+08
3.852759e+08
4.037079e+08
4.277142e+08
4.583322e+08
0
0
0
0
0
0
0
0
0
0
3.594301e+08
3.720617e+08
3.89158e+08
4.114027e+08
4.397055e+08
0
0
0
0
0
0
0
0
0
0
3.480916e+08
3.598505e+08
3.757835e+08
3.964932e+08
4.227959e+08
0
0
0
0
0
0
0
0
0
0
3.379503e+08
3.489619e+08
3.639007e+08
3.833157e+08
4.079344e+08
0
0
0
0
0
0
0
0
0
0
3.290736e+08
3.394434e+08
3.535485e+08
3.718808e+08
3.951079e+08
0
0
0
0
0
0
0
0
0
0
6.374395e+08
6.913459e+08
7.667346e+08
0
0
0
0
0
0
0
0
0
0
6.018038e+08
6.4613e+08
7.10539e+08
8.013557e+08
0
0
0
0
0
0
0
0
0
0
5.741748e+08
6.123005e+08
6.664522e+08
7.445354e+08
8.576055e+08
0
0
0
0
0
0
0
0
0
0
5.512891e+08
5.853139e+08
6.326078e+08
6.989708e+08
7.951348e+08
0
0
0
0
0
0
0
0
0
0
5.308898e+08
5.617367e+08
6.042578e+08
6.625062e+08
7.441599e+08
0
0
0
0
0
0
0
0
0
0
0
0
0
0
0
0
0
0
0
0
5.109893e+08
5.391598e+08
5.777072e+08
6.29908e+08
7.010717e+08
0
0
0
0
0
0
0
0
0
0
0
0
0
0
0
0
0
0
0
0
4.907713e+08
5.164517e+08
5.514584e+08
5.983484e+08
6.612767e+08
0
0
0
0
0
0
0
0
0
0
0
0
0
0
0
0
0
0
0
0
4.712209e+08
4.946628e+08
5.265028e+08
5.688596e+08
6.249146e+08
0
0
0
0
0
0
0
0
0
0
0
0
0
0
0
0
0
0
0
0
4.530921e+08
4.745665e+08
5.03679e+08
5.42176e+08
5.926612e+08
0
0
0
0
0
0
0
0
0
0
0
0
0
0
0
0
0
0
0
0
4.366265e+08
4.564022e+08
4.831742e+08
5.184346e+08
5.643234e+08
0
0
0
0
0
0
0
0
0
0
0
0
0
0
0
0
0
0
0
0
4.217818e+08
4.400805e+08
4.64846e+08
4.973572e+08
5.394392e+08
0
0
0
0
0
0
0
0
0
0
0
0
0
0
0
0
0
0
0
0
4.083574e+08
4.253712e+08
4.483854e+08
4.785339e+08
5.173826e+08
0
0
0
0
0
0
0
0
0
0
0
0
0
0
0
0
0
0
0
0
3.960642e+08
4.119311e+08
4.33397e+08
4.614569e+08
4.974942e+08
0
0
0
0
0
0
0
0
0
0
0
0
0
0
0
0
0
0
0
0
3.844955e+08
3.993068e+08
4.193521e+08
4.455163e+08
4.790099e+08
0
0
0
0
0
0
0
0
0
0
0
0
0
0
0
0
0
0
0
0
3.731165e+08
3.869118e+08
4.056011e+08
4.299651e+08
4.610711e+08
0
0
0
0
0
0
0
0
0
0
3.614542e+08
3.742736e+08
3.916405e+08
4.142595e+08
4.430668e+08
0
0
0
0
0
0
0
0
0
0
3.499859e+08
3.619014e+08
3.780582e+08
3.990739e+08
4.257866e+08
0
0
0
0
0
0
0
0
0
0
3.3932e+08
3.504378e+08
3.655268e+08
3.851464e+08
4.10037e+08
0
0
0
0
0
0
0
0
0
0
3.297713e+08
3.401914e+08
3.54368e+08
3.727973e+08
3.961532e+08
0
0
0
0
0
0
0
0
0
0
3.213988e+08
3.312287e+08
3.446262e+08
3.620599e+08
3.841357e+08
0
0
0
0
0
0
0
0
0
0
5.988922e+08
6.425269e+08
7.056705e+08
7.934786e+08
0
0
0
0
0
0
0
0
0
0
5.693816e+08
6.065515e+08
6.591232e+08
7.342957e+08
8.402513e+08
0
0
0
0
0
0
0
0
0
0
5.45681e+08
5.786918e+08
6.243938e+08
6.880974e+08
7.792329e+08
0
0
0
0
0
0
0
0
0
0
5.256935e+08
5.556378e+08
5.967578e+08
6.527813e+08
7.306216e+08
0
0
0
0
0
0
0
0
0
0
5.07583e+08
5.351078e+08
5.726619e+08
6.23305e+08
6.919319e+08
0
0
0
0
0
0
0
0
0
0
0
0
0
0
0
0
0
0
0
0
4.897241e+08
5.150926e+08
5.496153e+08
5.957529e+08
6.574676e+08
0
0
0
0
0
0
0
0
0
0
0
0
0
0
0
0
0
0
0
0
4.714012e+08
4.947355e+08
5.26401e+08
5.684788e+08
6.240817e+08
0
0
0
0
0
0
0
0
0
0
0
0
0
0
0
0
0
0
0
0
4.535683e+08
4.750198e+08
5.040881e+08
5.425074e+08
5.928592e+08
0
0
0
0
0
0
0
0
0
0
0
0
0
0
0
0
0
0
0
0
4.369414e+08
4.56717e+08
4.834839e+08
5.187312e+08
5.645934e+08
0
0
0
0
0
0
0
0
0
0
0
0
0
0
0
0
0
0
0
0
4.217818e+08
4.400805e+08
4.64846e+08
4.973572e+08
5.394392e+08
0
0
0
0
0
0
0
0
0
0
0
0
0
0
0
0
0
0
0
0
4.08061e+08
4.250728e+08
4.48088e+08
4.782421e+08
5.171028e+08
0
0
0
0
0
0
0
0
0
0
0
0
0
0
0
0
0
0
0
0
3.956188e+08
4.114929e+08
4.329752e+08
4.61064e+08
4.971478e+08
0
0
0
0
0
0
0
0
0
0
0
0
0
0
0
0
0
0
0
0
3.841979e+08
3.990483e+08
4.191545e+08
4.45409e+08
4.790321e+08
0
0
0
0
0
0
0
0
0
0
0
0
0
0
0
0
0
0
0
0
3.734345e+08
3.873266e+08
4.061592e+08
4.307239e+08
4.621063e+08
0
0
0
0
0
0
0
0
0
0
0
0
0
0
0
0
0
0
0
0
3.628103e+08
3.757897e+08
3.933899e+08
4.163343e+08
4.455826e+08
0
0
0
0
0
0
0
0
0
0
3.518868e+08
3.639732e+08
3.803775e+08
4.017343e+08
4.289069e+08
0
0
0
0
0
0
0
0
0
0
3.411073e+08
3.523688e+08
3.676631e+08
3.875637e+08
4.12829e+08
0
0
0
0
0
0
0
0
0
0
3.310678e+08
3.415856e+08
3.55901e+08
3.745187e+08
3.981247e+08
0
0
0
0
0
0
0
0
0
0
3.220623e+08
3.319384e+08
3.45402e+08
3.629256e+08
3.851202e+08
0
0
0
0
0
0
0
0
0
0
3.141582e+08
3.234849e+08
3.362303e+08
3.528242e+08
3.738409e+08
0
0
0
0
0
0
0
0
0
0
5.668953e+08
6.035852e+08
6.553702e+08
7.29114e+08
8.316854e+08
0
0
0
0
0
0
0
0
0
0
5.415098e+08
5.738062e+08
6.184029e+08
6.802949e+08
7.680997e+08
0
0
0
0
0
0
0
0
0
0
5.207511e+08
5.499133e+08
5.898428e+08
6.440177e+08
7.187805e+08
0
0
0
0
0
0
0
0
0
0
5.029749e+08
5.297828e+08
5.662591e+08
6.152558e+08
6.812841e+08
0
0
0
0
0
0
0
0
0
0
4.867094e+08
5.115585e+08
5.45297e+08
5.902532e+08
6.501342e+08
0
0
0
0
0
0
0
0
0
0
0
0
0
0
0
0
0
0
0
0
4.705168e+08
4.935986e+08
5.248806e+08
5.663785e+08
6.210925e+08
0
0
0
0
0
0
0
0
0
0
0
0
0
0
0
0
0
0
0
0
4.537864e+08
4.751523e+08
5.040836e+08
5.4229e+08
5.923093e+08
0
0
0
0
0
0
0
0
0
0
0
0
0
0
0
0
0
0
0
0
4.374126e+08
4.571714e+08
4.839056e+08
5.190957e+08
5.64863e+08
0
0
0
0
0
0
0
0
0
0
0
0
0
0
0
0
0
0
0
0
4.220875e+08
4.403874e+08
4.651503e+08
4.97653e+08
5.397176e+08
0
0
0
0
0
0
0
0
0
0
0
0
0
0
0
0
0
0
0
0
4.08061e+08
4.250728e+08
4.48088e+08
4.782421e+08
5.171028e+08
0
0
0
0
0
0
0
0
0
0
0
0
0
0
0
0
0
0
0
0
3.953315e+08
4.112032e+08
4.326855e+08
4.607779e+08
4.968705e+08
0
0
0
0
0
0
0
0
0
0
0
0
0
0
0
0
0
0
0
0
3.837619e+08
3.986184e+08
4.187382e+08
4.45017e+08
4.786787e+08
0
0
0
0
0
0
0
0
0
0
0
0
0
0
0
0
0
0
0
0
3.731312e+08
3.870578e+08
4.059453e+08
4.305901e+08
4.620865e+08
0
0
0
0
0
0
0
0
0
0
0
0
0
0
0
0
0
0
0
0
3.630855e+08
3.761529e+08
3.938824e+08
4.170091e+08
4.46506e+08
0
0
0
0
0
0
0
0
0
0
0
0
0
0
0
0
0
0
0
0
3.531497e+08
3.653818e+08
3.819994e+08
4.036524e+08
4.312269e+08
0
0
0
0
0
0
0
0
0
0
3.428961e+08
3.543144e+08
3.698355e+08
3.90049e+08
4.157343e+08
0
0
0
0
0
0
0
0
0
0
3.327571e+08
3.434075e+08
3.579123e+08
3.767884e+08
4.00739e+08
0
0
0
0
0
0
0
0
0
0
3.232918e+08
3.332579e+08
3.468501e+08
3.64548e+08
3.869732e+08
0
0
0
0
0
0
0
0
0
0
3.147902e+08
3.241596e+08
3.369663e+08
3.536435e+08
3.747705e+08
0
0
0
0
0
0
0
0
0
0
3.073197e+08
3.161793e+08
3.283168e+08
3.441357e+08
3.64164e+08
0
0
0
0
0
0
0
0
0
0
5.393383e+08
5.712731e+08
6.153138e+08
6.763026e+08
7.624704e+08
0
0
0
0
0
0
0
0
0
0
5.170572e+08
5.456619e+08
5.847526e+08
6.376428e+08
7.103062e+08
0
0
0
0
0
0
0
0
0
0
4.985601e+08
5.24738e+08
5.602821e+08
6.078798e+08
6.717462e+08
0
0
0
0
0
0
0
0
0
0
4.825739e+08
5.068364e+08
5.397063e+08
5.833803e+08
6.413197e+08
0
0
0
0
0
0
0
0
0
0
4.678193e+08
4.904702e+08
5.211114e+08
5.616651e+08
6.149736e+08
0
0
0
0
0
0
0
0
0
0
0
0
0
0
0
0
0
0
0
0
4.530315e+08
4.741872e+08
5.02803e+08
5.405435e+08
5.898701e+08
0
0
0
0
0
0
0
0
0
0
0
0
0
0
0
0
0
0
0
0
4.376581e+08
4.573462e+08
4.839688e+08
5.189887e+08
5.644985e+08
0
0
0
0
0
0
0
0
0
0
0
0
0
0
0
0
0
0
0
0
4.225512e+08
4.408388e+08
4.655761e+08
4.980349e+08
5.400279e+08
0
0
0
0
0
0
0
0
0
0
0
0
0
0
0
0
0
0
0
0
4.083574e+08
4.253712e+08
4.483854e+08
4.785339e+08
5.173826e+08
0
0
0
0
0
0
0
0
0
0
0
0
0
0
0
0
0
0
0
0
3.953315e+08
4.112032e+08
4.326855e+08
4.607779e+08
4.968705e+08
0
0
0
0
0
0
0
0
0
0
0
0
0
0
0
0
0
0
0
0
3.834832e+08
3.983372e+08
4.184565e+08
4.447376e+08
4.784057e+08
0
0
0
0
0
0
0
0
0
0
0
0
0
0
0
0
0
0
0
0
3.727049e+08
3.866363e+08
4.055357e+08
4.302012e+08
4.617305e+08
0
0
0
0
0
0
0
0
0
0
0
0
0
0
0
0
0
0
0
0
3.627781e+08
3.758765e+08
3.936551e+08
4.168543e+08
4.464527e+08
0
0
0
0
0
0
0
0
0
0
0
0
0
0
0
0
0
0
0
0
3.533872e+08
3.656993e+08
3.82435e+08
4.042533e+08
4.32054e+08
0
0
0
0
0
0
0
0
0
0
0
0
0
0
0
0
0
0
0
0
3.440745e+08
3.556265e+08
3.71343e+08
3.918282e+08
4.178802e+08
0
0
0
0
0
0
0
0
0
0
3.344429e+08
3.452382e+08
3.599522e+08
3.791161e+08
4.034527e+08
0
0
0
0
0
0
0
0
0
0
3.248919e+08
3.349798e+08
3.487475e+08
3.666845e+08
3.894274e+08
0
0
0
0
0
0
0
0
0
0
3.159584e+08
3.25411e+08
3.383366e+08
3.551757e+08
3.765165e+08
0
0
0
0
0
0
0
0
0
0
3.079227e+08
3.16822e+08
3.290164e+08
3.449127e+08
3.650434e+08
0
0
0
0
0
0
0
0
0
0
3.008598e+08
3.092795e+08
3.208519e+08
3.359482e+08
3.550638e+08
0
0
0
0
0
0
0
0
0
0
5.151287e+08
5.434496e+08
5.821153e+08
6.343587e+08
7.059744e+08
0
0
0
0
0
0
0
0
0
0
4.952485e+08
5.209732e+08
5.558535e+08
6.024657e+08
6.64829e+08
0
0
0
0
0
0
0
0
0
0
4.785892e+08
5.023305e+08
5.344397e+08
5.770067e+08
6.332965e+08
0
0
0
0
0
0
0
0
0
0
4.640744e+08
4.862328e+08
5.161538e+08
5.556639e+08
6.074477e+08
0
0
0
0
0
0
0
0
0
0
4.505975e+08
4.713876e+08
4.994647e+08
5.364258e+08
5.846198e+08
0
0
0
0
0
0
0
0
0
0
0
0
0
0
0
0
0
0
0
0
4.370095e+08
4.565182e+08
4.828745e+08
5.17507e+08
5.62455e+08
0
0
0
0
0
0
0
0
0
0
0
0
0
0
0
0
0
0
0
0
4.228163e+08
4.410449e+08
4.656882e+08
4.980063e+08
5.397909e+08
0
0
0
0
0
0
0
0
0
0
0
0
0
0
0
0
0
0
0
0
4.088123e+08
4.258168e+08
4.488108e+08
4.789238e+08
5.177161e+08
0
0
0
0
0
0
0
0
0
0
0
0
0
0
0
0
0
0
0
0
3.956188e+08
4.114929e+08
4.329752e+08
4.61064e+08
4.971478e+08
0
0
0
0
0
0
0
0
0
0
0
0
0
0
0
0
0
0
0
0
3.834832e+08
3.983372e+08
4.184565e+08
4.447376e+08
4.784057e+08
0
0
0
0
0
0
0
0
0
0
0
0
0
0
0
0
0
0
0
0
3.724345e+08
3.863633e+08
4.05262e+08
4.29929e+08
4.61463e+08
0
0
0
0
0
0
0
0
0
0
0
0
0
0
0
0
0
0
0
0
3.623611e+08
3.754636e+08
3.932523e+08
4.1647e+08
4.460969e+08
0
0
0
0
0
0
0
0
0
0
0
0
0
0
0
0
0
0
0
0
3.530771e+08
3.654171e+08
3.821974e+08
4.040808e+08
4.319735e+08
0
0
0
0
0
0
0
0
0
0
0
0
0
0
0
0
0
0
0
0
3.442784e+08
3.559037e+08
3.717283e+08
3.923649e+08
4.186225e+08
0
0
0
0
0
0
0
0
0
0
0
0
0
0
0
0
0
0
0
3.355435e+08
3.464629e+08
3.61357e+08
3.807707e+08
4.054442e+08
0
0
0
0
0
0
0
0
0
0
3.264842e+08
3.367051e+08
3.506668e+08
3.6887e+08
3.919686e+08
0
0
0
0
0
0
0
0
0
0
3.174765e+08
3.270418e+08
3.401297e+08
3.571909e+08
3.78826e+08
0
0
0
0
0
0
0
0
0
0
3.090344e+08
3.180109e+08
3.303158e+08
3.463623e+08
3.666918e+08
0
0
0
0
0
0
0
0
0
0
3.014363e+08
3.098928e+08
3.215182e+08
3.366867e+08
3.558975e+08
0
0
0
0
0
0
0
0
0
0
2.947552e+08
3.027619e+08
3.138025e+08
3.282267e+08
3.464915e+08
0
0
0
0
0
0
0
0
0
0
4.935153e+08
5.190087e+08
5.535509e+08
5.996635e+08
6.612694e+08
0
0
0
0
0
0
0
0
0
0
4.755913e+08
4.989557e+08
5.305191e+08
5.722986e+08
6.274269e+08
0
0
0
0
0
0
0
0
0
0
4.604488e+08
4.821663e+08
5.11451e+08
5.500499e+08
6.005189e+08
0
0
0
0
0
0
0
0
0
0
4.471823e+08
4.675509e+08
4.950166e+08
5.311049e+08
5.780498e+08
0
0
0
0
0
0
0
0
0
0
4.347992e+08
4.539919e+08
4.79886e+08
5.138577e+08
5.578646e+08
0
0
0
0
0
0
0
0
0
0
0
0
0
0
0
0
0
0
0
0
4.222558e+08
4.403297e+08
4.647431e+08
4.967312e+08
5.380453e+08
0
0
0
0
0
0
0
0
0
0
0
0
0
0
0
0
0
0
0
0
4.090915e+08
4.260457e+08
4.489597e+08
4.789529e+08
5.175712e+08
0
0
0
0
0
0
0
0
0
0
0
0
0
0
0
0
0
0
0
0
3.960642e+08
4.119311e+08
4.33397e+08
4.614569e+08
4.974942e+08
0
0
0
0
0
0
0
0
0
0
0
0
0
0
0
0
0
0
0
0
3.837619e+08
3.986184e+08
4.187382e+08
4.45017e+08
4.786787e+08
0
0
0
0
0
0
0
0
0
0
0
0
0
0
0
0
0
0
0
0
3.724345e+08
3.863633e+08
4.05262e+08
4.29929e+08
4.614631e+08
0
0
0
0
0
0
0
0
0
0
0
0
0
0
0
0
0
0
0
0
3.620986e+08
3.751986e+08
3.929863e+08
4.16205e+08
4.458357e+08
0
0
0
0
0
0
0
0
0
0
0
0
0
0
0
0
0
0
0
0
3.526693e+08
3.650127e+08
3.81802e+08
4.037016e+08
4.316198e+08
0
0
0
0
0
0
0
0
0
0
0
0
0
0
0
0
0
0
0
0
3.439665e+08
3.556173e+08
3.714823e+08
3.921783e+08
4.18519e+08
0
0
0
0
0
0
0
0
0
0
0
0
0
0
0
0
0
0
0
3.357162e+08
3.467042e+08
3.616979e+08
3.812505e+08
4.061126e+08
0
0
0
0
0
0
0
0
0
0
0
0
0
0
0
0
0
0
3.275146e+08
3.378493e+08
3.519787e+08
3.704128e+08
3.938216e+08
0
0
0
0
0
0
0
0
0
0
3.189831e+08
3.286714e+08
3.419385e+08
3.592472e+08
3.812117e+08
0
0
0
0
0
0
0
0
0
0
3.10477e+08
3.195581e+08
3.320138e+08
3.482664e+08
3.688696e+08
0
0
0
0
0
0
0
0
0
0
3.024959e+08
3.110241e+08
3.227526e+08
3.38061e+08
3.574567e+08
0
0
0
0
0
0
0
0
0
0
2.953069e+08
3.033481e+08
3.144381e+08
3.289297e+08
3.472835e+08
0
0
0
0
0
0
0
0
0
0
2.889885e+08
2.966028e+08
3.071441e+08
3.209362e+08
3.384096e+08
0
0
0
0
0
0
0
0
0
0
4.740189e+08
4.971902e+08
5.284748e+08
5.698532e+08
6.243925e+08
0
0
0
0
0
0
0
0
0
0
4.577143e+08
4.791114e+08
5.079372e+08
5.458838e+08
5.954188e+08
0
0
0
0
0
0
0
0
0
0
4.438622e+08
4.638514e+08
4.907733e+08
5.260936e+08
5.719505e+08
0
0
0
0
0
0
0
0
0
0
4.316671e+08
4.504936e+08
4.758592e+08
5.090845e+08
5.520411e+08
0
0
0
0
0
0
0
0
0
0
4.202371e+08
4.380354e+08
4.620455e+08
4.934627e+08
5.339747e+08
0
0
0
0
0
0
0
0
0
0
0
0
0
0
0
0
0
0
0
0
4.086054e+08
4.254241e+08
4.481377e+08
4.778441e+08
5.160594e+08
0
0
0
0
0
0
0
0
0
0
0
0
0
0
0
0
0
0
0
0
3.963537e+08
4.121769e+08
4.335735e+08
4.615302e+08
4.974183e+08
0
0
0
0
0
0
0
0
0
0
0
0
0
0
0
0
0
0
0
0
3.841979e+08
3.990483e+08
4.191545e+08
4.45409e+08
4.790321e+08
0
0
0
0
0
0
0
0
0
0
0
0
0
0
0
0
0
0
0
0
3.727049e+08
3.866363e+08
4.055357e+08
4.302012e+08
4.617305e+08
0
0
0
0
0
0
0
0
0
0
0
0
0
0
0
0
0
0
0
0
3.620986e+08
3.751986e+08
3.929863e+08
4.16205e+08
4.458357e+08
0
0
0
0
0
0
0
0
0
0
0
0
0
0
0
0
0
0
0
0
3.524144e+08
3.647552e+08
3.815434e+08
4.034436e+08
4.31365e+08
0
0
0
0
0
0
0
0
0
0
0
0
0
0
0
0
0
0
0
0
3.435677e+08
3.552214e+08
3.710943e+08
3.918048e+08
4.181682e+08
0
0
0
0
0
0
0
0
0
0
0
0
0
0
0
0
0
0
0
3.354024e+08
3.464146e+08
3.614454e+08
3.810523e+08
4.059903e+08
0
0
0
0
0
0
0
0
0
0
0
0
0
0
0
0
0
0
3.276598e+08
3.380573e+08
3.522799e+08
3.708423e+08
3.944245e+08
0
0
0
0
0
0
0
0
0
0
0
0
0
0
0
0
0
3.199494e+08
3.297429e+08
3.431649e+08
3.606887e+08
3.829405e+08
0
0
0
0
0
0
0
0
0
0
3.119047e+08
3.210999e+08
3.337222e+08
3.502043e+08
3.711141e+08
0
0
0
0
0
0
0
0
0
0
3.038692e+08
3.124942e+08
3.243634e+08
3.398639e+08
3.59514e+08
0
0
0
0
0
0
0
0
0
0
2.96318e+08
3.044264e+08
3.156125e+08
3.30235e+08
3.487613e+08
0
0
0
0
0
0
0
0
0
0
2.895176e+08
2.971637e+08
3.077515e+08
3.216067e+08
3.391634e+08
0
0
0
0
0
0
0
0
0
0
2.835298e+08
2.907845e+08
3.008522e+08
3.140512e+08
3.307811e+08
0
0
0
0
0
0
0
0
0
0
4.562771e+08
4.775099e+08
5.061007e+08
5.437139e+08
5.927731e+08
0
0
0
0
0
0
0
0
0
0
4.413529e+08
4.610653e+08
4.875935e+08
5.223616e+08
5.674408e+08
0
0
0
0
0
0
0
0
0
0
4.286108e+08
4.471062e+08
4.719996e+08
5.045646e+08
5.465998e+08
0
0
0
0
0
0
0
0
0
0
4.173501e+08
4.348275e+08
4.583744e+08
4.891426e+08
5.287523e+08
0
0
0
0
0
0
0
0
0
0
4.067532e+08
4.233286e+08
4.456872e+08
4.748925e+08
5.124119e+08
0
0
0
0
0
0
0
0
0
0
0
0
0
0
0
0
0
0
0
0
3.959312e+08
4.116345e+08
4.32854e+08
4.605589e+08
4.960953e+08
0
0
0
0
0
0
0
0
0
0
0
0
0
0
0
0
0
0
0
0
3.844955e+08
3.993068e+08
4.193521e+08
4.455163e+08
4.790099e+08
0
0
0
0
0
0
0
0
0
0
0
0
0
0
0
0
0
0
0
0
3.731312e+08
3.870578e+08
4.059453e+08
4.305901e+08
4.620865e+08
0
0
0
0
0
0
0
0
0
0
0
0
0
0
0
0
0
0
0
0
3.623611e+08
3.754636e+08
3.932523e+08
4.1647e+08
4.460969e+08
0
0
0
0
0
0
0
0
0
0
0
0
0
0
0
0
0
0
0
0
3.524144e+08
3.647552e+08
3.815434e+08
4.034436e+08
4.31365e+08
0
0
0
0
0
0
0
0
0
0
0
0
0
0
0
0
0
0
0
0
3.433198e+08
3.549711e+08
3.708428e+08
3.915538e+08
4.179196e+08
0
0
0
0
0
0
0
0
0
0
0
0
0
0
0
0
0
0
0
3.350116e+08
3.46027e+08
3.61065e+08
3.806848e+08
4.056433e+08
0
0
0
0
0
0
0
0
0
0
0
0
0
0
0
0
0
0
3.273451e+08
3.377646e+08
3.520224e+08
3.706347e+08
3.942864e+08
0
0
0
0
0
0
0
0
0
0
0
0
0
0
0
0
0
3.200699e+08
3.299216e+08
3.434295e+08
3.610733e+08
3.834854e+08
0
0
0
0
0
0
0
0
0
0
0
0
0
0
0
0
3.128118e+08
3.221052e+08
3.348715e+08
3.515529e+08
3.727305e+08
0
0
0
0
0
0
0
0
0
0
3.052243e+08
3.139552e+08
3.259799e+08
3.416942e+08
3.616291e+08
0
0
0
0
0
0
0
0
0
0
2.976264e+08
3.058257e+08
3.17143e+08
3.319451e+08
3.507089e+08
0
0
0
0
0
0
0
0
0
0
2.904844e+08
2.981925e+08
3.088707e+08
3.228484e+08
3.405666e+08
0
0
0
0
0
0
0
0
0
0
2.840378e+08
2.913224e+08
3.014334e+08
3.146918e+08
3.314997e+08
0
0
0
0
0
0
0
0
0
0
2.783716e+08
2.85277e+08
2.94909e+08
3.075461e+08
3.235787e+08
0
0
0
0
0
0
0
0
0
0
4.400314e+08
4.596017e+08
4.85928e+08
5.204132e+08
5.650951e+08
0
0
0
0
0
0
0
0
0
0
4.262963e+08
4.445497e+08
4.691003e+08
5.011887e+08
5.425628e+08
0
0
0
0
0
0
0
0
0
0
4.145232e+08
4.317096e+08
4.548413e+08
4.850329e+08
5.238474e+08
0
0
0
0
0
0
0
0
0
0
4.040809e+08
4.203721e+08
4.423214e+08
4.709548e+08
5.076868e+08
0
0
0
0
0
0
0
0
0
0
3.942253e+08
4.097118e+08
4.306152e+08
4.578766e+08
4.928002e+08
0
0
0
0
0
0
0
0
0
0
0
0
0
0
0
0
0
0
0
0
3.84129e+08
3.988323e+08
4.187194e+08
4.446599e+08
4.778435e+08
0
0
0
0
0
0
0
0
0
0
0
0
0
0
0
0
0
0
0
0
3.734345e+08
3.873266e+08
4.061592e+08
4.307239e+08
4.621063e+08
0
0
0
0
0
0
0
0
0
0
0
0
0
0
0
0
0
0
0
0
3.627781e+08
3.758765e+08
3.93655e+08
4.168543e+08
4.464527e+08
0
0
0
0
0
0
0
0
0
0
0
0
0
0
0
0
0
0
0
0
3.526693e+08
3.650127e+08
3.81802e+08
4.037016e+08
4.316198e+08
0
0
0
0
0
0
0
0
0
0
0
0
0
0
0
0
0
0
0
0
3.433198e+08
3.549711e+08
3.708428e+08
3.915538e+08
4.179196e+08
0
0
0
0
0
0
0
0
0
0
0
0
0
0
0
0
0
0
0
3.347701e+08
3.457836e+08
3.608204e+08
3.804404e+08
4.05401e+08
0
0
0
0
0
0
0
0
0
0
0
0
0
0
0
0
0
0
3.269622e+08
3.373843e+08
3.516493e+08
3.702735e+08
3.939436e+08
0
0
0
0
0
0
0
0
0
0
0
0
0
0
0
0
0
3.197548e+08
3.296269e+08
3.43167e+08
3.60858e+08
3.833342e+08
0
0
0
0
0
0
0
0
0
0
0
0
0
0
0
0
3.129093e+08
3.222574e+08
3.351037e+08
3.518961e+08
3.732235e+08
0
0
0
0
0
0
0
0
0
0
0
0
0
0
0
3.060774e+08
3.148993e+08
3.270587e+08
3.429589e+08
3.631425e+08
0
0
0
0
0
0
0
0
0
0
2.989138e+08
3.072126e+08
3.186748e+08
3.33677e+08
3.527066e+08
0
0
0
0
0
0
0
0
0
0
2.917337e+08
2.995257e+08
3.103274e+08
3.24473e+08
3.424136e+08
0
0
0
0
0
0
0
0
0
0
2.849633e+08
2.923061e+08
3.025012e+08
3.158751e+08
3.328343e+08
0
0
0
0
0
0
0
0
0
0
2.788604e+08
2.857935e+08
2.954662e+08
3.081589e+08
3.242651e+08
0
0
0
0
0
0
0
0
0
0
2.734871e+08
2.800727e+08
2.892834e+08
3.014022e+08
3.167751e+08
0
0
0
0
0
0
0
0
0
0
4.250751e+08
4.432041e+08
4.675787e+08
4.994227e+08
5.404582e+08
0
0
0
0
0
0
0
0
0
0
4.123788e+08
4.29352e+08
4.521816e+08
4.819561e+08
5.201981e+08
0
0
0
0
0
0
0
0
0
0
4.01456e+08
4.174886e+08
4.3907e+08
4.671941e+08
5.032295e+08
0
0
0
0
0
0
0
0
0
0
3.91743e+08
4.069755e+08
4.275136e+08
4.542671e+08
4.884948e+08
0
0
0
0
0
0
0
0
0
0
3.825535e+08
3.970612e+08
4.166647e+08
4.422084e+08
4.748478e+08
0
0
0
0
0
0
0
0
0
0
0
0
0
0
0
0
0
0
0
0
3.731165e+08
3.869118e+08
4.056011e+08
4.299651e+08
4.610711e+08
0
0
0
0
0
0
0
0
0
0
0
0
0
0
0
0
0
0
0
0
3.630855e+08
3.761529e+08
3.938824e+08
4.170091e+08
4.46506e+08
0
0
0
0
0
0
0
0
0
0
0
0
0
0
0
0
0
0
0
0
3.530771e+08
3.654171e+08
3.821974e+08
4.040808e+08
4.319735e+08
0
0
0
0
0
0
0
0
0
0
0
0
0
0
0
0
0
0
0
0
3.435677e+08
3.552214e+08
3.710943e+08
3.918048e+08
4.181682e+08
0
0
0
0
0
0
0
0
0
0
0
0
0
0
0
0
0
0
0
3.347701e+08
3.457836e+08
3.608204e+08
3.804404e+08
4.05401e+08
0
0
0
0
0
0
0
0
0
0
0
0
0
0
0
0
0
0
3.26727e+08
3.371471e+08
3.514112e+08
3.700355e+08
3.937074e+08
0
0
0
0
0
0
0
0
0
0
0
0
0
0
0
0
0
3.193796e+08
3.292541e+08
3.428004e+08
3.605029e+08
3.829961e+08
0
0
0
0
0
0
0
0
0
0
0
0
0
0
0
0
3.125938e+08
3.219614e+08
3.348376e+08
3.516734e+08
3.730611e+08
0
0
0
0
0
0
0
0
0
0
0
0
0
0
0
3.061544e+08
3.150272e+08
3.272617e+08
3.432654e+08
3.635879e+08
0
0
0
0
0
0
0
0
0
0
0
0
0
0
2.997159e+08
3.081008e+08
3.196887e+08
3.348651e+08
3.541269e+08
0
0
0
0
0
0
0
0
0
0
2.929595e+08
3.008432e+08
3.117816e+08
3.261142e+08
3.443039e+08
0
0
0
0
0
0
0
0
0
0
2.861575e+08
2.935791e+08
3.03889e+08
3.174212e+08
3.345888e+08
0
0
0
0
0
0
0
0
0
0
2.79748e+08
2.867351e+08
2.964871e+08
3.092877e+08
3.255366e+08
0
0
0
0
0
0
0
0
0
0
2.739578e+08
2.805696e+08
2.898183e+08
3.019896e+08
3.174315e+08
0
0
0
0
0
0
0
0
0
2.688787e+08
2.751445e+08
2.839676e+08
2.955871e+08
3.103503e+08
0
0
0
0
0
0
0
0
0
0
4.11245e+08
4.281086e+08
4.50783e+08
4.803433e+08
5.182917e+08
0
0
0
0
0
0
0
0
0
0
3.994616e+08
4.153044e+08
4.366178e+08
4.643727e+08
4.999055e+08
0
0
0
0
0
0
0
0
0
0
3.892974e+08
4.042983e+08
4.245074e+08
4.508074e+08
4.844179e+08
0
0
0
0
0
0
0
0
0
0
3.802412e+08
3.945198e+08
4.137945e+08
4.388829e+08
4.709024e+08
0
0
0
0
0
0
0
0
0
0
3.716565e+08
3.852759e+08
4.037079e+08
4.277142e+08
4.583322e+08
0
0
0
0
0
0
0
0
0
0
0
0
0
0
0
0
0
0
0
0
3.628103e+08
3.757897e+08
3.933899e+08
4.163343e+08
4.455826e+08
0
0
0
0
0
0
0
0
0
0
0
0
0
0
0
0
0
0
0
0
3.533872e+08
3.656993e+08
3.82435e+08
4.042533e+08
4.32054e+08
0
0
0
0
0
0
0
0
0
0
0
0
0
0
0
0
0
0
0
0
3.439665e+08
3.556172e+08
3.714823e+08
3.921783e+08
4.18519e+08
0
0
0
0
0
0
0
0
0
0
0
0
0
0
0
0
0
0
0
3.350116e+08
3.46027e+08
3.61065e+08
3.806848e+08
4.056433e+08
0
0
0
0
0
0
0
0
0
0
0
0
0
0
0
0
0
0
3.26727e+08
3.371471e+08
3.514112e+08
3.700355e+08
3.937074e+08
0
0
0
0
0
0
0
0
0
0
0
0
0
0
0
0
0
3.191503e+08
3.290229e+08
3.425683e+08
3.602711e+08
3.827658e+08
0
0
0
0
0
0
0
0
0
0
0
0
0
0
0
0
3.122256e+08
3.215958e+08
3.344778e+08
3.513239e+08
3.727279e+08
0
0
0
0
0
0
0
0
0
0
0
0
0
0
0
3.058391e+08
3.147298e+08
3.269928e+08
3.430369e+08
3.63415e+08
0
0
0
0
0
0
0
0
0
0
0
0
0
0
2.997733e+08
3.082067e+08
3.198647e+08
3.351384e+08
3.545298e+08
0
0
0
0
0
0
0
0
0
0
0
0
0
2.937158e+08
3.01679e+08
3.127362e+08
3.272318e+08
3.456393e+08
0
0
0
0
0
0
0
0
0
0
2.873255e+08
2.948336e+08
3.052705e+08
3.189793e+08
3.363801e+08
0
0
0
0
0
0
0
0
0
0
2.808918e+08
2.879519e+08
2.978122e+08
3.107606e+08
3.272061e+08
0
0
0
0
0
0
0
0
0
0
2.748099e+08
2.814727e+08
2.907955e+08
3.030686e+08
3.186442e+08
0
0
0
0
0
0
0
0
0
2.69333e+08
2.756229e+08
2.844822e+08
2.961509e+08
3.109793e+08
0
0
0
0
0
0
0
0
2.645127e+08
2.704947e+08
2.789339e+08
2.900928e+08
3.042704e+08
0
0
0
0
0
0
0
0
0
0
3.98405e+08
4.141502e+08
4.353257e+08
4.628909e+08
4.981657e+08
0
0
0
0
0
0
0
0
0
0
3.874364e+08
4.022671e+08
4.22236e+08
4.48207e+08
4.813715e+08
0
0
0
0
0
0
0
0
0
0
3.779561e+08
3.920258e+08
4.110039e+08
4.35685e+08
4.671536e+08
0
0
0
0
0
0
0
0
0
0
3.694958e+08
3.829087e+08
4.010424e+08
4.246375e+08
4.546982e+08
0
0
0
0
0
0
0
0
0
0
3.614542e+08
3.742736e+08
3.916405e+08
4.142595e+08
4.430668e+08
0
0
0
0
0
0
0
0
0
0
0
0
0
0
0
0
0
0
0
0
3.531497e+08
3.653818e+08
3.819994e+08
4.036524e+08
4.312269e+08
0
0
0
0
0
0
0
0
0
0
0
0
0
0
0
0
0
0
0
0
3.442784e+08
3.559037e+08
3.717283e+08
3.923649e+08
4.186225e+08
0
0
0
0
0
0
0
0
0
0
0
0
0
0
0
0
0
0
0
3.354024e+08
3.464146e+08
3.614454e+08
3.810523e+08
4.059903e+08
0
0
0
0
0
0
0
0
0
0
0
0
0
0
0
0
0
0
3.269622e+08
3.373843e+08
3.516493e+08
3.702735e+08
3.939436e+08
0
0
0
0
0
0
0
0
0
0
0
0
0
0
0
0
0
3.191503e+08
3.290229e+08
3.425682e+08
3.602711e+08
3.827658e+08
0
0
0
0
0
0
0
0
0
0
0
0
0
0
0
0
3.120016e+08
3.213703e+08
3.342513e+08
3.510976e+08
3.725033e+08
0
0
0
0
0
0
0
0
0
0
0
0
0
0
0
3.054776e+08
3.143707e+08
3.266395e+08
3.426932e+08
3.63086e+08
0
0
0
0
0
0
0
0
0
0
0
0
0
0
2.994575e+08
3.079087e+08
3.195932e+08
3.349052e+08
3.543484e+08
0
0
0
0
0
0
0
0
0
0
0
0
0
2.937558e+08
3.017639e+08
3.12888e+08
3.274746e+08
3.460039e+08
0
0
0
0
0
0
0
0
0
0
0
0
2.880386e+08
2.956219e+08
3.061695e+08
3.200325e+08
3.376373e+08
0
0
0
0
0
0
0
0
0
0
2.820073e+08
2.891473e+08
2.991277e+08
3.12241e+08
3.289068e+08
0
0
0
0
0
0
0
0
0
0
2.759062e+08
2.82638e+08
2.920619e+08
3.044748e+08
3.202344e+08
0
0
0
0
0
0
0
0
0
2.701528e+08
2.764898e+08
2.854193e+08
2.971835e+08
3.121384e+08
0
0
0
0
0
0
0
0
2.649514e+08
2.709565e+08
2.794293e+08
2.906349e+08
3.048739e+08
0
0
0
0
0
0
0
2.604139e+08
2.660894e+08
2.741847e+08
2.8489e+08
2.985266e+08
0
0
0
0
0
0
0
0
0
0
3.864485e+08
4.011916e+08
4.21037e+08
4.468387e+08
4.797741e+08
0
0
0
0
0
0
0
0
0
0
3.762147e+08
3.901306e+08
4.088921e+08
4.332772e+08
4.643472e+08
0
0
0
0
0
0
0
0
0
0
3.673544e+08
3.805787e+08
3.984432e+08
4.216698e+08
4.512346e+08
0
0
0
0
0
0
0
0
0
0
3.594301e+08
3.720617e+08
3.89158e+08
4.114027e+08
4.397055e+08
0
0
0
0
0
0
0
0
0
0
3.518868e+08
3.639732e+08
3.803775e+08
4.017343e+08
4.289069e+08
0
0
0
0
0
0
0
0
0
0
0
0
0
0
0
0
0
0
0
0
3.440745e+08
3.556265e+08
3.71343e+08
3.918282e+08
4.178802e+08
0
0
0
0
0
0
0
0
0
0
0
0
0
0
0
0
0
0
0
3.357162e+08
3.467042e+08
3.616978e+08
3.812505e+08
4.061126e+08
0
0
0
0
0
0
0
0
0
0
0
0
0
0
0
0
0
0
3.273451e+08
3.377646e+08
3.520224e+08
3.706347e+08
3.942864e+08
0
0
0
0
0
0
0
0
0
0
0
0
0
0
0
0
0
3.193796e+08
3.292541e+08
3.428004e+08
3.605029e+08
3.829961e+08
0
0
0
0
0
0
0
0
0
0
0
0
0
0
0
0
3.120016e+08
3.213703e+08
3.342513e+08
3.510976e+08
3.725033e+08
0
0
0
0
0
0
0
0
0
0
0
0
0
0
0
3.052588e+08
3.141503e+08
3.264185e+08
3.424723e+08
3.628665e+08
0
0
0
0
0
0
0
0
0
0
0
0
0
0
2.99102e+08
3.07556e+08
3.192457e+08
3.345671e+08
3.540241e+08
0
0
0
0
0
0
0
0
0
0
0
0
0
2.934404e+08
3.014648e+08
3.126145e+08
3.272369e+08
3.458152e+08
0
0
0
0
0
0
0
0
0
0
0
0
2.88062e+08
2.956885e+08
3.062982e+08
3.202477e+08
3.379666e+08
0
0
0
0
0
0
0
0
0
0
0
2.826815e+08
2.89891e+08
2.999763e+08
3.132338e+08
3.300925e+08
0
0
0
0
0
0
0
0
0
0
2.769721e+08
2.837798e+08
2.933156e+08
3.058846e+08
3.218506e+08
0
0
0
0
0
0
0
0
0
2.712061e+08
2.776067e+08
2.866322e+08
2.985274e+08
3.136565e+08
0
0
0
0
0
0
0
0
2.657403e+08
2.717905e+08
2.803288e+08
2.916251e+08
3.059829e+08
0
0
0
0
0
0
0
2.608387e+08
2.665353e+08
2.746628e+08
2.854119e+08
2.991068e+08
0
0
0
0
0
0
2.565337e+08
2.619536e+08
2.696849e+08
2.799816e+08
2.930879e+08
0
0
0
0
0
0
0
0
0
0
3.752884e+08
3.891251e+08
4.077751e+08
4.32008e+08
4.628731e+08
0
0
0
0
0
0
0
0
0
0
3.657201e+08
3.788055e+08
3.964733e+08
4.194319e+08
4.486375e+08
0
0
0
0
0
0
0
0
0
0
3.574184e+08
3.698784e+08
3.867301e+08
4.086393e+08
4.364926e+08
0
0
0
0
0
0
0
0
0
0
3.499859e+08
3.619014e+08
3.780581e+08
3.990739e+08
4.257866e+08
0
0
0
0
0
0
0
0
0
0
3.428961e+08
3.543144e+08
3.698355e+08
3.90049e+08
4.157343e+08
0
0
0
0
0
0
0
0
0
0
0
0
0
0
0
0
0
0
0
3.355435e+08
3.464629e+08
3.61357e+08
3.807707e+08
4.054442e+08
0
0
0
0
0
0
0
0
0
0
0
0
0
0
0
0
0
0
3.276598e+08
3.380573e+08
3.522799e+08
3.708423e+08
3.944245e+08
0
0
0
0
0
0
0
0
0
0
0
0
0
0
0
0
0
3.197548e+08
3.296269e+08
3.431669e+08
3.60858e+08
3.833341e+08
0
0
0
0
0
0
0
0
0
0
0
0
0
0
0
0
3.122256e+08
3.215958e+08
3.344777e+08
3.513239e+08
3.727279e+08
0
0
0
0
0
0
0
0
0
0
0
0
0
0
0
3.052588e+08
3.141503e+08
3.264185e+08
3.424723e+08
3.628665e+08
0
0
0
0
0
0
0
0
0
0
0
0
0
0
2.988878e+08
3.073406e+08
3.190297e+08
3.343514e+08
3.538096e+08
0
0
0
0
0
0
0
0
0
0
0
0
0
2.930908e+08
3.011176e+08
3.122729e+08
3.269039e+08
3.454955e+08
0
0
0
0
0
0
0
0
0
0
0
0
2.877464e+08
2.95389e+08
3.060225e+08
3.200065e+08
3.377711e+08
0
0
0
0
0
0
0
0
0
0
0
2.826906e+08
2.899399e+08
3.000847e+08
3.134229e+08
3.3039e+08
0
0
0
0
0
0
0
0
0
0
2.776091e+08
2.844833e+08
2.94117e+08
3.068228e+08
3.229695e+08
0
0
0
0
0
0
0
0
0
2.722273e+08
2.786977e+08
2.878297e+08
2.998712e+08
3.151956e+08
0
0
0
0
0
0
0
0
2.667521e+08
2.728636e+08
2.814912e+08
2.929121e+08
3.074336e+08
0
0
0
0
0
0
0
2.616002e+08
2.673378e+08
2.755281e+08
2.863622e+08
3.001701e+08
0
0
0
0
0
0
2.569448e+08
2.623854e+08
2.701464e+08
2.804851e+08
2.936462e+08
0
0
0
0
0
2.529322e+08
2.580381e+08
2.654604e+08
2.753307e+08
2.879573e+08
0
0
0
0
0
0
0
0
0
0
3.648489e+08
3.778627e+08
3.954292e+08
4.182499e+08
4.472707e+08
0
0
0
0
0
0
0
0
0
0
3.55881e+08
3.682145e+08
3.848873e+08
4.065523e+08
4.340797e+08
0
0
0
0
0
0
0
0
0
0
3.480916e+08
3.598505e+08
3.757835e+08
3.964932e+08
4.227959e+08
0
0
0
0
0
0
0
0
0
0
3.411073e+08
3.523688e+08
3.676631e+08
3.875636e+08
4.12829e+08
0
0
0
0
0
0
0
0
0
0
3.344429e+08
3.452382e+08
3.599522e+08
3.791161e+08
4.034527e+08
0
0
0
0
0
0
0
0
0
0
0
0
0
0
0
0
0
0
3.275146e+08
3.378493e+08
3.519787e+08
3.704128e+08
3.938216e+08
0
0
0
0
0
0
0
0
0
0
0
0
0
0
0
0
0
3.200699e+08
3.299216e+08
3.434295e+08
3.610733e+08
3.834854e+08
0
0
0
0
0
0
0
0
0
0
0
0
0
0
0
0
3.125938e+08
3.219614e+08
3.348376e+08
3.516733e+08
3.730611e+08
0
0
0
0
0
0
0
0
0
0
0
0
0
0
0
3.054776e+08
3.143707e+08
3.266394e+08
3.426932e+08
3.63086e+08
0
0
0
0
0
0
0
0
0
0
0
0
0
0
2.988878e+08
3.073406e+08
3.190297e+08
3.343514e+08
3.538096e+08
0
0
0
0
0
0
0
0
0
0
0
0
0
2.92881e+08
3.009067e+08
3.120617e+08
3.266929e+08
3.452858e+08
0
0
0
0
0
0
0
0
0
0
0
0
2.874019e+08
2.950474e+08
3.056859e+08
3.196786e+08
3.374556e+08
0
0
0
0
0
0
0
0
0
0
0
2.823755e+08
2.896396e+08
2.998076e+08
3.131778e+08
3.301889e+08
0
0
0
0
0
0
0
0
0
0
2.77604e+08
2.845168e+08
2.942058e+08
3.069888e+08
3.232369e+08
0
0
0
0
0
0
0
0
0
2.728313e+08
2.79363e+08
2.885885e+08
3.007581e+08
3.162541e+08
0
0
0
0
0
0
0
0
2.677299e+08
2.739089e+08
2.826356e+08
2.941958e+08
3.089009e+08
0
0
0
0
0
0
0
2.625756e+08
2.683686e+08
2.766448e+08
2.875956e+08
3.015592e+08
0
0
0
0
0
0
2.57679e+08
2.6316e+08
2.70979e+08
2.813992e+08
2.946665e+08
0
0
0
0
0
2.53332e+08
2.584558e+08
2.659072e+08
2.758166e+08
2.884958e+08
0
0
0
0
2.495313e+08
2.544037e+08
2.614604e+08
2.709644e+08
2.830958e+08
0
0
0
0
0
0
0
0
0
0
3.550596e+08
3.673279e+08
3.839086e+08
4.054479e+08
4.328076e+08
0
0
0
0
0
0
0
0
0
0
3.466419e+08
3.582854e+08
3.740545e+08
3.945414e+08
4.205467e+08
0
0
0
0
0
0
0
0
0
0
3.3932e+08
3.504377e+08
3.655268e+08
3.851464e+08
4.10037e+08
0
0
0
0
0
0
0
0
0
0
3.327571e+08
3.434075e+08
3.579123e+08
3.767884e+08
4.00739e+08
0
0
0
0
0
0
0
0
0
0
3.264842e+08
3.367051e+08
3.506668e+08
3.6887e+08
3.919686e+08
0
0
0
0
0
0
0
0
0
0
0
0
0
0
0
0
0
3.199494e+08
3.297429e+08
3.431649e+08
3.606887e+08
3.829405e+08
0
0
0
0
0
0
0
0
0
0
0
0
0
0
0
0
3.129094e+08
3.222574e+08
3.351036e+08
3.518961e+08
3.732235e+08
0
0
0
0
0
0
0
0
0
0
0
0
0
0
0
3.058391e+08
3.147298e+08
3.269928e+08
3.430369e+08
3.63415e+08
0
0
0
0
0
0
0
0
0
0
0
0
0
0
2.99102e+08
3.07556e+08
3.192457e+08
3.345671e+08
3.540241e+08
0
0
0
0
0
0
0
0
0
0
0
0
0
2.92881e+08
3.009067e+08
3.120617e+08
3.266929e+08
3.452858e+08
0
0
0
0
0
0
0
0
0
0
0
0
2.871961e+08
2.948408e+08
3.05479e+08
3.194722e+08
3.372503e+08
0
0
0
0
0
0
0
0
0
0
0
2.820363e+08
2.893028e+08
2.994762e+08
3.128544e+08
3.298777e+08
0
0
0
0
0
0
0
0
0
0
2.77289e+08
2.842166e+08
2.93927e+08
3.06741e+08
3.2303e+08
0
0
0
0
0
0
0
0
0
2.728143e+08
2.793814e+08
2.886604e+08
3.009021e+08
3.164948e+08
0
0
0
0
0
0
0
0
2.683013e+08
2.745401e+08
2.833538e+08
2.950365e+08
3.099026e+08
0
0
0
0
0
0
0
2.635158e+08
2.693696e+08
2.777414e+08
2.888225e+08
3.02961e+08
0
0
0
0
0
0
2.586177e+08
2.641537e+08
2.720518e+08
2.825841e+08
2.959977e+08
0
0
0
0
0
2.540438e+08
2.592026e+08
2.667108e+08
2.766961e+08
2.894771e+08
0
0
0
0
2.499189e+08
2.5481e+08
2.618926e+08
2.714348e+08
2.836153e+08
0
0
0
2.46482e+08
2.509713e+08
2.577475e+08
2.668294e+08
2.785318e+08
0
0
0
0
0
0
0
0
0
0
3.458654e+08
3.574495e+08
3.731343e+08
3.935066e+08
4.193588e+08
0
0
0
0
0
0
0
0
0
0
3.379503e+08
3.489619e+08
3.639007e+08
3.833157e+08
4.079344e+08
0
0
0
0
0
0
0
0
0
0
3.310678e+08
3.415856e+08
3.55901e+08
3.745187e+08
3.981247e+08
0
0
0
0
0
0
0
0
0
0
3.248919e+08
3.349798e+08
3.487475e+08
3.666845e+08
3.894274e+08
0
0
0
0
0
0
0
0
0
0
3.189831e+08
3.286713e+08
3.419385e+08
3.592472e+08
3.812116e+08
0
0
0
0
0
0
0
0
0
0
0
0
0
0
0
0
3.128118e+08
3.221052e+08
3.348715e+08
3.515529e+08
3.727305e+08
0
0
0
0
0
0
0
0
0
0
0
0
0
0
0
3.061544e+08
3.150272e+08
3.272616e+08
3.432654e+08
3.635879e+08
0
0
0
0
0
0
0
0
0
0
0
0
0
0
2.994575e+08
3.079088e+08
3.195932e+08
3.349052e+08
3.543484e+08
0
0
0
0
0
0
0
0
0
0
0
0
0
2.930908e+08
3.011176e+08
3.122729e+08
3.269039e+08
3.454955e+08
0
0
0
0
0
0
0
0
0
0
0
0
2.871961e+08
2.948408e+08
3.05479e+08
3.194722e+08
3.372503e+08
0
0
0
0
0
0
0
0
0
0
0
2.818345e+08
2.891e+08
2.992734e+08
3.12652e+08
3.296767e+08
0
0
0
0
0
0
0
0
0
0
2.769544e+08
2.838848e+08
2.936e+08
3.064222e+08
3.227223e+08
0
0
0
0
0
0
0
0
0
2.725e+08
2.790806e+08
2.883807e+08
3.006512e+08
3.162834e+08
0
0
0
0
0
0
0
0
2.682715e+08
2.745458e+08
2.834091e+08
2.951612e+08
3.101179e+08
0
0
0
0
0
0
0
2.640598e+08
2.699671e+08
2.784236e+08
2.896192e+08
3.039116e+08
0
0
0
0
0
0
2.595191e+08
2.651162e+08
2.731019e+08
2.837599e+08
2.973377e+08
0
0
0
0
0
2.549529e+08
2.60159e+08
2.677449e+08
2.778343e+08
2.907559e+08
0
0
0
0
2.506061e+08
2.55534e+08
2.626673e+08
2.722835e+08
2.845593e+08
0
0
0
2.468611e+08
2.51365e+08
2.581679e+08
2.672843e+08
2.790346e+08
0
0
2.436632e+08
2.478937e+08
2.542401e+08
2.629913e+08
2.742088e+08
0
0
0
0
0
0
0
0
0
0
3.37215e+08
3.48172e+08
3.630334e+08
3.82343e+08
4.068217e+08
0
0
0
0
0
0
0
0
0
0
3.297713e+08
3.401914e+08
3.54368e+08
3.727973e+08
3.961532e+08
0
0
0
0
0
0
0
0
0
0
3.232918e+08
3.332579e+08
3.468501e+08
3.64548e+08
3.869732e+08
0
0
0
0
0
0
0
0
0
0
3.174765e+08
3.270418e+08
3.401297e+08
3.571909e+08
3.788259e+08
0
0
0
0
0
0
0
0
0
0
3.119047e+08
3.210999e+08
3.337222e+08
3.502043e+08
3.711141e+08
0
0
0
0
0
0
0
0
0
0
0
0
0
0
0
3.060774e+08
3.148993e+08
3.270587e+08
3.429589e+08
3.631425e+08
0
0
0
0
0
0
0
0
0
0
0
0
0
0
2.997733e+08
3.082068e+08
3.198647e+08
3.351384e+08
3.545298e+08
0
0
0
0
0
0
0
0
0
0
0
0
0
2.934404e+08
3.014648e+08
3.126146e+08
3.272369e+08
3.458152e+08
0
0
0
0
0
0
0
0
0
0
0
0
2.874019e+08
2.950474e+08
3.056859e+08
3.196787e+08
3.374556e+08
0
0
0
0
0
0
0
0
0
0
0
2.818345e+08
2.891e+08
2.992734e+08
3.12652e+08
3.296767e+08
0
0
0
0
0
0
0
0
0
0
2.76756e+08
2.836859e+08
2.934009e+08
3.062237e+08
3.225251e+08
0
0
0
0
0
0
0
0
0
2.721701e+08
2.787532e+08
2.880584e+08
3.003362e+08
3.159796e+08
0
0
0
0
0
0
0
0
2.679567e+08
2.742453e+08
2.831281e+08
2.949083e+08
3.099017e+08
0
0
0
0
0
0
0
2.640207e+08
2.699592e+08
2.784647e+08
2.897251e+08
3.041045e+08
0
0
0
0
0
0
2.600333e+08
2.656855e+08
2.737484e+08
2.845174e+08
2.982396e+08
0
0
0
0
0
2.558239e+08
2.610818e+08
2.687549e+08
2.789606e+08
2.920403e+08
0
0
0
0
2.51482e+08
2.564602e+08
2.636625e+08
2.733807e+08
2.857876e+08
0
0
0
2.475317e+08
2.520641e+08
2.589188e+08
2.681024e+08
2.799455e+08
0
0
2.440308e+08
2.482788e+08
2.546474e+08
2.634336e+08
2.74695e+08
0
2.414305e+08
2.450476e+08
2.510952e+08
2.593644e+08
2.701964e+08
0
0
0
0
0
0
0
0
0
0
3.290736e+08
3.394434e+08
3.535485e+08
3.718808e+08
3.951079e+08
0
0
0
0
0
0
0
0
0
0
3.220623e+08
3.319384e+08
3.45402e+08
3.629256e+08
3.851202e+08
0
0
0
0
0
0
0
0
0
0
3.159584e+08
3.25411e+08
3.383366e+08
3.551757e+08
3.765164e+08
0
0
0
0
0
0
0
0
0
0
3.10477e+08
3.195581e+08
3.320138e+08
3.482664e+08
3.688696e+08
0
0
0
0
0
0
0
0
0
0
3.052244e+08
3.139552e+08
3.259799e+08
3.416942e+08
3.616291e+08
0
0
0
0
0
0
0
0
0
0
0
0
0
0
2.997159e+08
3.081008e+08
3.196887e+08
3.348651e+08
3.541269e+08
0
0
0
0
0
0
0
0
0
0
0
0
0
2.937559e+08
3.017639e+08
3.12888e+08
3.274746e+08
3.460039e+08
0
0
0
0
0
0
0
0
0
0
0
0
2.877464e+08
2.95389e+08
3.060225e+08
3.200065e+08
3.377711e+08
0
0
0
0
0
0
0
0
0
0
0
2.820363e+08
2.893028e+08
2.994762e+08
3.128544e+08
3.298777e+08
0
0
0
0
0
0
0
0
0
0
2.76756e+08
2.836859e+08
2.934008e+08
3.062237e+08
3.225251e+08
0
0
0
0
0
0
0
0
0
2.719751e+08
2.785576e+08
2.878629e+08
3.001412e+08
3.157861e+08
0
0
0
0
0
0
0
0
2.676304e+08
2.739223e+08
2.828097e+08
2.945975e+08
3.096011e+08
0
0
0
0
0
0
0
2.637073e+08
2.696578e+08
2.781833e+08
2.894698e+08
3.038849e+08
0
0
0
0
0
0
2.599816e+08
2.656676e+08
2.737747e+08
2.846072e+08
2.984109e+08
0
0
0
0
0
2.563164e+08
2.616204e+08
2.693715e+08
2.796794e+08
2.928989e+08
0
0
0
0
2.523173e+08
2.573519e+08
2.646311e+08
2.744639e+08
2.870181e+08
0
0
0
2.483859e+08
2.529564e+08
2.598826e+08
2.691584e+08
2.811295e+08
0
0
2.446785e+08
2.489609e+08
2.553725e+08
2.642266e+08
2.755729e+08
0
2.41793e+08
2.454211e+08
2.514936e+08
2.597929e+08
2.706689e+08
2.39631e+08
2.427932e+08
2.481854e+08
2.561124e+08
2.664034e+08
0
0
0
0
0
0
0
0
0
0
3.213988e+08
3.312287e+08
3.446262e+08
3.620599e+08
3.841357e+08
0
0
0
0
0
0
0
0
0
0
3.147902e+08
3.241596e+08
3.369663e+08
3.536435e+08
3.747705e+08
0
0
0
0
0
0
0
0
0
0
3.090344e+08
3.180109e+08
3.303158e+08
3.463624e+08
3.666918e+08
0
0
0
0
0
0
0
0
0
0
3.038692e+08
3.124942e+08
3.243634e+08
3.398639e+08
3.59514e+08
0
0
0
0
0
0
0
0
0
0
2.989138e+08
3.072126e+08
3.186748e+08
3.33677e+08
3.527066e+08
0
0
0
0
0
0
0
0
0
0
0
0
0
2.937158e+08
3.01679e+08
3.127362e+08
3.272318e+08
3.456392e+08
0
0
0
0
0
0
0
0
0
0
0
0
2.88062e+08
2.956885e+08
3.062982e+08
3.202478e+08
3.379666e+08
0
0
0
0
0
0
0
0
0
0
0
2.823755e+08
2.896395e+08
2.998076e+08
3.131779e+08
3.301889e+08
0
0
0
0
0
0
0
0
0
0
2.769544e+08
2.838848e+08
2.936e+08
3.064222e+08
3.227224e+08
0
0
0
0
0
0
0
0
0
2.719751e+08
2.785576e+08
2.878629e+08
3.001412e+08
3.157861e+08
0
0
0
0
0
0
0
0
2.674383e+08
2.737301e+08
2.826175e+08
2.94406e+08
3.094108e+08
0
0
0
0
0
0
0
2.633855e+08
2.693382e+08
2.77869e+08
2.891624e+08
3.035878e+08
0
0
0
0
0
0
2.596668e+08
2.653672e+08
2.734917e+08
2.843505e+08
2.981874e+08
0
0
0
0
0
2.562577e+08
2.615894e+08
2.693865e+08
2.797525e+08
2.930514e+08
0
0
0
0
2.527813e+08
2.578681e+08
2.652152e+08
2.751503e+08
2.87834e+08
0
0
0
2.491997e+08
2.538117e+08
2.608186e+08
2.701974e+08
2.823131e+08
0
0
2.45501e+08
2.498311e+08
2.563011e+08
2.652491e+08
2.767124e+08
0
2.424305e+08
2.460798e+08
2.52201e+08
2.605585e+08
2.715198e+08
2.399778e+08
2.431614e+08
2.485717e+08
2.565314e+08
2.66861e+08
2.409737e+08
2.458802e+08
2.531014e+08
2.630024e+08
0
0
0
0
0
0
0
0
0
0
3.141582e+08
3.234849e+08
3.362303e+08
3.528242e+08
3.738409e+08
0
0
0
0
0
0
0
0
0
0
3.079228e+08
3.16822e+08
3.290164e+08
3.449127e+08
3.650434e+08
0
0
0
0
0
0
0
0
0
0
3.024959e+08
3.110241e+08
3.227526e+08
3.38061e+08
3.574567e+08
0
0
0
0
0
0
0
0
0
0
2.976264e+08
3.058257e+08
3.17143e+08
3.319451e+08
3.507089e+08
0
0
0
0
0
0
0
0
0
0
2.929595e+08
3.008433e+08
3.117816e+08
3.261142e+08
3.443039e+08
0
0
0
0
0
0
0
0
0
0
0
0
2.880385e+08
2.95622e+08
3.061695e+08
3.200325e+08
3.376373e+08
0
0
0
0
0
0
0
0
0
0
0
2.826906e+08
2.899399e+08
3.000847e+08
3.134229e+08
3.303901e+08
0
0
0
0
0
0
0
0
0
0
2.77289e+08
2.842166e+08
2.93927e+08
3.06741e+08
3.2303e+08
0
0
0
0
0
0
0
0
0
2.721701e+08
2.787532e+08
2.880584e+08
3.003361e+08
3.159796e+08
0
0
0
0
0
0
0
0
2.674383e+08
2.737301e+08
2.826175e+08
2.94406e+08
3.094108e+08
0
0
0
0
0
0
0
2.631966e+08
2.691488e+08
2.7768e+08
2.88974e+08
3.034009e+08
0
0
0
0
0
0
2.593475e+08
2.650519e+08
2.731805e+08
2.840469e+08
2.978932e+08
0
0
0
0
0
2.559445e+08
2.612871e+08
2.691039e+08
2.794932e+08
2.928253e+08
0
0
0
0
2.527096e+08
2.578295e+08
2.65216e+08
2.752106e+08
2.879672e+08
0
0
0
2.4965e+08
2.542987e+08
2.613789e+08
2.708488e+08
2.830931e+08
0
0
2.462797e+08
2.506644e+08
2.57199e+08
2.662534e+08
2.77848e+08
0
2.432401e+08
2.469178e+08
2.531065e+08
2.615437e+08
2.726231e+08
2.405845e+08
2.438099e+08
2.492549e+08
2.572783e+08
2.676824e+08
2.41326e+08
2.46261e+08
2.535076e+08
2.634498e+08
2.44016e+08
2.507154e+08
2.59851e+08
0
0
0
0
0
0
0
0
0
0
3.073197e+08
3.161793e+08
3.283168e+08
3.441357e+08
3.64164e+08
0
0
0
0
0
0
0
0
0
0
3.014363e+08
3.098928e+08
3.215182e+08
3.366867e+08
3.558975e+08
0
0
0
0
0
0
0
0
0
0
2.96318e+08
3.044264e+08
3.156125e+08
3.30235e+08
3.487613e+08
0
0
0
0
0
0
0
0
0
0
2.917337e+08
2.995258e+08
3.103275e+08
3.24473e+08
3.424136e+08
0
0
0
0
0
0
0
0
0
0
2.873255e+08
2.948336e+08
3.052706e+08
3.189793e+08
3.363801e+08
0
0
0
0
0
0
0
0
0
0
0
2.826815e+08
2.89891e+08
2.999764e+08
3.132338e+08
3.300925e+08
0
0
0
0
0
0
0
0
0
0
2.776041e+08
2.845169e+08
2.942058e+08
3.069888e+08
3.232369e+08
0
0
0
0
0
0
0
0
0
2.725e+08
2.790807e+08
2.883807e+08
3.006512e+08
3.162834e+08
0
0
0
0
0
0
0
0
2.676304e+08
2.739223e+08
2.828097e+08
2.945975e+08
3.096011e+08
0
0
0
0
0
0
0
2.631966e+08
2.691488e+08
2.7768e+08
2.88974e+08
3.034009e+08
0
0
0
0
0
0
2.591607e+08
2.648656e+08
2.729941e+08
2.838616e+08
2.977091e+08
0
0
0
0
0
2.556292e+08
2.609741e+08
2.687968e+08
2.791922e+08
2.925343e+08
0
0
0
0
2.523934e+08
2.575285e+08
2.649309e+08
2.749509e+08
2.877374e+08
0
0
0
2.495757e+08
2.542464e+08
2.613712e+08
2.70893e+08
2.832114e+08
0
0
2.466998e+08
2.511371e+08
2.577286e+08
2.668788e+08
2.785893e+08
0
2.440067e+08
2.477153e+08
2.539814e+08
2.625074e+08
2.737207e+08
2.413496e+08
2.446347e+08
2.501269e+08
2.582389e+08
2.687454e+08
2.419431e+08
2.469335e+08
2.542289e+08
2.64251e+08
2.443803e+08
2.511159e+08
2.602846e+08
2.487813e+08
2.573532e+08
0
0
0
0
0
0
0
0
0
0
3.008598e+08
3.092796e+08
3.208519e+08
3.359482e+08
3.550638e+08
0
0
0
0
0
0
0
0
0
0
2.953069e+08
3.033481e+08
3.144381e+08
3.289297e+08
3.472835e+08
0
0
0
0
0
0
0
0
0
0
2.904844e+08
2.981925e+08
3.088708e+08
3.228484e+08
3.405666e+08
0
0
0
0
0
0
0
0
0
0
2.861575e+08
2.935792e+08
3.038891e+08
3.174212e+08
3.345888e+08
0
0
0
0
0
0
0
0
0
0
2.820073e+08
2.891473e+08
2.991277e+08
3.12241e+08
3.289068e+08
0
0
0
0
0
0
0
0
0
0
2.776091e+08
2.844833e+08
2.94117e+08
3.068228e+08
3.229695e+08
0
0
0
0
0
0
0
0
0
2.728143e+08
2.793815e+08
2.886604e+08
3.00902e+08
3.164948e+08
0
0
0
0
0
0
0
0
2.679567e+08
2.742453e+08
2.831282e+08
2.949083e+08
3.099017e+08
0
0
0
0
0
0
0
2.633856e+08
2.693382e+08
2.77869e+08
2.891625e+08
3.035878e+08
0
0
0
0
0
0
2.591607e+08
2.648656e+08
2.729941e+08
2.838616e+08
2.977092e+08
0
0
0
0
0
2.554452e+08
2.607899e+08
2.686135e+08
2.790094e+08
2.923532e+08
0
0
0
0
2.52079e+08
2.572194e+08
2.646258e+08
2.746537e+08
2.874485e+08
0
0
0
2.492632e+08
2.539421e+08
2.61087e+08
2.706301e+08
2.829801e+08
0
0
2.466089e+08
2.510819e+08
2.577062e+08
2.669132e+08
2.786894e+08
0
2.444206e+08
2.481572e+08
2.544956e+08
2.630998e+08
2.744333e+08
2.420623e+08
2.454199e+08
2.509644e+08
2.591778e+08
2.697991e+08
2.427226e+08
2.477918e+08
2.55154e+08
2.652873e+08
2.450202e+08
2.518258e+08
2.610583e+08
2.491643e+08
2.577805e+08
2.553226e+08
0
0
0
0
0
0
0
0
0
0
2.947552e+08
3.027619e+08
3.138025e+08
3.282267e+08
3.464915e+08
0
0
0
0
0
0
0
0
0
0
2.895176e+08
2.971637e+08
3.077515e+08
3.216067e+08
3.391634e+08
0
0
0
0
0
0
0
0
0
0
2.849633e+08
2.923062e+08
3.025012e+08
3.158751e+08
3.328343e+08
0
0
0
0
0
0
0
0
0
0
2.808918e+08
2.879519e+08
2.978122e+08
3.107606e+08
3.272061e+08
0
0
0
0
0
0
0
0
0
0
2.769721e+08
2.837798e+08
2.933156e+08
3.058846e+08
3.218506e+08
0
0
0
0
0
0
0
0
0
2.728314e+08
2.79363e+08
2.885885e+08
3.00758e+08
3.162541e+08
0
0
0
0
0
0
0
0
2.682715e+08
2.745458e+08
2.834092e+08
2.951612e+08
3.101178e+08
0
0
0
0
0
0
0
2.637073e+08
2.696578e+08
2.781833e+08
2.894699e+08
3.038849e+08
0
0
0
0
0
0
2.593475e+08
2.65052e+08
2.731805e+08
2.840469e+08
2.978932e+08
0
0
0
0
0
2.554452e+08
2.607899e+08
2.686136e+08
2.790094e+08
2.923532e+08
0
0
0
0
2.518961e+08
2.570379e+08
2.644444e+08
2.744738e+08
2.872697e+08
0
0
0
2.489538e+08
2.536337e+08
2.607856e+08
2.703344e+08
2.826946e+08
0
0
2.462894e+08
2.507811e+08
2.57418e+08
2.666505e+08
2.784537e+08
0
2.443305e+08
2.480848e+08
2.544696e+08
2.63118e+08
2.745219e+08
2.424219e+08
2.458552e+08
2.514464e+08
2.597533e+08
2.704754e+08
2.434529e+08
2.486164e+08
2.560533e+08
2.663139e+08
2.458316e+08
2.527364e+08
2.620565e+08
2.498399e+08
2.585419e+08
2.557313e+08
0
0
0
0
0
0
0
0
0
0
2.889885e+08
2.966028e+08
3.071441e+08
3.209362e+08
3.384096e+08
0
0
0
0
0
0
0
0
0
0
2.840378e+08
2.913224e+08
3.014334e+08
3.146918e+08
3.314997e+08
0
0
0
0
0
0
0
0
0
0
2.797481e+08
2.867351e+08
2.964871e+08
3.092877e+08
3.255366e+08
0
0
0
0
0
0
0
0
0
0
2.759062e+08
2.82638e+08
2.920619e+08
3.044748e+08
3.202345e+08
0
0
0
0
0
0
0
0
0
2.722273e+08
2.786977e+08
2.878297e+08
2.998712e+08
3.151956e+08
0
0
0
0
0
0
0
0
2.683013e+08
2.745402e+08
2.833539e+08
2.950365e+08
3.099026e+08
0
0
0
0
0
0
0
2.640207e+08
2.699592e+08
2.784647e+08
2.897252e+08
3.041045e+08
0
0
0
0
0
0
2.596669e+08
2.653672e+08
2.734917e+08
2.843505e+08
2.981875e+08
0
0
0
0
0
2.556292e+08
2.609742e+08
2.687969e+08
2.791922e+08
2.925343e+08
0
0
0
0
2.518961e+08
2.570379e+08
2.644444e+08
2.744739e+08
2.872697e+08
0
0
0
2.487742e+08
2.534533e+08
2.606069e+08
2.701563e+08
2.825186e+08
0
0
2.459775e+08
2.504776e+08
2.57117e+08
2.663583e+08
2.781692e+08
0
2.440154e+08
2.477766e+08
2.541847e+08
2.628505e+08
2.742856e+08
2.422932e+08
2.457835e+08
2.514023e+08
2.59767e+08
2.705457e+08
2.438331e+08
2.490913e+08
2.565943e+08
2.669712e+08
2.465993e+08
2.536218e+08
2.630403e+08
2.50701e+08
2.595243e+08
2.56456e+08
0
0
0
0
0
0
0
0
0
0
2.835298e+08
2.907845e+08
3.008522e+08
3.140512e+08
3.307811e+08
0
0
0
0
0
0
0
0
0
0
2.788604e+08
2.857935e+08
2.954662e+08
3.081589e+08
3.242651e+08
0
0
0
0
0
0
0
0
0
0
2.748099e+08
2.814727e+08
2.907955e+08
3.030686e+08
3.186442e+08
0
0
0
0
0
0
0
0
0
2.712061e+08
2.776067e+08
2.866322e+08
2.985274e+08
3.136565e+08
0
0
0
0
0
0
0
0
2.677299e+08
2.739089e+08
2.826356e+08
2.941958e+08
3.089009e+08
0
0
0
0
0
0
0
2.640599e+08
2.699671e+08
2.784236e+08
2.896192e+08
3.039116e+08
0
0
0
0
0
0
2.599817e+08
2.656676e+08
2.737747e+08
2.846073e+08
2.984109e+08
0
0
0
0
0
2.559445e+08
2.612872e+08
2.69104e+08
2.794932e+08
2.928253e+08
0
0
0
0
2.52079e+08
2.572194e+08
2.646258e+08
2.746537e+08
2.874485e+08
0
0
0
2.487742e+08
2.534533e+08
2.606069e+08
2.701563e+08
2.825186e+08
0
0
2.457972e+08
2.503004e+08
2.569393e+08
2.661829e+08
2.779949e+08
0
2.437082e+08
2.474705e+08
2.538885e+08
2.625583e+08
2.740043e+08
2.419533e+08
2.454797e+08
2.511094e+08
2.595023e+08
2.703036e+08
2.43722e+08
2.490475e+08
2.565884e+08
2.670358e+08
2.470171e+08
2.541549e+08
2.636601e+08
2.515264e+08
2.604929e+08
2.573855e+08
0
0
0
0
0
0
0
0
0
0
2.783716e+08
2.852771e+08
2.94909e+08
3.075461e+08
3.235787e+08
0
0
0
0
0
0
0
0
0
0
2.739578e+08
2.805696e+08
2.898183e+08
3.019896e+08
3.174315e+08
0
0
0
0
0
0
0
0
0
2.701529e+08
2.764898e+08
2.854193e+08
2.971835e+08
3.121384e+08
0
0
0
0
0
0
0
0
2.667521e+08
2.728636e+08
2.814912e+08
2.929122e+08
3.074336e+08
0
0
0
0
0
0
0
2.635158e+08
2.693696e+08
2.777414e+08
2.888225e+08
3.02961e+08
0
0
0
0
0
0
2.600333e+08
2.656855e+08
2.737484e+08
2.845175e+08
2.982397e+08
0
0
0
0
0
2.562577e+08
2.615894e+08
2.693866e+08
2.797525e+08
2.930514e+08
0
0
0
0
2.523934e+08
2.575285e+08
2.649309e+08
2.749509e+08
2.877374e+08
0
0
0
2.489538e+08
2.536337e+08
2.607856e+08
2.703344e+08
2.826946e+08
0
0
2.457972e+08
2.503004e+08
2.569393e+08
2.661829e+08
2.779949e+08
0
2.435306e+08
2.472925e+08
2.537139e+08
2.623837e+08
2.738325e+08
2.416314e+08
2.451782e+08
2.508102e+08
2.592148e+08
2.700219e+08
2.43393e+08
2.487589e+08
2.563149e+08
2.667959e+08
2.469324e+08
2.541488e+08
2.63703e+08
2.519993e+08
2.611037e+08
2.582897e+08
0
0
0
0
0
0
0
0
0
0
2.734871e+08
2.800727e+08
2.892834e+08
3.014022e+08
3.167751e+08
0
0
0
0
0
0
0
0
0
2.69333e+08
2.756229e+08
2.844822e+08
2.961509e+08
3.109793e+08
0
0
0
0
0
0
0
0
2.657403e+08
2.717905e+08
2.803288e+08
2.916251e+08
3.059829e+08
0
0
0
0
0
0
0
2.625756e+08
2.683686e+08
2.766448e+08
2.875956e+08
3.015593e+08
0
0
0
0
0
0
2.595192e+08
2.651162e+08
2.73102e+08
2.837599e+08
2.973378e+08
0
0
0
0
0
2.563164e+08
2.616205e+08
2.693715e+08
2.796795e+08
2.928989e+08
0
0
0
0
2.527096e+08
2.578294e+08
2.65216e+08
2.752106e+08
2.879673e+08
0
0
0
2.492632e+08
2.539421e+08
2.61087e+08
2.706301e+08
2.829801e+08
0
0
2.459775e+08
2.504776e+08
2.57117e+08
2.663583e+08
2.781693e+08
0
2.435306e+08
2.472925e+08
2.537139e+08
2.623837e+08
2.738325e+08
2.41447e+08
2.45003e+08
2.506348e+08
2.590433e+08
2.698507e+08
2.430766e+08
2.484644e+08
2.56024e+08
2.665188e+08
2.466176e+08
2.538795e+08
2.634532e+08
2.5195e+08
2.611458e+08
2.588359e+08
0
0
0
0
0
0
0
0
0
2.688787e+08
2.751445e+08
2.839677e+08
2.955871e+08
3.103504e+08
0
0
0
0
0
0
0
0
2.649514e+08
2.709565e+08
2.794293e+08
2.906349e+08
3.048739e+08
0
0
0
0
0
0
0
2.616002e+08
2.673378e+08
2.755281e+08
2.863622e+08
3.001701e+08
0
0
0
0
0
0
2.586177e+08
2.641537e+08
2.720518e+08
2.825841e+08
2.959978e+08
0
0
0
0
0
2.558239e+08
2.610819e+08
2.687549e+08
2.789606e+08
2.920403e+08
0
0
0
0
2.527813e+08
2.578681e+08
2.652152e+08
2.751504e+08
2.87834e+08
0
0
0
2.495757e+08
2.542464e+08
2.613712e+08
2.708931e+08
2.832114e+08
0
0
2.462894e+08
2.507811e+08
2.57418e+08
2.666505e+08
2.784537e+08
0
2.437082e+08
2.474705e+08
2.538885e+08
2.625583e+08
2.740043e+08
2.41447e+08
2.45003e+08
2.506348e+08
2.590433e+08
2.698507e+08
2.428944e+08
2.482918e+08
2.558514e+08
2.663506e+08
2.463076e+08
2.535933e+08
2.631721e+08
2.516529e+08
2.609001e+08
2.588316e+08
0
0
0
0
0
0
0
0
2.645127e+08
2.704947e+08
2.789339e+08
2.900928e+08
3.042704e+08
0
0
0
0
0
0
0
2.608387e+08
2.665353e+08
2.746628e+08
2.854119e+08
2.991068e+08
0
0
0
0
0
0
2.57679e+08
2.6316e+08
2.70979e+08
2.813992e+08
2.946665e+08
0
0
0
0
0
2.549529e+08
2.60159e+08
2.677449e+08
2.778343e+08
2.907559e+08
0
0
0
0
2.523173e+08
2.573519e+08
2.646311e+08
2.744639e+08
2.870181e+08
0
0
0
2.4965e+08
2.542987e+08
2.613789e+08
2.708488e+08
2.830931e+08
0
0
2.466089e+08
2.510819e+08
2.577062e+08
2.669132e+08
2.786894e+08
0
2.440154e+08
2.477766e+08
2.541847e+08
2.628505e+08
2.742856e+08
2.416314e+08
2.451782e+08
2.508102e+08
2.592148e+08
2.700219e+08
2.428944e+08
2.482918e+08
2.558514e+08
2.663506e+08
2.461277e+08
2.534236e+08
2.630027e+08
2.513504e+08
2.606237e+08
2.585561e+08
0
0
0
0
0
0
0
2.604139e+08
2.660894e+08
2.741847e+08
2.8489e+08
2.985266e+08
0
0
0
0
0
0
2.569448e+08
2.623854e+08
2.701464e+08
2.804851e+08
2.936462e+08
0
0
0
0
0
2.540438e+08
2.592026e+08
2.667108e+08
2.766961e+08
2.894771e+08
0
0
0
0
2.51482e+08
2.564601e+08
2.636626e+08
2.733807e+08
2.857877e+08
0
0
0
2.491997e+08
2.538117e+08
2.608186e+08
2.701975e+08
2.823131e+08
0
0
2.466998e+08
2.511371e+08
2.577286e+08
2.668788e+08
2.785894e+08
0
2.443305e+08
2.480848e+08
2.544696e+08
2.63118e+08
2.745219e+08
2.419533e+08
2.454797e+08
2.511094e+08
2.595023e+08
2.703036e+08
2.430766e+08
2.484644e+08
2.56024e+08
2.665188e+08
2.461277e+08
2.534236e+08
2.630027e+08
2.51173e+08
2.604572e+08
2.582621e+08
0
0
0
0
0
0
2.565337e+08
2.619537e+08
2.696849e+08
2.799816e+08
2.930879e+08
0
0
0
0
0
2.53332e+08
2.584558e+08
2.659072e+08
2.758166e+08
2.884958e+08
0
0
0
0
2.506061e+08
2.55534e+08
2.626673e+08
2.722835e+08
2.845593e+08
0
0
0
2.483858e+08
2.529564e+08
2.598826e+08
2.691584e+08
2.811295e+08
0
0
2.462797e+08
2.506644e+08
2.571989e+08
2.662533e+08
2.77848e+08
0
2.444206e+08
2.481571e+08
2.544956e+08
2.630997e+08
2.744333e+08
2.422932e+08
2.457835e+08
2.514023e+08
2.59767e+08
2.705457e+08
2.43393e+08
2.487588e+08
2.563149e+08
2.667959e+08
2.463076e+08
2.535933e+08
2.631721e+08
2.51173e+08
2.604572e+08
2.580874e+08
0
0
0
0
0
2.529322e+08
2.580381e+08
2.654604e+08
2.753307e+08
2.879573e+08
0
0
0
0
2.499188e+08
2.5481e+08
2.618926e+08
2.714348e+08
2.836153e+08
0
0
0
2.475317e+08
2.520641e+08
2.589188e+08
2.681024e+08
2.799455e+08
0
0
2.45501e+08
2.49831e+08
2.56301e+08
2.652491e+08
2.767124e+08
0
2.440067e+08
2.477153e+08
2.539814e+08
2.625074e+08
2.737207e+08
2.424219e+08
2.458552e+08
2.514464e+08
2.597533e+08
2.704754e+08
2.43722e+08
2.490475e+08
2.565884e+08
2.670358e+08
2.466176e+08
2.538795e+08
2.634532e+08
2.513504e+08
2.606237e+08
2.580874e+08
0
0
0
0
2.495313e+08
2.544037e+08
2.614604e+08
2.709644e+08
2.830958e+08
0
0
0
2.468611e+08
2.51365e+08
2.581678e+08
2.672843e+08
2.790346e+08
0
0
2.446785e+08
2.489609e+08
2.553725e+08
2.642266e+08
2.755729e+08
0
2.432401e+08
2.469178e+08
2.531065e+08
2.615437e+08
2.726231e+08
2.420623e+08
2.454199e+08
2.509644e+08
2.591778e+08
2.697991e+08
2.438331e+08
2.490913e+08
2.565943e+08
2.669712e+08
2.469324e+08
2.541488e+08
2.63703e+08
2.516529e+08
2.609001e+08
2.582621e+08
0
0
0
2.464819e+08
2.509713e+08
2.577475e+08
2.668294e+08
2.785319e+08
0
0
2.440308e+08
2.482788e+08
2.546474e+08
2.634336e+08
2.74695e+08
0
2.424305e+08
2.460798e+08
2.52201e+08
2.605585e+08
2.715198e+08
2.413496e+08
2.446347e+08
2.501269e+08
2.582388e+08
2.687454e+08
2.434529e+08
2.486164e+08
2.560533e+08
2.663139e+08
2.470171e+08
2.541549e+08
2.636601e+08
2.5195e+08
2.611458e+08
2.585561e+08
0
0
2.436631e+08
2.478936e+08
2.542401e+08
2.629913e+08
2.742088e+08
0
2.417929e+08
2.45421e+08
2.514936e+08
2.597929e+08
2.706689e+08
2.405845e+08
2.438099e+08
2.492548e+08
2.572783e+08
2.676823e+08
2.427226e+08
2.477918e+08
2.55154e+08
2.652873e+08
2.465993e+08
2.536218e+08
2.630403e+08
2.519993e+08
2.611037e+08
2.588316e+08
0
2.414304e+08
2.450476e+08
2.510952e+08
2.593644e+08
2.701964e+08
2.399778e+08
2.431614e+08
2.485717e+08
2.565314e+08
2.66861e+08
2.419431e+08
2.469334e+08
2.542288e+08
2.642509e+08
2.458316e+08
2.527364e+08
2.620565e+08
2.515264e+08
2.604929e+08
2.588359e+08
2.39631e+08
2.427932e+08
2.481854e+08
2.561124e+08
2.664033e+08
2.41326e+08
2.46261e+08
2.535075e+08
2.634498e+08
2.450202e+08
2.518258e+08
2.610582e+08
2.50701e+08
2.595243e+08
2.582897e+08
2.409737e+08
2.458801e+08
2.531014e+08
2.630024e+08
2.443803e+08
2.511158e+08
2.602846e+08
2.498399e+08
2.585419e+08
2.573854e+08
2.44016e+08
2.507154e+08
2.59851e+08
2.491643e+08
2.577805e+08
2.56456e+08
2.487813e+08
2.573531e+08
2.557313e+08
2.553226e+08
)
;

boundaryField
{
    airInlet
    {
        type            calculated;
        value           uniform 0;
    }
    airOutlet
    {
        type            calculated;
        value           uniform 0;
    }
    cathodeSides
    {
        type            calculated;
        value           uniform 0;
    }
    air_to_interconnect
    {
        type            calculated;
        value           uniform 0;
    }
    air_to_electrolyte
    {
        type            calculated;
        value           uniform 0;
    }
}


// ************************************************************************* //
