/*--------------------------------*- C++ -*----------------------------------*\
| =========                 |                                                 |
| \\      /  F ield         | OpenFOAM: The Open Source CFD Toolbox           |
|  \\    /   O peration     | Version:  2306                                  |
|   \\  /    A nd           | Website:  www.openfoam.com                      |
|    \\/     M anipulation  |                                                 |
\*---------------------------------------------------------------------------*/
FoamFile
{
    version     2.0;
    format      ascii;
    arch        "LSB;label=32;scalar=64";
    class       labelList;
    location    "1/electrolyte/polyMesh";
    object      cellRegionAddressing;
}
// * * * * * * * * * * * * * * * * * * * * * * * * * * * * * * * * * * * * * //


4000
(
5169
5587
5618
5619
6024
6055
6056
6087
6088
6089
6480
6511
6512
6543
6544
6545
6576
6577
6578
6579
6955
6986
6987
7018
7019
7020
7051
7052
7053
7054
7085
7086
7087
7088
7089
7449
7480
7481
7512
7513
7514
7545
7546
7547
7548
7579
7580
7581
7582
7583
7614
7615
7616
7617
7618
7962
7993
7994
8025
8026
8027
8058
8059
8060
8061
8092
8093
8094
8095
8096
8127
8128
8129
8130
8131
8163
8164
8165
8166
8167
8494
8525
8526
8557
8558
8559
8590
8591
8592
8593
8624
8625
8626
8627
8628
8659
8660
8661
8662
8663
8695
8696
8697
8698
8699
8732
8733
8734
8735
8736
9045
9076
9077
9108
9109
9110
9141
9142
9143
9144
9175
9176
9177
9178
9179
9210
9211
9212
9213
9214
9246
9247
9248
9249
9250
9283
9284
9285
9286
9287
9321
9322
9323
9324
9325
9615
9646
9647
9678
9679
9680
9711
9712
9713
9714
9745
9746
9747
9748
9749
9780
9781
9782
9783
9784
9816
9817
9818
9819
9820
9853
9854
9855
9856
9857
9891
9892
9893
9894
9895
9930
9931
9932
9933
9934
10204
10235
10236
10267
10268
10269
10300
10301
10302
10303
10334
10335
10336
10337
10338
10369
10370
10371
10372
10373
10405
10406
10407
10408
10409
10442
10443
10444
10445
10446
10480
10481
10482
10483
10484
10519
10520
10521
10522
10523
10558
10559
10560
10561
10562
10811
10842
10843
10874
10875
10876
10907
10908
10909
10910
10941
10942
10943
10944
10945
10976
10977
10978
10979
10980
11012
11013
11014
11015
11016
11049
11050
11051
11052
11053
11087
11088
11089
11090
11091
11126
11127
11128
11129
11130
11165
11166
11167
11168
11169
11204
11205
11206
11207
11208
11435
11466
11467
11498
11499
11500
11531
11532
11533
11534
11565
11566
11567
11568
11569
11600
11601
11602
11603
11604
11636
11637
11638
11639
11640
11673
11674
11675
11676
11677
11711
11712
11713
11714
11715
11750
11751
11752
11753
11754
11789
11790
11791
11792
11793
11828
11829
11830
11831
11832
11867
11868
11869
11870
11871
12075
12106
12107
12138
12139
12140
12171
12172
12173
12174
12205
12206
12207
12208
12209
12240
12241
12242
12243
12244
12276
12277
12278
12279
12280
12313
12314
12315
12316
12317
12351
12352
12353
12354
12355
12390
12391
12392
12393
12394
12429
12430
12431
12432
12433
12468
12469
12470
12471
12472
12507
12508
12509
12510
12511
12546
12547
12548
12549
12550
12730
12761
12762
12793
12794
12795
12826
12827
12828
12829
12860
12861
12862
12863
12864
12895
12896
12897
12898
12899
12931
12932
12933
12934
12935
12968
12969
12970
12971
12972
13006
13007
13008
13009
13010
13045
13046
13047
13048
13049
13084
13085
13086
13087
13088
13123
13124
13125
13126
13127
13162
13163
13164
13165
13166
13201
13202
13203
13204
13205
13240
13241
13242
13243
13244
13399
13430
13431
13462
13463
13464
13495
13496
13497
13498
13529
13530
13531
13532
13533
13564
13565
13566
13567
13568
13600
13601
13602
13603
13604
13637
13638
13639
13640
13641
13675
13676
13677
13678
13679
13714
13715
13716
13717
13718
13753
13754
13755
13756
13757
13792
13793
13794
13795
13796
13831
13832
13833
13834
13835
13870
13871
13872
13873
13874
13909
13910
13911
13912
13913
13948
13949
13950
13951
13952
14081
14112
14113
14144
14145
14146
14177
14178
14179
14180
14211
14212
14213
14214
14215
14246
14247
14248
14249
14250
14282
14283
14284
14285
14286
14319
14320
14321
14322
14323
14357
14358
14359
14360
14361
14396
14397
14398
14399
14400
14435
14436
14437
14438
14439
14474
14475
14476
14477
14478
14513
14514
14515
14516
14517
14552
14553
14554
14555
14556
14591
14592
14593
14594
14595
14630
14631
14632
14633
14634
14669
14670
14671
14672
14673
14775
14806
14807
14838
14839
14840
14871
14872
14873
14874
14905
14906
14907
14908
14909
14940
14941
14942
14943
14944
14976
14977
14978
14979
14980
15013
15014
15015
15016
15017
15051
15052
15053
15054
15055
15090
15091
15092
15093
15094
15129
15130
15131
15132
15133
15168
15169
15170
15171
15172
15207
15208
15209
15210
15211
15246
15247
15248
15249
15250
15285
15286
15287
15288
15289
15324
15325
15326
15327
15328
15363
15364
15365
15366
15367
15402
15403
15404
15405
15406
15480
15511
15512
15543
15544
15545
15576
15577
15578
15579
15610
15611
15612
15613
15614
15645
15646
15647
15648
15649
15681
15682
15683
15684
15685
15718
15719
15720
15721
15722
15756
15757
15758
15759
15760
15795
15796
15797
15798
15799
15834
15835
15836
15837
15838
15873
15874
15875
15876
15877
15912
15913
15914
15915
15916
15951
15952
15953
15954
15955
15990
15991
15992
15993
15994
16029
16030
16031
16032
16033
16068
16069
16070
16071
16072
16107
16108
16109
16110
16111
16146
16147
16148
16149
16150
16195
16226
16227
16258
16259
16260
16291
16292
16293
16294
16325
16326
16327
16328
16329
16360
16361
16362
16363
16364
16396
16397
16398
16399
16400
16433
16434
16435
16436
16437
16471
16472
16473
16474
16475
16510
16511
16512
16513
16514
16549
16550
16551
16552
16553
16588
16589
16590
16591
16592
16627
16628
16629
16630
16631
16666
16667
16668
16669
16670
16705
16706
16707
16708
16709
16744
16745
16746
16747
16748
16783
16784
16785
16786
16787
16822
16823
16824
16825
16826
16861
16862
16863
16864
16865
16900
16901
16902
16903
16904
16950
16951
16982
16983
16984
17015
17016
17017
17018
17049
17050
17051
17052
17053
17084
17085
17086
17087
17088
17120
17121
17122
17123
17124
17157
17158
17159
17160
17161
17195
17196
17197
17198
17199
17234
17235
17236
17237
17238
17273
17274
17275
17276
17277
17312
17313
17314
17315
17316
17351
17352
17353
17354
17355
17390
17391
17392
17393
17394
17429
17430
17431
17432
17433
17468
17469
17470
17471
17472
17507
17508
17509
17510
17511
17546
17547
17548
17549
17550
17585
17586
17587
17588
17589
17624
17625
17626
17627
17628
17663
17664
17665
17666
17667
17714
17715
17716
17747
17748
17749
17750
17781
17782
17783
17784
17785
17816
17817
17818
17819
17820
17852
17853
17854
17855
17856
17889
17890
17891
17892
17893
17927
17928
17929
17930
17931
17966
17967
17968
17969
17970
18005
18006
18007
18008
18009
18044
18045
18046
18047
18048
18083
18084
18085
18086
18087
18122
18123
18124
18125
18126
18161
18162
18163
18164
18165
18200
18201
18202
18203
18204
18239
18240
18241
18242
18243
18278
18279
18280
18281
18282
18317
18318
18319
18320
18321
18356
18357
18358
18359
18360
18395
18396
18397
18398
18399
18434
18435
18436
18437
18438
18486
18487
18488
18489
18520
18521
18522
18523
18524
18555
18556
18557
18558
18559
18591
18592
18593
18594
18595
18628
18629
18630
18631
18632
18666
18667
18668
18669
18670
18705
18706
18707
18708
18709
18744
18745
18746
18747
18748
18783
18784
18785
18786
18787
18822
18823
18824
18825
18826
18861
18862
18863
18864
18865
18900
18901
18902
18903
18904
18939
18940
18941
18942
18943
18978
18979
18980
18981
18982
19017
19018
19019
19020
19021
19056
19057
19058
19059
19060
19095
19096
19097
19098
19099
19134
19135
19136
19137
19138
19173
19174
19175
19176
19177
19212
19213
19214
19215
19216
19265
19266
19267
19268
19269
19300
19301
19302
19303
19304
19336
19337
19338
19339
19340
19373
19374
19375
19376
19377
19411
19412
19413
19414
19415
19450
19451
19452
19453
19454
19489
19490
19491
19492
19493
19528
19529
19530
19531
19532
19567
19568
19569
19570
19571
19606
19607
19608
19609
19610
19645
19646
19647
19648
19649
19684
19685
19686
19687
19688
19723
19724
19725
19726
19727
19762
19763
19764
19765
19766
19801
19802
19803
19804
19805
19840
19841
19842
19843
19844
19879
19880
19881
19882
19883
19918
19919
19920
19921
19922
19957
19958
19959
19960
19961
19996
19997
19998
19999
20000
20050
20051
20052
20053
20054
20086
20087
20088
20089
20090
20123
20124
20125
20126
20127
20161
20162
20163
20164
20165
20200
20201
20202
20203
20204
20239
20240
20241
20242
20243
20278
20279
20280
20281
20282
20317
20318
20319
20320
20321
20356
20357
20358
20359
20360
20395
20396
20397
20398
20399
20434
20435
20436
20437
20438
20473
20474
20475
20476
20477
20512
20513
20514
20515
20516
20551
20552
20553
20554
20555
20590
20591
20592
20593
20594
20629
20630
20631
20632
20633
20668
20669
20670
20671
20672
20707
20708
20709
20710
20711
20746
20747
20748
20749
20750
20785
20786
20787
20788
20789
20840
20841
20842
20843
20844
20877
20878
20879
20880
20881
20915
20916
20917
20918
20919
20954
20955
20956
20957
20958
20993
20994
20995
20996
20997
21032
21033
21034
21035
21036
21071
21072
21073
21074
21075
21110
21111
21112
21113
21114
21149
21150
21151
21152
21153
21188
21189
21190
21191
21192
21227
21228
21229
21230
21231
21266
21267
21268
21269
21270
21305
21306
21307
21308
21309
21344
21345
21346
21347
21348
21383
21384
21385
21386
21387
21422
21423
21424
21425
21426
21461
21462
21463
21464
21465
21500
21501
21502
21503
21504
21539
21540
21541
21542
21543
21578
21579
21580
21581
21582
21634
21635
21636
21637
21638
21672
21673
21674
21675
21676
21711
21712
21713
21714
21715
21750
21751
21752
21753
21754
21789
21790
21791
21792
21793
21828
21829
21830
21831
21832
21867
21868
21869
21870
21871
21906
21907
21908
21909
21910
21945
21946
21947
21948
21949
21984
21985
21986
21987
21988
22023
22024
22025
22026
22027
22062
22063
22064
22065
22066
22101
22102
22103
22104
22105
22140
22141
22142
22143
22144
22179
22180
22181
22182
22183
22218
22219
22220
22221
22222
22257
22258
22259
22260
22261
22296
22297
22298
22299
22300
22335
22336
22337
22338
22339
22374
22375
22376
22377
22378
22431
22432
22433
22434
22435
22470
22471
22472
22473
22474
22509
22510
22511
22512
22513
22548
22549
22550
22551
22552
22587
22588
22589
22590
22591
22626
22627
22628
22629
22630
22665
22666
22667
22668
22669
22704
22705
22706
22707
22708
22743
22744
22745
22746
22747
22782
22783
22784
22785
22786
22821
22822
22823
22824
22825
22860
22861
22862
22863
22864
22899
22900
22901
22902
22903
22938
22939
22940
22941
22942
22977
22978
22979
22980
22981
23016
23017
23018
23019
23020
23055
23056
23057
23058
23059
23094
23095
23096
23097
23098
23133
23134
23135
23136
23137
23172
23173
23174
23175
23176
23230
23231
23232
23233
23234
23269
23270
23271
23272
23273
23308
23309
23310
23311
23312
23347
23348
23349
23350
23351
23386
23387
23388
23389
23390
23425
23426
23427
23428
23429
23464
23465
23466
23467
23468
23503
23504
23505
23506
23507
23542
23543
23544
23545
23546
23581
23582
23583
23584
23585
23620
23621
23622
23623
23624
23659
23660
23661
23662
23663
23698
23699
23700
23701
23702
23737
23738
23739
23740
23741
23776
23777
23778
23779
23780
23815
23816
23817
23818
23819
23854
23855
23856
23857
23858
23893
23894
23895
23896
23897
23932
23933
23934
23935
23936
23971
23972
23973
23974
23975
24029
24030
24031
24032
24033
24068
24069
24070
24071
24072
24107
24108
24109
24110
24111
24146
24147
24148
24149
24150
24185
24186
24187
24188
24189
24224
24225
24226
24227
24228
24263
24264
24265
24266
24267
24302
24303
24304
24305
24306
24341
24342
24343
24344
24345
24380
24381
24382
24383
24384
24419
24420
24421
24422
24423
24458
24459
24460
24461
24462
24497
24498
24499
24500
24501
24536
24537
24538
24539
24540
24575
24576
24577
24578
24579
24614
24615
24616
24617
24618
24653
24654
24655
24656
24657
24692
24693
24694
24695
24696
24731
24732
24733
24734
24735
24770
24771
24772
24773
24774
24828
24829
24830
24831
24832
24867
24868
24869
24870
24871
24906
24907
24908
24909
24910
24945
24946
24947
24948
24949
24984
24985
24986
24987
24988
25023
25024
25025
25026
25027
25062
25063
25064
25065
25066
25101
25102
25103
25104
25105
25140
25141
25142
25143
25144
25179
25180
25181
25182
25183
25218
25219
25220
25221
25222
25257
25258
25259
25260
25261
25296
25297
25298
25299
25300
25335
25336
25337
25338
25339
25374
25375
25376
25377
25378
25413
25414
25415
25416
25417
25452
25453
25454
25455
25456
25491
25492
25493
25494
25495
25530
25531
25532
25533
25534
25569
25570
25571
25572
25573
25627
25628
25629
25630
25631
25666
25667
25668
25669
25670
25705
25706
25707
25708
25709
25744
25745
25746
25747
25748
25783
25784
25785
25786
25787
25822
25823
25824
25825
25826
25861
25862
25863
25864
25865
25900
25901
25902
25903
25904
25939
25940
25941
25942
25943
25978
25979
25980
25981
25982
26017
26018
26019
26020
26021
26056
26057
26058
26059
26060
26095
26096
26097
26098
26099
26134
26135
26136
26137
26138
26173
26174
26175
26176
26177
26212
26213
26214
26215
26216
26251
26252
26253
26254
26255
26290
26291
26292
26293
26294
26329
26330
26331
26332
26333
26368
26369
26370
26371
26372
26426
26427
26428
26429
26430
26465
26466
26467
26468
26469
26504
26505
26506
26507
26508
26543
26544
26545
26546
26547
26582
26583
26584
26585
26586
26621
26622
26623
26624
26625
26660
26661
26662
26663
26664
26699
26700
26701
26702
26703
26738
26739
26740
26741
26742
26777
26778
26779
26780
26781
26816
26817
26818
26819
26820
26855
26856
26857
26858
26859
26894
26895
26896
26897
26898
26933
26934
26935
26936
26937
26972
26973
26974
26975
26976
27011
27012
27013
27014
27015
27050
27051
27052
27053
27054
27089
27090
27091
27092
27093
27128
27129
27130
27131
27132
27167
27168
27169
27170
27171
27225
27226
27227
27228
27229
27264
27265
27266
27267
27268
27303
27304
27305
27306
27307
27342
27343
27344
27345
27346
27381
27382
27383
27384
27385
27420
27421
27422
27423
27424
27459
27460
27461
27462
27463
27498
27499
27500
27501
27502
27537
27538
27539
27540
27541
27576
27577
27578
27579
27580
27615
27616
27617
27618
27619
27654
27655
27656
27657
27658
27693
27694
27695
27696
27697
27732
27733
27734
27735
27736
27771
27772
27773
27774
27775
27810
27811
27812
27813
27814
27849
27850
27851
27852
27853
27888
27889
27890
27891
27892
27927
27928
27929
27930
27931
27966
27967
27968
27969
27970
28024
28025
28026
28027
28028
28063
28064
28065
28066
28067
28102
28103
28104
28105
28106
28141
28142
28143
28144
28145
28180
28181
28182
28183
28184
28219
28220
28221
28222
28223
28258
28259
28260
28261
28262
28297
28298
28299
28300
28301
28336
28337
28338
28339
28340
28375
28376
28377
28378
28379
28414
28415
28416
28417
28418
28453
28454
28455
28456
28457
28492
28493
28494
28495
28496
28531
28532
28533
28534
28535
28570
28571
28572
28573
28574
28609
28610
28611
28612
28613
28648
28649
28650
28651
28652
28687
28688
28689
28690
28691
28726
28727
28728
28729
28730
28765
28766
28767
28768
28769
28823
28824
28825
28826
28827
28862
28863
28864
28865
28866
28901
28902
28903
28904
28905
28940
28941
28942
28943
28944
28979
28980
28981
28982
28983
29018
29019
29020
29021
29022
29057
29058
29059
29060
29061
29096
29097
29098
29099
29100
29135
29136
29137
29138
29139
29174
29175
29176
29177
29178
29213
29214
29215
29216
29217
29252
29253
29254
29255
29256
29291
29292
29293
29294
29295
29330
29331
29332
29333
29334
29369
29370
29371
29372
29373
29408
29409
29410
29411
29412
29447
29448
29449
29450
29451
29486
29487
29488
29489
29490
29525
29526
29527
29528
29529
29564
29565
29566
29567
29568
29621
29622
29623
29624
29625
29660
29661
29662
29663
29664
29699
29700
29701
29702
29703
29738
29739
29740
29741
29742
29777
29778
29779
29780
29781
29816
29817
29818
29819
29820
29855
29856
29857
29858
29859
29894
29895
29896
29897
29898
29933
29934
29935
29936
29937
29972
29973
29974
29975
29976
30011
30012
30013
30014
30015
30050
30051
30052
30053
30054
30089
30090
30091
30092
30093
30128
30129
30130
30131
30132
30167
30168
30169
30170
30171
30206
30207
30208
30209
30210
30245
30246
30247
30248
30249
30284
30285
30286
30287
30288
30323
30324
30325
30326
30327
30361
30362
30363
30364
30365
30417
30418
30419
30420
30421
30456
30457
30458
30459
30460
30495
30496
30497
30498
30499
30534
30535
30536
30537
30538
30573
30574
30575
30576
30577
30612
30613
30614
30615
30616
30651
30652
30653
30654
30655
30690
30691
30692
30693
30694
30729
30730
30731
30732
30733
30768
30769
30770
30771
30772
30807
30808
30809
30810
30811
30846
30847
30848
30849
30850
30885
30886
30887
30888
30889
30924
30925
30926
30927
30928
30963
30964
30965
30966
30967
31002
31003
31004
31005
31006
31041
31042
31043
31044
31045
31080
31081
31082
31083
31084
31118
31119
31120
31121
31122
31155
31156
31157
31158
31159
31210
31211
31212
31213
31214
31249
31250
31251
31252
31253
31288
31289
31290
31291
31292
31327
31328
31329
31330
31331
31366
31367
31368
31369
31370
31405
31406
31407
31408
31409
31444
31445
31446
31447
31448
31483
31484
31485
31486
31487
31522
31523
31524
31525
31526
31561
31562
31563
31564
31565
31600
31601
31602
31603
31604
31639
31640
31641
31642
31643
31678
31679
31680
31681
31682
31717
31718
31719
31720
31721
31756
31757
31758
31759
31760
31795
31796
31797
31798
31799
31834
31835
31836
31837
31838
31872
31873
31874
31875
31876
31909
31910
31911
31912
31913
31945
31946
31947
31948
31949
31999
32000
32001
32002
32003
32038
32039
32040
32041
32042
32077
32078
32079
32080
32081
32116
32117
32118
32119
32120
32155
32156
32157
32158
32159
32194
32195
32196
32197
32198
32233
32234
32235
32236
32237
32272
32273
32274
32275
32276
32311
32312
32313
32314
32315
32350
32351
32352
32353
32354
32389
32390
32391
32392
32393
32428
32429
32430
32431
32432
32467
32468
32469
32470
32471
32506
32507
32508
32509
32510
32545
32546
32547
32548
32549
32584
32585
32586
32587
32588
32622
32623
32624
32625
32626
32659
32660
32661
32662
32663
32695
32696
32697
32698
32699
32730
32731
32732
32733
32734
32783
32784
32785
32786
32787
32822
32823
32824
32825
32826
32861
32862
32863
32864
32865
32900
32901
32902
32903
32904
32939
32940
32941
32942
32943
32978
32979
32980
32981
32982
33017
33018
33019
33020
33021
33056
33057
33058
33059
33060
33095
33096
33097
33098
33099
33134
33135
33136
33137
33138
33173
33174
33175
33176
33177
33212
33213
33214
33215
33216
33251
33252
33253
33254
33255
33290
33291
33292
33293
33294
33329
33330
33331
33332
33333
33367
33368
33369
33370
33371
33404
33405
33406
33407
33408
33440
33441
33442
33443
33444
33475
33476
33477
33478
33479
33510
33511
33512
33513
33561
33562
33563
33564
33565
33600
33601
33602
33603
33604
33639
33640
33641
33642
33643
33678
33679
33680
33681
33682
33717
33718
33719
33720
33721
33756
33757
33758
33759
33760
33795
33796
33797
33798
33799
33834
33835
33836
33837
33838
33873
33874
33875
33876
33877
33912
33913
33914
33915
33916
33951
33952
33953
33954
33955
33990
33991
33992
33993
33994
34029
34030
34031
34032
34033
34068
34069
34070
34071
34072
34106
34107
34108
34109
34110
34143
34144
34145
34146
34147
34179
34180
34181
34182
34183
34214
34215
34216
34217
34218
34249
34250
34251
34252
34283
34284
34285
34332
34333
34334
34335
34336
34371
34372
34373
34374
34375
34410
34411
34412
34413
34414
34449
34450
34451
34452
34453
34488
34489
34490
34491
34492
34527
34528
34529
34530
34531
34566
34567
34568
34569
34570
34605
34606
34607
34608
34609
34644
34645
34646
34647
34648
34683
34684
34685
34686
34687
34722
34723
34724
34725
34726
34761
34762
34763
34764
34765
34800
34801
34802
34803
34804
34838
34839
34840
34841
34842
34875
34876
34877
34878
34879
34911
34912
34913
34914
34915
34946
34947
34948
34949
34950
34981
34982
34983
34984
35015
35016
35017
35048
35049
35095
35096
35097
35098
35099
35134
35135
35136
35137
35138
35173
35174
35175
35176
35177
35212
35213
35214
35215
35216
35251
35252
35253
35254
35255
35290
35291
35292
35293
35294
35329
35330
35331
35332
35333
35368
35369
35370
35371
35372
35407
35408
35409
35410
35411
35446
35447
35448
35449
35450
35485
35486
35487
35488
35489
35524
35525
35526
35527
35528
35562
35563
35564
35565
35566
35599
35600
35601
35602
35603
35635
35636
35637
35638
35639
35670
35671
35672
35673
35674
35705
35706
35707
35708
35739
35740
35741
35772
35773
35804
35849
35850
35851
35852
35853
35888
35889
35890
35891
35892
35927
35928
35929
35930
35931
35966
35967
35968
35969
35970
36005
36006
36007
36008
36009
36044
36045
36046
36047
36048
36083
36084
36085
36086
36087
36122
36123
36124
36125
36126
36161
36162
36163
36164
36165
36200
36201
36202
36203
36204
36239
36240
36241
36242
36243
36277
36278
36279
36280
36281
36314
36315
36316
36317
36318
36350
36351
36352
36353
36354
36385
36386
36387
36388
36389
36420
36421
36422
36423
36454
36455
36456
36487
36488
36519
36593
36594
36595
36596
36597
36632
36633
36634
36635
36636
36671
36672
36673
36674
36675
36710
36711
36712
36713
36714
36749
36750
36751
36752
36753
36788
36789
36790
36791
36792
36827
36828
36829
36830
36831
36866
36867
36868
36869
36870
36905
36906
36907
36908
36909
36944
36945
36946
36947
36948
36982
36983
36984
36985
36986
37019
37020
37021
37022
37023
37055
37056
37057
37058
37059
37090
37091
37092
37093
37094
37125
37126
37127
37128
37159
37160
37161
37192
37193
37224
37326
37327
37328
37329
37330
37365
37366
37367
37368
37369
37404
37405
37406
37407
37408
37443
37444
37445
37446
37447
37482
37483
37484
37485
37486
37521
37522
37523
37524
37525
37560
37561
37562
37563
37564
37599
37600
37601
37602
37603
37638
37639
37640
37641
37642
37676
37677
37678
37679
37680
37713
37714
37715
37716
37717
37749
37750
37751
37752
37753
37784
37785
37786
37787
37788
37819
37820
37821
37822
37853
37854
37855
37886
37887
37918
38047
38048
38049
38050
38051
38086
38087
38088
38089
38090
38125
38126
38127
38128
38129
38164
38165
38166
38167
38168
38203
38204
38205
38206
38207
38242
38243
38244
38245
38246
38281
38282
38283
38284
38285
38320
38321
38322
38323
38324
38358
38359
38360
38361
38362
38395
38396
38397
38398
38399
38431
38432
38433
38434
38435
38466
38467
38468
38469
38470
38501
38502
38503
38504
38535
38536
38537
38568
38569
38600
38755
38756
38757
38758
38759
38794
38795
38796
38797
38798
38833
38834
38835
38836
38837
38872
38873
38874
38875
38876
38911
38912
38913
38914
38915
38950
38951
38952
38953
38954
38989
38990
38991
38992
38993
39027
39028
39029
39030
39031
39064
39065
39066
39067
39068
39100
39101
39102
39103
39104
39135
39136
39137
39138
39139
39170
39171
39172
39173
39204
39205
39206
39237
39238
39269
39449
39450
39451
39452
39453
39488
39489
39490
39491
39492
39527
39528
39529
39530
39531
39566
39567
39568
39569
39570
39605
39606
39607
39608
39609
39644
39645
39646
39647
39648
39682
39683
39684
39685
39686
39719
39720
39721
39722
39723
39755
39756
39757
39758
39759
39790
39791
39792
39793
39794
39825
39826
39827
39828
39859
39860
39861
39892
39893
39924
40128
40129
40130
40131
40132
40167
40168
40169
40170
40171
40206
40207
40208
40209
40210
40245
40246
40247
40248
40249
40284
40285
40286
40287
40288
40322
40323
40324
40325
40326
40359
40360
40361
40362
40363
40395
40396
40397
40398
40399
40430
40431
40432
40433
40434
40465
40466
40467
40468
40499
40500
40501
40532
40533
40564
40791
40792
40793
40794
40795
40830
40831
40832
40833
40834
40869
40870
40871
40872
40873
40908
40909
40910
40911
40912
40946
40947
40948
40949
40950
40983
40984
40985
40986
40987
41019
41020
41021
41022
41023
41054
41055
41056
41057
41058
41089
41090
41091
41092
41123
41124
41125
41156
41157
41188
41437
41438
41439
41440
41441
41476
41477
41478
41479
41480
41515
41516
41517
41518
41519
41553
41554
41555
41556
41557
41590
41591
41592
41593
41594
41626
41627
41628
41629
41630
41661
41662
41663
41664
41665
41696
41697
41698
41699
41730
41731
41732
41763
41764
41795
42065
42066
42067
42068
42069
42104
42105
42106
42107
42108
42142
42143
42144
42145
42146
42179
42180
42181
42182
42183
42215
42216
42217
42218
42219
42250
42251
42252
42253
42254
42285
42286
42287
42288
42319
42320
42321
42352
42353
42384
42674
42675
42676
42677
42678
42712
42713
42714
42715
42716
42749
42750
42751
42752
42753
42785
42786
42787
42788
42789
42820
42821
42822
42823
42824
42855
42856
42857
42858
42889
42890
42891
42922
42923
42954
43263
43264
43265
43266
43267
43300
43301
43302
43303
43304
43336
43337
43338
43339
43340
43371
43372
43373
43374
43375
43406
43407
43408
43409
43440
43441
43442
43473
43474
43505
43832
43833
43834
43835
43836
43868
43869
43870
43871
43872
43903
43904
43905
43906
43907
43938
43939
43940
43941
43972
43973
43974
44005
44006
44037
44381
44382
44383
44384
44385
44416
44417
44418
44419
44420
44451
44452
44453
44454
44485
44486
44487
44518
44519
44550
44910
44911
44912
44913
44914
44945
44946
44947
44948
44979
44980
44981
45012
45013
45044
45420
45421
45422
45423
45454
45455
45456
45487
45488
45519
45910
45911
45912
45943
45944
45975
46380
46381
46412
46830
)


// ************************************************************************* //
