/*--------------------------------*- C++ -*----------------------------------*\
| =========                 |                                                 |
| \\      /  F ield         | OpenFOAM: The Open Source CFD Toolbox           |
|  \\    /   O peration     | Version:  2306                                  |
|   \\  /    A nd           | Website:  www.openfoam.com                      |
|    \\/     M anipulation  |                                                 |
\*---------------------------------------------------------------------------*/
FoamFile
{
    version     2.0;
    format      ascii;
    arch        "LSB;label=32;scalar=64";
    class       volScalarField;
    location    "0.9/phiEA";
    object      J;
}
// * * * * * * * * * * * * * * * * * * * * * * * * * * * * * * * * * * * * * //

dimensions      [0 -3 0 0 0 1 0];

internalField   nonuniform List<scalar> 
20000
(
-9.611219e+08
-9.690663e+08
-8.775492e+08
-9.195582e+08
-9.850756e+08
-8.826111e+08
-9.269276e+08
-8.057637e+08
-8.41792e+08
-8.902002e+08
-1.009204e+09
-8.925403e+08
-9.417678e+08
-8.095931e+08
-8.465117e+08
-8.971867e+08
-7.478479e+08
-7.747205e+08
-8.163291e+08
-8.72137e+08
-1.040596e+09
-9.068275e+08
-9.641137e+08
-8.170125e+08
-8.557645e+08
-9.112524e+08
-7.509693e+08
-7.783066e+08
-8.208153e+08
-8.789111e+08
-6.995793e+08
-7.204238e+08
-7.52483e+08
-8.004481e+08
-8.643316e+08
-1.074403e+09
-9.241324e+08
-9.931556e+08
-8.274623e+08
-8.690703e+08
-9.324293e+08
-7.569722e+08
-7.852512e+08
-8.296081e+08
-8.92553e+08
-7.02225e+08
-7.233573e+08
-7.559006e+08
-8.047981e+08
-8.710411e+08
-6.580543e+08
-6.750413e+08
-7.006973e+08
-7.384841e+08
-7.933394e+08
0
-1.099769e+09
-9.409663e+08
-1.024391e+09
-8.396771e+08
-8.851748e+08
-9.59957e+08
-7.653171e+08
-7.950273e+08
-8.4225e+08
-9.131061e+08
-7.072882e+08
-7.289962e+08
-7.625171e+08
-8.133246e+08
-8.845631e+08
-6.603511e+08
-6.775353e+08
-7.034994e+08
-7.418006e+08
-7.976382e+08
0
-6.215884e+08
-6.358999e+08
-6.57336e+08
-6.882031e+08
-7.320849e+08
0
0
-1.115635e+09
-9.522537e+08
-1.047736e+09
-8.50902e+08
-9.008267e+08
-9.895756e+08
-7.748535e+08
-8.064471e+08
-8.575502e+08
-9.398615e+08
-7.142639e+08
-7.368311e+08
-7.718291e+08
-8.255869e+08
-9.049645e+08
-6.64731e+08
-6.823058e+08
-7.088842e+08
-7.482211e+08
-8.060669e+08
0
-6.236169e+08
-6.380706e+08
-6.597232e+08
-6.909251e+08
-7.353595e+08
0
0
-5.890499e+08
-6.014478e+08
-6.198753e+08
-6.460738e+08
-6.824222e+08
0
0
0
-1.124544e+09
-9.584629e+08
-1.062285e+09
-8.578162e+08
-9.112904e+08
-1.01165e+09
-7.83293e+08
-8.169322e+08
-8.72419e+08
-9.687106e+08
-7.2211e+08
-7.457787e+08
-7.827047e+08
-8.404371e+08
-9.315922e+08
-6.707257e+08
-6.888749e+08
-7.16364e+08
-7.572581e+08
-8.181966e+08
0
-6.274753e+08
-6.422082e+08
-6.64288e+08
-6.961554e+08
-7.417e+08
0
0
-5.908641e+08
-6.033694e+08
-6.219569e+08
-6.483952e+08
-6.851095e+08
0
0
0
-5.596858e+08
-5.706408e+08
-5.868506e+08
-6.096494e+08
-6.408234e+08
0
0
0
0
-1.12851e+09
-9.615598e+08
-1.070433e+09
-8.611284e+08
-9.170308e+08
-1.025376e+09
-7.881807e+08
-8.233733e+08
-8.823318e+08
-9.901771e+08
-7.288678e+08
-7.536891e+08
-7.926858e+08
-8.548805e+08
-9.604097e+08
-6.773881e+08
-6.962584e+08
-7.249032e+08
-7.678152e+08
-8.329052e+08
0
-6.327292e+08
-6.478683e+08
-6.70572e+08
-7.034206e+08
-7.506275e+08
0
0
-5.943084e+08
-6.070229e+08
-6.259234e+08
-6.528335e+08
-6.902736e+08
0
0
0
-5.613244e+08
-5.723631e+08
-5.886964e+08
-6.116757e+08
-6.431157e+08
0
0
0
0
-5.329434e+08
-5.427841e+08
-5.57276e+08
-5.775124e+08
-6.048584e+08
0
0
0
0
0
-1.12851e+09
-9.628232e+08
-1.074054e+09
-8.624898e+08
-9.198879e+08
-1.033052e+09
-7.902487e+08
-8.2645e+08
-8.877589e+08
-1.003515e+09
-7.326016e+08
-7.582574e+08
-7.987988e+08
-8.64486e+08
-9.81845e+08
-6.830078e+08
-7.0261e+08
-7.32447e+08
-7.775054e+08
-8.472333e+08
0
-6.385135e+08
-6.541539e+08
-6.776318e+08
-7.11715e+08
-7.610641e+08
0
0
-5.989791e+08
-6.119952e+08
-6.313476e+08
-6.589431e+08
-6.974483e+08
0
0
0
-5.644309e+08
-5.756314e+08
-5.922047e+08
-6.155363e+08
-6.474985e+08
0
0
0
0
-5.344351e+08
-5.443429e+08
-5.58933e+08
-5.79311e+08
-6.068598e+08
0
0
0
0
0
-5.08414e+08
-5.173678e+08
-5.304962e+08
-5.487092e+08
-5.731221e+08
0
0
0
0
0
0
-1.124544e+09
-9.628232e+08
-1.074054e+09
-8.629402e+08
-9.210519e+08
-1.036461e+09
-7.909097e+08
-8.277106e+08
-8.904576e+08
-1.010975e+09
-7.340139e+08
-7.601829e+08
-8.017105e+08
-8.697386e+08
-9.951742e+08
-6.85997e+08
-7.061085e+08
-7.367886e+08
-7.834209e+08
-8.56742e+08
0
-6.43312e+08
-6.594485e+08
-6.836989e+08
-7.190399e+08
-7.706487e+08
0
0
-6.040818e+08
-6.17465e+08
-6.373682e+08
-6.658061e+08
-7.056423e+08
0
0
0
-5.686294e+08
-5.800612e+08
-5.969778e+08
-6.208151e+08
-6.535322e+08
0
0
0
0
-5.372601e+08
-5.472965e+08
-5.620763e+08
-5.827289e+08
-6.106732e+08
0
0
0
0
0
-5.097809e+08
-5.187893e+08
-5.319979e+08
-5.503253e+08
-5.748993e+08
0
0
0
0
0
0
-4.857804e+08
-4.940141e+08
-5.060297e+08
-5.226068e+08
-5.446718e+08
0
0
0
0
0
0
0
-1.115635e+09
-9.615598e+08
-1.070433e+09
-8.629402e+08
-9.210519e+08
-1.036461e+09
-7.910451e+08
-8.281264e+08
-8.915567e+08
-1.01429e+09
-7.343336e+08
-7.607942e+08
-8.029007e+08
-8.723515e+08
-1.002642e+09
-6.870148e+08
-7.074247e+08
-7.386107e+08
-7.862314e+08
-8.619396e+08
0
-6.457845e+08
-6.622549e+08
-6.870278e+08
-7.232389e+08
-7.764799e+08
0
0
-6.08257e+08
-6.219954e+08
-6.424332e+08
-6.716998e+08
-7.128778e+08
0
0
0
-5.731868e+08
-5.848965e+08
-6.022252e+08
-6.266729e+08
-6.603113e+08
0
0
0
0
-5.410672e+08
-5.512862e+08
-5.663351e+08
-5.873784e+08
-6.158877e+08
0
0
0
0
0
-5.123674e+08
-5.214802e+08
-5.348427e+08
-5.533905e+08
-5.782766e+08
0
0
0
0
0
0
-4.870396e+08
-4.953188e+08
-5.074011e+08
-5.240727e+08
-5.462692e+08
0
0
0
0
0
0
0
-4.647917e+08
-4.7243e+08
-4.835205e+08
-4.987404e+08
-5.188822e+08
0
0
0
0
0
0
0
0
-1.099769e+09
-9.584629e+08
-1.062285e+09
-8.624898e+08
-9.198879e+08
-1.033052e+09
-7.910451e+08
-8.281264e+08
-8.915567e+08
-1.01429e+09
-7.343244e+08
-7.609173e+08
-8.032924e+08
-8.734168e+08
-1.005964e+09
-6.871457e+08
-7.077176e+08
-7.391851e+08
-7.873785e+08
-8.645294e+08
0
-6.465455e+08
-6.632034e+08
-6.882724e+08
-7.249933e+08
-7.792435e+08
0
0
-6.103499e+08
-6.243208e+08
-6.451065e+08
-6.749191e+08
-7.170076e+08
0
0
0
-5.768726e+08
-5.888461e+08
-6.065654e+08
-6.315962e+08
-6.661298e+08
0
0
0
0
-5.451771e+08
-5.55613e+08
-5.709808e+08
-5.924885e+08
-6.216745e+08
0
0
0
0
0
-5.158446e+08
-5.251045e+08
-5.386838e+08
-5.575428e+08
-5.828709e+08
0
0
0
0
0
0
-4.894213e+08
-4.977868e+08
-5.099962e+08
-5.268492e+08
-5.492991e+08
0
0
0
0
0
0
0
-4.659571e+08
-4.736339e+08
-4.847807e+08
-5.000801e+08
-5.203318e+08
0
0
0
0
0
0
0
0
-4.452481e+08
-4.523835e+08
-4.626917e+08
-4.767664e+08
-4.95295e+08
0
0
0
0
0
0
0
0
0
-1.074403e+09
-9.522537e+08
-1.047736e+09
-8.611284e+08
-9.170308e+08
-1.025376e+09
-7.909097e+08
-8.277106e+08
-8.904576e+08
-1.010975e+09
-7.343244e+08
-7.609173e+08
-8.032924e+08
-8.734168e+08
-1.005964e+09
-6.870624e+08
-7.077053e+08
-7.392988e+08
-7.877559e+08
-8.655877e+08
0
-6.46564e+08
-6.633194e+08
-6.885441e+08
-7.255425e+08
-7.803709e+08
0
0
-6.109328e+08
-6.250294e+08
-6.460022e+08
-6.761145e+08
-7.187244e+08
0
0
0
-5.78676e+08
-5.908175e+08
-6.087828e+08
-6.341819e+08
-6.69292e+08
0
0
0
0
-5.484681e+08
-5.59106e+08
-5.747696e+08
-5.967102e+08
-6.265343e+08
0
0
0
0
0
-5.195807e+08
-5.290135e+08
-5.428468e+08
-5.620708e+08
-5.879204e+08
0
0
0
0
0
0
-4.926163e+08
-5.011027e+08
-5.134903e+08
-5.305976e+08
-5.534036e+08
0
0
0
0
0
0
0
-4.681607e+08
-4.759099e+08
-4.871638e+08
-5.026152e+08
-5.230773e+08
0
0
0
0
0
0
0
0
-4.463309e+08
-4.534993e+08
-4.638559e+08
-4.779985e+08
-4.966203e+08
0
0
0
0
0
0
0
0
0
-4.269853e+08
-4.336897e+08
-4.433247e+08
-4.564179e+08
-4.735714e+08
0
0
0
0
0
0
0
0
0
0
-1.040596e+09
-9.409663e+08
-1.024391e+09
-8.578162e+08
-9.112904e+08
-1.01165e+09
-7.902487e+08
-8.2645e+08
-8.877589e+08
-1.003515e+09
-7.343336e+08
-7.607942e+08
-8.029007e+08
-8.723515e+08
-1.002642e+09
-6.870624e+08
-7.077053e+08
-7.392988e+08
-7.877559e+08
-8.655877e+08
0
-6.464405e+08
-6.632372e+08
-6.885287e+08
-7.256494e+08
-7.80742e+08
0
0
-6.108803e+08
-6.250396e+08
-6.461054e+08
-6.763702e+08
-7.192582e+08
0
0
0
-5.791305e+08
-5.913595e+08
-6.094508e+08
-6.350401e+08
-6.704572e+08
0
0
0
0
-5.500438e+08
-5.608072e+08
-5.766514e+08
-5.988555e+08
-6.290724e+08
0
0
0
0
0
-5.225467e+08
-5.321375e+08
-5.462019e+08
-5.657589e+08
-5.920879e+08
0
0
0
0
0
0
-4.960349e+08
-5.04662e+08
-5.172561e+08
-5.346585e+08
-5.578794e+08
0
0
0
0
0
0
0
-4.711114e+08
-4.789616e+08
-4.903645e+08
-5.060276e+08
-5.267839e+08
0
0
0
0
0
0
0
0
-4.483781e+08
-4.556084e+08
-4.660563e+08
-4.803282e+08
-4.991279e+08
0
0
0
0
0
0
0
0
0
-4.27995e+08
-4.347279e+08
-4.44405e+08
-4.57557e+08
-4.747907e+08
0
0
0
0
0
0
0
0
0
0
-4.098684e+08
-4.161967e+08
-4.252449e+08
-4.374839e+08
-4.534486e+08
0
0
0
0
0
0
0
0
0
0
0
-1.009204e+09
-9.241324e+08
-9.931556e+08
-8.50902e+08
-9.008267e+08
-9.895756e+08
-7.881807e+08
-8.233733e+08
-8.823318e+08
-9.901771e+08
-7.340139e+08
-7.601829e+08
-8.017105e+08
-8.697386e+08
-9.951742e+08
-6.871457e+08
-7.077176e+08
-7.391851e+08
-7.873785e+08
-8.645294e+08
0
-6.464405e+08
-6.632372e+08
-6.885287e+08
-7.256494e+08
-7.80742e+08
0
0
-6.107342e+08
-6.249193e+08
-6.460232e+08
-6.763516e+08
-7.193604e+08
0
0
0
-5.790318e+08
-5.913028e+08
-6.094532e+08
-6.351326e+08
-6.70701e+08
0
0
0
0
-5.504024e+08
-5.612289e+08
-5.771612e+08
-5.99494e+08
-6.299062e+08
0
0
0
0
0
-5.239393e+08
-5.336259e+08
-5.478272e+08
-5.675803e+08
-5.941932e+08
0
0
0
0
0
0
-4.987282e+08
-5.07482e+08
-5.202605e+08
-5.379268e+08
-5.615208e+08
0
0
0
0
0
0
0
-4.742569e+08
-4.822234e+08
-4.937976e+08
-5.097041e+08
-5.307993e+08
0
0
0
0
0
0
0
0
-4.511151e+08
-4.584307e+08
-4.690054e+08
-4.834567e+08
-5.025037e+08
0
0
0
0
0
0
0
0
0
-4.299041e+08
-4.366899e+08
-4.464461e+08
-4.597097e+08
-4.770961e+08
0
0
0
0
0
0
0
0
0
0
-4.10813e+08
-4.17166e+08
-4.26251e+08
-4.385416e+08
-4.545763e+08
0
0
0
0
0
0
0
0
0
0
0
-3.937824e+08
-3.997796e+08
-4.083089e+08
-4.197963e+08
-4.347189e+08
0
0
0
0
0
0
0
0
0
0
0
0
-9.850756e+08
-9.068275e+08
-9.641137e+08
-8.396771e+08
-8.851748e+08
-9.59957e+08
-7.83293e+08
-8.169322e+08
-8.72419e+08
-9.687106e+08
-7.326016e+08
-7.582574e+08
-7.987988e+08
-8.64486e+08
-9.81845e+08
-6.870148e+08
-7.074247e+08
-7.386107e+08
-7.862314e+08
-8.619396e+08
0
-6.46564e+08
-6.633194e+08
-6.885441e+08
-7.255425e+08
-7.803709e+08
0
0
-6.107342e+08
-6.249193e+08
-6.460232e+08
-6.763516e+08
-7.193604e+08
0
0
0
-5.788734e+08
-5.911609e+08
-6.093343e+08
-6.35049e+08
-6.70679e+08
0
0
0
0
-5.502731e+08
-5.611285e+08
-5.770996e+08
-5.994889e+08
-6.299893e+08
0
0
0
0
0
-5.242247e+08
-5.339577e+08
-5.482228e+08
-5.680661e+08
-5.948114e+08
0
0
0
0
0
0
-4.999703e+08
-5.087991e+08
-5.216838e+08
-5.395008e+08
-5.63308e+08
0
0
0
0
0
0
0
-4.767192e+08
-4.84788e+08
-4.965128e+08
-5.126329e+08
-5.340272e+08
0
0
0
0
0
0
0
0
-4.54024e+08
-4.614365e+08
-4.721553e+08
-4.868109e+08
-5.061401e+08
0
0
0
0
0
0
0
0
0
-4.324532e+08
-4.393116e+08
-4.491766e+08
-4.625943e+08
-4.801919e+08
0
0
0
0
0
0
0
0
0
0
-4.125993e+08
-4.189982e+08
-4.281519e+08
-4.405399e+08
-4.567072e+08
0
0
0
0
0
0
0
0
0
0
0
-3.946686e+08
-4.006875e+08
-4.092491e+08
-4.20782e+08
-4.357663e+08
0
0
0
0
0
0
0
0
0
0
0
0
-3.786305e+08
-3.843317e+08
-3.923988e+08
-4.032166e+08
-4.172169e+08
0
0
0
0
0
0
0
0
0
0
0
0
0
-9.690663e+08
-8.925403e+08
-9.417678e+08
-8.274623e+08
-8.690703e+08
-9.324293e+08
-7.748535e+08
-8.064471e+08
-8.575502e+08
-9.398615e+08
-7.288678e+08
-7.536891e+08
-7.926858e+08
-8.548805e+08
-9.604097e+08
-6.85997e+08
-7.061085e+08
-7.367886e+08
-7.834209e+08
-8.56742e+08
0
-6.465455e+08
-6.632034e+08
-6.882724e+08
-7.249933e+08
-7.792435e+08
0
0
-6.108803e+08
-6.250396e+08
-6.461054e+08
-6.763702e+08
-7.192582e+08
0
0
0
-5.788734e+08
-5.911609e+08
-6.093343e+08
-6.35049e+08
-6.70679e+08
0
0
0
0
-5.501084e+08
-5.609747e+08
-5.7696e+08
-5.993698e+08
-6.299033e+08
0
0
0
0
0
-5.240751e+08
-5.338283e+08
-5.481196e+08
-5.679993e+08
-5.94799e+08
0
0
0
0
0
0
-5.00199e+08
-5.090623e+08
-5.219941e+08
-5.398766e+08
-5.63777e+08
0
0
0
0
0
0
0
-4.778372e+08
-4.859643e+08
-4.977735e+08
-5.140119e+08
-5.355717e+08
0
0
0
0
0
0
0
0
-4.562884e+08
-4.637845e+08
-4.746272e+08
-4.894597e+08
-5.090336e+08
0
0
0
0
0
0
0
0
0
-4.351551e+08
-4.420952e+08
-4.520824e+08
-4.656741e+08
-4.835109e+08
0
0
0
0
0
0
0
0
0
0
-4.149818e+08
-4.214432e+08
-4.306909e+08
-4.432127e+08
-4.595628e+08
0
0
0
0
0
0
0
0
0
0
0
-3.963451e+08
-4.02404e+08
-4.110259e+08
-4.226442e+08
-4.377451e+08
0
0
0
0
0
0
0
0
0
0
0
0
-3.794639e+08
-3.851844e+08
-3.932803e+08
-4.041385e+08
-4.181933e+08
0
0
0
0
0
0
0
0
0
0
0
0
0
-3.643281e+08
-3.697633e+08
-3.774139e+08
-3.876315e+08
-4.008063e+08
0
0
0
0
0
0
0
0
0
0
0
0
0
0
-9.611219e+08
-8.826111e+08
-9.269276e+08
-8.170125e+08
-8.557645e+08
-9.112524e+08
-7.653171e+08
-7.950273e+08
-8.4225e+08
-9.131061e+08
-7.2211e+08
-7.457787e+08
-7.827047e+08
-8.404371e+08
-9.315922e+08
-6.830078e+08
-7.0261e+08
-7.32447e+08
-7.775054e+08
-8.472333e+08
0
-6.457845e+08
-6.622549e+08
-6.870278e+08
-7.232389e+08
-7.764799e+08
0
0
-6.109328e+08
-6.250294e+08
-6.460022e+08
-6.761145e+08
-7.187244e+08
0
0
0
-5.790318e+08
-5.913028e+08
-6.094532e+08
-6.351326e+08
-6.70701e+08
0
0
0
0
-5.501084e+08
-5.609747e+08
-5.7696e+08
-5.993698e+08
-6.299033e+08
0
0
0
0
0
-5.23908e+08
-5.336684e+08
-5.479685e+08
-5.678601e+08
-5.946781e+08
0
0
0
0
0
0
-5.000364e+08
-5.089136e+08
-5.218632e+08
-5.397696e+08
-5.637043e+08
0
0
0
0
0
0
0
-4.780218e+08
-4.861742e+08
-4.980186e+08
-5.143056e+08
-5.359332e+08
0
0
0
0
0
0
0
0
-4.573023e+08
-4.648444e+08
-4.757542e+08
-4.906818e+08
-5.103871e+08
0
0
0
0
0
0
0
0
0
-4.372482e+08
-4.442574e+08
-4.543479e+08
-4.680873e+08
-4.861286e+08
0
0
0
0
0
0
0
0
0
0
-4.175009e+08
-4.24032e+08
-4.333846e+08
-4.460557e+08
-4.626112e+08
0
0
0
0
0
0
0
0
0
0
0
-3.985787e+08
-4.046919e+08
-4.133961e+08
-4.251312e+08
-4.403917e+08
0
0
0
0
0
0
0
0
0
0
0
0
-3.810413e+08
-3.867973e+08
-3.949464e+08
-4.058802e+08
-4.200378e+08
0
0
0
0
0
0
0
0
0
0
0
0
0
-3.651137e+08
-3.705662e+08
-3.782425e+08
-3.884963e+08
-4.017197e+08
0
0
0
0
0
0
0
0
0
0
0
0
0
0
-3.508028e+08
-3.55996e+08
-3.632694e+08
-3.729438e+08
-3.853757e+08
0
0
0
0
0
0
0
0
0
0
0
0
0
0
0
-8.775492e+08
-9.195582e+08
-8.095931e+08
-8.465117e+08
-8.971867e+08
-7.569722e+08
-7.852512e+08
-8.296081e+08
-8.92553e+08
-7.142639e+08
-7.368311e+08
-7.718291e+08
-8.255869e+08
-9.049645e+08
-6.773881e+08
-6.962584e+08
-7.249032e+08
-7.678152e+08
-8.329052e+08
0
-6.43312e+08
-6.594485e+08
-6.836989e+08
-7.190399e+08
-7.706487e+08
0
0
-6.103499e+08
-6.243208e+08
-6.451065e+08
-6.749191e+08
-7.170076e+08
0
0
0
-5.791305e+08
-5.913595e+08
-6.094508e+08
-6.350401e+08
-6.704572e+08
0
0
0
0
-5.502731e+08
-5.611285e+08
-5.770996e+08
-5.994889e+08
-6.299893e+08
0
0
0
0
0
-5.23908e+08
-5.336684e+08
-5.479685e+08
-5.678601e+08
-5.946781e+08
0
0
0
0
0
0
-4.998696e+08
-5.087513e+08
-5.217061e+08
-5.396192e+08
-5.635637e+08
0
0
0
0
0
0
0
-4.778516e+08
-4.860132e+08
-4.978694e+08
-5.14172e+08
-5.358214e+08
0
0
0
0
0
0
0
0
-4.574524e+08
-4.65013e+08
-4.759487e+08
-4.909129e+08
-5.106685e+08
0
0
0
0
0
0
0
0
0
-4.381738e+08
-4.452197e+08
-4.553643e+08
-4.691803e+08
-4.873283e+08
0
0
0
0
0
0
0
0
0
0
-4.194442e+08
-4.260331e+08
-4.35473e+08
-4.48269e+08
-4.649968e+08
0
0
0
0
0
0
0
0
0
0
-4.009354e+08
-4.071086e+08
-4.159038e+08
-4.277685e+08
-4.432068e+08
0
0
0
0
0
0
0
0
0
0
0
0
-3.83141e+08
-3.889449e+08
-3.971665e+08
-4.082033e+08
-4.225013e+08
0
0
0
0
0
0
0
0
0
0
0
0
0
-3.666013e+08
-3.720854e+08
-3.798095e+08
-3.901306e+08
-4.034455e+08
0
0
0
0
0
0
0
0
0
0
0
0
0
0
-3.515448e+08
-3.567536e+08
-3.640503e+08
-3.737572e+08
-3.862327e+08
0
0
0
0
0
0
0
0
0
0
0
0
0
0
0
-3.37992e+08
-3.429625e+08
-3.498912e+08
-3.590719e+08
-3.708294e+08
0
0
0
0
0
0
0
0
0
0
0
0
0
0
0
0
-8.057637e+08
-8.41792e+08
-8.902002e+08
-7.509693e+08
-7.783066e+08
-8.208153e+08
-8.789111e+08
-7.072882e+08
-7.289962e+08
-7.625171e+08
-8.133246e+08
-8.845631e+08
-6.707257e+08
-6.888749e+08
-7.16364e+08
-7.572581e+08
-8.181966e+08
0
-6.385135e+08
-6.541539e+08
-6.776318e+08
-7.11715e+08
-7.610641e+08
0
0
-6.08257e+08
-6.219954e+08
-6.424332e+08
-6.716998e+08
-7.128778e+08
0
0
0
-5.78676e+08
-5.908175e+08
-6.087828e+08
-6.341819e+08
-6.69292e+08
0
0
0
0
-5.504024e+08
-5.612289e+08
-5.771612e+08
-5.99494e+08
-6.299062e+08
0
0
0
0
0
-5.240751e+08
-5.338283e+08
-5.481196e+08
-5.679993e+08
-5.94799e+08
0
0
0
0
0
0
-4.998696e+08
-5.087513e+08
-5.217061e+08
-5.396192e+08
-5.635637e+08
0
0
0
0
0
0
0
-4.776868e+08
-4.85851e+08
-4.977099e+08
-5.14016e+08
-5.356701e+08
0
0
0
0
0
0
0
0
-4.572783e+08
-4.648448e+08
-4.757877e+08
-4.907616e+08
-5.105309e+08
0
0
0
0
0
0
0
0
0
-4.382965e+08
-4.453559e+08
-4.555197e+08
-4.693628e+08
-4.875487e+08
0
0
0
0
0
0
0
0
0
0
-4.202942e+08
-4.269127e+08
-4.363966e+08
-4.492553e+08
-4.660701e+08
0
0
0
0
0
0
0
0
0
0
-4.027465e+08
-4.089689e+08
-4.178386e+08
-4.298101e+08
-4.453955e+08
0
0
0
0
0
0
0
0
0
0
-3.85352e+08
-3.912085e+08
-3.995097e+08
-4.106601e+08
-4.251135e+08
0
0
0
0
0
0
0
0
0
0
0
0
0
-3.685797e+08
-3.741065e+08
-3.818952e+08
-3.923078e+08
-4.057473e+08
0
0
0
0
0
0
0
0
0
0
0
0
0
0
-3.529507e+08
-3.581878e+08
-3.655275e+08
-3.752951e+08
-3.878525e+08
0
0
0
0
0
0
0
0
0
0
0
0
0
0
0
-3.38694e+08
-3.436788e+08
-3.506286e+08
-3.598387e+08
-3.716358e+08
0
0
0
0
0
0
0
0
0
0
0
0
0
0
0
0
-3.258358e+08
-3.306045e+08
-3.372156e+08
-3.459441e+08
-3.570874e+08
0
0
0
0
0
0
0
0
0
0
0
0
0
0
0
0
0
-7.478479e+08
-7.747205e+08
-8.163291e+08
-8.72137e+08
-7.02225e+08
-7.233573e+08
-7.559006e+08
-8.047981e+08
-8.710411e+08
-6.64731e+08
-6.823058e+08
-7.088842e+08
-7.482211e+08
-8.060669e+08
0
-6.327292e+08
-6.478683e+08
-6.70572e+08
-7.034206e+08
-7.506275e+08
0
0
-6.040818e+08
-6.17465e+08
-6.373682e+08
-6.658061e+08
-7.056423e+08
0
0
0
-5.768726e+08
-5.888461e+08
-6.065654e+08
-6.315962e+08
-6.661298e+08
0
0
0
0
-5.500438e+08
-5.608072e+08
-5.766514e+08
-5.988555e+08
-6.290724e+08
0
0
0
0
0
-5.242247e+08
-5.339577e+08
-5.482228e+08
-5.680661e+08
-5.948114e+08
0
0
0
0
0
0
-5.000364e+08
-5.089136e+08
-5.218632e+08
-5.397696e+08
-5.637043e+08
0
0
0
0
0
0
0
-4.776868e+08
-4.85851e+08
-4.977099e+08
-5.14016e+08
-5.356701e+08
0
0
0
0
0
0
0
0
-4.571168e+08
-4.646844e+08
-4.756283e+08
-4.906033e+08
-5.103742e+08
0
0
0
0
0
0
0
0
0
-4.381213e+08
-4.451841e+08
-4.553519e+08
-4.692003e+08
-4.873941e+08
0
0
0
0
0
0
0
0
0
0
-4.20395e+08
-4.270233e+08
-4.365213e+08
-4.494001e+08
-4.662432e+08
0
0
0
0
0
0
0
0
0
0
-4.035308e+08
-4.097775e+08
-4.186835e+08
-4.307069e+08
-4.463642e+08
0
0
0
0
0
0
0
0
0
0
-3.870456e+08
-3.929443e+08
-4.013099e+08
-4.125527e+08
-4.271331e+08
0
0
0
0
0
0
0
0
0
0
-3.706596e+08
-3.762325e+08
-3.840919e+08
-3.946049e+08
-4.081814e+08
0
0
0
0
0
0
0
0
0
0
0
0
0
0
-3.548193e+08
-3.600942e+08
-3.67492e+08
-3.773417e+08
-3.900104e+08
0
0
0
0
0
0
0
0
0
0
0
0
0
0
0
-3.400251e+08
-3.450356e+08
-3.520243e+08
-3.612893e+08
-3.731604e+08
0
0
0
0
0
0
0
0
0
0
0
0
0
0
0
0
-3.265008e+08
-3.312828e+08
-3.379133e+08
-3.466686e+08
-3.578478e+08
0
0
0
0
0
0
0
0
0
0
0
0
0
0
0
0
0
-3.142859e+08
-3.188662e+08
-3.251876e+08
-3.334991e+08
-3.440791e+08
0
0
0
0
0
0
0
0
0
0
0
0
0
0
0
0
0
0
-6.995793e+08
-7.204238e+08
-7.52483e+08
-8.004481e+08
-8.643316e+08
-6.603511e+08
-6.775353e+08
-7.034994e+08
-7.418006e+08
-7.976382e+08
0
-6.274753e+08
-6.422082e+08
-6.64288e+08
-6.961554e+08
-7.417e+08
0
0
-5.989791e+08
-6.119952e+08
-6.313476e+08
-6.589431e+08
-6.974483e+08
0
0
0
-5.731868e+08
-5.848965e+08
-6.022252e+08
-6.266729e+08
-6.603113e+08
0
0
0
0
-5.484681e+08
-5.59106e+08
-5.747696e+08
-5.967102e+08
-6.265343e+08
0
0
0
0
0
-5.239393e+08
-5.336259e+08
-5.478272e+08
-5.675803e+08
-5.941932e+08
0
0
0
0
0
0
-5.00199e+08
-5.090623e+08
-5.219941e+08
-5.398766e+08
-5.63777e+08
0
0
0
0
0
0
0
-4.778516e+08
-4.860132e+08
-4.978694e+08
-5.14172e+08
-5.358214e+08
0
0
0
0
0
0
0
0
-4.571168e+08
-4.646844e+08
-4.756283e+08
-4.906033e+08
-5.103742e+08
0
0
0
0
0
0
0
0
0
-4.379639e+08
-4.450268e+08
-4.551942e+08
-4.690421e+08
-4.872353e+08
0
0
0
0
0
0
0
0
0
0
-4.202206e+08
-4.268505e+08
-4.363502e+08
-4.492313e+08
-4.66078e+08
0
0
0
0
0
0
0
0
0
0
-4.036136e+08
-4.098677e+08
-4.18784e+08
-4.308223e+08
-4.465009e+08
0
0
0
0
0
0
0
0
0
0
-3.877729e+08
-3.936911e+08
-4.020873e+08
-4.133735e+08
-4.280142e+08
0
0
0
0
0
0
0
0
0
0
-3.722488e+08
-3.778576e+08
-3.857732e+08
-3.963669e+08
-4.100542e+08
0
0
0
0
0
0
0
0
0
0
-3.56781e+08
-3.620963e+08
-3.695569e+08
-3.794964e+08
-3.922869e+08
0
0
0
0
0
0
0
0
0
0
0
0
0
0
0
-3.417932e+08
-3.46838e+08
-3.538788e+08
-3.632181e+08
-3.751895e+08
0
0
0
0
0
0
0
0
0
0
0
0
0
0
0
0
-3.27763e+08
-3.325687e+08
-3.392347e+08
-3.480398e+08
-3.592863e+08
0
0
0
0
0
0
0
0
0
0
0
0
0
0
0
0
0
-3.149175e+08
-3.195093e+08
-3.258487e+08
-3.341849e+08
-3.447977e+08
0
0
0
0
0
0
0
0
0
0
0
0
0
0
0
0
0
0
-3.03301e+08
-3.077026e+08
-3.13754e+08
-3.216838e+08
-3.317443e+08
0
0
0
0
0
0
0
0
0
0
0
0
0
0
0
0
0
0
0
-6.580543e+08
-6.750413e+08
-7.006973e+08
-7.384841e+08
-7.933394e+08
0
-6.236169e+08
-6.380706e+08
-6.597232e+08
-6.909251e+08
-7.353595e+08
0
0
-5.943084e+08
-6.070229e+08
-6.259234e+08
-6.528335e+08
-6.902736e+08
0
0
0
-5.686294e+08
-5.800612e+08
-5.969778e+08
-6.208151e+08
-6.535322e+08
0
0
0
0
-5.451771e+08
-5.55613e+08
-5.709808e+08
-5.924885e+08
-6.216745e+08
0
0
0
0
0
-5.225467e+08
-5.321375e+08
-5.462019e+08
-5.657589e+08
-5.920879e+08
0
0
0
0
0
0
-4.999703e+08
-5.087991e+08
-5.216838e+08
-5.395008e+08
-5.63308e+08
0
0
0
0
0
0
0
-4.780218e+08
-4.861742e+08
-4.980186e+08
-5.143056e+08
-5.359332e+08
0
0
0
0
0
0
0
0
-4.572783e+08
-4.648448e+08
-4.757877e+08
-4.907616e+08
-5.105309e+08
0
0
0
0
0
0
0
0
0
-4.379639e+08
-4.450268e+08
-4.551942e+08
-4.690421e+08
-4.872353e+08
0
0
0
0
0
0
0
0
0
0
-4.200677e+08
-4.26697e+08
-4.361955e+08
-4.490749e+08
-4.659194e+08
0
0
0
0
0
0
0
0
0
0
-4.034411e+08
-4.096956e+08
-4.18612e+08
-4.306504e+08
-4.463296e+08
0
0
0
0
0
0
0
0
0
0
-3.878418e+08
-3.937645e+08
-4.021686e+08
-4.134658e+08
-4.281224e+08
0
0
0
0
0
0
0
0
0
0
-3.729265e+08
-3.785509e+08
-3.864917e+08
-3.971226e+08
-4.108609e+08
0
0
0
0
0
0
0
0
0
0
-3.582765e+08
-3.636228e+08
-3.711323e+08
-3.81143e+08
-3.940311e+08
0
0
0
0
0
0
0
0
0
0
-3.436469e+08
-3.487283e+08
-3.55825e+08
-3.652447e+08
-3.773255e+08
0
0
0
0
0
0
0
0
0
0
0
0
0
0
0
0
-3.294391e+08
-3.342758e+08
-3.409893e+08
-3.498616e+08
-3.61199e+08
0
0
0
0
0
0
0
0
0
0
0
0
0
0
0
0
0
-3.161173e+08
-3.207298e+08
-3.271019e+08
-3.354838e+08
-3.461579e+08
0
0
0
0
0
0
0
0
0
0
0
0
0
0
0
0
0
0
-3.039018e+08
-3.083139e+08
-3.143813e+08
-3.22334e+08
-3.324247e+08
0
0
0
0
0
0
0
0
0
0
0
0
0
0
0
0
0
0
0
-2.92848e+08
-2.970754e+08
-3.028723e+08
-3.104469e+08
-3.200307e+08
0
0
0
0
0
0
0
0
0
0
0
0
0
0
0
0
0
0
0
0
-6.215884e+08
-6.358999e+08
-6.57336e+08
-6.882031e+08
-7.320849e+08
0
0
-5.908641e+08
-6.033694e+08
-6.219569e+08
-6.483952e+08
-6.851095e+08
0
0
0
-5.644309e+08
-5.756314e+08
-5.922047e+08
-6.155363e+08
-6.474985e+08
0
0
0
0
-5.410672e+08
-5.512862e+08
-5.663351e+08
-5.873784e+08
-6.158877e+08
0
0
0
0
0
-5.195807e+08
-5.290135e+08
-5.428468e+08
-5.620708e+08
-5.879204e+08
0
0
0
0
0
0
-4.987282e+08
-5.07482e+08
-5.202605e+08
-5.379268e+08
-5.615208e+08
0
0
0
0
0
0
0
-4.778372e+08
-4.859643e+08
-4.977735e+08
-5.140119e+08
-5.355717e+08
0
0
0
0
0
0
0
0
-4.574524e+08
-4.65013e+08
-4.759487e+08
-4.909129e+08
-5.106685e+08
0
0
0
0
0
0
0
0
0
-4.381213e+08
-4.451841e+08
-4.553519e+08
-4.692003e+08
-4.873941e+08
0
0
0
0
0
0
0
0
0
0
-4.200677e+08
-4.26697e+08
-4.361955e+08
-4.490749e+08
-4.659194e+08
0
0
0
0
0
0
0
0
0
0
-4.03293e+08
-4.095464e+08
-4.18461e+08
-4.304969e+08
-4.46173e+08
0
0
0
0
0
0
0
0
0
0
-3.876728e+08
-3.935943e+08
-4.019974e+08
-4.132933e+08
-4.279484e+08
0
0
0
0
0
0
0
0
0
0
-3.729843e+08
-3.786113e+08
-3.865572e+08
-3.971965e+08
-4.109467e+08
0
0
0
0
0
0
0
0
0
0
-3.589102e+08
-3.642696e+08
-3.717999e+08
-3.818419e+08
-3.947741e+08
0
0
0
0
0
0
0
0
0
0
-3.450575e+08
-3.501663e+08
-3.57306e+08
-3.667884e+08
-3.78956e+08
0
0
0
0
0
0
0
0
0
0
-3.31195e+08
-3.360638e+08
-3.428282e+08
-3.517726e+08
-3.632085e+08
0
0
0
0
0
0
0
0
0
0
0
0
0
0
0
0
0
-3.177102e+08
-3.223496e+08
-3.28765e+08
-3.372083e+08
-3.479649e+08
0
0
0
0
0
0
0
0
0
0
0
0
0
0
0
0
0
0
-3.050444e+08
-3.094751e+08
-3.155715e+08
-3.235664e+08
-3.337133e+08
0
0
0
0
0
0
0
0
0
0
0
0
0
0
0
0
0
0
0
-2.934203e+08
-2.976574e+08
-3.03469e+08
-3.110641e+08
-3.206759e+08
0
0
0
0
0
0
0
0
0
0
0
0
0
0
0
0
0
0
0
0
-2.828879e+08
-2.869539e+08
-2.925063e+08
-2.997473e+08
-3.088879e+08
0
0
0
0
0
0
0
0
0
0
0
0
0
0
0
0
0
0
0
0
0
-5.890499e+08
-6.014478e+08
-6.198753e+08
-6.460738e+08
-6.824222e+08
0
0
0
-5.613244e+08
-5.723631e+08
-5.886964e+08
-6.116757e+08
-6.431157e+08
0
0
0
0
-5.372601e+08
-5.472965e+08
-5.620763e+08
-5.827289e+08
-6.106732e+08
0
0
0
0
0
-5.158446e+08
-5.251045e+08
-5.386838e+08
-5.575428e+08
-5.828709e+08
0
0
0
0
0
0
-4.960349e+08
-5.04662e+08
-5.172561e+08
-5.346585e+08
-5.578794e+08
0
0
0
0
0
0
0
-4.767192e+08
-4.84788e+08
-4.965128e+08
-5.126329e+08
-5.340272e+08
0
0
0
0
0
0
0
0
-4.573023e+08
-4.648444e+08
-4.757542e+08
-4.906818e+08
-5.103871e+08
0
0
0
0
0
0
0
0
0
-4.382965e+08
-4.453559e+08
-4.555197e+08
-4.693628e+08
-4.875487e+08
0
0
0
0
0
0
0
0
0
0
-4.202206e+08
-4.268505e+08
-4.363502e+08
-4.492313e+08
-4.66078e+08
0
0
0
0
0
0
0
0
0
0
-4.03293e+08
-4.095464e+08
-4.18461e+08
-4.304969e+08
-4.46173e+08
0
0
0
0
0
0
0
0
0
0
-3.875297e+08
-3.934497e+08
-4.018506e+08
-4.131435e+08
-4.277947e+08
0
0
0
0
0
0
0
0
0
0
-3.728195e+08
-3.784446e+08
-3.86388e+08
-3.97025e+08
-4.107724e+08
0
0
0
0
0
0
0
0
0
0
-3.589589e+08
-3.643198e+08
-3.718532e+08
-3.819008e+08
-3.948421e+08
0
0
0
0
0
0
0
0
0
0
-3.456521e+08
-3.507716e+08
-3.579292e+08
-3.674381e+08
-3.796432e+08
0
0
0
0
0
0
0
0
0
0
-3.325294e+08
-3.374214e+08
-3.442245e+08
-3.532247e+08
-3.647376e+08
0
0
0
0
0
0
0
0
0
0
-3.193774e+08
-3.240448e+08
-3.305057e+08
-3.390148e+08
-3.498603e+08
0
0
0
0
0
0
0
0
0
0
0
0
0
0
0
0
0
0
-3.065607e+08
-3.110158e+08
-3.171506e+08
-3.252017e+08
-3.354243e+08
0
0
0
0
0
0
0
0
0
0
0
0
0
0
0
0
0
0
0
-2.945099e+08
-2.98764e+08
-3.046021e+08
-3.122351e+08
-3.218989e+08
0
0
0
0
0
0
0
0
0
0
0
0
0
0
0
0
0
0
0
0
-2.834338e+08
-2.875087e+08
-2.930747e+08
-3.003346e+08
-3.095005e+08
0
0
0
0
0
0
0
0
0
0
0
0
0
0
0
0
0
0
0
0
0
-2.733894e+08
-2.773016e+08
-2.826271e+08
-2.895501e+08
-2.982755e+08
0
0
0
0
0
0
0
0
0
0
0
0
0
0
0
0
0
0
0
0
0
0
-5.596858e+08
-5.706408e+08
-5.868506e+08
-6.096494e+08
-6.408234e+08
0
0
0
0
-5.344351e+08
-5.443429e+08
-5.58933e+08
-5.79311e+08
-6.068598e+08
0
0
0
0
0
-5.123674e+08
-5.214802e+08
-5.348427e+08
-5.533905e+08
-5.782766e+08
0
0
0
0
0
0
-4.926163e+08
-5.011027e+08
-5.134903e+08
-5.305976e+08
-5.534036e+08
0
0
0
0
0
0
0
-4.742569e+08
-4.822234e+08
-4.937976e+08
-5.097041e+08
-5.307993e+08
0
0
0
0
0
0
0
0
-4.562884e+08
-4.637845e+08
-4.746272e+08
-4.894597e+08
-5.090336e+08
0
0
0
0
0
0
0
0
0
-4.381738e+08
-4.452197e+08
-4.553643e+08
-4.691803e+08
-4.873283e+08
0
0
0
0
0
0
0
0
0
0
-4.20395e+08
-4.270233e+08
-4.365213e+08
-4.494001e+08
-4.662432e+08
0
0
0
0
0
0
0
0
0
0
-4.034411e+08
-4.096956e+08
-4.18612e+08
-4.306504e+08
-4.463296e+08
0
0
0
0
0
0
0
0
0
0
-3.875297e+08
-3.934497e+08
-4.018506e+08
-4.131435e+08
-4.277947e+08
0
0
0
0
0
0
0
0
0
0
-3.726816e+08
-3.783048e+08
-3.862455e+08
-3.968792e+08
-4.106224e+08
0
0
0
0
0
0
0
0
0
0
-3.587985e+08
-3.641571e+08
-3.716874e+08
-3.817313e+08
-3.94669e+08
0
0
0
0
0
0
0
0
0
0
-3.456934e+08
-3.508134e+08
-3.57973e+08
-3.674854e+08
-3.796968e+08
0
0
0
0
0
0
0
0
0
0
-3.330898e+08
-3.3799e+08
-3.448084e+08
-3.538316e+08
-3.653767e+08
0
0
0
0
0
0
0
0
0
0
-3.206432e+08
-3.253303e+08
-3.318249e+08
-3.403846e+08
-3.51299e+08
0
0
0
0
0
0
0
0
0
0
-3.081469e+08
-3.126269e+08
-3.188021e+08
-3.269126e+08
-3.372166e+08
0
0
0
0
0
0
0
0
0
0
0
0
0
0
0
0
0
0
0
-2.959557e+08
-3.00232e+08
-3.061051e+08
-3.137885e+08
-3.235217e+08
0
0
0
0
0
0
0
0
0
0
0
0
0
0
0
0
0
0
0
0
-2.844743e+08
-2.88565e+08
-2.941553e+08
-3.0145e+08
-3.106628e+08
0
0
0
0
0
0
0
0
0
0
0
0
0
0
0
0
0
0
0
0
0
-2.739109e+08
-2.778313e+08
-2.831693e+08
-2.901098e+08
-2.988585e+08
0
0
0
0
0
0
0
0
0
0
0
0
0
0
0
0
0
0
0
0
0
0
-2.64323e+08
-2.680892e+08
-2.731999e+08
-2.798276e+08
-2.881592e+08
0
0
0
0
0
0
0
0
0
0
0
0
0
0
0
0
0
0
0
0
0
0
0
-5.329434e+08
-5.427841e+08
-5.57276e+08
-5.775124e+08
-6.048584e+08
0
0
0
0
0
-5.097809e+08
-5.187893e+08
-5.319979e+08
-5.503253e+08
-5.748993e+08
0
0
0
0
0
0
-4.894213e+08
-4.977868e+08
-5.099962e+08
-5.268492e+08
-5.492991e+08
0
0
0
0
0
0
0
-4.711114e+08
-4.789616e+08
-4.903645e+08
-5.060276e+08
-5.267839e+08
0
0
0
0
0
0
0
0
-4.54024e+08
-4.614365e+08
-4.721553e+08
-4.868109e+08
-5.061401e+08
0
0
0
0
0
0
0
0
0
-4.372482e+08
-4.442574e+08
-4.543479e+08
-4.680873e+08
-4.861286e+08
0
0
0
0
0
0
0
0
0
0
-4.202942e+08
-4.269127e+08
-4.363966e+08
-4.492553e+08
-4.660701e+08
0
0
0
0
0
0
0
0
0
0
-4.036136e+08
-4.098677e+08
-4.18784e+08
-4.308223e+08
-4.465009e+08
0
0
0
0
0
0
0
0
0
0
-3.876728e+08
-3.935943e+08
-4.019974e+08
-4.132933e+08
-4.279484e+08
0
0
0
0
0
0
0
0
0
0
-3.726816e+08
-3.783048e+08
-3.862455e+08
-3.968792e+08
-4.106224e+08
0
0
0
0
0
0
0
0
0
0
-3.586658e+08
-3.640223e+08
-3.715497e+08
-3.815899e+08
-3.945231e+08
0
0
0
0
0
0
0
0
0
0
-3.455379e+08
-3.506551e+08
-3.578113e+08
-3.673195e+08
-3.795259e+08
0
0
0
0
0
0
0
0
0
0
-3.331259e+08
-3.380251e+08
-3.448443e+08
-3.538699e+08
-3.654192e+08
0
0
0
0
0
0
0
0
0
0
-3.211735e+08
-3.258667e+08
-3.323737e+08
-3.409534e+08
-3.518962e+08
0
0
0
0
0
0
0
0
0
0
-3.093504e+08
-3.138475e+08
-3.200522e+08
-3.282075e+08
-3.385741e+08
0
0
0
0
0
0
0
0
0
0
-2.974673e+08
-3.017661e+08
-3.076757e+08
-3.154125e+08
-3.252195e+08
0
0
0
0
0
0
0
0
0
0
0
0
0
0
0
0
0
0
0
0
-2.858549e+08
-2.899658e+08
-2.955883e+08
-3.029291e+08
-3.122047e+08
0
0
0
0
0
0
0
0
0
0
0
0
0
0
0
0
0
0
0
0
0
-2.749061e+08
-2.788407e+08
-2.842013e+08
-2.911739e+08
-2.999658e+08
0
0
0
0
0
0
0
0
0
0
0
0
0
0
0
0
0
0
0
0
0
0
-2.648219e+08
-2.685955e+08
-2.737177e+08
-2.803617e+08
-2.887149e+08
0
0
0
0
0
0
0
0
0
0
0
0
0
0
0
0
0
0
0
0
0
0
0
-2.55672e+08
-2.592891e+08
-2.641969e+08
-2.705461e+08
-2.785117e+08
0
0
0
0
0
0
0
0
0
0
0
0
0
0
0
0
0
0
0
0
0
0
0
0
-5.08414e+08
-5.173678e+08
-5.304962e+08
-5.487092e+08
-5.731221e+08
0
0
0
0
0
0
-4.870396e+08
-4.953188e+08
-5.074011e+08
-5.240727e+08
-5.462692e+08
0
0
0
0
0
0
0
-4.681607e+08
-4.759099e+08
-4.871638e+08
-5.026152e+08
-5.230773e+08
0
0
0
0
0
0
0
0
-4.511151e+08
-4.584307e+08
-4.690054e+08
-4.834567e+08
-5.025037e+08
0
0
0
0
0
0
0
0
0
-4.351551e+08
-4.420952e+08
-4.520824e+08
-4.656741e+08
-4.835109e+08
0
0
0
0
0
0
0
0
0
0
-4.194442e+08
-4.260331e+08
-4.35473e+08
-4.48269e+08
-4.649968e+08
0
0
0
0
0
0
0
0
0
0
-4.035308e+08
-4.097775e+08
-4.186835e+08
-4.307069e+08
-4.463642e+08
0
0
0
0
0
0
0
0
0
0
-3.878418e+08
-3.937645e+08
-4.021686e+08
-4.134658e+08
-4.281224e+08
0
0
0
0
0
0
0
0
0
0
-3.728195e+08
-3.784446e+08
-3.86388e+08
-3.97025e+08
-4.107724e+08
0
0
0
0
0
0
0
0
0
0
-3.586658e+08
-3.640223e+08
-3.715497e+08
-3.815899e+08
-3.945231e+08
0
0
0
0
0
0
0
0
0
0
-3.454102e+08
-3.505252e+08
-3.576784e+08
-3.671828e+08
-3.793844e+08
0
0
0
0
0
0
0
0
0
0
-3.329758e+08
-3.378715e+08
-3.446869e+08
-3.53708e+08
-3.652519e+08
0
0
0
0
0
0
0
0
0
0
-3.212058e+08
-3.258971e+08
-3.324034e+08
-3.409844e+08
-3.519301e+08
0
0
0
0
0
0
0
0
0
0
-3.098539e+08
-3.143556e+08
-3.205704e+08
-3.287424e+08
-3.39134e+08
0
0
0
0
0
0
0
0
0
0
-2.986139e+08
-3.029277e+08
-3.088636e+08
-3.166401e+08
-3.265031e+08
0
0
0
0
0
0
0
0
0
0
-2.872976e+08
-2.914289e+08
-2.970848e+08
-3.044742e+08
-3.138166e+08
0
0
0
0
0
0
0
0
0
0
0
0
0
0
0
0
0
0
0
0
0
-2.762263e+08
-2.801793e+08
-2.855696e+08
-2.925848e+08
-3.014343e+08
0
0
0
0
0
0
0
0
0
0
0
0
0
0
0
0
0
0
0
0
0
0
-2.657749e+08
-2.695617e+08
-2.747046e+08
-2.813783e+08
-2.897715e+08
0
0
0
0
0
0
0
0
0
0
0
0
0
0
0
0
0
0
0
0
0
0
0
-2.561498e+08
-2.597738e+08
-2.646922e+08
-2.710564e+08
-2.790422e+08
0
0
0
0
0
0
0
0
0
0
0
0
0
0
0
0
0
0
0
0
0
0
0
0
-2.474117e+08
-2.508861e+08
-2.555917e+08
-2.616786e+08
-2.693e+08
0
0
0
0
0
0
0
0
0
0
0
0
0
0
0
0
0
0
0
0
0
0
0
0
0
-4.857804e+08
-4.940141e+08
-5.060297e+08
-5.226068e+08
-5.446718e+08
0
0
0
0
0
0
0
-4.659571e+08
-4.736339e+08
-4.847807e+08
-5.000801e+08
-5.203318e+08
0
0
0
0
0
0
0
0
-4.483781e+08
-4.556084e+08
-4.660563e+08
-4.803282e+08
-4.991279e+08
0
0
0
0
0
0
0
0
0
-4.324532e+08
-4.393116e+08
-4.491766e+08
-4.625943e+08
-4.801919e+08
0
0
0
0
0
0
0
0
0
0
-4.175009e+08
-4.24032e+08
-4.333846e+08
-4.460557e+08
-4.626112e+08
0
0
0
0
0
0
0
0
0
0
0
-4.027465e+08
-4.089689e+08
-4.178386e+08
-4.298101e+08
-4.453955e+08
0
0
0
0
0
0
0
0
0
0
-3.877729e+08
-3.936911e+08
-4.020873e+08
-4.133735e+08
-4.280142e+08
0
0
0
0
0
0
0
0
0
0
-3.729843e+08
-3.786113e+08
-3.865572e+08
-3.971965e+08
-4.109467e+08
0
0
0
0
0
0
0
0
0
0
-3.587985e+08
-3.641571e+08
-3.716874e+08
-3.817313e+08
-3.94669e+08
0
0
0
0
0
0
0
0
0
0
-3.454102e+08
-3.505252e+08
-3.576784e+08
-3.671828e+08
-3.793844e+08
0
0
0
0
0
0
0
0
0
0
-3.328533e+08
-3.377464e+08
-3.445588e+08
-3.535761e+08
-3.651152e+08
0
0
0
0
0
0
0
0
0
0
-3.210614e+08
-3.257488e+08
-3.322507e+08
-3.408269e+08
-3.51767e+08
0
0
0
0
0
0
0
0
0
0
-3.098834e+08
-3.143826e+08
-3.205958e+08
-3.287675e+08
-3.391609e+08
0
0
0
0
0
0
0
0
0
0
-2.990932e+08
-3.034106e+08
-3.093548e+08
-3.171455e+08
-3.270298e+08
0
0
0
0
0
0
0
0
0
0
-2.883918e+08
-2.925365e+08
-2.98216e+08
-3.056412e+08
-3.150338e+08
0
0
0
0
0
0
0
0
0
0
0
-2.776057e+08
-2.815769e+08
-2.869978e+08
-2.940576e+08
-3.029683e+08
0
0
0
0
0
0
0
0
0
0
0
0
0
0
0
0
0
0
0
0
0
0
-2.670393e+08
-2.708428e+08
-2.760129e+08
-2.82726e+08
-2.911725e+08
0
0
0
0
0
0
0
0
0
0
0
0
0
0
0
0
0
0
0
0
0
0
0
-2.570637e+08
-2.606997e+08
-2.656372e+08
-2.720289e+08
-2.800518e+08
0
0
0
0
0
0
0
0
0
0
0
0
0
0
0
0
0
0
0
0
0
0
0
0
-2.478697e+08
-2.513506e+08
-2.560661e+08
-2.621669e+08
-2.698069e+08
0
0
0
0
0
0
0
0
0
0
0
0
0
0
0
0
0
0
0
0
0
0
0
0
0
-2.395288e+08
-2.428569e+08
-2.473704e+08
-2.531998e+08
-2.604976e+08
0
0
0
0
0
0
0
0
0
0
0
0
0
0
0
0
0
0
0
0
0
0
0
0
0
-4.647917e+08
-4.7243e+08
-4.835205e+08
-4.987404e+08
-5.188822e+08
0
0
0
0
0
0
0
0
-4.463309e+08
-4.534993e+08
-4.638559e+08
-4.779985e+08
-4.966203e+08
0
0
0
0
0
0
0
0
0
-4.299041e+08
-4.366899e+08
-4.464461e+08
-4.597097e+08
-4.770961e+08
0
0
0
0
0
0
0
0
0
0
-4.149818e+08
-4.214432e+08
-4.306909e+08
-4.432127e+08
-4.595628e+08
0
0
0
0
0
0
0
0
0
0
0
-4.009354e+08
-4.071086e+08
-4.159038e+08
-4.277685e+08
-4.432068e+08
0
0
0
0
0
0
0
0
0
0
0
0
-3.870456e+08
-3.929443e+08
-4.013099e+08
-4.125527e+08
-4.271331e+08
0
0
0
0
0
0
0
0
0
0
-3.729265e+08
-3.785509e+08
-3.864917e+08
-3.971226e+08
-4.108609e+08
0
0
0
0
0
0
0
0
0
0
-3.589589e+08
-3.643198e+08
-3.718532e+08
-3.819008e+08
-3.948421e+08
0
0
0
0
0
0
0
0
0
0
-3.455379e+08
-3.506551e+08
-3.578113e+08
-3.673195e+08
-3.795259e+08
0
0
0
0
0
0
0
0
0
0
-3.328533e+08
-3.377464e+08
-3.445588e+08
-3.535761e+08
-3.651152e+08
0
0
0
0
0
0
0
0
0
0
-3.20944e+08
-3.256287e+08
-3.321273e+08
-3.406997e+08
-3.516351e+08
0
0
0
0
0
0
0
0
0
0
-3.097449e+08
-3.142399e+08
-3.204484e+08
-3.286148e+08
-3.390023e+08
0
0
0
0
0
0
0
0
0
0
-2.991207e+08
-3.034352e+08
-3.093772e+08
-3.171666e+08
-3.270512e+08
0
0
0
0
0
0
0
0
0
0
-2.888493e+08
-2.929968e+08
-2.986833e+08
-3.061207e+08
-3.155316e+08
0
0
0
0
0
0
0
0
0
0
0
-2.786519e+08
-2.826348e+08
-2.880771e+08
-2.951695e+08
-3.041257e+08
0
0
0
0
0
0
0
0
0
0
0
0
-2.683601e+08
-2.7218e+08
-2.77378e+08
-2.841323e+08
-2.92635e+08
0
0
0
0
0
0
0
0
0
0
0
0
0
0
0
0
0
0
0
0
0
0
0
-2.582763e+08
-2.619275e+08
-2.6689e+08
-2.73318e+08
-2.813903e+08
0
0
0
0
0
0
0
0
0
0
0
0
0
0
0
0
0
0
0
0
0
0
0
0
-2.48747e+08
-2.522391e+08
-2.569723e+08
-2.630985e+08
-2.707729e+08
0
0
0
0
0
0
0
0
0
0
0
0
0
0
0
0
0
0
0
0
0
0
0
0
0
-2.399686e+08
-2.433024e+08
-2.478252e+08
-2.536676e+08
-2.609826e+08
0
0
0
0
0
0
0
0
0
0
0
0
0
0
0
0
0
0
0
0
0
0
0
0
0
-2.320052e+08
-2.351894e+08
-2.395105e+08
-2.450961e+08
-2.520793e+08
0
0
0
0
0
0
0
0
0
0
0
0
0
0
0
0
0
0
0
0
0
0
0
0
0
-4.452481e+08
-4.523835e+08
-4.626917e+08
-4.767664e+08
-4.95295e+08
0
0
0
0
0
0
0
0
0
-4.27995e+08
-4.347279e+08
-4.44405e+08
-4.57557e+08
-4.747907e+08
0
0
0
0
0
0
0
0
0
0
-4.125993e+08
-4.189982e+08
-4.281519e+08
-4.405399e+08
-4.567072e+08
0
0
0
0
0
0
0
0
0
0
0
-3.985787e+08
-4.046919e+08
-4.133961e+08
-4.251312e+08
-4.403917e+08
0
0
0
0
0
0
0
0
0
0
0
0
-3.85352e+08
-3.912085e+08
-3.995097e+08
-4.106601e+08
-4.251135e+08
0
0
0
0
0
0
0
0
0
0
0
0
0
-3.722488e+08
-3.778576e+08
-3.857732e+08
-3.963669e+08
-4.100542e+08
0
0
0
0
0
0
0
0
0
0
-3.589102e+08
-3.642695e+08
-3.717999e+08
-3.818419e+08
-3.947741e+08
0
0
0
0
0
0
0
0
0
0
-3.456934e+08
-3.508134e+08
-3.57973e+08
-3.674854e+08
-3.796968e+08
0
0
0
0
0
0
0
0
0
0
-3.329758e+08
-3.378715e+08
-3.446869e+08
-3.53708e+08
-3.652519e+08
0
0
0
0
0
0
0
0
0
0
-3.20944e+08
-3.256287e+08
-3.321273e+08
-3.406997e+08
-3.516351e+08
0
0
0
0
0
0
0
0
0
0
-3.096324e+08
-3.141247e+08
-3.203299e+08
-3.284922e+08
-3.388751e+08
0
0
0
0
0
0
0
0
0
0
-2.98988e+08
-3.032982e+08
-3.092353e+08
-3.170192e+08
-3.268974e+08
0
0
0
0
0
0
0
0
0
0
-2.888754e+08
-2.930196e+08
-2.987035e+08
-3.061391e+08
-3.155493e+08
0
0
0
0
0
0
0
0
0
0
0
-2.790899e+08
-2.830745e+08
-2.885227e+08
-2.956257e+08
-3.045981e+08
0
0
0
0
0
0
0
0
0
0
0
0
-2.693624e+08
-2.731924e+08
-2.784095e+08
-2.851936e+08
-2.93738e+08
0
0
0
0
0
0
0
0
0
0
0
0
0
-2.595429e+08
-2.632089e+08
-2.681969e+08
-2.746626e+08
-2.827869e+08
0
0
0
0
0
0
0
0
0
0
0
0
0
0
0
0
0
0
0
0
0
0
0
0
-2.49911e+08
-2.534174e+08
-2.581736e+08
-2.643334e+08
-2.720535e+08
0
0
0
0
0
0
0
0
0
0
0
0
0
0
0
0
0
0
0
0
0
0
0
0
0
-2.40812e+08
-2.441558e+08
-2.486952e+08
-2.545612e+08
-2.619082e+08
0
0
0
0
0
0
0
0
0
0
0
0
0
0
0
0
0
0
0
0
0
0
0
0
0
-2.324277e+08
-2.356174e+08
-2.399469e+08
-2.455448e+08
-2.52544e+08
0
0
0
0
0
0
0
0
0
0
0
0
0
0
0
0
0
0
0
0
0
0
0
0
0
-2.248485e+08
-2.278666e+08
-2.320009e+08
-2.373461e+08
-2.44032e+08
0
0
0
0
0
0
0
0
0
0
0
0
0
0
0
0
0
0
0
0
0
0
0
0
0
-4.269853e+08
-4.336897e+08
-4.433247e+08
-4.564179e+08
-4.735714e+08
0
0
0
0
0
0
0
0
0
0
-4.10813e+08
-4.17166e+08
-4.26251e+08
-4.385416e+08
-4.545763e+08
0
0
0
0
0
0
0
0
0
0
0
-3.963451e+08
-4.02404e+08
-4.110259e+08
-4.226442e+08
-4.377451e+08
0
0
0
0
0
0
0
0
0
0
0
0
-3.83141e+08
-3.889449e+08
-3.971665e+08
-4.082033e+08
-4.225013e+08
0
0
0
0
0
0
0
0
0
0
0
0
0
-3.706596e+08
-3.762325e+08
-3.840919e+08
-3.946049e+08
-4.081814e+08
0
0
0
0
0
0
0
0
0
0
0
0
0
0
-3.582765e+08
-3.636228e+08
-3.711323e+08
-3.81143e+08
-3.940311e+08
0
0
0
0
0
0
0
0
0
0
-3.456521e+08
-3.507716e+08
-3.579292e+08
-3.674381e+08
-3.796432e+08
0
0
0
0
0
0
0
0
0
0
-3.331259e+08
-3.380251e+08
-3.448443e+08
-3.538699e+08
-3.654192e+08
0
0
0
0
0
0
0
0
0
0
-3.210614e+08
-3.257488e+08
-3.322507e+08
-3.408269e+08
-3.51767e+08
0
0
0
0
0
0
0
0
0
0
-3.096324e+08
-3.141247e+08
-3.203299e+08
-3.284922e+08
-3.388751e+08
0
0
0
0
0
0
0
0
0
0
-2.988803e+08
-3.031879e+08
-3.091216e+08
-3.169014e+08
-3.267748e+08
0
0
0
0
0
0
0
0
0
0
-2.887483e+08
-2.928883e+08
-2.985673e+08
-3.059972e+08
-3.154009e+08
0
0
0
0
0
0
0
0
0
0
0
-2.791152e+08
-2.830963e+08
-2.885416e+08
-2.956424e+08
-3.046133e+08
0
0
0
0
0
0
0
0
0
0
0
0
-2.697826e+08
-2.736137e+08
-2.788356e+08
-2.85629e+08
-2.941877e+08
0
0
0
0
0
0
0
0
0
0
0
0
0
-2.605046e+08
-2.641795e+08
-2.691847e+08
-2.756774e+08
-2.8384e+08
0
0
0
0
0
0
0
0
0
0
0
0
0
0
-2.511268e+08
-2.546471e+08
-2.594265e+08
-2.656211e+08
-2.733891e+08
0
0
0
0
0
0
0
0
0
0
0
0
0
0
0
0
0
0
0
0
0
0
0
0
0
-2.419313e+08
-2.452877e+08
-2.498486e+08
-2.557457e+08
-2.631351e+08
0
0
0
0
0
0
0
0
0
0
0
0
0
0
0
0
0
0
0
0
0
0
0
0
0
-2.332392e+08
-2.364384e+08
-2.40783e+08
-2.46403e+08
-2.53432e+08
0
0
0
0
0
0
0
0
0
0
0
0
0
0
0
0
0
0
0
0
0
0
0
0
0
-2.252551e+08
-2.28278e+08
-2.324204e+08
-2.377767e+08
-2.444778e+08
0
0
0
0
0
0
0
0
0
0
0
0
0
0
0
0
0
0
0
0
0
0
0
0
0
-2.180456e+08
-2.208966e+08
-2.248253e+08
-2.299389e+08
-2.363346e+08
0
0
0
0
0
0
0
0
0
0
0
0
0
0
0
0
0
0
0
0
0
0
0
0
0
-4.098684e+08
-4.161967e+08
-4.252449e+08
-4.374839e+08
-4.534486e+08
0
0
0
0
0
0
0
0
0
0
0
-3.946686e+08
-4.006875e+08
-4.092491e+08
-4.20782e+08
-4.357663e+08
0
0
0
0
0
0
0
0
0
0
0
0
-3.810413e+08
-3.867973e+08
-3.949464e+08
-4.058802e+08
-4.200378e+08
0
0
0
0
0
0
0
0
0
0
0
0
0
-3.685797e+08
-3.741065e+08
-3.818952e+08
-3.923078e+08
-4.057473e+08
0
0
0
0
0
0
0
0
0
0
0
0
0
0
-3.56781e+08
-3.620963e+08
-3.695569e+08
-3.794964e+08
-3.922869e+08
0
0
0
0
0
0
0
0
0
0
0
0
0
0
0
-3.450575e+08
-3.501663e+08
-3.57306e+08
-3.667884e+08
-3.78956e+08
0
0
0
0
0
0
0
0
0
0
-3.330898e+08
-3.3799e+08
-3.448084e+08
-3.538316e+08
-3.653767e+08
0
0
0
0
0
0
0
0
0
0
-3.212058e+08
-3.258971e+08
-3.324034e+08
-3.409844e+08
-3.519301e+08
0
0
0
0
0
0
0
0
0
0
-3.097449e+08
-3.142399e+08
-3.204484e+08
-3.286148e+08
-3.390023e+08
0
0
0
0
0
0
0
0
0
0
-2.988803e+08
-3.031879e+08
-3.091216e+08
-3.169014e+08
-3.267748e+08
0
0
0
0
0
0
0
0
0
0
-2.886453e+08
-2.927827e+08
-2.984583e+08
-3.058842e+08
-3.152831e+08
0
0
0
0
0
0
0
0
0
0
0
-2.789938e+08
-2.829705e+08
-2.88411e+08
-2.955061e+08
-3.044705e+08
0
0
0
0
0
0
0
0
0
0
0
0
-2.698077e+08
-2.73635e+08
-2.788536e+08
-2.856445e+08
-2.942013e+08
0
0
0
0
0
0
0
0
0
0
0
0
0
-2.609088e+08
-2.645841e+08
-2.695932e+08
-2.760939e+08
-2.842693e+08
0
0
0
0
0
0
0
0
0
0
0
0
0
0
-2.520506e+08
-2.555791e+08
-2.603741e+08
-2.665933e+08
-2.743962e+08
0
0
0
0
0
0
0
0
0
0
0
0
0
0
0
-2.431005e+08
-2.464689e+08
-2.510517e+08
-2.569808e+08
-2.644144e+08
0
0
0
0
0
0
0
0
0
0
0
0
0
0
0
0
0
0
0
0
0
0
0
0
0
-2.343162e+08
-2.375274e+08
-2.418915e+08
-2.475408e+08
-2.54609e+08
0
0
0
0
0
0
0
0
0
0
0
0
0
0
0
0
0
0
0
0
0
0
0
0
0
-2.260372e+08
-2.290683e+08
-2.33225e+08
-2.386017e+08
-2.453308e+08
0
0
0
0
0
0
0
0
0
0
0
0
0
0
0
0
0
0
0
0
0
0
0
0
0
-2.184369e+08
-2.212928e+08
-2.252288e+08
-2.303529e+08
-2.367626e+08
0
0
0
0
0
0
0
0
0
0
0
0
0
0
0
0
0
0
0
0
0
0
0
0
0
-2.116534e+08
-2.142671e+08
-2.179923e+08
-2.228589e+08
-2.289765e+08
0
0
0
0
0
0
0
0
0
0
0
0
0
0
0
0
0
0
0
0
0
0
0
0
0
-3.937824e+08
-3.997796e+08
-4.083089e+08
-4.197963e+08
-4.347189e+08
0
0
0
0
0
0
0
0
0
0
0
0
-3.794639e+08
-3.851844e+08
-3.932803e+08
-4.041385e+08
-4.181933e+08
0
0
0
0
0
0
0
0
0
0
0
0
0
-3.666013e+08
-3.720854e+08
-3.798095e+08
-3.901306e+08
-4.034455e+08
0
0
0
0
0
0
0
0
0
0
0
0
0
0
-3.548193e+08
-3.600942e+08
-3.67492e+08
-3.773417e+08
-3.900104e+08
0
0
0
0
0
0
0
0
0
0
0
0
0
0
0
-3.436469e+08
-3.487283e+08
-3.55825e+08
-3.652447e+08
-3.773255e+08
0
0
0
0
0
0
0
0
0
0
0
0
0
0
0
0
-3.325294e+08
-3.374214e+08
-3.442245e+08
-3.532247e+08
-3.647376e+08
0
0
0
0
0
0
0
0
0
0
-3.211735e+08
-3.258667e+08
-3.323737e+08
-3.409534e+08
-3.518962e+08
0
0
0
0
0
0
0
0
0
0
-3.098834e+08
-3.143826e+08
-3.205958e+08
-3.287675e+08
-3.391609e+08
0
0
0
0
0
0
0
0
0
0
-2.98988e+08
-3.032982e+08
-3.092353e+08
-3.170192e+08
-3.268974e+08
0
0
0
0
0
0
0
0
0
0
-2.886453e+08
-2.927827e+08
-2.984583e+08
-3.058842e+08
-3.152831e+08
0
0
0
0
0
0
0
0
0
0
0
-2.788953e+08
-2.828694e+08
-2.883066e+08
-2.953978e+08
-3.043574e+08
0
0
0
0
0
0
0
0
0
0
0
0
-2.696919e+08
-2.735148e+08
-2.787285e+08
-2.855138e+08
-2.940642e+08
0
0
0
0
0
0
0
0
0
0
0
0
0
-2.609341e+08
-2.646054e+08
-2.69611e+08
-2.761088e+08
-2.84282e+08
0
0
0
0
0
0
0
0
0
0
0
0
0
0
-2.524399e+08
-2.559687e+08
-2.607669e+08
-2.669929e+08
-2.748071e+08
0
0
0
0
0
0
0
0
0
0
0
0
0
0
0
-2.439897e+08
-2.473648e+08
-2.519621e+08
-2.579137e+08
-2.653795e+08
0
0
0
0
0
0
0
0
0
0
0
0
0
0
0
-2.354413e+08
-2.386641e+08
-2.430477e+08
-2.48727e+08
-2.558363e+08
0
0
0
0
0
0
0
0
0
0
0
0
0
0
0
0
0
0
0
0
0
0
0
0
0
-2.270754e+08
-2.301169e+08
-2.342922e+08
-2.396955e+08
-2.464615e+08
0
0
0
0
0
0
0
0
0
0
0
0
0
0
0
0
0
0
0
0
0
0
0
0
0
-2.191905e+08
-2.220549e+08
-2.260037e+08
-2.311472e+08
-2.375826e+08
0
0
0
0
0
0
0
0
0
0
0
0
0
0
0
0
0
0
0
0
0
0
0
0
0
-2.12031e+08
-2.146486e+08
-2.18381e+08
-2.232572e+08
-2.29388e+08
0
0
0
0
0
0
0
0
0
0
0
0
0
0
0
0
0
0
0
0
0
0
0
0
0
-2.056687e+08
-2.080345e+08
-2.114903e+08
-2.161148e+08
-2.219423e+08
0
0
0
0
0
0
0
0
0
0
0
0
0
0
0
0
0
0
0
0
0
0
0
0
0
-3.786305e+08
-3.843317e+08
-3.923988e+08
-4.032166e+08
-4.172169e+08
0
0
0
0
0
0
0
0
0
0
0
0
0
-3.651137e+08
-3.705662e+08
-3.782425e+08
-3.884963e+08
-4.017197e+08
0
0
0
0
0
0
0
0
0
0
0
0
0
0
-3.529507e+08
-3.581878e+08
-3.655275e+08
-3.752951e+08
-3.878525e+08
0
0
0
0
0
0
0
0
0
0
0
0
0
0
0
-3.417932e+08
-3.46838e+08
-3.538788e+08
-3.632181e+08
-3.751895e+08
0
0
0
0
0
0
0
0
0
0
0
0
0
0
0
0
-3.31195e+08
-3.360638e+08
-3.428282e+08
-3.517726e+08
-3.632085e+08
0
0
0
0
0
0
0
0
0
0
0
0
0
0
0
0
0
-3.206432e+08
-3.253303e+08
-3.318249e+08
-3.403846e+08
-3.51299e+08
0
0
0
0
0
0
0
0
0
0
-3.098539e+08
-3.143556e+08
-3.205704e+08
-3.287424e+08
-3.39134e+08
0
0
0
0
0
0
0
0
0
0
-2.991207e+08
-3.034352e+08
-3.093772e+08
-3.171666e+08
-3.270512e+08
0
0
0
0
0
0
0
0
0
0
-2.887483e+08
-2.928883e+08
-2.985673e+08
-3.059972e+08
-3.154009e+08
0
0
0
0
0
0
0
0
0
0
0
-2.788953e+08
-2.828694e+08
-2.883066e+08
-2.953978e+08
-3.043574e+08
0
0
0
0
0
0
0
0
0
0
0
0
-2.695978e+08
-2.73418e+08
-2.786285e+08
-2.8541e+08
-2.939558e+08
0
0
0
0
0
0
0
0
0
0
0
0
0
-2.608238e+08
-2.644908e+08
-2.694914e+08
-2.759836e+08
-2.841505e+08
0
0
0
0
0
0
0
0
0
0
0
0
0
0
-2.524653e+08
-2.559904e+08
-2.607849e+08
-2.670077e+08
-2.748193e+08
0
0
0
0
0
0
0
0
0
0
0
0
0
0
0
-2.443658e+08
-2.477403e+08
-2.523405e+08
-2.582981e+08
-2.657738e+08
0
0
0
0
0
0
0
0
0
0
0
0
0
0
0
-2.362978e+08
-2.395271e+08
-2.439234e+08
-2.496238e+08
-2.567626e+08
0
0
0
0
0
0
0
0
0
0
0
0
0
0
0
-2.281603e+08
-2.312114e+08
-2.354053e+08
-2.40836e+08
-2.476405e+08
0
0
0
0
0
0
0
0
0
0
0
0
0
0
0
0
0
0
0
0
0
0
0
0
0
-2.20191e+08
-2.230663e+08
-2.270317e+08
-2.322005e+08
-2.386698e+08
0
0
0
0
0
0
0
0
0
0
0
0
0
0
0
0
0
0
0
0
0
0
0
0
0
-2.127595e+08
-2.153834e+08
-2.191286e+08
-2.240224e+08
-2.301776e+08
0
0
0
0
0
0
0
0
0
0
0
0
0
0
0
0
0
0
0
0
0
0
0
0
0
-2.060323e+08
-2.084029e+08
-2.118646e+08
-2.164986e+08
-2.223383e+08
0
0
0
0
0
0
0
0
0
0
0
0
0
0
0
0
0
0
0
0
0
0
0
0
0
-2.002573e+08
-2.021961e+08
-2.053748e+08
-2.096954e+08
-2.152408e+08
0
0
0
0
0
0
0
0
0
0
0
0
0
0
0
0
0
0
0
0
0
0
0
0
0
-3.643281e+08
-3.697633e+08
-3.774139e+08
-3.876315e+08
-4.008063e+08
0
0
0
0
0
0
0
0
0
0
0
0
0
0
-3.515448e+08
-3.567536e+08
-3.640503e+08
-3.737572e+08
-3.862327e+08
0
0
0
0
0
0
0
0
0
0
0
0
0
0
0
-3.400251e+08
-3.450356e+08
-3.520243e+08
-3.612893e+08
-3.731604e+08
0
0
0
0
0
0
0
0
0
0
0
0
0
0
0
0
-3.294391e+08
-3.342758e+08
-3.409893e+08
-3.498616e+08
-3.61199e+08
0
0
0
0
0
0
0
0
0
0
0
0
0
0
0
0
0
-3.193774e+08
-3.240448e+08
-3.305057e+08
-3.390149e+08
-3.498603e+08
0
0
0
0
0
0
0
0
0
0
0
0
0
0
0
0
0
0
-3.093504e+08
-3.138475e+08
-3.200522e+08
-3.282075e+08
-3.385741e+08
0
0
0
0
0
0
0
0
0
0
-2.990932e+08
-3.034106e+08
-3.093548e+08
-3.171455e+08
-3.270298e+08
0
0
0
0
0
0
0
0
0
0
-2.888754e+08
-2.930196e+08
-2.987035e+08
-3.061391e+08
-3.155493e+08
0
0
0
0
0
0
0
0
0
0
0
-2.789938e+08
-2.829705e+08
-2.88411e+08
-2.955061e+08
-3.044705e+08
0
0
0
0
0
0
0
0
0
0
0
0
-2.695978e+08
-2.73418e+08
-2.786285e+08
-2.8541e+08
-2.939558e+08
0
0
0
0
0
0
0
0
0
0
0
0
0
-2.607338e+08
-2.643982e+08
-2.693957e+08
-2.758841e+08
-2.840467e+08
0
0
0
0
0
0
0
0
0
0
0
0
0
0
-2.523602e+08
-2.558811e+08
-2.606707e+08
-2.66888e+08
-2.746934e+08
0
0
0
0
0
0
0
0
0
0
0
0
0
0
0
-2.44392e+08
-2.477624e+08
-2.523591e+08
-2.583133e+08
-2.657861e+08
0
0
0
0
0
0
0
0
0
0
0
0
0
0
0
-2.366612e+08
-2.398903e+08
-2.442884e+08
-2.499943e+08
-2.57142e+08
0
0
0
0
0
0
0
0
0
0
0
0
0
0
0
-2.289871e+08
-2.320432e+08
-2.362493e+08
-2.416988e+08
-2.48531e+08
0
0
0
0
0
0
0
0
0
0
0
0
0
0
0
-2.212364e+08
-2.241222e+08
-2.28104e+08
-2.332988e+08
-2.398034e+08
0
0
0
0
0
0
0
0
0
0
0
0
0
0
0
0
0
0
0
0
0
0
0
0
0
-2.137269e+08
-2.163586e+08
-2.201205e+08
-2.250372e+08
-2.312247e+08
0
0
0
0
0
0
0
0
0
0
0
0
0
0
0
0
0
0
0
0
0
0
0
0
0
-2.067344e+08
-2.091135e+08
-2.125857e+08
-2.17237e+08
-2.23099e+08
0
0
0
0
0
0
0
0
0
0
0
0
0
0
0
0
0
0
0
0
0
0
0
0
0
-2.006094e+08
-2.025509e+08
-2.057365e+08
-2.100652e+08
-2.156224e+08
0
0
0
0
0
0
0
0
0
0
0
0
0
0
0
0
0
0
0
0
0
0
0
0
0
-1.954575e+08
-1.969145e+08
-1.996439e+08
-2.036561e+08
-2.08861e+08
0
0
0
0
0
0
0
0
0
0
0
0
0
0
0
0
0
0
0
0
0
0
0
0
0
-3.508028e+08
-3.55996e+08
-3.632694e+08
-3.729438e+08
-3.853757e+08
0
0
0
0
0
0
0
0
0
0
0
0
0
0
0
-3.38694e+08
-3.436788e+08
-3.506286e+08
-3.598387e+08
-3.716358e+08
0
0
0
0
0
0
0
0
0
0
0
0
0
0
0
0
-3.27763e+08
-3.325687e+08
-3.392347e+08
-3.480398e+08
-3.592863e+08
0
0
0
0
0
0
0
0
0
0
0
0
0
0
0
0
0
-3.177102e+08
-3.223496e+08
-3.28765e+08
-3.372083e+08
-3.479649e+08
0
0
0
0
0
0
0
0
0
0
0
0
0
0
0
0
0
0
-3.081469e+08
-3.126269e+08
-3.188021e+08
-3.269126e+08
-3.372166e+08
0
0
0
0
0
0
0
0
0
0
0
0
0
0
0
0
0
0
0
-2.986139e+08
-3.029277e+08
-3.088636e+08
-3.166401e+08
-3.265031e+08
0
0
0
0
0
0
0
0
0
0
-2.888493e+08
-2.929968e+08
-2.986833e+08
-3.061207e+08
-3.155316e+08
0
0
0
0
0
0
0
0
0
0
0
-2.791152e+08
-2.830963e+08
-2.885416e+08
-2.956424e+08
-3.046133e+08
0
0
0
0
0
0
0
0
0
0
0
0
-2.696919e+08
-2.735148e+08
-2.787285e+08
-2.855138e+08
-2.940642e+08
0
0
0
0
0
0
0
0
0
0
0
0
0
-2.607338e+08
-2.643982e+08
-2.693957e+08
-2.758841e+08
-2.840467e+08
0
0
0
0
0
0
0
0
0
0
0
0
0
0
-2.522742e+08
-2.557926e+08
-2.605792e+08
-2.667928e+08
-2.745938e+08
0
0
0
0
0
0
0
0
0
0
0
0
0
0
0
-2.442921e+08
-2.476582e+08
-2.522503e+08
-2.581991e+08
-2.656657e+08
0
0
0
0
0
0
0
0
0
0
0
0
0
0
0
-2.36688e+08
-2.399132e+08
-2.443076e+08
-2.500102e+08
-2.571548e+08
0
0
0
0
0
0
0
0
0
0
0
0
0
0
0
-2.293396e+08
-2.323945e+08
-2.366025e+08
-2.420564e+08
-2.488969e+08
0
0
0
0
0
0
0
0
0
0
0
0
0
0
0
-2.220336e+08
-2.249258e+08
-2.289179e+08
-2.341307e+08
-2.406605e+08
0
0
0
0
0
0
0
0
0
0
0
0
0
0
0
-2.14738e+08
-2.173767e+08
-2.211555e+08
-2.260956e+08
-2.323166e+08
0
0
0
0
0
0
0
0
0
0
0
0
0
0
0
0
0
0
0
0
0
0
0
0
0
-2.076665e+08
-2.100569e+08
-2.135425e+08
-2.182166e+08
-2.24108e+08
0
0
0
0
0
0
0
0
0
0
0
0
0
0
0
0
0
0
0
0
0
0
0
0
0
-2.012904e+08
-2.032362e+08
-2.064342e+08
-2.107776e+08
-2.163566e+08
0
0
0
0
0
0
0
0
0
0
0
0
0
0
0
0
0
0
0
0
0
0
0
0
0
-1.957958e+08
-1.972582e+08
-1.999923e+08
-2.040134e+08
-2.092287e+08
0
0
0
0
0
0
0
0
0
0
0
0
0
0
0
0
0
0
0
0
0
0
0
0
0
-1.917024e+08
-1.922276e+08
-1.944576e+08
-1.979949e+08
-2.028581e+08
0
0
0
0
0
0
0
0
0
0
0
0
0
0
0
0
0
0
0
0
0
0
0
0
0
-3.37992e+08
-3.429625e+08
-3.498912e+08
-3.590719e+08
-3.708294e+08
0
0
0
0
0
0
0
0
0
0
0
0
0
0
0
0
-3.265008e+08
-3.312828e+08
-3.379133e+08
-3.466686e+08
-3.578478e+08
0
0
0
0
0
0
0
0
0
0
0
0
0
0
0
0
0
-3.161173e+08
-3.207298e+08
-3.271019e+08
-3.354838e+08
-3.461579e+08
0
0
0
0
0
0
0
0
0
0
0
0
0
0
0
0
0
0
-3.065607e+08
-3.110158e+08
-3.171506e+08
-3.252017e+08
-3.354243e+08
0
0
0
0
0
0
0
0
0
0
0
0
0
0
0
0
0
0
0
-2.974673e+08
-3.017661e+08
-3.076757e+08
-3.154125e+08
-3.252195e+08
0
0
0
0
0
0
0
0
0
0
0
0
0
0
0
0
0
0
0
0
-2.883918e+08
-2.925365e+08
-2.98216e+08
-3.056412e+08
-3.150338e+08
0
0
0
0
0
0
0
0
0
0
0
-2.790899e+08
-2.830745e+08
-2.885227e+08
-2.956257e+08
-3.045981e+08
0
0
0
0
0
0
0
0
0
0
0
0
-2.698077e+08
-2.73635e+08
-2.788536e+08
-2.856445e+08
-2.942013e+08
0
0
0
0
0
0
0
0
0
0
0
0
0
-2.608238e+08
-2.644908e+08
-2.694914e+08
-2.759836e+08
-2.841505e+08
0
0
0
0
0
0
0
0
0
0
0
0
0
0
-2.522742e+08
-2.557926e+08
-2.605792e+08
-2.667928e+08
-2.745938e+08
0
0
0
0
0
0
0
0
0
0
0
0
0
0
0
-2.442099e+08
-2.475736e+08
-2.521628e+08
-2.58108e+08
-2.655704e+08
0
0
0
0
0
0
0
0
0
0
0
0
0
0
0
-2.365928e+08
-2.398142e+08
-2.442038e+08
-2.499013e+08
-2.570399e+08
0
0
0
0
0
0
0
0
0
0
0
0
0
0
0
-2.293675e+08
-2.324181e+08
-2.366227e+08
-2.42073e+08
-2.489105e+08
0
0
0
0
0
0
0
0
0
0
0
0
0
0
0
-2.223743e+08
-2.252668e+08
-2.292598e+08
-2.344769e+08
-2.410137e+08
0
0
0
0
0
0
0
0
0
0
0
0
0
0
0
-2.155103e+08
-2.18152e+08
-2.219422e+08
-2.268981e+08
-2.331431e+08
0
0
0
0
0
0
0
0
0
0
0
0
0
0
0
-2.086402e+08
-2.110423e+08
-2.145409e+08
-2.192384e+08
-2.251604e+08
0
0
0
0
0
0
0
0
0
0
0
0
0
0
0
0
0
0
0
0
0
0
0
0
0
-2.021947e+08
-2.041456e+08
-2.073601e+08
-2.117227e+08
-2.173307e+08
0
0
0
0
0
0
0
0
0
0
0
0
0
0
0
0
0
0
0
0
0
0
0
0
0
-1.964504e+08
-1.979232e+08
-2.006653e+08
-2.047028e+08
-2.099372e+08
0
0
0
0
0
0
0
0
0
0
0
0
0
0
0
0
0
0
0
0
0
0
0
0
0
-1.920319e+08
-1.92558e+08
-1.947953e+08
-1.983392e+08
-2.032135e+08
0
0
0
0
0
0
0
0
0
0
0
0
0
0
0
0
0
0
0
0
0
0
0
0
0
-1.891302e+08
-1.885596e+08
-1.898537e+08
-1.928705e+08
-1.972304e+08
0
0
0
0
0
0
0
0
0
0
0
0
0
0
0
0
0
0
0
0
0
0
0
0
0
-3.258358e+08
-3.306045e+08
-3.372156e+08
-3.459441e+08
-3.570874e+08
0
0
0
0
0
0
0
0
0
0
0
0
0
0
0
0
0
-3.149175e+08
-3.195093e+08
-3.258487e+08
-3.341849e+08
-3.447977e+08
0
0
0
0
0
0
0
0
0
0
0
0
0
0
0
0
0
0
-3.050444e+08
-3.094751e+08
-3.155715e+08
-3.235664e+08
-3.337133e+08
0
0
0
0
0
0
0
0
0
0
0
0
0
0
0
0
0
0
0
-2.959557e+08
-3.00232e+08
-3.061051e+08
-3.137885e+08
-3.235217e+08
0
0
0
0
0
0
0
0
0
0
0
0
0
0
0
0
0
0
0
0
-2.872976e+08
-2.914289e+08
-2.970848e+08
-3.044742e+08
-3.138166e+08
0
0
0
0
0
0
0
0
0
0
0
0
0
0
0
0
0
0
0
0
0
-2.786519e+08
-2.826348e+08
-2.880771e+08
-2.951695e+08
-3.041257e+08
0
0
0
0
0
0
0
0
0
0
0
0
-2.697826e+08
-2.736137e+08
-2.788356e+08
-2.85629e+08
-2.941877e+08
0
0
0
0
0
0
0
0
0
0
0
0
0
-2.609341e+08
-2.646054e+08
-2.69611e+08
-2.761088e+08
-2.84282e+08
0
0
0
0
0
0
0
0
0
0
0
0
0
0
-2.523602e+08
-2.558811e+08
-2.606707e+08
-2.66888e+08
-2.746934e+08
0
0
0
0
0
0
0
0
0
0
0
0
0
0
0
-2.442099e+08
-2.475736e+08
-2.521628e+08
-2.58108e+08
-2.655704e+08
0
0
0
0
0
0
0
0
0
0
0
0
0
0
0
-2.365142e+08
-2.397333e+08
-2.4412e+08
-2.498142e+08
-2.569488e+08
0
0
0
0
0
0
0
0
0
0
0
0
0
0
0
-2.292772e+08
-2.323238e+08
-2.36524e+08
-2.419691e+08
-2.48801e+08
0
0
0
0
0
0
0
0
0
0
0
0
0
0
0
-2.22402e+08
-2.252917e+08
-2.292808e+08
-2.344947e+08
-2.410282e+08
0
0
0
0
0
0
0
0
0
0
0
0
0
0
0
-2.158422e+08
-2.184817e+08
-2.222743e+08
-2.272334e+08
-2.334851e+08
0
0
0
0
0
0
0
0
0
0
0
0
0
0
0
-2.093832e+08
-2.117937e+08
-2.153002e+08
-2.200143e+08
-2.259578e+08
0
0
0
0
0
0
0
0
0
0
0
0
0
0
0
-2.031394e+08
-2.050949e+08
-2.083267e+08
-2.127087e+08
-2.183469e+08
0
0
0
0
0
0
0
0
0
0
0
0
0
0
0
0
0
0
0
0
0
0
0
0
0
-1.973187e+08
-1.988059e+08
-2.015583e+08
-2.056177e+08
-2.108771e+08
0
0
0
0
0
0
0
0
0
0
0
0
0
0
0
0
0
0
0
0
0
0
0
0
0
-1.9267e+08
-1.931974e+08
-1.954485e+08
-1.990044e+08
-2.038992e+08
0
0
0
0
0
0
0
0
0
0
0
0
0
0
0
0
0
0
0
0
0
0
0
0
0
-1.894405e+08
-1.888814e+08
-1.901783e+08
-1.932043e+08
-1.975728e+08
0
0
0
0
0
0
0
0
0
0
0
0
0
0
0
0
0
0
0
0
0
0
0
0
0
-1.860456e+08
-1.862496e+08
-1.883205e+08
-1.921356e+08
0
0
0
0
0
0
0
0
0
0
0
0
0
0
0
0
0
0
0
0
0
0
0
0
0
-3.142859e+08
-3.188662e+08
-3.251876e+08
-3.334991e+08
-3.440791e+08
0
0
0
0
0
0
0
0
0
0
0
0
0
0
0
0
0
0
-3.039018e+08
-3.083139e+08
-3.143813e+08
-3.22334e+08
-3.324247e+08
0
0
0
0
0
0
0
0
0
0
0
0
0
0
0
0
0
0
0
-2.945099e+08
-2.98764e+08
-3.046021e+08
-3.122351e+08
-3.218989e+08
0
0
0
0
0
0
0
0
0
0
0
0
0
0
0
0
0
0
0
0
-2.858549e+08
-2.899658e+08
-2.955883e+08
-3.029291e+08
-3.122047e+08
0
0
0
0
0
0
0
0
0
0
0
0
0
0
0
0
0
0
0
0
0
-2.776057e+08
-2.815769e+08
-2.869978e+08
-2.940576e+08
-3.029683e+08
0
0
0
0
0
0
0
0
0
0
0
0
0
0
0
0
0
0
0
0
0
0
-2.693624e+08
-2.731924e+08
-2.784095e+08
-2.851936e+08
-2.93738e+08
0
0
0
0
0
0
0
0
0
0
0
0
0
-2.609088e+08
-2.645841e+08
-2.695932e+08
-2.760939e+08
-2.842693e+08
0
0
0
0
0
0
0
0
0
0
0
0
0
0
-2.524653e+08
-2.559904e+08
-2.607849e+08
-2.670077e+08
-2.748193e+08
0
0
0
0
0
0
0
0
0
0
0
0
0
0
0
-2.442921e+08
-2.476582e+08
-2.522503e+08
-2.581991e+08
-2.656657e+08
0
0
0
0
0
0
0
0
0
0
0
0
0
0
0
-2.365142e+08
-2.397333e+08
-2.4412e+08
-2.498142e+08
-2.569488e+08
0
0
0
0
0
0
0
0
0
0
0
0
0
0
0
-2.292022e+08
-2.322464e+08
-2.36444e+08
-2.418858e+08
-2.487138e+08
0
0
0
0
0
0
0
0
0
0
0
0
0
0
0
-2.223156e+08
-2.252022e+08
-2.291868e+08
-2.343959e+08
-2.409237e+08
0
0
0
0
0
0
0
0
0
0
0
0
0
0
0
-2.158715e+08
-2.185067e+08
-2.222968e+08
-2.272522e+08
-2.335009e+08
0
0
0
0
0
0
0
0
0
0
0
0
0
0
0
-2.097019e+08
-2.121152e+08
-2.156216e+08
-2.203402e+08
-2.262892e+08
0
0
0
0
0
0
0
0
0
0
0
0
0
0
0
-2.03861e+08
-2.058182e+08
-2.09063e+08
-2.134578e+08
-2.19118e+08
0
0
0
0
0
0
0
0
0
0
0
0
0
0
0
-1.982235e+08
-1.997274e+08
-2.024898e+08
-2.065726e+08
-2.118577e+08
0
0
0
0
0
0
0
0
0
0
0
0
0
0
0
0
0
0
0
0
0
0
0
0
0
-1.935164e+08
-1.940453e+08
-1.963155e+08
-1.998869e+08
-2.048092e+08
0
0
0
0
0
0
0
0
0
0
0
0
0
0
0
0
0
0
0
0
0
0
0
0
0
-1.900412e+08
-1.895049e+08
-1.908066e+08
-1.938501e+08
-1.982344e+08
0
0
0
0
0
0
0
0
0
0
0
0
0
0
0
0
0
0
0
0
0
0
0
0
0
-1.863488e+08
-1.865658e+08
-1.886414e+08
-1.924676e+08
0
0
0
0
0
0
0
0
0
0
0
0
0
0
0
0
0
0
0
0
0
0
0
0
0
-1.837785e+08
-1.847579e+08
-1.876113e+08
0
0
0
0
0
0
0
0
0
0
0
0
0
0
0
0
0
0
0
0
0
0
0
0
0
-3.03301e+08
-3.077026e+08
-3.13754e+08
-3.216838e+08
-3.317443e+08
0
0
0
0
0
0
0
0
0
0
0
0
0
0
0
0
0
0
0
-2.934203e+08
-2.976574e+08
-3.034689e+08
-3.110641e+08
-3.206759e+08
0
0
0
0
0
0
0
0
0
0
0
0
0
0
0
0
0
0
0
0
-2.844743e+08
-2.88565e+08
-2.941553e+08
-3.0145e+08
-3.106628e+08
0
0
0
0
0
0
0
0
0
0
0
0
0
0
0
0
0
0
0
0
0
-2.762263e+08
-2.801793e+08
-2.855696e+08
-2.925848e+08
-3.014343e+08
0
0
0
0
0
0
0
0
0
0
0
0
0
0
0
0
0
0
0
0
0
0
-2.683601e+08
-2.7218e+08
-2.77378e+08
-2.841322e+08
-2.92635e+08
0
0
0
0
0
0
0
0
0
0
0
0
0
0
0
0
0
0
0
0
0
0
0
-2.605046e+08
-2.641795e+08
-2.691847e+08
-2.756774e+08
-2.8384e+08
0
0
0
0
0
0
0
0
0
0
0
0
0
0
-2.524399e+08
-2.559687e+08
-2.607669e+08
-2.669929e+08
-2.748071e+08
0
0
0
0
0
0
0
0
0
0
0
0
0
0
0
-2.44392e+08
-2.477624e+08
-2.523591e+08
-2.583133e+08
-2.657861e+08
0
0
0
0
0
0
0
0
0
0
0
0
0
0
0
-2.365928e+08
-2.398142e+08
-2.442038e+08
-2.499013e+08
-2.570399e+08
0
0
0
0
0
0
0
0
0
0
0
0
0
0
0
-2.292022e+08
-2.322464e+08
-2.36444e+08
-2.418858e+08
-2.487138e+08
0
0
0
0
0
0
0
0
0
0
0
0
0
0
0
-2.222435e+08
-2.251283e+08
-2.291102e+08
-2.343162e+08
-2.408402e+08
0
0
0
0
0
0
0
0
0
0
0
0
0
0
0
-2.157897e+08
-2.18421e+08
-2.222075e+08
-2.271581e+08
-2.334016e+08
0
0
0
0
0
0
0
0
0
0
0
0
0
0
0
-2.097291e+08
-2.121419e+08
-2.156442e+08
-2.203605e+08
-2.26306e+08
0
0
0
0
0
0
0
0
0
0
0
0
0
0
0
-2.041722e+08
-2.061272e+08
-2.093766e+08
-2.137733e+08
-2.194401e+08
0
0
0
0
0
0
0
0
0
0
0
0
0
0
0
-1.989112e+08
-2.004303e+08
-2.031989e+08
-2.072992e+08
-2.126023e+08
0
0
0
0
0
0
0
0
0
0
0
0
0
0
0
-1.94398e+08
-1.949281e+08
-1.972202e+08
-2.008073e+08
-2.057589e+08
0
0
0
0
0
0
0
0
0
0
0
0
0
0
0
0
0
0
0
0
0
0
0
0
0
-1.908342e+08
-1.903317e+08
-1.916396e+08
-1.947072e+08
-1.991123e+08
0
0
0
0
0
0
0
0
0
0
0
0
0
0
0
0
0
0
0
0
0
0
0
0
0
-1.869359e+08
-1.871788e+08
-1.892627e+08
-1.931101e+08
0
0
0
0
0
0
0
0
0
0
0
0
0
0
0
0
0
0
0
0
0
0
0
0
0
-1.840765e+08
-1.850706e+08
-1.879305e+08
0
0
0
0
0
0
0
0
0
0
0
0
0
0
0
0
0
0
0
0
0
0
0
0
0
-1.823146e+08
-1.840685e+08
0
0
0
0
0
0
0
0
0
0
0
0
0
0
0
0
0
0
0
0
0
0
0
0
0
-2.92848e+08
-2.970754e+08
-3.028723e+08
-3.104469e+08
-3.200307e+08
0
0
0
0
0
0
0
0
0
0
0
0
0
0
0
0
0
0
0
0
-2.834338e+08
-2.875087e+08
-2.930747e+08
-3.003346e+08
-3.095005e+08
0
0
0
0
0
0
0
0
0
0
0
0
0
0
0
0
0
0
0
0
0
-2.749061e+08
-2.788407e+08
-2.842013e+08
-2.911739e+08
-2.999658e+08
0
0
0
0
0
0
0
0
0
0
0
0
0
0
0
0
0
0
0
0
0
0
-2.670393e+08
-2.708428e+08
-2.760129e+08
-2.82726e+08
-2.911725e+08
0
0
0
0
0
0
0
0
0
0
0
0
0
0
0
0
0
0
0
0
0
0
0
-2.595429e+08
-2.632089e+08
-2.681969e+08
-2.746626e+08
-2.827869e+08
0
0
0
0
0
0
0
0
0
0
0
0
0
0
0
0
0
0
0
0
0
0
0
0
-2.520506e+08
-2.555791e+08
-2.603741e+08
-2.665933e+08
-2.743962e+08
0
0
0
0
0
0
0
0
0
0
0
0
0
0
0
-2.443658e+08
-2.477403e+08
-2.523405e+08
-2.582981e+08
-2.657738e+08
0
0
0
0
0
0
0
0
0
0
0
0
0
0
0
-2.36688e+08
-2.399132e+08
-2.443076e+08
-2.500102e+08
-2.571548e+08
0
0
0
0
0
0
0
0
0
0
0
0
0
0
0
-2.292772e+08
-2.323238e+08
-2.36524e+08
-2.419691e+08
-2.48801e+08
0
0
0
0
0
0
0
0
0
0
0
0
0
0
0
-2.222435e+08
-2.251283e+08
-2.291102e+08
-2.343162e+08
-2.408402e+08
0
0
0
0
0
0
0
0
0
0
0
0
0
0
0
-2.15721e+08
-2.1835e+08
-2.221344e+08
-2.270818e+08
-2.333218e+08
0
0
0
0
0
0
0
0
0
0
0
0
0
0
0
-2.096493e+08
-2.120608e+08
-2.155588e+08
-2.202712e+08
-2.262114e+08
0
0
0
0
0
0
0
0
0
0
0
0
0
0
0
-2.042006e+08
-2.06152e+08
-2.094011e+08
-2.137939e+08
-2.194586e+08
0
0
0
0
0
0
0
0
0
0
0
0
0
0
0
-1.992036e+08
-2.007321e+08
-2.035004e+08
-2.076072e+08
-2.129143e+08
0
0
0
0
0
0
0
0
0
0
0
0
0
0
0
-1.950675e+08
-1.955983e+08
-1.979094e+08
-2.015073e+08
-2.064813e+08
0
0
0
0
0
0
0
0
0
0
0
0
0
0
0
-1.916521e+08
-1.911921e+08
-1.925066e+08
-1.956012e+08
-2.000279e+08
0
0
0
0
0
0
0
0
0
0
0
0
0
0
0
0
0
0
0
0
0
0
0
0
0
-1.877106e+08
-1.879912e+08
-1.900863e+08
-1.939627e+08
0
0
0
0
0
0
0
0
0
0
0
0
0
0
0
0
0
0
0
0
0
0
0
0
0
-1.846536e+08
-1.856768e+08
-1.885486e+08
0
0
0
0
0
0
0
0
0
0
0
0
0
0
0
0
0
0
0
0
0
0
0
0
0
-1.826092e+08
-1.843796e+08
0
0
0
0
0
0
0
0
0
0
0
0
0
0
0
0
0
0
0
0
0
0
0
0
0
-1.816383e+08
0
0
0
0
0
0
0
0
0
0
0
0
0
0
0
0
0
0
0
0
0
0
0
0
0
-2.828879e+08
-2.869539e+08
-2.925063e+08
-2.997473e+08
-3.088879e+08
0
0
0
0
0
0
0
0
0
0
0
0
0
0
0
0
0
0
0
0
0
-2.739109e+08
-2.778313e+08
-2.831693e+08
-2.901098e+08
-2.988585e+08
0
0
0
0
0
0
0
0
0
0
0
0
0
0
0
0
0
0
0
0
0
0
-2.657749e+08
-2.695617e+08
-2.747046e+08
-2.813783e+08
-2.897715e+08
0
0
0
0
0
0
0
0
0
0
0
0
0
0
0
0
0
0
0
0
0
0
0
-2.582763e+08
-2.619275e+08
-2.6689e+08
-2.73318e+08
-2.813903e+08
0
0
0
0
0
0
0
0
0
0
0
0
0
0
0
0
0
0
0
0
0
0
0
0
-2.511268e+08
-2.546471e+08
-2.594265e+08
-2.656211e+08
-2.733891e+08
0
0
0
0
0
0
0
0
0
0
0
0
0
0
0
0
0
0
0
0
0
0
0
0
0
-2.439897e+08
-2.473648e+08
-2.519621e+08
-2.579137e+08
-2.653795e+08
0
0
0
0
0
0
0
0
0
0
0
0
0
0
0
-2.366612e+08
-2.398903e+08
-2.442884e+08
-2.499943e+08
-2.57142e+08
0
0
0
0
0
0
0
0
0
0
0
0
0
0
0
-2.293675e+08
-2.324181e+08
-2.366227e+08
-2.42073e+08
-2.489105e+08
0
0
0
0
0
0
0
0
0
0
0
0
0
0
0
-2.223156e+08
-2.252022e+08
-2.291868e+08
-2.343959e+08
-2.409237e+08
0
0
0
0
0
0
0
0
0
0
0
0
0
0
0
-2.15721e+08
-2.1835e+08
-2.221344e+08
-2.270818e+08
-2.333218e+08
0
0
0
0
0
0
0
0
0
0
0
0
0
0
0
-2.095825e+08
-2.11993e+08
-2.154884e+08
-2.201983e+08
-2.26135e+08
0
0
0
0
0
0
0
0
0
0
0
0
0
0
0
-2.041246e+08
-2.060728e+08
-2.093202e+08
-2.137083e+08
-2.193687e+08
0
0
0
0
0
0
0
0
0
0
0
0
0
0
0
-1.992245e+08
-2.007581e+08
-2.03523e+08
-2.076297e+08
-2.129332e+08
0
0
0
0
0
0
0
0
0
0
0
0
0
0
0
-1.953529e+08
-1.95882e+08
-1.982041e+08
-2.018035e+08
-2.067859e+08
0
0
0
0
0
0
0
0
0
0
0
0
0
0
0
-1.922594e+08
-1.918448e+08
-1.931639e+08
-1.962818e+08
-2.007239e+08
0
0
0
0
0
0
0
0
0
0
0
0
0
0
0
-1.885089e+08
-1.888363e+08
-1.909432e+08
-1.948521e+08
0
0
0
0
0
0
0
0
0
0
0
0
0
0
0
0
0
0
0
0
0
0
0
0
0
-1.854149e+08
-1.864801e+08
-1.89368e+08
0
0
0
0
0
0
0
0
0
0
0
0
0
0
0
0
0
0
0
0
0
0
0
0
0
-1.8318e+08
-1.849827e+08
0
0
0
0
0
0
0
0
0
0
0
0
0
0
0
0
0
0
0
0
0
0
0
0
0
-1.819314e+08
0
0
0
0
0
0
0
0
0
0
0
0
0
0
0
0
0
0
0
0
0
0
0
0
0
0
0
0
0
0
0
0
0
0
0
0
0
0
0
0
0
0
0
0
0
0
0
0
0
0
-2.733894e+08
-2.773016e+08
-2.826271e+08
-2.895501e+08
-2.982755e+08
0
0
0
0
0
0
0
0
0
0
0
0
0
0
0
0
0
0
0
0
0
0
-2.648219e+08
-2.685955e+08
-2.737177e+08
-2.803617e+08
-2.887149e+08
0
0
0
0
0
0
0
0
0
0
0
0
0
0
0
0
0
0
0
0
0
0
0
-2.570637e+08
-2.606997e+08
-2.656372e+08
-2.720289e+08
-2.800518e+08
0
0
0
0
0
0
0
0
0
0
0
0
0
0
0
0
0
0
0
0
0
0
0
0
-2.49911e+08
-2.534174e+08
-2.581736e+08
-2.643334e+08
-2.720535e+08
0
0
0
0
0
0
0
0
0
0
0
0
0
0
0
0
0
0
0
0
0
0
0
0
0
-2.431005e+08
-2.464689e+08
-2.510517e+08
-2.569808e+08
-2.644144e+08
0
0
0
0
0
0
0
0
0
0
0
0
0
0
0
0
0
0
0
0
0
0
0
0
0
-2.362978e+08
-2.395271e+08
-2.439234e+08
-2.496238e+08
-2.567626e+08
0
0
0
0
0
0
0
0
0
0
0
0
0
0
0
-2.293396e+08
-2.323945e+08
-2.366025e+08
-2.420564e+08
-2.488969e+08
0
0
0
0
0
0
0
0
0
0
0
0
0
0
0
-2.22402e+08
-2.252917e+08
-2.292808e+08
-2.344947e+08
-2.410282e+08
0
0
0
0
0
0
0
0
0
0
0
0
0
0
0
-2.157897e+08
-2.18421e+08
-2.222075e+08
-2.271581e+08
-2.334016e+08
0
0
0
0
0
0
0
0
0
0
0
0
0
0
0
-2.095825e+08
-2.11993e+08
-2.154884e+08
-2.201983e+08
-2.26135e+08
0
0
0
0
0
0
0
0
0
0
0
0
0
0
0
-2.040604e+08
-2.060069e+08
-2.09253e+08
-2.136383e+08
-2.192958e+08
0
0
0
0
0
0
0
0
0
0
0
0
0
0
0
-1.991465e+08
-2.006828e+08
-2.034441e+08
-2.075487e+08
-2.128471e+08
0
0
0
0
0
0
0
0
0
0
0
0
0
0
0
-1.95374e+08
-1.959009e+08
-1.982281e+08
-2.018243e+08
-2.068068e+08
0
0
0
0
0
0
0
0
0
0
0
0
0
0
0
-1.924996e+08
-1.921218e+08
-1.93441e+08
-1.965714e+08
-2.010169e+08
0
0
0
0
0
0
0
0
0
0
0
0
0
0
0
-1.891009e+08
-1.894767e+08
-1.915924e+08
-1.955288e+08
0
0
0
0
0
0
0
0
0
0
0
0
0
0
0
-1.861991e+08
-1.873156e+08
-1.902207e+08
0
0
0
0
0
0
0
0
0
0
0
0
0
0
0
0
0
0
0
0
0
0
0
0
0
-1.839328e+08
-1.85782e+08
0
0
0
0
0
0
0
0
0
0
0
0
0
0
0
0
0
0
0
0
0
0
0
0
0
-1.824993e+08
0
0
0
0
0
0
0
0
0
0
0
0
0
0
0
0
0
0
0
0
0
0
0
0
0
0
0
0
0
0
0
0
0
0
0
0
0
0
0
0
0
0
0
0
0
0
0
0
0
0
0
0
0
0
0
0
0
0
0
0
0
0
0
0
0
0
0
0
0
0
0
0
0
0
-2.64323e+08
-2.680892e+08
-2.731999e+08
-2.798276e+08
-2.881592e+08
0
0
0
0
0
0
0
0
0
0
0
0
0
0
0
0
0
0
0
0
0
0
0
-2.561498e+08
-2.597738e+08
-2.646922e+08
-2.710564e+08
-2.790422e+08
0
0
0
0
0
0
0
0
0
0
0
0
0
0
0
0
0
0
0
0
0
0
0
0
-2.48747e+08
-2.522391e+08
-2.569723e+08
-2.630985e+08
-2.707729e+08
0
0
0
0
0
0
0
0
0
0
0
0
0
0
0
0
0
0
0
0
0
0
0
0
0
-2.419313e+08
-2.452877e+08
-2.498486e+08
-2.557457e+08
-2.631351e+08
0
0
0
0
0
0
0
0
0
0
0
0
0
0
0
0
0
0
0
0
0
0
0
0
0
-2.354413e+08
-2.386641e+08
-2.430477e+08
-2.48727e+08
-2.558363e+08
0
0
0
0
0
0
0
0
0
0
0
0
0
0
0
0
0
0
0
0
0
0
0
0
0
-2.289871e+08
-2.320432e+08
-2.362493e+08
-2.416988e+08
-2.48531e+08
0
0
0
0
0
0
0
0
0
0
0
0
0
0
0
-2.223743e+08
-2.252668e+08
-2.292598e+08
-2.344769e+08
-2.410137e+08
0
0
0
0
0
0
0
0
0
0
0
0
0
0
0
-2.158715e+08
-2.185067e+08
-2.222968e+08
-2.272522e+08
-2.335009e+08
0
0
0
0
0
0
0
0
0
0
0
0
0
0
0
-2.096493e+08
-2.120608e+08
-2.155588e+08
-2.202712e+08
-2.262114e+08
0
0
0
0
0
0
0
0
0
0
0
0
0
0
0
-2.040604e+08
-2.060069e+08
-2.09253e+08
-2.136383e+08
-2.192958e+08
0
0
0
0
0
0
0
0
0
0
0
0
0
0
0
-1.990822e+08
-2.006195e+08
-2.033788e+08
-2.074818e+08
-2.12777e+08
0
0
0
0
0
0
0
0
0
0
0
0
0
0
0
-1.952985e+08
-1.958236e+08
-1.98153e+08
-2.017453e+08
-2.067253e+08
0
0
0
0
0
0
0
0
0
0
0
0
0
0
0
-1.924923e+08
-1.92141e+08
-1.934581e+08
-1.965937e+08
-2.010362e+08
0
0
0
0
0
0
0
0
0
0
0
0
0
0
0
-1.893339e+08
-1.897473e+08
-1.918648e+08
-1.958155e+08
0
0
0
0
0
0
0
0
0
0
0
0
0
0
0
-1.867798e+08
-1.879481e+08
-1.908662e+08
0
0
0
0
0
0
0
0
0
0
0
0
0
0
0
-1.847081e+08
-1.866133e+08
0
0
0
0
0
0
0
0
0
0
0
0
0
0
0
0
0
0
0
0
0
0
0
0
0
-1.832485e+08
0
0
0
0
0
0
0
0
0
0
0
0
0
0
0
0
0
0
0
0
0
0
0
0
0
0
0
0
0
0
0
0
0
0
0
0
0
0
0
0
0
0
0
0
0
0
0
0
0
0
0
0
0
0
0
0
0
0
0
0
0
0
0
0
0
0
0
0
0
0
0
0
0
0
0
0
0
0
0
0
0
0
0
0
0
0
0
0
0
0
0
0
0
0
0
0
0
-2.55672e+08
-2.592891e+08
-2.641969e+08
-2.705461e+08
-2.785117e+08
0
0
0
0
0
0
0
0
0
0
0
0
0
0
0
0
0
0
0
0
0
0
0
0
-2.478697e+08
-2.513506e+08
-2.560661e+08
-2.621669e+08
-2.698069e+08
0
0
0
0
0
0
0
0
0
0
0
0
0
0
0
0
0
0
0
0
0
0
0
0
0
-2.40812e+08
-2.441558e+08
-2.486952e+08
-2.545612e+08
-2.619082e+08
0
0
0
0
0
0
0
0
0
0
0
0
0
0
0
0
0
0
0
0
0
0
0
0
0
-2.343162e+08
-2.375274e+08
-2.418915e+08
-2.475408e+08
-2.54609e+08
0
0
0
0
0
0
0
0
0
0
0
0
0
0
0
0
0
0
0
0
0
0
0
0
0
-2.281603e+08
-2.312114e+08
-2.354053e+08
-2.40836e+08
-2.476405e+08
0
0
0
0
0
0
0
0
0
0
0
0
0
0
0
0
0
0
0
0
0
0
0
0
0
-2.220336e+08
-2.249258e+08
-2.289179e+08
-2.341307e+08
-2.406605e+08
0
0
0
0
0
0
0
0
0
0
0
0
0
0
0
-2.158422e+08
-2.184817e+08
-2.222743e+08
-2.272334e+08
-2.334851e+08
0
0
0
0
0
0
0
0
0
0
0
0
0
0
0
-2.097291e+08
-2.121419e+08
-2.156442e+08
-2.203605e+08
-2.26306e+08
0
0
0
0
0
0
0
0
0
0
0
0
0
0
0
-2.041246e+08
-2.060728e+08
-2.093202e+08
-2.137083e+08
-2.193687e+08
0
0
0
0
0
0
0
0
0
0
0
0
0
0
0
-1.990822e+08
-2.006195e+08
-2.033788e+08
-2.074818e+08
-2.12777e+08
0
0
0
0
0
0
0
0
0
0
0
0
0
0
0
-1.95236e+08
-1.957601e+08
-1.980903e+08
-2.016803e+08
-2.066583e+08
0
0
0
0
0
0
0
0
0
0
0
0
0
0
0
-1.924004e+08
-1.920661e+08
-1.933811e+08
-1.965184e+08
-2.009567e+08
0
0
0
0
0
0
0
0
0
0
0
0
0
0
0
-1.893253e+08
-1.897647e+08
-1.918802e+08
-1.958362e+08
0
0
0
0
0
0
0
0
0
0
0
0
0
0
0
-1.870073e+08
-1.882142e+08
-1.911357e+08
0
0
0
0
0
0
0
0
0
0
0
0
0
0
0
-1.852817e+08
-1.872422e+08
0
0
0
0
0
0
0
0
0
0
0
0
0
0
0
-1.840198e+08
0
0
0
0
0
0
0
0
0
0
0
0
0
0
0
0
0
0
0
0
0
0
0
0
0
0
0
0
0
0
0
0
0
0
0
0
0
0
0
0
0
0
0
0
0
0
0
0
0
0
0
0
0
0
0
0
0
0
0
0
0
0
0
0
0
0
0
0
0
0
0
0
0
0
0
0
0
0
0
0
0
0
0
0
0
0
0
0
0
0
0
0
0
0
0
0
0
0
0
0
0
0
0
0
0
0
0
0
0
0
0
0
0
0
0
0
0
0
0
-2.474117e+08
-2.508861e+08
-2.555917e+08
-2.616786e+08
-2.693e+08
0
0
0
0
0
0
0
0
0
0
0
0
0
0
0
0
0
0
0
0
0
0
0
0
0
-2.399686e+08
-2.433024e+08
-2.478252e+08
-2.536676e+08
-2.609826e+08
0
0
0
0
0
0
0
0
0
0
0
0
0
0
0
0
0
0
0
0
0
0
0
0
0
-2.332392e+08
-2.364384e+08
-2.40783e+08
-2.46403e+08
-2.53432e+08
0
0
0
0
0
0
0
0
0
0
0
0
0
0
0
0
0
0
0
0
0
0
0
0
0
-2.270754e+08
-2.301169e+08
-2.342922e+08
-2.396955e+08
-2.464615e+08
0
0
0
0
0
0
0
0
0
0
0
0
0
0
0
0
0
0
0
0
0
0
0
0
0
-2.212364e+08
-2.241222e+08
-2.28104e+08
-2.332988e+08
-2.398034e+08
0
0
0
0
0
0
0
0
0
0
0
0
0
0
0
0
0
0
0
0
0
0
0
0
0
-2.155103e+08
-2.18152e+08
-2.219422e+08
-2.268981e+08
-2.331431e+08
0
0
0
0
0
0
0
0
0
0
0
0
0
0
0
-2.097019e+08
-2.121152e+08
-2.156216e+08
-2.203402e+08
-2.262892e+08
0
0
0
0
0
0
0
0
0
0
0
0
0
0
0
-2.042006e+08
-2.06152e+08
-2.094011e+08
-2.137939e+08
-2.194586e+08
0
0
0
0
0
0
0
0
0
0
0
0
0
0
0
-1.991465e+08
-2.006828e+08
-2.034441e+08
-2.075487e+08
-2.128471e+08
0
0
0
0
0
0
0
0
0
0
0
0
0
0
0
-1.95236e+08
-1.957601e+08
-1.980903e+08
-2.016803e+08
-2.066583e+08
0
0
0
0
0
0
0
0
0
0
0
0
0
0
0
-1.923303e+08
-1.920045e+08
-1.933182e+08
-1.96456e+08
-2.008916e+08
0
0
0
0
0
0
0
0
0
0
0
0
0
0
0
-1.892344e+08
-1.896902e+08
-1.918032e+08
-1.957605e+08
0
0
0
0
0
0
0
0
0
0
0
0
0
0
0
-1.869974e+08
-1.882301e+08
-1.911498e+08
0
0
0
0
0
0
0
0
0
0
0
0
0
0
0
-1.855051e+08
-1.875056e+08
0
0
0
0
0
0
0
0
0
0
0
0
0
0
0
-1.845901e+08
0
0
0
0
0
0
0
0
0
0
0
0
0
0
0
0
0
0
0
0
0
0
0
0
0
0
0
0
0
0
0
0
0
0
0
0
0
0
0
0
0
0
0
0
0
0
0
0
0
0
0
0
0
0
0
0
0
0
0
0
0
0
0
0
0
0
0
0
0
0
0
0
0
0
0
0
0
0
0
0
0
0
0
0
0
0
0
0
0
0
0
0
0
0
0
0
0
0
0
0
0
0
0
0
0
0
0
0
0
0
0
0
0
0
0
0
0
0
0
0
0
0
0
0
0
0
0
0
0
0
-2.395288e+08
-2.428569e+08
-2.473704e+08
-2.531998e+08
-2.604976e+08
0
0
0
0
0
0
0
0
0
0
0
0
0
0
0
0
0
0
0
0
0
0
0
0
0
-2.324277e+08
-2.356174e+08
-2.399469e+08
-2.455448e+08
-2.52544e+08
0
0
0
0
0
0
0
0
0
0
0
0
0
0
0
0
0
0
0
0
0
0
0
0
0
-2.260372e+08
-2.290683e+08
-2.33225e+08
-2.386017e+08
-2.453308e+08
0
0
0
0
0
0
0
0
0
0
0
0
0
0
0
0
0
0
0
0
0
0
0
0
0
-2.20191e+08
-2.230663e+08
-2.270317e+08
-2.322005e+08
-2.386698e+08
0
0
0
0
0
0
0
0
0
0
0
0
0
0
0
0
0
0
0
0
0
0
0
0
0
-2.14738e+08
-2.173767e+08
-2.211555e+08
-2.260956e+08
-2.323166e+08
0
0
0
0
0
0
0
0
0
0
0
0
0
0
0
0
0
0
0
0
0
0
0
0
0
-2.093832e+08
-2.117937e+08
-2.153002e+08
-2.200143e+08
-2.259578e+08
0
0
0
0
0
0
0
0
0
0
0
0
0
0
0
-2.041722e+08
-2.061272e+08
-2.093766e+08
-2.137733e+08
-2.194401e+08
0
0
0
0
0
0
0
0
0
0
0
0
0
0
0
-1.992245e+08
-2.007581e+08
-2.03523e+08
-2.076297e+08
-2.129332e+08
0
0
0
0
0
0
0
0
0
0
0
0
0
0
0
-1.952985e+08
-1.958236e+08
-1.98153e+08
-2.017453e+08
-2.067253e+08
0
0
0
0
0
0
0
0
0
0
0
0
0
0
0
-1.923303e+08
-1.920045e+08
-1.933182e+08
-1.96456e+08
-2.008916e+08
0
0
0
0
0
0
0
0
0
0
0
0
0
0
0
-1.891654e+08
-1.896292e+08
-1.917406e+08
-1.95698e+08
0
0
0
0
0
0
0
0
0
0
0
0
0
0
0
-1.869071e+08
-1.881555e+08
-1.910723e+08
0
0
0
0
0
0
0
0
0
0
0
0
0
0
0
-1.85494e+08
-1.875202e+08
0
0
0
0
0
0
0
0
0
0
0
0
0
0
0
-1.848111e+08
0
0
0
0
0
0
0
0
0
0
0
0
0
0
0
0
0
0
0
0
0
0
0
0
0
0
0
0
0
0
0
0
0
0
0
0
0
0
0
0
0
0
0
0
0
0
0
0
0
0
0
0
0
0
0
0
0
0
0
0
0
0
0
0
0
0
0
0
0
0
0
0
0
0
0
0
0
0
0
0
0
0
0
0
0
0
0
0
0
0
0
0
0
0
0
0
0
0
0
0
0
0
0
0
0
0
0
0
0
0
0
0
0
0
0
0
0
0
0
0
0
0
0
0
0
0
0
0
0
0
0
0
0
0
0
0
0
0
0
0
-2.320052e+08
-2.351894e+08
-2.395105e+08
-2.450961e+08
-2.520793e+08
0
0
0
0
0
0
0
0
0
0
0
0
0
0
0
0
0
0
0
0
0
0
0
0
0
-2.252551e+08
-2.28278e+08
-2.324204e+08
-2.377767e+08
-2.444778e+08
0
0
0
0
0
0
0
0
0
0
0
0
0
0
0
0
0
0
0
0
0
0
0
0
0
-2.191905e+08
-2.220549e+08
-2.260037e+08
-2.311472e+08
-2.375826e+08
0
0
0
0
0
0
0
0
0
0
0
0
0
0
0
0
0
0
0
0
0
0
0
0
0
-2.137269e+08
-2.163586e+08
-2.201205e+08
-2.250372e+08
-2.312247e+08
0
0
0
0
0
0
0
0
0
0
0
0
0
0
0
0
0
0
0
0
0
0
0
0
0
-2.086402e+08
-2.110423e+08
-2.145409e+08
-2.192384e+08
-2.251604e+08
0
0
0
0
0
0
0
0
0
0
0
0
0
0
0
0
0
0
0
0
0
0
0
0
0
-2.03861e+08
-2.058182e+08
-2.09063e+08
-2.134578e+08
-2.19118e+08
0
0
0
0
0
0
0
0
0
0
0
0
0
0
0
-1.992036e+08
-2.007321e+08
-2.035004e+08
-2.076072e+08
-2.129143e+08
0
0
0
0
0
0
0
0
0
0
0
0
0
0
0
-1.95374e+08
-1.959009e+08
-1.982281e+08
-2.018243e+08
-2.068068e+08
0
0
0
0
0
0
0
0
0
0
0
0
0
0
0
-1.924004e+08
-1.920661e+08
-1.933811e+08
-1.965184e+08
-2.009567e+08
0
0
0
0
0
0
0
0
0
0
0
0
0
0
0
-1.891654e+08
-1.896292e+08
-1.917406e+08
-1.95698e+08
0
0
0
0
0
0
0
0
0
0
0
0
0
0
0
-1.868389e+08
-1.880947e+08
-1.910096e+08
0
0
0
0
0
0
0
0
0
0
0
0
0
0
0
-1.854039e+08
-1.874452e+08
0
0
0
0
0
0
0
0
0
0
0
0
0
0
0
-1.847989e+08
0
0
0
0
0
0
0
0
0
0
0
0
0
0
0
0
0
0
0
0
0
0
0
0
0
0
0
0
0
0
0
0
0
0
0
0
0
0
0
0
0
0
0
0
0
0
0
0
0
0
0
0
0
0
0
0
0
0
0
0
0
0
0
0
0
0
0
0
0
0
0
0
0
0
0
0
0
0
0
0
0
0
0
0
0
0
0
0
0
0
0
0
0
0
0
0
0
0
0
0
0
0
0
0
0
0
0
0
0
0
0
0
0
0
0
0
0
0
0
0
0
0
0
0
0
0
0
0
0
0
0
0
0
0
0
0
0
0
0
0
0
0
0
0
0
0
0
0
0
-2.248485e+08
-2.278666e+08
-2.320009e+08
-2.373461e+08
-2.44032e+08
0
0
0
0
0
0
0
0
0
0
0
0
0
0
0
0
0
0
0
0
0
0
0
0
0
-2.184369e+08
-2.212928e+08
-2.252288e+08
-2.303529e+08
-2.367626e+08
0
0
0
0
0
0
0
0
0
0
0
0
0
0
0
0
0
0
0
0
0
0
0
0
0
-2.127595e+08
-2.153834e+08
-2.191286e+08
-2.240224e+08
-2.301776e+08
0
0
0
0
0
0
0
0
0
0
0
0
0
0
0
0
0
0
0
0
0
0
0
0
0
-2.076665e+08
-2.100569e+08
-2.135425e+08
-2.182166e+08
-2.24108e+08
0
0
0
0
0
0
0
0
0
0
0
0
0
0
0
0
0
0
0
0
0
0
0
0
0
-2.031394e+08
-2.050949e+08
-2.083267e+08
-2.127087e+08
-2.183469e+08
0
0
0
0
0
0
0
0
0
0
0
0
0
0
0
0
0
0
0
0
0
0
0
0
0
-1.989112e+08
-2.004303e+08
-2.031989e+08
-2.072992e+08
-2.126023e+08
0
0
0
0
0
0
0
0
0
0
0
0
0
0
0
-1.953529e+08
-1.95882e+08
-1.982041e+08
-2.018035e+08
-2.067859e+08
0
0
0
0
0
0
0
0
0
0
0
0
0
0
0
-1.924923e+08
-1.92141e+08
-1.934581e+08
-1.965937e+08
-2.010362e+08
0
0
0
0
0
0
0
0
0
0
0
0
0
0
0
-1.892344e+08
-1.896902e+08
-1.918032e+08
-1.957605e+08
0
0
0
0
0
0
0
0
0
0
0
0
0
0
0
-1.868389e+08
-1.880947e+08
-1.910096e+08
0
0
0
0
0
0
0
0
0
0
0
0
0
0
0
-1.853359e+08
-1.873844e+08
0
0
0
0
0
0
0
0
0
0
0
0
0
0
0
-1.847084e+08
0
0
0
0
0
0
0
0
0
0
0
0
0
0
0
0
0
0
0
0
0
0
0
0
0
0
0
0
0
0
0
0
0
0
0
0
0
0
0
0
0
0
0
0
0
0
0
0
0
0
0
0
0
0
0
0
0
0
0
0
0
0
0
0
0
0
0
0
0
0
0
0
0
0
0
0
0
0
0
0
0
0
0
0
0
0
0
0
0
0
0
0
0
0
0
0
0
0
0
0
0
0
0
0
0
0
0
0
0
0
0
0
0
0
0
0
0
0
0
0
0
0
0
0
0
0
0
0
0
0
0
0
0
0
0
0
0
0
0
0
0
0
0
0
0
0
0
0
0
0
0
0
0
0
0
0
0
-2.180456e+08
-2.208966e+08
-2.248253e+08
-2.299389e+08
-2.363346e+08
0
0
0
0
0
0
0
0
0
0
0
0
0
0
0
0
0
0
0
0
0
0
0
0
0
-2.12031e+08
-2.146486e+08
-2.18381e+08
-2.232572e+08
-2.29388e+08
0
0
0
0
0
0
0
0
0
0
0
0
0
0
0
0
0
0
0
0
0
0
0
0
0
-2.067344e+08
-2.091135e+08
-2.125857e+08
-2.17237e+08
-2.23099e+08
0
0
0
0
0
0
0
0
0
0
0
0
0
0
0
0
0
0
0
0
0
0
0
0
0
-2.021947e+08
-2.041456e+08
-2.073601e+08
-2.117227e+08
-2.173307e+08
0
0
0
0
0
0
0
0
0
0
0
0
0
0
0
0
0
0
0
0
0
0
0
0
0
-1.982235e+08
-1.997274e+08
-2.024898e+08
-2.065726e+08
-2.118577e+08
0
0
0
0
0
0
0
0
0
0
0
0
0
0
0
0
0
0
0
0
0
0
0
0
0
-1.950675e+08
-1.955983e+08
-1.979094e+08
-2.015073e+08
-2.064813e+08
0
0
0
0
0
0
0
0
0
0
0
0
0
0
0
-1.924996e+08
-1.921218e+08
-1.93441e+08
-1.965714e+08
-2.010169e+08
0
0
0
0
0
0
0
0
0
0
0
0
0
0
0
-1.893253e+08
-1.897647e+08
-1.918802e+08
-1.958362e+08
0
0
0
0
0
0
0
0
0
0
0
0
0
0
0
-1.869071e+08
-1.881555e+08
-1.910723e+08
0
0
0
0
0
0
0
0
0
0
0
0
0
0
0
-1.853359e+08
-1.873844e+08
0
0
0
0
0
0
0
0
0
0
0
0
0
0
0
-1.846404e+08
0
0
0
0
0
0
0
0
0
0
0
0
0
0
0
0
0
0
0
0
0
0
0
0
0
0
0
0
0
0
0
0
0
0
0
0
0
0
0
0
0
0
0
0
0
0
0
0
0
0
0
0
0
0
0
0
0
0
0
0
0
0
0
0
0
0
0
0
0
0
0
0
0
0
0
0
0
0
0
0
0
0
0
0
0
0
0
0
0
0
0
0
0
0
0
0
0
0
0
0
0
0
0
0
0
0
0
0
0
0
0
0
0
0
0
0
0
0
0
0
0
0
0
0
0
0
0
0
0
0
0
0
0
0
0
0
0
0
0
0
0
0
0
0
0
0
0
0
0
0
0
0
0
0
0
0
0
0
0
0
0
0
0
0
-2.116534e+08
-2.142671e+08
-2.179923e+08
-2.228589e+08
-2.289765e+08
0
0
0
0
0
0
0
0
0
0
0
0
0
0
0
0
0
0
0
0
0
0
0
0
0
-2.060323e+08
-2.084029e+08
-2.118646e+08
-2.164986e+08
-2.223383e+08
0
0
0
0
0
0
0
0
0
0
0
0
0
0
0
0
0
0
0
0
0
0
0
0
0
-2.012904e+08
-2.032362e+08
-2.064342e+08
-2.107776e+08
-2.163566e+08
0
0
0
0
0
0
0
0
0
0
0
0
0
0
0
0
0
0
0
0
0
0
0
0
0
-1.973187e+08
-1.988059e+08
-2.015583e+08
-2.056177e+08
-2.108771e+08
0
0
0
0
0
0
0
0
0
0
0
0
0
0
0
0
0
0
0
0
0
0
0
0
0
-1.94398e+08
-1.949281e+08
-1.972202e+08
-2.008073e+08
-2.057589e+08
0
0
0
0
0
0
0
0
0
0
0
0
0
0
0
0
0
0
0
0
0
0
0
0
0
-1.922594e+08
-1.918448e+08
-1.931639e+08
-1.962818e+08
-2.007239e+08
0
0
0
0
0
0
0
0
0
0
0
0
0
0
0
-1.893339e+08
-1.897473e+08
-1.918648e+08
-1.958155e+08
0
0
0
0
0
0
0
0
0
0
0
0
0
0
0
-1.869974e+08
-1.882301e+08
-1.911498e+08
0
0
0
0
0
0
0
0
0
0
0
0
0
0
0
-1.854039e+08
-1.874452e+08
0
0
0
0
0
0
0
0
0
0
0
0
0
0
0
-1.846404e+08
0
0
0
0
0
0
0
0
0
0
0
0
0
0
0
0
0
0
0
0
0
0
0
0
0
0
0
0
0
0
0
0
0
0
0
0
0
0
0
0
0
0
0
0
0
0
0
0
0
0
0
0
0
0
0
0
0
0
0
0
0
0
0
0
0
0
0
0
0
0
0
0
0
0
0
0
0
0
0
0
0
0
0
0
0
0
0
0
0
0
0
0
0
0
0
0
0
0
0
0
0
0
0
0
0
0
0
0
0
0
0
0
0
0
0
0
0
0
0
0
0
0
0
0
0
0
0
0
0
0
0
0
0
0
0
0
0
0
0
0
0
0
0
0
0
0
0
0
0
0
0
0
0
0
0
0
0
0
0
0
0
0
0
0
0
0
0
0
0
0
-2.056687e+08
-2.080345e+08
-2.114903e+08
-2.161148e+08
-2.219423e+08
0
0
0
0
0
0
0
0
0
0
0
0
0
0
0
0
0
0
0
0
0
0
0
0
0
-2.006094e+08
-2.025509e+08
-2.057365e+08
-2.100652e+08
-2.156224e+08
0
0
0
0
0
0
0
0
0
0
0
0
0
0
0
0
0
0
0
0
0
0
0
0
0
-1.964504e+08
-1.979232e+08
-2.006653e+08
-2.047028e+08
-2.099372e+08
0
0
0
0
0
0
0
0
0
0
0
0
0
0
0
0
0
0
0
0
0
0
0
0
0
-1.935164e+08
-1.940453e+08
-1.963155e+08
-1.998869e+08
-2.048092e+08
0
0
0
0
0
0
0
0
0
0
0
0
0
0
0
0
0
0
0
0
0
0
0
0
0
-1.916521e+08
-1.911921e+08
-1.925066e+08
-1.956012e+08
-2.000279e+08
0
0
0
0
0
0
0
0
0
0
0
0
0
0
0
0
0
0
0
0
0
0
0
0
0
-1.891009e+08
-1.894767e+08
-1.915924e+08
-1.955288e+08
0
0
0
0
0
0
0
0
0
0
0
0
0
0
0
-1.870073e+08
-1.882142e+08
-1.911357e+08
0
0
0
0
0
0
0
0
0
0
0
0
0
0
0
-1.85494e+08
-1.875202e+08
0
0
0
0
0
0
0
0
0
0
0
0
0
0
0
-1.847084e+08
0
0
0
0
0
0
0
0
0
0
0
0
0
0
0
0
0
0
0
0
0
0
0
0
0
0
0
0
0
0
0
0
0
0
0
0
0
0
0
0
0
0
0
0
0
0
0
0
0
0
0
0
0
0
0
0
0
0
0
0
0
0
0
0
0
0
0
0
0
0
0
0
0
0
0
0
0
0
0
0
0
0
0
0
0
0
0
0
0
0
0
0
0
0
0
0
0
0
0
0
0
0
0
0
0
0
0
0
0
0
0
0
0
0
0
0
0
0
0
0
0
0
0
0
0
0
0
0
0
0
0
0
0
0
0
0
0
0
0
0
0
0
0
0
0
0
0
0
0
0
0
0
0
0
0
0
0
0
0
0
0
0
0
0
0
0
0
0
0
0
0
0
0
0
0
-2.002573e+08
-2.021961e+08
-2.053748e+08
-2.096954e+08
-2.152408e+08
0
0
0
0
0
0
0
0
0
0
0
0
0
0
0
0
0
0
0
0
0
0
0
0
0
-1.957958e+08
-1.972582e+08
-1.999923e+08
-2.040134e+08
-2.092287e+08
0
0
0
0
0
0
0
0
0
0
0
0
0
0
0
0
0
0
0
0
0
0
0
0
0
-1.9267e+08
-1.931974e+08
-1.954485e+08
-1.990044e+08
-2.038992e+08
0
0
0
0
0
0
0
0
0
0
0
0
0
0
0
0
0
0
0
0
0
0
0
0
0
-1.908342e+08
-1.903317e+08
-1.916396e+08
-1.947072e+08
-1.991123e+08
0
0
0
0
0
0
0
0
0
0
0
0
0
0
0
0
0
0
0
0
0
0
0
0
0
-1.885089e+08
-1.888363e+08
-1.909432e+08
-1.948521e+08
0
0
0
0
0
0
0
0
0
0
0
0
0
0
0
0
0
0
0
0
0
0
0
0
0
-1.867798e+08
-1.879481e+08
-1.908662e+08
0
0
0
0
0
0
0
0
0
0
0
0
0
0
0
-1.855051e+08
-1.875056e+08
0
0
0
0
0
0
0
0
0
0
0
0
0
0
0
-1.847989e+08
0
0
0
0
0
0
0
0
0
0
0
0
0
0
0
0
0
0
0
0
0
0
0
0
0
0
0
0
0
0
0
0
0
0
0
0
0
0
0
0
0
0
0
0
0
0
0
0
0
0
0
0
0
0
0
0
0
0
0
0
0
0
0
0
0
0
0
0
0
0
0
0
0
0
0
0
0
0
0
0
0
0
0
0
0
0
0
0
0
0
0
0
0
0
0
0
0
0
0
0
0
0
0
0
0
0
0
0
0
0
0
0
0
0
0
0
0
0
0
0
0
0
0
0
0
0
0
0
0
0
0
0
0
0
0
0
0
0
0
0
0
0
0
0
0
0
0
0
0
0
0
0
0
0
0
0
0
0
0
0
0
0
0
0
0
0
0
0
0
0
0
0
0
0
0
0
0
0
0
-1.954575e+08
-1.969145e+08
-1.996439e+08
-2.036561e+08
-2.08861e+08
0
0
0
0
0
0
0
0
0
0
0
0
0
0
0
0
0
0
0
0
0
0
0
0
0
-1.920319e+08
-1.92558e+08
-1.947953e+08
-1.983392e+08
-2.032135e+08
0
0
0
0
0
0
0
0
0
0
0
0
0
0
0
0
0
0
0
0
0
0
0
0
0
-1.900412e+08
-1.895049e+08
-1.908066e+08
-1.938501e+08
-1.982344e+08
0
0
0
0
0
0
0
0
0
0
0
0
0
0
0
0
0
0
0
0
0
0
0
0
0
-1.877106e+08
-1.879912e+08
-1.900863e+08
-1.939627e+08
0
0
0
0
0
0
0
0
0
0
0
0
0
0
0
0
0
0
0
0
0
0
0
0
0
-1.861991e+08
-1.873156e+08
-1.902207e+08
0
0
0
0
0
0
0
0
0
0
0
0
0
0
0
0
0
0
0
0
0
0
0
0
0
-1.852817e+08
-1.872422e+08
0
0
0
0
0
0
0
0
0
0
0
0
0
0
0
-1.848111e+08
0
0
0
0
0
0
0
0
0
0
0
0
0
0
0
0
0
0
0
0
0
0
0
0
0
0
0
0
0
0
0
0
0
0
0
0
0
0
0
0
0
0
0
0
0
0
0
0
0
0
0
0
0
0
0
0
0
0
0
0
0
0
0
0
0
0
0
0
0
0
0
0
0
0
0
0
0
0
0
0
0
0
0
0
0
0
0
0
0
0
0
0
0
0
0
0
0
0
0
0
0
0
0
0
0
0
0
0
0
0
0
0
0
0
0
0
0
0
0
0
0
0
0
0
0
0
0
0
0
0
0
0
0
0
0
0
0
0
0
0
0
0
0
0
0
0
0
0
0
0
0
0
0
0
0
0
0
0
0
0
0
0
0
0
0
0
0
0
0
0
0
0
0
0
0
0
0
0
0
0
0
0
-1.917024e+08
-1.922276e+08
-1.944576e+08
-1.979949e+08
-2.028581e+08
0
0
0
0
0
0
0
0
0
0
0
0
0
0
0
0
0
0
0
0
0
0
0
0
0
-1.894405e+08
-1.888814e+08
-1.901783e+08
-1.932043e+08
-1.975728e+08
0
0
0
0
0
0
0
0
0
0
0
0
0
0
0
0
0
0
0
0
0
0
0
0
0
-1.869359e+08
-1.871788e+08
-1.892627e+08
-1.931101e+08
0
0
0
0
0
0
0
0
0
0
0
0
0
0
0
0
0
0
0
0
0
0
0
0
0
-1.854149e+08
-1.864801e+08
-1.89368e+08
0
0
0
0
0
0
0
0
0
0
0
0
0
0
0
0
0
0
0
0
0
0
0
0
0
-1.847081e+08
-1.866133e+08
0
0
0
0
0
0
0
0
0
0
0
0
0
0
0
0
0
0
0
0
0
0
0
0
0
-1.845901e+08
0
0
0
0
0
0
0
0
0
0
0
0
0
0
0
0
0
0
0
0
0
0
0
0
0
0
0
0
0
0
0
0
0
0
0
0
0
0
0
0
0
0
0
0
0
0
0
0
0
0
0
0
0
0
0
0
0
0
0
0
0
0
0
0
0
0
0
0
0
0
0
0
0
0
0
0
0
0
0
0
0
0
0
0
0
0
0
0
0
0
0
0
0
0
0
0
0
0
0
0
0
0
0
0
0
0
0
0
0
0
0
0
0
0
0
0
0
0
0
0
0
0
0
0
0
0
0
0
0
0
0
0
0
0
0
0
0
0
0
0
0
0
0
0
0
0
0
0
0
0
0
0
0
0
0
0
0
0
0
0
0
0
0
0
0
0
0
0
0
0
0
0
0
0
0
0
0
0
0
0
0
0
0
0
-1.891302e+08
-1.885596e+08
-1.898537e+08
-1.928705e+08
-1.972304e+08
0
0
0
0
0
0
0
0
0
0
0
0
0
0
0
0
0
0
0
0
0
0
0
0
0
-1.863488e+08
-1.865658e+08
-1.886414e+08
-1.924676e+08
0
0
0
0
0
0
0
0
0
0
0
0
0
0
0
0
0
0
0
0
0
0
0
0
0
-1.846536e+08
-1.856768e+08
-1.885486e+08
0
0
0
0
0
0
0
0
0
0
0
0
0
0
0
0
0
0
0
0
0
0
0
0
0
-1.839328e+08
-1.85782e+08
0
0
0
0
0
0
0
0
0
0
0
0
0
0
0
0
0
0
0
0
0
0
0
0
0
-1.840198e+08
0
0
0
0
0
0
0
0
0
0
0
0
0
0
0
0
0
0
0
0
0
0
0
0
0
0
0
0
0
0
0
0
0
0
0
0
0
0
0
0
0
0
0
0
0
0
0
0
0
0
0
0
0
0
0
0
0
0
0
0
0
0
0
0
0
0
0
0
0
0
0
0
0
0
0
0
0
0
0
0
0
0
0
0
0
0
0
0
0
0
0
0
0
0
0
0
0
0
0
0
0
0
0
0
0
0
0
0
0
0
0
0
0
0
0
0
0
0
0
0
0
0
0
0
0
0
0
0
0
0
0
0
0
0
0
0
0
0
0
0
0
0
0
0
0
0
0
0
0
0
0
0
0
0
0
0
0
0
0
0
0
0
0
0
0
0
0
0
0
0
0
0
0
0
0
0
0
0
0
0
0
0
0
0
0
0
0
0
0
0
0
0
0
0
0
-1.860456e+08
-1.862496e+08
-1.883205e+08
-1.921356e+08
0
0
0
0
0
0
0
0
0
0
0
0
0
0
0
0
0
0
0
0
0
0
0
0
0
-1.840765e+08
-1.850706e+08
-1.879305e+08
0
0
0
0
0
0
0
0
0
0
0
0
0
0
0
0
0
0
0
0
0
0
0
0
0
-1.8318e+08
-1.849827e+08
0
0
0
0
0
0
0
0
0
0
0
0
0
0
0
0
0
0
0
0
0
0
0
0
0
-1.832485e+08
0
0
0
0
0
0
0
0
0
0
0
0
0
0
0
0
0
0
0
0
0
0
0
0
0
0
0
0
0
0
0
0
0
0
0
0
0
0
0
0
0
0
0
0
0
0
0
0
0
0
0
0
0
0
0
0
0
0
0
0
0
0
0
0
0
0
0
0
0
0
0
0
0
0
0
0
0
0
0
0
0
0
0
0
0
0
0
0
0
0
0
0
0
0
0
0
0
0
0
0
0
0
0
0
0
0
0
0
0
0
0
0
0
0
0
0
0
0
0
0
0
0
0
0
0
0
0
0
0
0
0
0
0
0
0
0
0
0
0
0
0
0
0
0
0
0
0
0
0
0
0
0
0
0
0
0
0
0
0
0
0
0
0
0
0
0
0
0
0
0
0
0
0
0
0
0
0
0
0
0
0
0
0
0
0
0
0
0
0
0
0
0
0
0
0
0
0
0
0
0
0
0
0
0
0
-1.837785e+08
-1.847579e+08
-1.876113e+08
0
0
0
0
0
0
0
0
0
0
0
0
0
0
0
0
0
0
0
0
0
0
0
0
0
-1.826092e+08
-1.843796e+08
0
0
0
0
0
0
0
0
0
0
0
0
0
0
0
0
0
0
0
0
0
0
0
0
0
-1.824993e+08
0
0
0
0
0
0
0
0
0
0
0
0
0
0
0
0
0
0
0
0
0
0
0
0
0
0
0
0
0
0
0
0
0
0
0
0
0
0
0
0
0
0
0
0
0
0
0
0
0
0
0
0
0
0
0
0
0
0
0
0
0
0
0
0
0
0
0
0
0
0
0
0
0
0
0
0
0
0
0
0
0
0
0
0
0
0
0
0
0
0
0
0
0
0
0
0
0
0
0
0
0
0
0
0
0
0
0
0
0
0
0
0
0
0
0
0
0
0
0
0
0
0
0
0
0
0
0
0
0
0
0
0
0
0
0
0
0
0
0
0
0
0
0
0
0
0
0
0
0
0
0
0
0
0
0
0
0
0
0
0
0
0
0
0
0
0
0
0
0
0
0
0
0
0
0
0
0
0
0
0
0
0
0
0
0
0
0
0
0
0
0
0
0
0
0
0
0
0
0
0
0
0
0
0
0
0
0
0
0
0
0
0
0
0
0
-1.823146e+08
-1.840685e+08
0
0
0
0
0
0
0
0
0
0
0
0
0
0
0
0
0
0
0
0
0
0
0
0
0
-1.819314e+08
0
0
0
0
0
0
0
0
0
0
0
0
0
0
0
0
0
0
0
0
0
0
0
0
0
0
0
0
0
0
0
0
0
0
0
0
0
0
0
0
0
0
0
0
0
0
0
0
0
0
0
0
0
0
0
0
0
0
0
0
0
0
0
0
0
0
0
0
0
0
0
0
0
0
0
0
0
0
0
0
0
0
0
0
0
0
0
0
0
0
0
0
0
0
0
0
0
0
0
0
0
0
0
0
0
0
0
0
0
0
0
0
0
0
0
0
0
0
0
0
0
0
0
0
0
0
0
0
0
0
0
0
0
0
0
0
0
0
0
0
0
0
0
0
0
0
0
0
0
0
0
0
0
0
0
0
0
0
0
0
0
0
0
0
0
0
0
0
0
0
0
0
0
0
0
0
0
0
0
0
0
0
0
0
0
0
0
0
0
0
0
0
0
0
0
0
0
0
0
0
0
0
0
0
0
0
0
0
0
0
0
0
0
0
0
0
0
0
0
0
0
0
0
0
0
-1.816383e+08
0
0
0
0
0
0
0
0
0
0
0
0
0
0
0
0
0
0
0
0
0
0
0
0
0
0
0
0
0
0
0
0
0
0
0
0
0
0
0
0
0
0
0
0
0
0
0
0
0
0
0
0
0
0
0
0
0
0
0
0
0
0
0
0
0
0
0
0
0
0
0
0
0
0
0
0
0
0
0
0
0
0
0
0
0
0
0
0
0
0
0
0
0
0
0
0
0
0
0
0
0
0
0
0
0
0
0
0
0
0
0
0
0
0
0
0
0
0
0
0
0
0
0
0
0
0
0
0
0
0
0
0
0
0
0
0
0
0
0
0
0
0
0
0
0
0
0
0
0
0
0
0
0
0
0
0
0
0
0
0
0
0
0
0
0
0
0
0
0
0
0
0
0
0
0
0
0
0
0
0
0
0
0
0
0
0
0
0
0
0
0
0
0
0
0
0
0
0
0
0
0
0
0
0
0
0
0
0
0
0
0
0
0
0
0
0
0
0
0
0
0
0
0
0
0
0
0
0
0
0
0
0
0
0
0
0
0
0
0
0
0
0
0
0
0
0
0
0
0
0
0
0
0
0
0
0
0
0
0
0
0
0
0
0
0
0
0
0
0
0
0
0
0
0
0
0
0
0
0
0
0
0
0
0
0
0
0
0
0
0
0
0
0
0
0
0
0
0
0
0
0
0
0
0
0
0
0
0
0
0
0
0
0
0
0
0
0
0
0
0
0
0
0
0
0
0
0
0
0
0
0
0
0
0
0
0
0
0
0
0
0
0
0
0
0
0
0
0
0
0
0
0
0
0
0
0
0
0
0
0
0
0
0
0
0
0
0
0
0
0
0
0
0
0
0
0
0
0
0
0
0
0
0
0
0
0
0
0
0
0
0
0
0
0
0
0
0
0
0
0
0
0
0
0
0
0
0
0
0
0
0
0
0
0
0
0
0
0
0
0
0
0
0
0
0
0
0
0
0
0
0
0
0
0
0
0
0
0
0
0
0
0
0
0
0
0
0
0
0
0
0
0
0
0
0
0
0
0
0
0
0
0
0
0
0
0
0
0
0
0
0
0
0
0
0
0
0
0
0
0
0
0
0
0
0
0
0
0
0
0
0
0
0
0
0
0
0
0
0
0
0
0
0
0
0
0
0
0
0
0
0
0
0
0
0
0
0
0
0
0
0
0
0
0
0
0
0
0
0
0
0
0
0
0
0
0
0
0
0
0
0
0
0
0
0
0
0
0
0
0
0
0
0
0
0
0
0
0
0
0
0
0
0
0
0
0
0
0
0
0
0
0
0
0
0
0
0
0
0
0
0
0
0
0
0
0
0
0
0
0
0
0
0
0
0
0
0
0
0
0
0
0
0
0
0
0
0
0
0
0
0
0
0
0
0
0
0
0
0
0
0
0
0
0
0
0
0
0
0
0
0
0
0
0
0
0
0
0
0
0
0
0
0
0
0
0
0
0
0
0
0
0
0
0
0
0
0
0
0
0
0
0
0
0
0
0
0
0
0
0
0
0
0
0
0
0
0
0
0
0
0
0
0
0
0
0
0
0
0
0
0
0
0
0
0
0
0
0
0
0
0
0
0
0
0
0
0
0
0
0
0
0
0
0
0
0
0
0
0
0
0
0
0
0
0
0
0
0
0
0
0
0
0
0
0
0
0
0
0
0
0
0
0
0
0
0
0
0
0
0
0
0
0
0
0
0
0
0
0
0
0
0
0
0
0
0
0
0
0
0
0
0
0
0
0
0
0
0
0
0
0
0
0
0
0
0
0
0
0
0
0
0
0
0
0
0
0
0
0
0
0
0
0
0
0
0
0
0
0
0
0
0
0
0
0
0
0
0
0
0
0
0
0
0
0
0
0
0
0
0
0
0
0
0
0
0
0
0
0
0
0
0
0
0
0
0
0
0
0
0
0
0
0
0
0
0
0
0
0
0
0
0
0
0
0
0
0
0
0
0
0
0
0
0
0
0
0
0
0
0
0
0
0
0
0
0
0
0
0
0
0
0
0
0
0
0
0
0
0
0
0
0
0
0
0
0
0
0
0
0
0
0
0
0
0
0
0
0
0
0
0
0
0
0
0
0
0
0
0
0
0
0
0
0
0
0
0
0
0
0
0
0
0
0
0
0
0
0
0
0
0
0
0
0
0
0
0
0
0
0
0
0
0
0
0
0
0
0
0
0
0
0
0
0
0
0
0
0
0
0
0
0
0
0
0
0
0
0
0
0
0
0
0
0
0
0
0
0
0
0
0
0
0
0
0
0
0
0
0
0
0
0
0
0
0
0
0
0
0
0
0
0
0
0
0
0
0
0
0
0
0
0
0
0
0
0
0
0
0
0
0
0
0
0
0
0
0
0
0
0
0
0
0
0
0
0
0
0
0
0
0
0
0
0
0
0
0
0
0
0
0
0
0
0
0
0
0
0
0
0
0
0
0
0
0
0
0
0
0
0
0
0
0
0
0
0
0
0
0
0
0
0
0
0
0
0
0
0
0
0
0
0
0
0
0
0
0
0
0
0
0
0
0
0
0
0
0
0
0
0
0
0
0
0
0
0
0
0
0
0
0
0
0
0
0
0
0
0
0
0
0
0
0
0
0
0
0
0
0
0
0
0
0
0
0
0
0
0
0
0
0
0
0
0
0
0
0
0
0
0
0
0
0
0
0
0
0
0
0
0
0
0
0
0
0
0
0
0
0
0
0
0
0
0
0
0
0
0
0
0
0
0
0
0
0
0
0
0
0
0
0
0
0
0
0
0
0
0
0
0
0
0
0
0
0
0
0
0
0
0
0
0
0
0
0
0
0
0
0
0
0
0
0
0
0
0
0
0
0
0
0
0
0
0
0
0
0
0
0
0
0
0
0
0
0
0
0
0
0
0
0
0
0
0
0
0
0
0
0
0
0
0
0
0
0
0
0
0
0
0
0
0
0
0
0
0
0
0
0
0
0
0
0
0
0
0
0
0
0
0
0
0
0
0
0
0
0
0
0
0
0
0
0
0
0
0
0
0
0
0
0
0
0
0
0
0
0
0
0
0
0
0
0
0
0
0
0
0
0
0
0
0
0
0
0
0
0
0
0
0
0
0
0
0
0
0
0
0
0
0
0
0
0
0
0
0
0
0
0
0
0
0
0
0
0
0
0
0
0
0
0
0
0
0
0
0
0
0
0
0
0
0
0
0
0
0
0
0
0
0
0
0
0
0
0
0
0
0
0
0
0
0
0
0
0
0
0
0
0
0
0
0
0
0
0
0
0
0
0
0
0
0
0
0
0
0
0
0
0
0
0
0
0
0
0
0
0
0
0
0
0
0
0
0
0
0
0
0
0
0
0
0
0
0
0
0
0
0
0
0
0
0
0
0
0
0
0
0
0
0
0
0
0
0
0
0
0
0
0
0
0
0
0
0
0
0
0
0
0
0
0
0
0
0
0
0
0
0
0
0
0
0
0
0
0
0
0
0
0
0
0
0
0
0
0
0
0
0
0
0
0
0
0
0
0
0
0
0
0
0
0
0
0
0
0
0
0
0
0
0
0
0
0
0
0
0
0
0
0
0
0
0
0
0
0
0
0
0
0
0
0
0
0
0
0
0
0
0
0
0
0
0
0
0
0
0
0
0
0
0
0
0
0
0
0
0
0
0
0
0
0
0
0
0
0
0
0
0
0
0
0
0
0
0
0
0
0
0
0
0
0
0
0
0
0
0
0
0
0
0
0
0
0
0
0
0
0
0
0
0
0
0
0
0
0
0
0
0
0
0
0
0
0
0
0
0
0
0
0
0
0
0
0
0
0
0
0
0
0
0
0
0
0
0
0
0
0
0
0
0
0
0
0
0
0
0
0
0
0
0
0
0
0
0
0
0
0
0
0
0
0
0
0
0
0
0
0
0
0
0
0
0
0
0
0
0
0
0
0
0
0
0
0
0
0
0
0
0
0
0
0
0
0
0
0
0
0
0
0
0
0
0
0
0
0
0
0
0
0
0
0
0
0
0
0
0
0
0
0
0
0
0
0
0
0
0
0
0
0
0
0
0
0
0
0
0
0
0
0
0
0
0
0
0
0
0
0
0
0
0
0
0
0
0
0
0
0
0
0
0
0
0
0
0
0
0
0
0
0
0
0
0
0
0
0
0
0
0
0
0
0
0
0
0
0
0
0
0
0
0
0
0
0
0
0
0
0
0
0
0
0
0
0
0
0
0
0
0
0
0
0
0
0
0
0
0
0
0
0
0
0
0
0
0
0
0
0
0
0
0
0
0
0
0
0
0
0
0
0
0
0
0
0
0
0
0
0
0
0
0
0
0
0
0
0
0
0
0
0
0
0
0
0
0
0
0
0
0
0
0
0
0
0
0
0
0
0
0
0
0
0
0
0
0
0
0
0
0
0
0
0
0
0
0
0
0
0
0
0
0
0
0
0
0
0
0
0
0
0
0
0
0
0
0
0
0
0
0
0
0
0
0
0
0
0
0
0
0
0
0
0
0
0
0
0
0
0
0
0
0
0
0
0
0
0
0
0
0
0
0
0
0
0
0
0
0
0
0
0
0
0
0
0
0
0
0
0
0
0
0
0
0
0
0
0
0
0
0
0
0
0
0
0
0
0
0
0
0
0
0
0
0
0
0
0
0
0
0
0
0
0
0
0
0
0
0
0
0
0
0
0
0
0
0
0
0
0
0
0
0
0
0
0
0
0
0
0
0
0
0
0
0
0
0
0
0
0
0
0
0
0
0
0
0
0
0
0
0
0
0
0
0
0
0
0
0
0
0
0
0
0
0
0
0
0
0
0
0
0
0
0
0
0
0
0
0
0
0
0
0
0
0
0
0
0
0
0
0
0
0
0
0
0
0
0
0
0
0
0
0
0
0
0
0
0
0
0
0
0
0
0
0
0
0
0
0
0
0
0
0
0
0
0
0
0
0
0
0
0
0
0
0
0
0
0
0
0
0
0
0
0
0
0
0
0
0
0
0
0
0
0
0
0
0
0
0
0
0
0
0
0
0
0
0
0
0
0
0
0
0
0
0
0
0
0
0
0
0
0
0
0
0
0
0
0
0
0
0
0
0
0
0
0
0
0
0
0
0
0
0
0
0
0
0
0
0
0
0
0
0
0
0
0
0
0
0
0
0
0
0
0
0
0
0
0
0
0
0
0
0
0
0
0
0
0
0
0
0
0
0
0
0
0
0
0
0
0
0
0
0
0
0
0
0
0
0
0
0
0
0
0
0
0
0
0
0
0
0
0
0
0
0
0
0
0
0
0
0
0
0
0
0
0
0
0
0
0
0
0
0
0
0
0
0
0
0
0
0
0
0
0
0
0
0
0
0
0
0
0
0
0
0
0
0
0
0
0
0
0
0
0
0
0
0
0
0
0
0
0
0
0
0
0
0
0
0
0
0
0
0
0
0
0
0
0
0
0
0
0
0
0
0
0
0
0
0
0
0
0
0
0
0
0
0
0
0
0
0
0
0
0
0
0
0
0
0
0
0
0
0
0
0
0
0
0
0
0
0
0
0
0
0
0
0
0
0
0
0
0
0
0
0
0
0
0
0
0
0
0
0
0
0
0
0
0
0
0
0
0
0
0
0
0
0
0
0
0
0
0
0
0
0
0
0
0
0
0
0
0
0
0
0
0
0
0
0
0
0
0
0
0
0
0
0
0
)
;

boundaryField
{
    interconnectSides
    {
        type            zeroGradient;
    }
    anodeSides
    {
        type            zeroGradient;
    }
    interconnect1
    {
        type            zeroGradient;
    }
    phiEA_to_phiE0
    {
        type            zeroGradient;
    }
}


// ************************************************************************* //
