/*--------------------------------*- C++ -*----------------------------------*\
| =========                 |                                                 |
| \\      /  F ield         | OpenFOAM: The Open Source CFD Toolbox           |
|  \\    /   O peration     | Version:  2306                                  |
|   \\  /    A nd           | Website:  www.openfoam.com                      |
|    \\/     M anipulation  |                                                 |
\*---------------------------------------------------------------------------*/
FoamFile
{
    version     2.0;
    format      ascii;
    arch        "LSB;label=32;scalar=64";
    class       volScalarField;
    location    "0.9/fuel";
    object      j;
}
// * * * * * * * * * * * * * * * * * * * * * * * * * * * * * * * * * * * * * //

dimensions      [0 -3 0 0 0 1 0];

internalField   nonuniform List<scalar> 
16000
(
9.75223e+08
9.831533e+08
8.894939e+08
9.350846e+08
9.991471e+08
8.944939e+08
9.424596e+08
8.15578e+08
8.550996e+08
9.066894e+08
1.023297e+09
9.043014e+08
9.573231e+08
8.193428e+08
8.597731e+08
9.136933e+08
7.558442e+08
7.85847e+08
8.305706e+08
8.892001e+08
1.054813e+09
9.184251e+08
9.79747e+08
8.266353e+08
8.689354e+08
9.278058e+08
7.589092e+08
7.893814e+08
8.350207e+08
8.959977e+08
7.060122e+08
7.296859e+08
7.645194e+08
8.152554e+08
8.815689e+08
1.08886e+09
9.35564e+08
1.00898e+09
8.369119e+08
8.821221e+08
9.49094e+08
7.648029e+08
7.962242e+08
8.437428e+08
9.096981e+08
7.086094e+08
7.325735e+08
7.678938e+08
8.195749e+08
8.883021e+08
6.631321e+08
6.826959e+08
7.108448e+08
7.510793e+08
8.08341e+08
0
1.114581e+09
9.522633e+08
1.040521e+09
8.489436e+08
8.981134e+08
9.768513e+08
7.730021e+08
8.058624e+08
8.562937e+08
9.303784e+08
7.135798e+08
7.381236e+08
7.744249e+08
8.280413e+08
9.018823e+08
6.653871e+08
6.851501e+08
7.136082e+08
7.543574e+08
8.126101e+08
0
6.254778e+08
6.42156e+08
6.658509e+08
6.988998e+08
7.448894e+08
0
0
1.130815e+09
9.635071e+08
1.06426e+09
8.600148e+08
9.136808e+08
1.006811e+09
7.823919e+08
8.171401e+08
8.715133e+08
9.573806e+08
7.204357e+08
7.458413e+08
7.836222e+08
8.402275e+08
9.224089e+08
6.696886e+08
6.89845e+08
7.189177e+08
7.607019e+08
8.209807e+08
0
6.274694e+08
6.442925e+08
6.682044e+08
7.015872e+08
7.481269e+08
0
0
5.918938e+08
6.06473e+08
6.269656e+08
6.551264e+08
6.933366e+08
0
0
0
1.140028e+09
9.697245e+08
1.079193e+09
8.668573e+08
9.241334e+08
1.029298e+09
7.90722e+08
8.275087e+08
8.86328e+08
9.865842e+08
7.281689e+08
7.546741e+08
7.943818e+08
8.550138e+08
9.492779e+08
6.755853e+08
6.963176e+08
7.262991e+08
7.696369e+08
8.330363e+08
0
6.312599e+08
6.483663e+08
6.727051e+08
7.067503e+08
7.543938e+08
0
0
5.936749e+08
6.083645e+08
6.290182e+08
6.574177e+08
6.959907e+08
0
0
0
5.616009e+08
5.745788e+08
5.926836e+08
6.172643e+08
6.500976e+08
0
0
0
0
1.144162e+09
9.728498e+08
1.087646e+09
8.701464e+08
9.29899e+08
1.043413e+09
7.955744e+08
8.339008e+08
8.962488e+08
1.008468e+09
7.348569e+08
7.625024e+08
8.042699e+08
8.694177e+08
9.784391e+08
6.821626e+08
7.036137e+08
7.347444e+08
7.800924e+08
8.476818e+08
0
6.364316e+08
6.53948e+08
6.789083e+08
7.139277e+08
7.632224e+08
0
0
5.970591e+08
6.119628e+08
6.329309e+08
6.617988e+08
7.0109e+08
0
0
0
5.632094e+08
5.762739e+08
5.945038e+08
6.192647e+08
6.52361e+08
0
0
0
0
5.340312e+08
5.457528e+08
5.61995e+08
5.838556e+08
6.126954e+08
0
0
0
0
0
1.144162e+09
9.741334e+08
1.091434e+09
8.715078e+08
9.327921e+08
1.051393e+09
7.976458e+08
8.369653e+08
9.017105e+08
1.022193e+09
7.385889e+08
7.670504e+08
8.10348e+08
8.790395e+08
1.00028e+09
6.877434e+08
7.099165e+08
7.422239e+08
7.897019e+08
8.619691e+08
0
6.421506e+08
6.601696e+08
6.858978e+08
7.2214e+08
7.735601e+08
0
0
6.016592e+08
6.168698e+08
6.382901e+08
6.678367e+08
7.081801e+08
0
0
0
5.662623e+08
5.794934e+08
5.979656e+08
6.230774e+08
6.566889e+08
0
0
0
0
5.354953e+08
5.472866e+08
5.636288e+08
5.856314e+08
6.146722e+08
0
0
0
0
0
5.08764e+08
5.194694e+08
5.34219e+08
5.539234e+08
5.79686e+08
0
0
0
0
0
0
1.140028e+09
9.741334e+08
1.091434e+09
8.71962e+08
9.339791e+08
1.054967e+09
7.983231e+08
8.382304e+08
9.04449e+08
1.029954e+09
7.400301e+08
7.689853e+08
8.132542e+08
8.843303e+08
1.013987e+09
6.907557e+08
7.134233e+08
7.465549e+08
7.955897e+08
8.714919e+08
0
6.469315e+08
6.654417e+08
6.919298e+08
7.294104e+08
7.830654e+08
0
0
6.067107e+08
6.222919e+08
6.442607e+08
6.746392e+08
7.162951e+08
0
0
0
5.703996e+08
5.838675e+08
6.02685e+08
6.282991e+08
6.62654e+08
0
0
0
0
5.382717e+08
5.501966e+08
5.66731e+08
5.890081e+08
6.184398e+08
0
0
0
0
0
5.101051e+08
5.208681e+08
5.356996e+08
5.555188e+08
5.814415e+08
0
0
0
0
0
0
4.854712e+08
4.953395e+08
5.088592e+08
5.268095e+08
5.501037e+08
0
0
0
0
0
0
0
1.130815e+09
9.728498e+08
1.087646e+09
8.71962e+08
9.339791e+08
1.054967e+09
7.984699e+08
8.386514e+08
9.055725e+08
1.03343e+09
7.403826e+08
7.696143e+08
8.144513e+08
8.86984e+08
1.021748e+09
6.918206e+08
7.147712e+08
7.483901e+08
7.983975e+08
8.767253e+08
0
6.494434e+08
6.682783e+08
6.952738e+08
7.336042e+08
7.888691e+08
0
0
6.108832e+08
6.268182e+08
6.493144e+08
6.805058e+08
7.234782e+08
0
0
0
5.74917e+08
5.886668e+08
6.078968e+08
6.341153e+08
6.693756e+08
0
0
0
0
5.42025e+08
5.541382e+08
5.709442e+08
5.936108e+08
6.236e+08
0
0
0
0
0
5.126472e+08
5.235193e+08
5.385075e+08
5.585476e+08
5.847795e+08
0
0
0
0
0
0
4.867064e+08
4.966228e+08
5.10211e+08
5.282565e+08
5.516815e+08
0
0
0
0
0
0
0
4.638939e+08
4.730589e+08
4.855476e+08
5.020342e+08
5.232986e+08
0
0
0
0
0
0
0
0
1.114581e+09
9.697245e+08
1.079193e+09
8.715078e+08
9.327921e+08
1.051393e+09
7.984699e+08
8.386514e+08
9.055725e+08
1.03343e+09
7.40393e+08
7.697489e+08
8.14849e+08
8.880738e+08
1.02523e+09
6.919959e+08
7.150965e+08
7.489828e+08
7.995523e+08
8.793538e+08
0
6.502631e+08
6.692748e+08
6.965518e+08
7.353731e+08
7.916293e+08
0
0
6.130264e+08
6.291881e+08
6.520226e+08
6.837439e+08
7.276034e+08
0
0
0
5.786117e+08
5.926249e+08
6.12242e+08
6.390337e+08
6.751692e+08
0
0
0
0
5.461034e+08
5.584384e+08
5.755644e+08
5.986925e+08
6.293481e+08
0
0
0
0
0
5.160765e+08
5.271016e+08
5.423097e+08
5.626605e+08
5.893297e+08
0
0
0
0
0
0
4.89047e+08
4.990543e+08
5.127727e+08
5.310004e+08
5.546767e+08
0
0
0
0
0
0
0
4.650367e+08
4.742426e+08
4.867895e+08
5.033564e+08
5.247301e+08
0
0
0
0
0
0
0
0
4.438254e+08
4.523875e+08
4.63997e+08
4.792423e+08
4.987977e+08
0
0
0
0
0
0
0
0
0
1.08886e+09
9.635071e+08
1.06426e+09
8.701464e+08
9.29899e+08
1.043413e+09
7.983231e+08
8.382304e+08
9.04449e+08
1.029954e+09
7.40393e+08
7.697489e+08
8.14849e+08
8.880738e+08
1.02523e+09
6.919378e+08
7.151031e+08
7.491079e+08
7.999357e+08
8.804354e+08
0
6.503331e+08
6.694338e+08
6.968555e+08
7.359409e+08
7.927635e+08
0
0
6.136752e+08
6.299552e+08
6.529668e+08
6.849735e+08
7.293346e+08
0
0
0
5.804731e+08
5.946503e+08
6.145073e+08
6.416571e+08
6.783511e+08
0
0
0
0
5.494116e+08
5.619497e+08
5.793695e+08
6.029246e+08
6.342051e+08
0
0
0
0
0
5.197877e+08
5.309909e+08
5.464552e+08
5.671694e+08
5.943534e+08
0
0
0
0
0
0
4.92199e+08
5.023329e+08
5.162328e+08
5.347153e+08
5.587442e+08
0
0
0
0
0
0
0
4.672021e+08
4.76485e+08
4.891418e+08
5.058619e+08
5.274448e+08
0
0
0
0
0
0
0
0
4.448869e+08
4.534844e+08
4.651438e+08
4.80458e+08
5.001063e+08
0
0
0
0
0
0
0
0
0
4.250965e+08
4.33134e+08
4.439802e+08
4.581565e+08
4.76251e+08
0
0
0
0
0
0
0
0
0
0
1.054813e+09
9.522633e+08
1.040521e+09
8.668573e+08
9.241334e+08
1.029298e+09
7.976458e+08
8.369653e+08
9.017105e+08
1.022193e+09
7.403826e+08
7.696143e+08
8.144513e+08
8.86984e+08
1.021748e+09
6.919378e+08
7.151031e+08
7.491079e+08
7.999357e+08
8.804354e+08
0
6.502382e+08
6.693757e+08
6.968583e+08
7.360589e+08
7.9314e+08
0
0
6.136784e+08
6.30015e+08
6.53112e+08
6.852607e+08
7.298863e+08
0
0
0
5.809984e+08
5.952574e+08
6.152336e+08
6.42564e+08
6.795504e+08
0
0
0
0
5.510505e+08
5.637118e+08
5.813078e+08
6.0512e+08
6.367817e+08
0
0
0
0
0
5.227772e+08
5.341402e+08
5.498352e+08
5.708783e+08
5.985332e+08
0
0
0
0
0
0
4.955983e+08
5.058779e+08
5.199871e+08
5.387644e+08
5.632032e+08
0
0
0
0
0
0
0
4.701141e+08
4.795031e+08
4.923125e+08
5.092454e+08
5.311201e+08
0
0
0
0
0
0
0
0
4.468987e+08
4.55562e+08
4.673156e+08
4.827605e+08
5.025859e+08
0
0
0
0
0
0
0
0
0
4.260859e+08
4.341542e+08
4.45044e+08
4.5928e+08
4.774546e+08
0
0
0
0
0
0
0
0
0
0
4.075638e+08
4.151411e+08
4.253165e+08
4.385577e+08
4.553853e+08
0
0
0
0
0
0
0
0
0
0
1.023297e+09
9.35564e+08
1.00898e+09
8.600148e+08
9.136808e+08
1.006811e+09
7.955744e+08
8.339008e+08
8.962488e+08
1.008468e+09
7.400301e+08
7.689853e+08
8.132542e+08
8.843303e+08
1.013987e+09
6.919959e+08
7.150965e+08
7.489828e+08
7.995523e+08
8.793538e+08
0
6.502382e+08
6.693757e+08
6.968583e+08
7.360589e+08
7.9314e+08
0
0
6.135629e+08
6.299219e+08
6.530528e+08
6.852599e+08
7.299993e+08
0
0
0
5.809581e+08
5.952541e+08
6.152841e+08
6.426977e+08
6.798252e+08
0
0
0
0
5.514831e+08
5.642029e+08
5.81882e+08
6.058166e+08
6.376641e+08
0
0
0
0
0
5.242369e+08
5.35694e+08
5.515233e+08
5.727579e+08
6.006894e+08
0
0
0
0
0
0
4.983205e+08
5.087284e+08
5.230225e+08
5.420616e+08
5.668673e+08
0
0
0
0
0
0
0
4.732453e+08
4.827552e+08
4.957387e+08
5.129153e+08
5.351258e+08
0
0
0
0
0
0
0
0
4.496005e+08
4.583544e+08
4.702379e+08
4.858634e+08
5.059347e+08
0
0
0
0
0
0
0
0
0
4.279614e+08
4.36087e+08
4.470585e+08
4.614074e+08
4.797342e+08
0
0
0
0
0
0
0
0
0
0
4.084885e+08
4.160931e+08
4.263069e+08
4.396005e+08
4.56498e+08
0
0
0
0
0
0
0
0
0
0
3.911076e+08
3.982756e+08
4.07857e+08
4.202712e+08
4.35985e+08
0
0
0
0
0
0
0
0
0
0
9.991471e+08
9.184251e+08
9.79747e+08
8.489436e+08
8.981134e+08
9.768513e+08
7.90722e+08
8.275087e+08
8.86328e+08
9.865842e+08
7.385889e+08
7.670504e+08
8.10348e+08
8.790395e+08
1.00028e+09
6.918206e+08
7.147712e+08
7.483901e+08
7.983975e+08
8.767253e+08
0
6.503331e+08
6.694338e+08
6.968555e+08
7.359409e+08
7.927635e+08
0
0
6.135629e+08
6.299219e+08
6.530528e+08
6.852599e+08
7.299993e+08
0
0
0
5.808315e+08
5.951414e+08
6.151914e+08
6.426367e+08
6.798207e+08
0
0
0
0
5.514137e+08
5.641586e+08
5.818724e+08
6.058588e+08
6.37788e+08
0
0
0
0
0
5.245985e+08
5.360982e+08
5.519875e+08
5.733078e+08
6.013656e+08
0
0
0
0
0
0
4.996331e+08
5.101142e+08
5.245127e+08
5.436996e+08
5.687134e+08
0
0
0
0
0
0
0
4.757405e+08
4.853549e+08
4.984893e+08
5.158787e+08
5.383842e+08
0
0
0
0
0
0
0
0
4.524985e+08
4.613544e+08
4.733846e+08
4.892152e+08
5.095667e+08
0
0
0
0
0
0
0
0
0
4.304775e+08
4.386815e+08
4.497651e+08
4.642693e+08
4.828063e+08
0
0
0
0
0
0
0
0
0
0
4.102422e+08
4.178974e+08
4.281829e+08
4.415751e+08
4.58605e+08
0
0
0
0
0
0
0
0
0
0
3.919745e+08
3.991665e+08
4.087822e+08
4.212428e+08
4.370181e+08
0
0
0
0
0
0
0
0
0
0
3.756276e+08
3.824263e+08
3.914759e+08
4.031536e+08
4.178781e+08
0
0
0
0
0
0
0
0
0
0
9.831533e+08
9.043014e+08
9.573231e+08
8.369119e+08
8.821221e+08
9.49094e+08
7.823919e+08
8.171401e+08
8.715133e+08
9.573806e+08
7.348569e+08
7.625024e+08
8.042699e+08
8.694177e+08
9.784391e+08
6.907557e+08
7.134233e+08
7.465549e+08
7.955897e+08
8.714919e+08
0
6.502631e+08
6.692748e+08
6.965518e+08
7.353731e+08
7.916293e+08
0
0
6.136784e+08
6.30015e+08
6.53112e+08
6.852607e+08
7.298863e+08
0
0
0
5.808315e+08
5.951414e+08
6.151914e+08
6.426367e+08
6.798207e+08
0
0
0
0
5.512816e+08
5.640351e+08
5.817608e+08
6.057652e+08
6.377242e+08
0
0
0
0
0
5.2451e+08
5.360264e+08
5.519387e+08
5.732919e+08
6.013999e+08
0
0
0
0
0
0
4.999395e+08
5.104518e+08
5.248943e+08
5.441435e+08
5.692462e+08
0
0
0
0
0
0
0
4.769309e+08
4.866027e+08
4.998198e+08
5.173256e+08
5.399934e+08
0
0
0
0
0
0
0
0
4.547983e+08
4.637407e+08
4.75896e+08
4.919026e+08
5.124962e+08
0
0
0
0
0
0
0
0
0
4.331702e+08
4.414618e+08
4.526711e+08
4.6735e+08
4.861247e+08
0
0
0
0
0
0
0
0
0
0
4.125929e+08
4.203167e+08
4.307002e+08
4.442277e+08
4.614395e+08
0
0
0
0
0
0
0
0
0
0
3.936195e+08
4.008556e+08
4.105351e+08
4.230828e+08
4.389744e+08
0
0
0
0
0
0
0
0
0
0
3.764424e+08
3.832624e+08
3.923423e+08
4.040617e+08
4.188409e+08
0
0
0
0
0
0
0
0
0
0
3.610363e+08
3.674998e+08
3.760675e+08
3.870833e+08
4.009236e+08
0
0
0
0
0
0
0
0
0
0
9.75223e+08
8.944939e+08
9.424596e+08
8.266353e+08
8.689354e+08
9.278058e+08
7.730021e+08
8.058624e+08
8.562937e+08
9.303784e+08
7.281689e+08
7.546741e+08
7.943818e+08
8.550138e+08
9.492779e+08
6.877434e+08
7.099165e+08
7.422239e+08
7.897019e+08
8.619691e+08
0
6.494434e+08
6.682783e+08
6.952738e+08
7.336042e+08
7.888691e+08
0
0
6.136752e+08
6.299552e+08
6.529668e+08
6.849735e+08
7.293346e+08
0
0
0
5.809581e+08
5.952541e+08
6.152841e+08
6.426977e+08
6.798252e+08
0
0
0
0
5.512816e+08
5.640351e+08
5.817608e+08
6.057652e+08
6.377242e+08
0
0
0
0
0
5.243759e+08
5.358975e+08
5.518168e+08
5.731801e+08
6.013043e+08
0
0
0
0
0
0
4.998387e+08
5.103619e+08
5.248193e+08
5.4409e+08
5.69224e+08
0
0
0
0
0
0
0
4.77194e+08
4.868886e+08
5.001383e+08
5.1769e+08
5.404228e+08
0
0
0
0
0
0
0
0
4.558852e+08
4.648738e+08
4.770953e+08
4.931953e+08
5.139181e+08
0
0
0
0
0
0
0
0
0
4.352994e+08
4.436642e+08
4.549788e+08
4.698054e+08
4.887823e+08
0
0
0
0
0
0
0
0
0
0
4.151042e+08
4.229033e+08
4.333962e+08
4.470747e+08
4.644906e+08
0
0
0
0
0
0
0
0
0
0
3.958229e+08
4.031186e+08
4.128847e+08
4.255515e+08
4.416025e+08
0
0
0
0
0
0
0
0
0
0
3.779894e+08
3.848486e+08
3.939848e+08
4.057821e+08
4.206645e+08
0
0
0
0
0
0
0
0
0
0
3.618035e+08
3.682865e+08
3.768814e+08
3.879342e+08
4.018238e+08
0
0
0
0
0
0
0
0
0
0
3.472549e+08
3.534147e+08
3.615437e+08
3.719583e+08
3.850018e+08
0
0
0
0
0
0
0
0
0
0
8.894939e+08
9.350846e+08
8.193428e+08
8.597731e+08
9.136933e+08
7.648029e+08
7.962242e+08
8.437428e+08
9.096981e+08
7.204357e+08
7.458413e+08
7.836222e+08
8.402275e+08
9.224089e+08
6.821626e+08
7.036137e+08
7.347444e+08
7.800924e+08
8.476818e+08
0
6.469315e+08
6.654417e+08
6.919298e+08
7.294104e+08
7.830654e+08
0
0
6.130264e+08
6.291881e+08
6.520226e+08
6.837439e+08
7.276034e+08
0
0
0
5.809984e+08
5.952574e+08
6.152336e+08
6.42564e+08
6.795504e+08
0
0
0
0
5.514137e+08
5.641586e+08
5.818724e+08
6.058588e+08
6.37788e+08
0
0
0
0
0
5.243759e+08
5.358975e+08
5.518168e+08
5.731801e+08
6.013043e+08
0
0
0
0
0
0
4.99705e+08
5.102311e+08
5.246922e+08
5.439682e+08
5.691105e+08
0
0
0
0
0
0
0
4.770857e+08
4.86787e+08
5.000461e+08
5.176113e+08
5.40364e+08
0
0
0
0
0
0
0
0
4.561136e+08
4.651191e+08
4.773646e+08
4.93499e+08
5.1427e+08
0
0
0
0
0
0
0
0
0
4.362976e+08
4.447002e+08
4.56069e+08
4.709714e+08
4.900531e+08
0
0
0
0
0
0
0
0
0
0
4.170846e+08
4.24945e+08
4.355283e+08
4.493326e+08
4.669197e+08
0
0
0
0
0
0
0
0
0
0
0
3.981733e+08
4.05534e+08
4.153953e+08
4.281946e+08
4.44423e+08
0
0
0
0
0
0
0
0
0
0
3.800604e+08
3.869723e+08
3.961846e+08
4.080878e+08
4.231112e+08
0
0
0
0
0
0
0
0
0
0
3.632614e+08
3.697799e+08
3.784251e+08
3.895472e+08
4.035293e+08
0
0
0
0
0
0
0
0
0
0
3.47979e+08
3.541562e+08
3.623101e+08
3.727581e+08
3.858456e+08
0
0
0
0
0
0
0
0
0
0
3.342168e+08
3.400974e+08
3.478272e+08
3.576936e+08
3.700124e+08
0
0
0
0
0
0
0
0
0
0
8.15578e+08
8.550996e+08
9.066894e+08
7.589092e+08
7.893814e+08
8.350207e+08
8.959977e+08
7.135798e+08
7.381236e+08
7.744249e+08
8.280413e+08
9.018823e+08
6.755853e+08
6.963176e+08
7.262991e+08
7.696369e+08
8.330363e+08
0
6.421506e+08
6.601696e+08
6.858978e+08
7.2214e+08
7.735601e+08
0
0
6.108832e+08
6.268182e+08
6.493144e+08
6.805058e+08
7.234782e+08
0
0
0
5.804731e+08
5.946503e+08
6.145073e+08
6.416571e+08
6.783511e+08
0
0
0
0
5.514831e+08
5.642029e+08
5.81882e+08
6.058166e+08
6.376641e+08
0
0
0
0
0
5.2451e+08
5.360264e+08
5.519387e+08
5.732919e+08
6.013999e+08
0
0
0
0
0
0
4.99705e+08
5.102311e+08
5.246922e+08
5.439682e+08
5.691105e+08
0
0
0
0
0
0
0
4.769542e+08
4.866565e+08
4.999171e+08
5.174845e+08
5.402409e+08
0
0
0
0
0
0
0
0
4.56001e+08
4.650105e+08
4.772614e+08
4.934038e+08
5.141869e+08
0
0
0
0
0
0
0
0
0
4.36498e+08
4.449129e+08
4.562999e+08
4.712279e+08
4.903459e+08
0
0
0
0
0
0
0
0
0
0
4.180072e+08
4.258976e+08
4.36526e+08
4.503932e+08
4.680663e+08
0
0
0
0
0
0
0
0
0
0
0
4.000227e+08
4.074353e+08
4.173737e+08
4.302821e+08
4.466576e+08
0
0
0
0
0
0
0
0
0
0
0
0
3.822665e+08
3.892356e+08
3.985312e+08
4.105506e+08
4.257306e+08
0
0
0
0
0
0
0
0
0
0
3.65212e+08
3.717781e+08
3.804913e+08
3.917072e+08
4.058151e+08
0
0
0
0
0
0
0
0
0
0
3.493561e+08
3.55565e+08
3.637647e+08
3.74275e+08
3.87445e+08
0
0
0
0
0
0
0
0
0
0
3.349014e+08
3.407979e+08
3.485501e+08
3.584471e+08
3.708057e+08
0
0
0
0
0
0
0
0
0
0
3.218627e+08
3.274856e+08
3.348481e+08
3.442146e+08
3.558718e+08
0
0
0
0
0
0
0
0
0
0
7.558442e+08
7.85847e+08
8.305706e+08
8.892001e+08
7.086094e+08
7.325735e+08
7.678938e+08
8.195749e+08
8.883021e+08
6.696886e+08
6.89845e+08
7.189177e+08
7.607019e+08
8.209807e+08
0
6.364316e+08
6.53948e+08
6.789083e+08
7.139277e+08
7.632224e+08
0
0
6.067107e+08
6.222919e+08
6.442607e+08
6.746392e+08
7.162951e+08
0
0
0
5.786117e+08
5.926249e+08
6.12242e+08
6.390337e+08
6.751692e+08
0
0
0
0
5.510505e+08
5.637118e+08
5.813078e+08
6.0512e+08
6.367817e+08
0
0
0
0
0
5.245985e+08
5.360982e+08
5.519875e+08
5.733078e+08
6.013656e+08
0
0
0
0
0
0
4.998387e+08
5.103619e+08
5.248193e+08
5.4409e+08
5.69224e+08
0
0
0
0
0
0
0
4.769542e+08
4.866565e+08
4.999171e+08
5.174845e+08
5.402409e+08
0
0
0
0
0
0
0
0
4.558724e+08
4.64882e+08
4.771327e+08
4.932753e+08
5.140591e+08
0
0
0
0
0
0
0
0
0
4.363838e+08
4.448003e+08
4.561901e+08
4.711223e+08
4.90247e+08
0
0
0
0
0
0
0
0
0
0
4.181853e+08
4.260842e+08
4.36726e+08
4.506128e+08
4.683133e+08
0
0
0
0
0
0
0
0
0
0
0
4.008798e+08
4.083168e+08
4.18292e+08
4.312533e+08
4.47701e+08
0
0
0
0
0
0
0
0
0
0
0
0
3.839988e+08
3.910131e+08
4.003753e+08
4.124889e+08
4.277972e+08
0
0
0
0
0
0
0
0
0
0
0
0
0
3.672876e+08
3.739047e+08
3.82692e+08
3.940104e+08
4.082566e+08
0
0
0
0
0
0
0
0
0
0
3.51198e+08
3.574489e+08
3.657104e+08
3.763049e+08
3.89587e+08
0
0
0
0
0
0
0
0
0
0
3.362045e+08
3.421298e+08
3.499233e+08
3.598771e+08
3.723103e+08
0
0
0
0
0
0
0
0
0
0
3.225112e+08
3.281485e+08
3.355315e+08
3.449257e+08
3.566194e+08
0
0
0
0
0
0
0
0
0
0
3.101447e+08
3.15524e+08
3.225473e+08
3.314536e+08
3.425066e+08
0
0
0
0
0
0
0
0
0
0
7.060122e+08
7.296859e+08
7.645194e+08
8.152554e+08
8.815689e+08
6.653871e+08
6.851501e+08
7.136082e+08
7.543574e+08
8.126101e+08
0
6.312599e+08
6.483663e+08
6.727051e+08
7.067503e+08
7.543938e+08
0
0
6.016592e+08
6.168698e+08
6.382901e+08
6.678367e+08
7.081801e+08
0
0
0
5.74917e+08
5.886668e+08
6.078968e+08
6.341153e+08
6.693756e+08
0
0
0
0
5.494116e+08
5.619497e+08
5.793695e+08
6.029246e+08
6.342051e+08
0
0
0
0
0
5.242369e+08
5.35694e+08
5.515233e+08
5.727579e+08
6.006894e+08
0
0
0
0
0
0
4.999395e+08
5.104518e+08
5.248943e+08
5.441435e+08
5.692462e+08
0
0
0
0
0
0
0
4.770857e+08
4.86787e+08
5.000461e+08
5.176113e+08
5.40364e+08
0
0
0
0
0
0
0
0
4.558724e+08
4.64882e+08
4.771327e+08
4.932753e+08
5.140591e+08
0
0
0
0
0
0
0
0
0
4.36259e+08
4.446746e+08
4.560633e+08
4.709942e+08
4.901177e+08
0
0
0
0
0
0
0
0
0
0
4.180715e+08
4.259701e+08
4.366125e+08
4.505011e+08
4.682044e+08
0
0
0
0
0
0
0
0
0
0
0
4.010399e+08
4.084825e+08
4.184672e+08
4.314433e+08
4.479122e+08
0
0
0
0
0
0
0
0
0
0
0
0
3.847982e+08
3.918331e+08
4.012258e+08
4.133834e+08
4.28753e+08
0
0
0
0
0
0
0
0
0
0
0
0
0
3.689154e+08
3.755717e+08
3.844176e+08
3.958182e+08
4.101761e+08
0
0
0
0
0
0
0
0
0
0
0
0
0
0
3.531561e+08
3.594519e+08
3.677799e+08
3.784662e+08
3.91871e+08
0
0
0
0
0
0
0
0
0
0
3.379471e+08
3.439105e+08
3.517592e+08
3.617897e+08
3.743238e+08
0
0
0
0
0
0
0
0
0
0
3.23747e+08
3.294101e+08
3.368309e+08
3.462764e+08
3.580382e+08
0
0
0
0
0
0
0
0
0
0
3.107601e+08
3.161525e+08
3.231945e+08
3.321262e+08
3.432123e+08
0
0
0
0
0
0
0
0
0
0
2.990159e+08
3.041678e+08
3.108723e+08
3.193536e+08
3.298503e+08
0
0
0
0
0
0
0
0
0
0
6.631321e+08
6.826959e+08
7.108448e+08
7.510793e+08
8.08341e+08
0
6.274694e+08
6.442925e+08
6.682044e+08
7.015872e+08
7.481269e+08
0
0
5.970591e+08
6.119628e+08
6.329309e+08
6.617988e+08
7.0109e+08
0
0
0
5.703996e+08
5.838675e+08
6.02685e+08
6.282991e+08
6.62654e+08
0
0
0
0
5.461034e+08
5.584384e+08
5.755644e+08
5.986925e+08
6.293481e+08
0
0
0
0
0
5.227772e+08
5.341402e+08
5.498352e+08
5.708783e+08
5.985332e+08
0
0
0
0
0
0
4.996331e+08
5.101142e+08
5.245127e+08
5.436996e+08
5.687134e+08
0
0
0
0
0
0
0
4.77194e+08
4.868886e+08
5.001383e+08
5.1769e+08
5.404228e+08
0
0
0
0
0
0
0
0
4.56001e+08
4.650105e+08
4.772614e+08
4.934038e+08
5.141869e+08
0
0
0
0
0
0
0
0
0
4.36259e+08
4.446746e+08
4.560633e+08
4.709942e+08
4.901177e+08
0
0
0
0
0
0
0
0
0
0
4.17951e+08
4.25848e+08
4.364885e+08
4.503749e+08
4.680757e+08
0
0
0
0
0
0
0
0
0
0
0
4.009278e+08
4.08369e+08
4.183525e+08
4.313282e+08
4.477976e+08
0
0
0
0
0
0
0
0
0
0
0
0
3.849431e+08
3.91982e+08
4.013814e+08
4.135497e+08
4.289355e+08
0
0
0
0
0
0
0
0
0
0
0
0
0
3.696643e+08
3.763372e+08
3.852094e+08
3.966473e+08
4.110568e+08
0
0
0
0
0
0
0
0
0
0
0
0
0
0
3.546901e+08
3.610199e+08
3.693996e+08
3.801588e+08
3.936619e+08
0
0
0
0
0
0
0
0
0
0
0
0
0
0
0
3.397984e+08
3.45802e+08
3.537099e+08
3.638233e+08
3.764676e+08
0
0
0
0
0
0
0
0
0
0
3.25399e+08
3.310963e+08
3.385674e+08
3.480819e+08
3.599358e+08
0
0
0
0
0
0
0
0
0
0
3.119339e+08
3.173499e+08
3.244261e+08
3.334048e+08
3.445527e+08
0
0
0
0
0
0
0
0
0
0
2.996008e+08
3.047647e+08
3.114863e+08
3.199908e+08
3.305179e+08
0
0
0
0
0
0
0
0
0
0
2.884411e+08
2.933734e+08
2.997805e+08
3.078637e+08
3.178466e+08
0
0
0
0
0
0
0
0
0
0
6.254778e+08
6.42156e+08
6.658509e+08
6.988998e+08
7.448894e+08
0
0
5.936749e+08
6.083645e+08
6.290182e+08
6.574177e+08
6.959907e+08
0
0
0
5.662623e+08
5.794934e+08
5.979656e+08
6.230774e+08
6.566889e+08
0
0
0
0
5.42025e+08
5.541382e+08
5.709442e+08
5.936108e+08
6.236e+08
0
0
0
0
0
5.197877e+08
5.309909e+08
5.464552e+08
5.671694e+08
5.943534e+08
0
0
0
0
0
0
4.983205e+08
5.087284e+08
5.230225e+08
5.420616e+08
5.668673e+08
0
0
0
0
0
0
0
4.769308e+08
4.866027e+08
4.998198e+08
5.173256e+08
5.399934e+08
0
0
0
0
0
0
0
0
4.561136e+08
4.651191e+08
4.773646e+08
4.93499e+08
5.1427e+08
0
0
0
0
0
0
0
0
0
4.363837e+08
4.448003e+08
4.561901e+08
4.711223e+08
4.90247e+08
0
0
0
0
0
0
0
0
0
0
4.17951e+08
4.25848e+08
4.364885e+08
4.503749e+08
4.680757e+08
0
0
0
0
0
0
0
0
0
0
0
4.008119e+08
4.08251e+08
4.18232e+08
4.312047e+08
4.476709e+08
0
0
0
0
0
0
0
0
0
0
0
0
3.848333e+08
3.918702e+08
4.012673e+08
4.134336e+08
4.288178e+08
0
0
0
0
0
0
0
0
0
0
0
0
0
3.697972e+08
3.764719e+08
3.853492e+08
3.967948e+08
4.112163e+08
0
0
0
0
0
0
0
0
0
0
0
0
0
0
3.553942e+08
3.617379e+08
3.701394e+08
3.809311e+08
3.944784e+08
0
0
0
0
0
0
0
0
0
0
0
0
0
0
0
3.412477e+08
3.472812e+08
3.552347e+08
3.654129e+08
3.781449e+08
0
0
0
0
0
0
0
0
0
0
0
0
0
0
0
0
3.271533e+08
3.328863e+08
3.404109e+08
3.499997e+08
3.619534e+08
0
0
0
0
0
0
0
0
0
0
3.135032e+08
3.1895e+08
3.260717e+08
3.351135e+08
3.463446e+08
0
0
0
0
0
0
0
0
0
0
3.007178e+08
3.059031e+08
3.126559e+08
3.212033e+08
3.31787e+08
0
0
0
0
0
0
0
0
0
0
2.889978e+08
2.939411e+08
3.00364e+08
3.084684e+08
3.184791e+08
0
0
0
0
0
0
0
0
0
0
2.783793e+08
2.831078e+08
2.892305e+08
2.969428e+08
3.064455e+08
0
0
0
0
0
0
0
0
0
0
5.918938e+08
6.06473e+08
6.269656e+08
6.551264e+08
6.933366e+08
0
0
0
5.632094e+08
5.762739e+08
5.945038e+08
6.192647e+08
6.52361e+08
0
0
0
0
5.382717e+08
5.501966e+08
5.66731e+08
5.890081e+08
6.184398e+08
0
0
0
0
0
5.160765e+08
5.271016e+08
5.423097e+08
5.626605e+08
5.893297e+08
0
0
0
0
0
0
4.955983e+08
5.058779e+08
5.199871e+08
5.387644e+08
5.632032e+08
0
0
0
0
0
0
0
4.757405e+08
4.853549e+08
4.984893e+08
5.158787e+08
5.383842e+08
0
0
0
0
0
0
0
0
4.558852e+08
4.648738e+08
4.770953e+08
4.931953e+08
5.139181e+08
0
0
0
0
0
0
0
0
0
4.364979e+08
4.449129e+08
4.562998e+08
4.712279e+08
4.903459e+08
0
0
0
0
0
0
0
0
0
0
4.180715e+08
4.259701e+08
4.366125e+08
4.505011e+08
4.682044e+08
0
0
0
0
0
0
0
0
0
0
0
4.008119e+08
4.08251e+08
4.18232e+08
4.312047e+08
4.476709e+08
0
0
0
0
0
0
0
0
0
0
0
0
3.84722e+08
3.917566e+08
4.011508e+08
4.133136e+08
4.286939e+08
0
0
0
0
0
0
0
0
0
0
0
0
0
3.696908e+08
3.763625e+08
3.85237e+08
3.966795e+08
4.11098e+08
0
0
0
0
0
0
0
0
0
0
0
0
0
0
3.555168e+08
3.618615e+08
3.702658e+08
3.810636e+08
3.946199e+08
0
0
0
0
0
0
0
0
0
0
0
0
0
0
0
3.41912e+08
3.479569e+08
3.559292e+08
3.66135e+08
3.789059e+08
0
0
0
0
0
0
0
0
0
0
0
0
0
0
0
0
3.285263e+08
3.342852e+08
3.418504e+08
3.51497e+08
3.635292e+08
0
0
0
0
0
0
0
0
0
0
0
0
0
0
0
0
0
3.151689e+08
3.206477e+08
3.278174e+08
3.369267e+08
3.482478e+08
0
0
0
0
0
0
0
0
0
0
3.022109e+08
3.074243e+08
3.142185e+08
3.228231e+08
3.334831e+08
0
0
0
0
0
0
0
0
0
0
2.900621e+08
2.950252e+08
3.014768e+08
3.096204e+08
3.196829e+08
0
0
0
0
0
0
0
0
0
0
2.789099e+08
2.836485e+08
2.897858e+08
2.975178e+08
3.07046e+08
0
0
0
0
0
0
0
0
0
0
2.68797e+08
2.733324e+08
2.791912e+08
2.865509e+08
2.956067e+08
0
0
0
0
0
0
0
0
0
0
5.616009e+08
5.745788e+08
5.926836e+08
6.172643e+08
6.500976e+08
0
0
0
0
5.354953e+08
5.472866e+08
5.636288e+08
5.856314e+08
6.146722e+08
0
0
0
0
0
5.126472e+08
5.235193e+08
5.385075e+08
5.585476e+08
5.847795e+08
0
0
0
0
0
0
4.92199e+08
5.023329e+08
5.162328e+08
5.347153e+08
5.587442e+08
0
0
0
0
0
0
0
4.732453e+08
4.827552e+08
4.957387e+08
5.129153e+08
5.351258e+08
0
0
0
0
0
0
0
0
4.547983e+08
4.637406e+08
4.75896e+08
4.919026e+08
5.124962e+08
0
0
0
0
0
0
0
0
0
4.362976e+08
4.447002e+08
4.560689e+08
4.709714e+08
4.900531e+08
0
0
0
0
0
0
0
0
0
0
4.181853e+08
4.260841e+08
4.36726e+08
4.506128e+08
4.683133e+08
0
0
0
0
0
0
0
0
0
0
0
4.009278e+08
4.08369e+08
4.183525e+08
4.313282e+08
4.477976e+08
0
0
0
0
0
0
0
0
0
0
0
0
3.84722e+08
3.917566e+08
4.011508e+08
4.133136e+08
4.286939e+08
0
0
0
0
0
0
0
0
0
0
0
0
0
3.695843e+08
3.762533e+08
3.851248e+08
3.965636e+08
4.109777e+08
0
0
0
0
0
0
0
0
0
0
0
0
0
0
3.554141e+08
3.617555e+08
3.701561e+08
3.809503e+08
3.945026e+08
0
0
0
0
0
0
0
0
0
0
0
0
0
0
0
3.420266e+08
3.480711e+08
3.560452e+08
3.662548e+08
3.790328e+08
0
0
0
0
0
0
0
0
0
0
0
0
0
0
0
0
3.291555e+08
3.349234e+08
3.425045e+08
3.521752e+08
3.642409e+08
0
0
0
0
0
0
0
0
0
0
0
0
0
0
0
0
0
3.164725e+08
3.219741e+08
3.291797e+08
3.38341e+08
3.497324e+08
0
0
0
0
0
0
0
0
0
0
0
0
0
0
0
0
0
0
3.037954e+08
3.090377e+08
3.158753e+08
3.245411e+08
3.352831e+08
0
0
0
0
0
0
0
0
0
0
2.914849e+08
2.964738e+08
3.029632e+08
3.111593e+08
3.212913e+08
0
0
0
0
0
0
0
0
0
0
2.799255e+08
2.846823e+08
2.908461e+08
2.986142e+08
3.0819e+08
0
0
0
0
0
0
0
0
0
0
2.693033e+08
2.738481e+08
2.797203e+08
2.870983e+08
2.961777e+08
0
0
0
0
0
0
0
0
0
0
2.596668e+08
2.640157e+08
2.696254e+08
2.766579e+08
2.852907e+08
0
0
0
0
0
0
0
0
0
0
5.340312e+08
5.457528e+08
5.61995e+08
5.838556e+08
6.126954e+08
0
0
0
0
0
5.101051e+08
5.208681e+08
5.356996e+08
5.555188e+08
5.814415e+08
0
0
0
0
0
0
4.89047e+08
4.990543e+08
5.127727e+08
5.310004e+08
5.546767e+08
0
0
0
0
0
0
0
4.70114e+08
4.795031e+08
4.923125e+08
5.092454e+08
5.311201e+08
0
0
0
0
0
0
0
0
4.524986e+08
4.613543e+08
4.733846e+08
4.892152e+08
5.095667e+08
0
0
0
0
0
0
0
0
0
4.352993e+08
4.436642e+08
4.549788e+08
4.698054e+08
4.887823e+08
0
0
0
0
0
0
0
0
0
0
4.180072e+08
4.258976e+08
4.36526e+08
4.503932e+08
4.680663e+08
0
0
0
0
0
0
0
0
0
0
0
4.010399e+08
4.084825e+08
4.184671e+08
4.314433e+08
4.479122e+08
0
0
0
0
0
0
0
0
0
0
0
0
3.848333e+08
3.918702e+08
4.012673e+08
4.134335e+08
4.288178e+08
0
0
0
0
0
0
0
0
0
0
0
0
0
3.695843e+08
3.762533e+08
3.851248e+08
3.965636e+08
4.109777e+08
0
0
0
0
0
0
0
0
0
0
0
0
0
0
3.553123e+08
3.616509e+08
3.700482e+08
3.808387e+08
3.943863e+08
0
0
0
0
0
0
0
0
0
0
0
0
0
0
0
3.419281e+08
3.479687e+08
3.559389e+08
3.661441e+08
3.789178e+08
0
0
0
0
0
0
0
0
0
0
0
0
0
0
0
0
3.292637e+08
3.350301e+08
3.426117e+08
3.522852e+08
3.643556e+08
0
0
0
0
0
0
0
0
0
0
0
0
0
0
0
0
0
3.170703e+08
3.225792e+08
3.297981e+08
3.389802e+08
3.504012e+08
0
0
0
0
0
0
0
0
0
0
0
0
0
0
0
0
0
0
3.050359e+08
3.102983e+08
3.171681e+08
3.258802e+08
3.366858e+08
0
0
0
0
0
0
0
0
0
0
0
0
0
0
0
0
0
0
0
2.929946e+08
2.980097e+08
3.045388e+08
3.127905e+08
3.22997e+08
0
0
0
0
0
0
0
0
0
0
2.812833e+08
2.860637e+08
2.922624e+08
3.000787e+08
3.097182e+08
0
0
0
0
0
0
0
0
0
0
2.702739e+08
2.748353e+08
2.80732e+08
2.881434e+08
2.972667e+08
0
0
0
0
0
0
0
0
0
0
2.601506e+08
2.645083e+08
2.701304e+08
2.771798e+08
2.858344e+08
0
0
0
0
0
0
0
0
0
0
2.509644e+08
2.551323e+08
2.605034e+08
2.67228e+08
2.75468e+08
0
0
0
0
0
0
0
0
0
0
5.08764e+08
5.194694e+08
5.34219e+08
5.539234e+08
5.79686e+08
0
0
0
0
0
0
4.867064e+08
4.966228e+08
5.10211e+08
5.282565e+08
5.516815e+08
0
0
0
0
0
0
0
4.672021e+08
4.76485e+08
4.891418e+08
5.058619e+08
5.274448e+08
0
0
0
0
0
0
0
0
4.496005e+08
4.583543e+08
4.702379e+08
4.858634e+08
5.059347e+08
0
0
0
0
0
0
0
0
0
4.3317e+08
4.414618e+08
4.52671e+08
4.6735e+08
4.861247e+08
0
0
0
0
0
0
0
0
0
0
4.170846e+08
4.249449e+08
4.355284e+08
4.493326e+08
4.669197e+08
0
0
0
0
0
0
0
0
0
0
0
4.008798e+08
4.083168e+08
4.182919e+08
4.312533e+08
4.477009e+08
0
0
0
0
0
0
0
0
0
0
0
0
3.849431e+08
3.91982e+08
4.013814e+08
4.135496e+08
4.289355e+08
0
0
0
0
0
0
0
0
0
0
0
0
0
3.696908e+08
3.763625e+08
3.85237e+08
3.966795e+08
4.11098e+08
0
0
0
0
0
0
0
0
0
0
0
0
0
0
3.553123e+08
3.61651e+08
3.700482e+08
3.808387e+08
3.943863e+08
0
0
0
0
0
0
0
0
0
0
0
0
0
0
0
3.418309e+08
3.478686e+08
3.558355e+08
3.660366e+08
3.788058e+08
0
0
0
0
0
0
0
0
0
0
0
0
0
0
0
0
3.291697e+08
3.349319e+08
3.425091e+08
3.52178e+08
3.642432e+08
0
0
0
0
0
0
0
0
0
0
0
0
0
0
0
0
0
3.171733e+08
3.226801e+08
3.298984e+08
3.390819e+08
3.505065e+08
0
0
0
0
0
0
0
0
0
0
0
0
0
0
0
0
0
0
3.056053e+08
3.108737e+08
3.177549e+08
3.264848e+08
3.373162e+08
0
0
0
0
0
0
0
0
0
0
0
0
0
0
0
0
0
0
0
2.94177e+08
2.992103e+08
3.057682e+08
3.140618e+08
3.243255e+08
0
0
0
0
0
0
0
0
0
0
0
0
0
0
0
0
0
0
0
0
2.82724e+08
2.875283e+08
2.937634e+08
3.016305e+08
3.113381e+08
0
0
0
0
0
0
0
0
0
0
2.715717e+08
2.761546e+08
2.820834e+08
2.895394e+08
2.987214e+08
0
0
0
0
0
0
0
0
0
0
2.610791e+08
2.654524e+08
2.71097e+08
2.781773e+08
2.868727e+08
0
0
0
0
0
0
0
0
0
0
2.514273e+08
2.556032e+08
2.609859e+08
2.677261e+08
2.759865e+08
0
0
0
0
0
0
0
0
0
0
2.426665e+08
2.466591e+08
2.518007e+08
2.58232e+08
2.661033e+08
0
0
0
0
0
0
0
0
0
0
4.854712e+08
4.953395e+08
5.088592e+08
5.268095e+08
5.501037e+08
0
0
0
0
0
0
0
4.650366e+08
4.742426e+08
4.867895e+08
5.033564e+08
5.247301e+08
0
0
0
0
0
0
0
0
4.468987e+08
4.55562e+08
4.673156e+08
4.827605e+08
5.025859e+08
0
0
0
0
0
0
0
0
0
4.304774e+08
4.386815e+08
4.49765e+08
4.642693e+08
4.828063e+08
0
0
0
0
0
0
0
0
0
0
4.151041e+08
4.229032e+08
4.333962e+08
4.470746e+08
4.644905e+08
0
0
0
0
0
0
0
0
0
0
4.000226e+08
4.074353e+08
4.173736e+08
4.302821e+08
4.466576e+08
0
0
0
0
0
0
0
0
0
0
0
0
3.847982e+08
3.91833e+08
4.012258e+08
4.133833e+08
4.28753e+08
0
0
0
0
0
0
0
0
0
0
0
0
0
3.697972e+08
3.764719e+08
3.853492e+08
3.967948e+08
4.112163e+08
0
0
0
0
0
0
0
0
0
0
0
0
0
0
3.554141e+08
3.617555e+08
3.701561e+08
3.809503e+08
3.945026e+08
0
0
0
0
0
0
0
0
0
0
0
0
0
0
0
3.418309e+08
3.478686e+08
3.558355e+08
3.660366e+08
3.788058e+08
0
0
0
0
0
0
0
0
0
0
0
0
0
0
0
0
3.290773e+08
3.348364e+08
3.424101e+08
3.520751e+08
3.641356e+08
0
0
0
0
0
0
0
0
0
0
0
0
0
0
0
0
0
3.17084e+08
3.225864e+08
3.297999e+08
3.389784e+08
3.503978e+08
0
0
0
0
0
0
0
0
0
0
0
0
0
0
0
0
0
0
3.057041e+08
3.109699e+08
3.178498e+08
3.2658e+08
3.374136e+08
0
0
0
0
0
0
0
0
0
0
0
0
0
0
0
0
0
0
0
2.947208e+08
2.99759e+08
3.063267e+08
3.146358e+08
3.249221e+08
0
0
0
0
0
0
0
0
0
0
0
0
0
0
0
0
0
0
0
0
2.838532e+08
2.886737e+08
2.94935e+08
3.028401e+08
3.125997e+08
0
0
0
0
0
0
0
0
0
0
0
0
0
0
0
0
0
0
0
0
2.729487e+08
2.775533e+08
2.835155e+08
2.910183e+08
3.002628e+08
0
0
0
0
0
0
0
0
0
0
2.623209e+08
2.667142e+08
2.723884e+08
2.795098e+08
2.882595e+08
0
0
0
0
0
0
0
0
0
0
2.523169e+08
2.56507e+08
2.619108e+08
2.686796e+08
2.769777e+08
0
0
0
0
0
0
0
0
0
0
2.431099e+08
2.4711e+08
2.522622e+08
2.587081e+08
2.665982e+08
0
0
0
0
0
0
0
0
0
0
2.347626e+08
2.385745e+08
2.434957e+08
2.496465e+08
2.571678e+08
0
0
0
0
0
0
0
0
0
0
4.638938e+08
4.730589e+08
4.855476e+08
5.020342e+08
5.232986e+08
0
0
0
0
0
0
0
0
4.448869e+08
4.534843e+08
4.651438e+08
4.80458e+08
5.001063e+08
0
0
0
0
0
0
0
0
0
4.279613e+08
4.36087e+08
4.470584e+08
4.614074e+08
4.797342e+08
0
0
0
0
0
0
0
0
0
0
4.125928e+08
4.203165e+08
4.307002e+08
4.442277e+08
4.614395e+08
0
0
0
0
0
0
0
0
0
0
3.981733e+08
4.055339e+08
4.153952e+08
4.281946e+08
4.44423e+08
0
0
0
0
0
0
0
0
0
0
3.839989e+08
3.910131e+08
4.003753e+08
4.124888e+08
4.277972e+08
0
0
0
0
0
0
0
0
0
0
0
0
0
3.696644e+08
3.763372e+08
3.852094e+08
3.966473e+08
4.110567e+08
0
0
0
0
0
0
0
0
0
0
0
0
0
0
3.555169e+08
3.618615e+08
3.702659e+08
3.810636e+08
3.946199e+08
0
0
0
0
0
0
0
0
0
0
0
0
0
0
0
3.419281e+08
3.479687e+08
3.559389e+08
3.661441e+08
3.789177e+08
0
0
0
0
0
0
0
0
0
0
0
0
0
0
0
0
3.290773e+08
3.348364e+08
3.424101e+08
3.520751e+08
3.641356e+08
0
0
0
0
0
0
0
0
0
0
0
0
0
0
0
0
0
3.169961e+08
3.224955e+08
3.297054e+08
3.388798e+08
3.502946e+08
0
0
0
0
0
0
0
0
0
0
0
0
0
0
0
0
0
0
3.056196e+08
3.108809e+08
3.177558e+08
3.264807e+08
3.373087e+08
0
0
0
0
0
0
0
0
0
0
0
0
0
0
0
0
0
0
0
2.948161e+08
2.998515e+08
3.064173e+08
3.14726e+08
3.250133e+08
0
0
0
0
0
0
0
0
0
0
0
0
0
0
0
0
0
0
0
0
2.843737e+08
2.891981e+08
2.95468e+08
3.033868e+08
3.131663e+08
0
0
0
0
0
0
0
0
0
0
0
0
0
0
0
0
0
0
0
0
2.740291e+08
2.78648e+08
2.846339e+08
2.921716e+08
3.014634e+08
0
0
0
0
0
0
0
0
0
0
0
0
0
0
0
0
0
0
0
0
2.636387e+08
2.680521e+08
2.737568e+08
2.809214e+08
2.897289e+08
0
0
0
0
0
0
0
0
0
0
2.535069e+08
2.577152e+08
2.631466e+08
2.699533e+08
2.783017e+08
0
0
0
0
0
0
0
0
0
0
2.439632e+08
2.479765e+08
2.531481e+08
2.596207e+08
2.675458e+08
0
0
0
0
0
0
0
0
0
0
2.351879e+08
2.390066e+08
2.439378e+08
2.50102e+08
2.57641e+08
0
0
0
0
0
0
0
0
0
0
2.27234e+08
2.308689e+08
2.355675e+08
2.414505e+08
2.486385e+08
0
0
0
0
0
0
0
0
0
0
4.438254e+08
4.523875e+08
4.63997e+08
4.792423e+08
4.987977e+08
0
0
0
0
0
0
0
0
0
4.260857e+08
4.341542e+08
4.45044e+08
4.5928e+08
4.774546e+08
0
0
0
0
0
0
0
0
0
0
4.10242e+08
4.178973e+08
4.281829e+08
4.415751e+08
4.58605e+08
0
0
0
0
0
0
0
0
0
0
3.958228e+08
4.031184e+08
4.128846e+08
4.255516e+08
4.416025e+08
0
0
0
0
0
0
0
0
0
0
3.822665e+08
3.892355e+08
3.985311e+08
4.105505e+08
4.257306e+08
0
0
0
0
0
0
0
0
0
0
3.689155e+08
3.755717e+08
3.844176e+08
3.958182e+08
4.10176e+08
0
0
0
0
0
0
0
0
0
0
0
0
0
0
3.553942e+08
3.617379e+08
3.701394e+08
3.809311e+08
3.944784e+08
0
0
0
0
0
0
0
0
0
0
0
0
0
0
0
3.420266e+08
3.480711e+08
3.560452e+08
3.662548e+08
3.790328e+08
0
0
0
0
0
0
0
0
0
0
0
0
0
0
0
0
3.291697e+08
3.349319e+08
3.425091e+08
3.52178e+08
3.642433e+08
0
0
0
0
0
0
0
0
0
0
0
0
0
0
0
0
0
3.169961e+08
3.224955e+08
3.297054e+08
3.388798e+08
3.502946e+08
0
0
0
0
0
0
0
0
0
0
0
0
0
0
0
0
0
0
3.055361e+08
3.107944e+08
3.176658e+08
3.263866e+08
3.372099e+08
0
0
0
0
0
0
0
0
0
0
0
0
0
0
0
0
0
0
0
2.947363e+08
2.997672e+08
3.06328e+08
3.146313e+08
3.249127e+08
0
0
0
0
0
0
0
0
0
0
0
0
0
0
0
0
0
0
0
0
2.844662e+08
2.892875e+08
2.955553e+08
3.03473e+08
3.132527e+08
0
0
0
0
0
0
0
0
0
0
0
0
0
0
0
0
0
0
0
0
2.745285e+08
2.791504e+08
2.851437e+08
2.926935e+08
3.020031e+08
0
0
0
0
0
0
0
0
0
0
0
0
0
0
0
0
0
0
0
0
2.646737e+08
2.691002e+08
2.748264e+08
2.820228e+08
2.908738e+08
0
0
0
0
0
0
0
0
0
0
0
0
0
0
0
0
0
0
0
0
2.547701e+08
2.589964e+08
2.644562e+08
2.713027e+08
2.797043e+08
0
0
0
0
0
0
0
0
0
0
2.451049e+08
2.491351e+08
2.54332e+08
2.608401e+08
2.688117e+08
0
0
0
0
0
0
0
0
0
0
2.360075e+08
2.398382e+08
2.447874e+08
2.509764e+08
2.585481e+08
0
0
0
0
0
0
0
0
0
0
2.276423e+08
2.312836e+08
2.359914e+08
2.418869e+08
2.490914e+08
0
0
0
0
0
0
0
0
0
0
2.20085e+08
2.235248e+08
2.280074e+08
2.336237e+08
2.404948e+08
0
0
0
0
0
0
0
0
0
0
4.250963e+08
4.33134e+08
4.439802e+08
4.581565e+08
4.76251e+08
0
0
0
0
0
0
0
0
0
0
4.084883e+08
4.16093e+08
4.263069e+08
4.396005e+08
4.56498e+08
0
0
0
0
0
0
0
0
0
0
3.936194e+08
4.008554e+08
4.10535e+08
4.230828e+08
4.389744e+08
0
0
0
0
0
0
0
0
0
0
3.800604e+08
3.869722e+08
3.961845e+08
4.080877e+08
4.231113e+08
0
0
0
0
0
0
0
0
0
0
3.672877e+08
3.739047e+08
3.826919e+08
3.940103e+08
4.082565e+08
0
0
0
0
0
0
0
0
0
0
3.546902e+08
3.6102e+08
3.693996e+08
3.801588e+08
3.936618e+08
0
0
0
0
0
0
0
0
0
0
0
0
0
0
0
3.419121e+08
3.479569e+08
3.559292e+08
3.66135e+08
3.789059e+08
0
0
0
0
0
0
0
0
0
0
0
0
0
0
0
0
3.292637e+08
3.350302e+08
3.426118e+08
3.522852e+08
3.643556e+08
0
0
0
0
0
0
0
0
0
0
0
0
0
0
0
0
0
3.17084e+08
3.225864e+08
3.298e+08
3.389784e+08
3.503978e+08
0
0
0
0
0
0
0
0
0
0
0
0
0
0
0
0
0
0
3.055361e+08
3.107944e+08
3.176658e+08
3.263866e+08
3.372099e+08
0
0
0
0
0
0
0
0
0
0
0
0
0
0
0
0
0
0
0
2.946571e+08
2.99685e+08
3.062423e+08
3.145416e+08
3.248183e+08
0
0
0
0
0
0
0
0
0
0
0
0
0
0
0
0
0
0
0
0
2.843911e+08
2.892078e+08
2.954706e+08
3.033829e+08
3.131568e+08
0
0
0
0
0
0
0
0
0
0
0
0
0
0
0
0
0
0
0
0
2.746188e+08
2.792374e+08
2.852282e+08
2.927766e+08
3.020859e+08
0
0
0
0
0
0
0
0
0
0
0
0
0
0
0
0
0
0
0
0
2.651536e+08
2.695827e+08
2.753151e+08
2.825223e+08
2.913893e+08
0
0
0
0
0
0
0
0
0
0
0
0
0
0
0
0
0
0
0
0
2.557634e+08
2.600012e+08
2.654809e+08
2.723564e+08
2.80798e+08
0
0
0
0
0
0
0
0
0
0
0
0
0
0
0
0
0
0
0
0
2.463172e+08
2.50364e+08
2.555868e+08
2.621319e+08
2.701527e+08
0
0
0
0
0
0
0
0
0
0
2.371044e+08
2.409505e+08
2.459232e+08
2.521449e+08
2.597601e+08
0
0
0
0
0
0
0
0
0
0
2.284301e+08
2.320828e+08
2.368072e+08
2.427258e+08
2.499606e+08
0
0
0
0
0
0
0
0
0
0
2.204775e+08
2.23923e+08
2.284143e+08
2.340423e+08
2.409287e+08
0
0
0
0
0
0
0
0
0
0
2.133094e+08
2.165469e+08
2.207986e+08
2.26158e+08
2.327167e+08
0
0
0
0
0
0
0
0
0
0
4.075636e+08
4.151409e+08
4.253165e+08
4.385577e+08
4.553853e+08
0
0
0
0
0
0
0
0
0
0
3.919744e+08
3.991663e+08
4.087821e+08
4.212428e+08
4.370181e+08
0
0
0
0
0
0
0
0
0
0
3.779895e+08
3.848485e+08
3.939846e+08
4.05782e+08
4.206645e+08
0
0
0
0
0
0
0
0
0
0
3.652121e+08
3.717781e+08
3.804913e+08
3.91707e+08
4.05815e+08
0
0
0
0
0
0
0
0
0
0
3.531562e+08
3.59452e+08
3.677799e+08
3.784661e+08
3.918709e+08
0
0
0
0
0
0
0
0
0
0
3.412478e+08
3.472813e+08
3.552347e+08
3.654129e+08
3.781449e+08
0
0
0
0
0
0
0
0
0
0
0
0
0
0
0
0
3.291555e+08
3.349234e+08
3.425046e+08
3.521753e+08
3.642409e+08
0
0
0
0
0
0
0
0
0
0
0
0
0
0
0
0
0
3.171733e+08
3.226801e+08
3.298985e+08
3.390819e+08
3.505065e+08
0
0
0
0
0
0
0
0
0
0
0
0
0
0
0
0
0
0
3.056196e+08
3.108809e+08
3.177559e+08
3.264807e+08
3.373087e+08
0
0
0
0
0
0
0
0
0
0
0
0
0
0
0
0
0
0
0
2.946571e+08
2.99685e+08
3.062423e+08
3.145416e+08
3.248184e+08
0
0
0
0
0
0
0
0
0
0
0
0
0
0
0
0
0
0
0
0
2.843159e+08
2.891298e+08
2.953892e+08
3.032976e+08
3.130669e+08
0
0
0
0
0
0
0
0
0
0
0
0
0
0
0
0
0
0
0
0
2.745483e+08
2.791623e+08
2.851483e+08
2.926914e+08
3.019948e+08
0
0
0
0
0
0
0
0
0
0
0
0
0
0
0
0
0
0
0
0
2.652421e+08
2.696679e+08
2.753975e+08
2.82603e+08
2.914693e+08
0
0
0
0
0
0
0
0
0
0
0
0
0
0
0
0
0
0
0
0
2.562257e+08
2.604653e+08
2.659506e+08
2.728356e+08
2.812916e+08
0
0
0
0
0
0
0
0
0
0
0
0
0
0
0
0
0
0
0
0
2.472716e+08
2.51329e+08
2.565697e+08
2.631418e+08
2.711993e+08
0
0
0
0
0
0
0
0
0
0
0
0
0
0
0
0
0
0
0
0
2.382696e+08
2.421306e+08
2.471274e+08
2.533831e+08
2.610442e+08
0
0
0
0
0
0
0
0
0
0
2.294849e+08
2.33152e+08
2.378981e+08
2.438472e+08
2.511222e+08
0
0
0
0
0
0
0
0
0
0
2.212361e+08
2.246917e+08
2.291987e+08
2.348481e+08
2.417628e+08
0
0
0
0
0
0
0
0
0
0
2.136868e+08
2.1693e+08
2.211896e+08
2.2656e+08
2.331329e+08
0
0
0
0
0
0
0
0
0
0
2.069564e+08
2.099297e+08
2.139464e+08
2.19037e+08
2.252962e+08
0
0
0
0
0
0
0
0
0
0
3.911075e+08
3.982754e+08
4.078569e+08
4.202712e+08
4.359849e+08
0
0
0
0
0
0
0
0
0
0
3.764424e+08
3.832623e+08
3.923421e+08
4.040616e+08
4.188409e+08
0
0
0
0
0
0
0
0
0
0
3.632615e+08
3.697799e+08
3.784251e+08
3.89547e+08
4.035292e+08
0
0
0
0
0
0
0
0
0
0
3.511981e+08
3.57449e+08
3.657104e+08
3.763048e+08
3.895869e+08
0
0
0
0
0
0
0
0
0
0
3.397985e+08
3.458021e+08
3.5371e+08
3.638233e+08
3.764675e+08
0
0
0
0
0
0
0
0
0
0
3.285263e+08
3.342853e+08
3.418505e+08
3.514971e+08
3.635292e+08
0
0
0
0
0
0
0
0
0
0
0
0
0
0
0
0
0
3.170703e+08
3.225792e+08
3.297982e+08
3.389803e+08
3.504012e+08
0
0
0
0
0
0
0
0
0
0
0
0
0
0
0
0
0
0
3.057041e+08
3.1097e+08
3.178498e+08
3.2658e+08
3.374136e+08
0
0
0
0
0
0
0
0
0
0
0
0
0
0
0
0
0
0
0
2.947363e+08
2.997672e+08
3.06328e+08
3.146313e+08
3.249127e+08
0
0
0
0
0
0
0
0
0
0
0
0
0
0
0
0
0
0
0
0
2.843159e+08
2.891298e+08
2.953892e+08
3.032976e+08
3.130669e+08
0
0
0
0
0
0
0
0
0
0
0
0
0
0
0
0
0
0
0
0
2.744772e+08
2.790883e+08
2.850709e+08
2.926102e+08
3.019092e+08
0
0
0
0
0
0
0
0
0
0
0
0
0
0
0
0
0
0
0
0
2.65176e+08
2.695974e+08
2.753222e+08
2.825223e+08
2.913829e+08
0
0
0
0
0
0
0
0
0
0
0
0
0
0
0
0
0
0
0
0
2.563128e+08
2.605489e+08
2.660314e+08
2.729143e+08
2.813692e+08
0
0
0
0
0
0
0
0
0
0
0
0
0
0
0
0
0
0
0
0
2.477176e+08
2.517764e+08
2.570217e+08
2.636025e+08
2.716729e+08
0
0
0
0
0
0
0
0
0
0
0
0
0
0
0
0
0
0
0
0
2.391882e+08
2.430585e+08
2.480719e+08
2.543521e+08
2.620474e+08
0
0
0
0
0
0
0
0
0
0
0
0
0
0
0
0
0
0
0
0
2.306057e+08
2.34287e+08
2.39055e+08
2.450359e+08
2.523532e+08
0
0
0
0
0
0
0
0
0
0
2.22252e+08
2.257205e+08
2.302479e+08
2.359254e+08
2.428778e+08
0
0
0
0
0
0
0
0
0
0
2.144172e+08
2.176705e+08
2.219443e+08
2.273349e+08
2.339341e+08
0
0
0
0
0
0
0
0
0
0
2.073203e+08
2.102982e+08
2.143226e+08
2.194234e+08
2.25696e+08
0
0
0
0
0
0
0
0
0
0
2.010348e+08
2.037222e+08
2.074456e+08
2.122663e+08
2.182174e+08
0
0
0
0
0
0
0
0
0
0
3.756277e+08
3.824262e+08
3.914756e+08
4.031535e+08
4.178781e+08
0
0
0
0
0
0
0
0
0
0
3.618037e+08
3.682866e+08
3.768813e+08
3.87934e+08
4.018237e+08
0
0
0
0
0
0
0
0
0
0
3.493562e+08
3.555651e+08
3.637647e+08
3.742749e+08
3.874449e+08
0
0
0
0
0
0
0
0
0
0
3.379472e+08
3.439107e+08
3.517593e+08
3.617897e+08
3.743237e+08
0
0
0
0
0
0
0
0
0
0
3.271533e+08
3.328864e+08
3.40411e+08
3.499998e+08
3.619535e+08
0
0
0
0
0
0
0
0
0
0
3.164726e+08
3.219742e+08
3.291798e+08
3.383411e+08
3.497325e+08
0
0
0
0
0
0
0
0
0
0
0
0
0
0
0
0
0
0
3.056053e+08
3.108737e+08
3.177549e+08
3.264849e+08
3.373163e+08
0
0
0
0
0
0
0
0
0
0
0
0
0
0
0
0
0
0
0
2.948161e+08
2.998515e+08
3.064173e+08
3.14726e+08
3.250133e+08
0
0
0
0
0
0
0
0
0
0
0
0
0
0
0
0
0
0
0
0
2.843911e+08
2.892078e+08
2.954706e+08
3.033829e+08
3.131569e+08
0
0
0
0
0
0
0
0
0
0
0
0
0
0
0
0
0
0
0
0
2.744772e+08
2.790883e+08
2.850709e+08
2.926102e+08
3.019092e+08
0
0
0
0
0
0
0
0
0
0
0
0
0
0
0
0
0
0
0
0
2.651086e+08
2.695272e+08
2.752487e+08
2.824452e+08
2.913015e+08
0
0
0
0
0
0
0
0
0
0
0
0
0
0
0
0
0
0
0
0
2.562512e+08
2.604827e+08
2.659606e+08
2.728383e+08
2.812876e+08
0
0
0
0
0
0
0
0
0
0
0
0
0
0
0
0
0
0
0
0
2.478036e+08
2.518589e+08
2.571012e+08
2.636799e+08
2.717488e+08
0
0
0
0
0
0
0
0
0
0
0
0
0
0
0
0
0
0
0
0
2.396195e+08
2.434905e+08
2.48508e+08
2.547958e+08
2.625029e+08
0
0
0
0
0
0
0
0
0
0
0
0
0
0
0
0
0
0
0
0
2.314906e+08
2.351807e+08
2.399636e+08
2.459673e+08
2.53316e+08
0
0
0
0
0
0
0
0
0
0
0
0
0
0
0
0
0
0
0
0
2.23332e+08
2.268129e+08
2.31361e+08
2.370677e+08
2.440597e+08
0
0
0
0
0
0
0
0
0
0
2.153957e+08
2.186618e+08
2.229542e+08
2.283713e+08
2.350055e+08
0
0
0
0
0
0
0
0
0
0
2.080256e+08
2.110116e+08
2.150499e+08
2.201692e+08
2.264667e+08
0
0
0
0
0
0
0
0
0
0
2.01385e+08
2.040777e+08
2.078077e+08
2.126382e+08
2.186017e+08
0
0
0
0
0
0
0
0
0
0
1.956949e+08
1.979333e+08
2.01345e+08
2.058412e+08
2.114858e+08
0
0
0
0
0
0
0
0
0
0
3.610365e+08
3.674999e+08
3.760674e+08
3.870831e+08
4.009234e+08
0
0
0
0
0
0
0
0
0
0
3.479792e+08
3.541564e+08
3.623101e+08
3.72758e+08
3.858454e+08
0
0
0
0
0
0
0
0
0
0
3.362047e+08
3.4213e+08
3.499235e+08
3.598772e+08
3.723102e+08
0
0
0
0
0
0
0
0
0
0
3.253991e+08
3.310965e+08
3.385675e+08
3.48082e+08
3.599358e+08
0
0
0
0
0
0
0
0
0
0
3.151689e+08
3.206477e+08
3.278175e+08
3.369269e+08
3.482479e+08
0
0
0
0
0
0
0
0
0
0
3.050359e+08
3.102983e+08
3.171681e+08
3.258803e+08
3.366858e+08
0
0
0
0
0
0
0
0
0
0
0
0
0
0
0
0
0
0
0
2.947208e+08
2.99759e+08
3.063267e+08
3.146358e+08
3.249221e+08
0
0
0
0
0
0
0
0
0
0
0
0
0
0
0
0
0
0
0
0
2.844662e+08
2.892875e+08
2.955553e+08
3.03473e+08
3.132528e+08
0
0
0
0
0
0
0
0
0
0
0
0
0
0
0
0
0
0
0
0
2.745483e+08
2.791623e+08
2.851483e+08
2.926914e+08
3.019948e+08
0
0
0
0
0
0
0
0
0
0
0
0
0
0
0
0
0
0
0
0
2.651086e+08
2.695272e+08
2.752487e+08
2.824452e+08
2.913015e+08
0
0
0
0
0
0
0
0
0
0
0
0
0
0
0
0
0
0
0
0
2.561874e+08
2.604162e+08
2.65891e+08
2.72765e+08
2.812102e+08
0
0
0
0
0
0
0
0
0
0
0
0
0
0
0
0
0
0
0
0
2.477461e+08
2.517972e+08
2.570348e+08
2.636085e+08
2.716718e+08
0
0
0
0
0
0
0
0
0
0
0
0
0
0
0
0
0
0
0
0
2.397048e+08
2.435721e+08
2.485866e+08
2.54872e+08
2.625776e+08
0
0
0
0
0
0
0
0
0
0
0
0
0
0
0
0
0
0
0
0
2.319078e+08
2.355988e+08
2.40385e+08
2.463956e+08
2.537548e+08
0
0
0
0
0
0
0
0
0
0
0
0
0
0
0
0
0
0
0
0
2.241861e+08
2.276743e+08
2.322366e+08
2.379642e+08
2.449854e+08
0
0
0
0
0
0
0
0
0
0
0
0
0
0
0
0
0
0
0
0
2.164361e+08
2.19715e+08
2.24026e+08
2.294708e+08
2.361415e+08
0
0
0
0
0
0
0
0
0
0
2.089707e+08
2.11967e+08
2.160235e+08
2.211671e+08
2.274975e+08
0
0
0
0
0
0
0
0
0
0
2.020645e+08
2.047669e+08
2.085087e+08
2.133571e+08
2.193435e+08
0
0
0
0
0
0
0
0
0
0
1.960338e+08
1.982756e+08
2.016944e+08
2.061991e+08
2.118557e+08
0
0
0
0
0
0
0
0
0
0
1.909792e+08
1.927109e+08
1.956537e+08
1.9981e+08
2.050968e+08
0
0
0
0
0
0
0
0
0
0
3.472551e+08
3.534149e+08
3.615438e+08
3.719582e+08
3.850016e+08
0
0
0
0
0
0
0
0
0
0
3.349016e+08
3.407981e+08
3.485503e+08
3.584472e+08
3.708056e+08
0
0
0
0
0
0
0
0
0
0
3.23747e+08
3.294103e+08
3.36831e+08
3.462765e+08
3.580382e+08
0
0
0
0
0
0
0
0
0
0
3.135032e+08
3.189501e+08
3.260718e+08
3.351136e+08
3.463447e+08
0
0
0
0
0
0
0
0
0
0
3.037954e+08
3.090377e+08
3.158754e+08
3.245412e+08
3.352832e+08
0
0
0
0
0
0
0
0
0
0
2.94177e+08
2.992103e+08
3.057682e+08
3.140618e+08
3.243256e+08
0
0
0
0
0
0
0
0
0
0
0
0
0
0
0
0
0
0
0
0
2.843737e+08
2.891981e+08
2.95468e+08
3.033868e+08
3.131663e+08
0
0
0
0
0
0
0
0
0
0
0
0
0
0
0
0
0
0
0
0
2.746188e+08
2.792374e+08
2.852282e+08
2.927767e+08
3.020859e+08
0
0
0
0
0
0
0
0
0
0
0
0
0
0
0
0
0
0
0
0
2.65176e+08
2.695974e+08
2.753222e+08
2.825223e+08
2.913829e+08
0
0
0
0
0
0
0
0
0
0
0
0
0
0
0
0
0
0
0
0
2.561874e+08
2.604162e+08
2.65891e+08
2.72765e+08
2.812102e+08
0
0
0
0
0
0
0
0
0
0
0
0
0
0
0
0
0
0
0
0
2.476857e+08
2.517342e+08
2.569687e+08
2.63539e+08
2.715984e+08
0
0
0
0
0
0
0
0
0
0
0
0
0
0
0
0
0
0
0
0
2.396514e+08
2.435145e+08
2.485246e+08
2.54805e+08
2.625053e+08
0
0
0
0
0
0
0
0
0
0
0
0
0
0
0
0
0
0
0
0
2.319923e+08
2.356799e+08
2.404629e+08
2.464711e+08
2.538285e+08
0
0
0
0
0
0
0
0
0
0
0
0
0
0
0
0
0
0
0
0
2.245907e+08
2.28079e+08
2.326446e+08
2.383781e+08
2.45409e+08
0
0
0
0
0
0
0
0
0
0
0
0
0
0
0
0
0
0
0
0
2.172598e+08
2.205469e+08
2.248704e+08
2.303349e+08
2.370325e+08
0
0
0
0
0
0
0
0
0
0
0
0
0
0
0
0
0
0
0
0
2.099761e+08
2.129821e+08
2.170573e+08
2.22226e+08
2.28591e+08
0
0
0
0
0
0
0
0
0
0
2.029751e+08
2.056901e+08
2.094472e+08
2.143194e+08
2.203361e+08
0
0
0
0
0
0
0
0
0
0
1.966924e+08
1.989399e+08
2.023718e+08
2.068922e+08
2.125709e+08
0
0
0
0
0
0
0
0
0
0
1.913047e+08
1.930422e+08
1.959902e+08
2.001554e+08
2.054529e+08
0
0
0
0
0
0
0
0
0
0
1.873042e+08
1.880971e+08
1.905176e+08
1.94182e+08
1.990988e+08
0
0
0
0
0
0
0
0
0
0
3.34217e+08
3.400976e+08
3.478273e+08
3.576937e+08
3.700123e+08
0
0
0
0
0
0
0
0
0
0
3.225113e+08
3.281487e+08
3.355317e+08
3.449259e+08
3.566195e+08
0
0
0
0
0
0
0
0
0
0
3.11934e+08
3.173499e+08
3.244262e+08
3.33405e+08
3.445528e+08
0
0
0
0
0
0
0
0
0
0
3.022109e+08
3.074244e+08
3.142186e+08
3.228233e+08
3.334833e+08
0
0
0
0
0
0
0
0
0
0
2.929946e+08
2.980098e+08
3.045388e+08
3.127905e+08
3.229971e+08
0
0
0
0
0
0
0
0
0
0
2.838532e+08
2.886737e+08
2.94935e+08
3.028401e+08
3.125997e+08
0
0
0
0
0
0
0
0
0
0
0
0
0
0
0
0
0
0
0
0
2.745285e+08
2.791504e+08
2.851437e+08
2.926935e+08
3.020032e+08
0
0
0
0
0
0
0
0
0
0
0
0
0
0
0
0
0
0
0
0
2.652421e+08
2.696679e+08
2.753975e+08
2.826029e+08
2.914693e+08
0
0
0
0
0
0
0
0
0
0
0
0
0
0
0
0
0
0
0
0
2.562512e+08
2.604827e+08
2.659606e+08
2.728383e+08
2.812876e+08
0
0
0
0
0
0
0
0
0
0
0
0
0
0
0
0
0
0
0
0
2.476857e+08
2.517342e+08
2.569687e+08
2.63539e+08
2.715984e+08
0
0
0
0
0
0
0
0
0
0
0
0
0
0
0
0
0
0
0
0
2.395944e+08
2.434548e+08
2.48462e+08
2.547391e+08
2.624357e+08
0
0
0
0
0
0
0
0
0
0
0
0
0
0
0
0
0
0
0
0
2.319427e+08
2.356264e+08
2.404049e+08
2.464085e+08
2.537606e+08
0
0
0
0
0
0
0
0
0
0
0
0
0
0
0
0
0
0
0
0
2.246748e+08
2.281594e+08
2.327222e+08
2.384531e+08
2.454822e+08
0
0
0
0
0
0
0
0
0
0
0
0
0
0
0
0
0
0
0
0
2.176513e+08
2.209398e+08
2.252656e+08
2.307359e+08
2.374422e+08
0
0
0
0
0
0
0
0
0
0
0
0
0
0
0
0
0
0
0
0
2.107734e+08
2.137848e+08
2.178731e+08
2.230596e+08
2.294501e+08
0
0
0
0
0
0
0
0
0
0
0
0
0
0
0
0
0
0
0
0
2.039435e+08
2.066715e+08
2.10444e+08
2.153411e+08
2.213895e+08
0
0
0
0
0
0
0
0
0
0
1.975752e+08
1.998297e+08
2.032791e+08
2.0782e+08
2.135281e+08
0
0
0
0
0
0
0
0
0
0
1.919375e+08
1.936863e+08
1.966433e+08
2.008253e+08
2.061424e+08
0
0
0
0
0
0
0
0
0
0
1.876213e+08
1.884153e+08
1.908434e+08
1.945147e+08
1.994425e+08
0
0
0
0
0
0
0
0
0
0
1.847812e+08
1.845002e+08
1.859786e+08
1.891019e+08
1.935011e+08
0
0
0
0
0
0
0
0
0
0
3.218628e+08
3.274858e+08
3.348483e+08
3.442148e+08
3.558719e+08
0
0
0
0
0
0
0
0
0
0
3.107601e+08
3.161525e+08
3.231947e+08
3.321264e+08
3.432125e+08
0
0
0
0
0
0
0
0
0
0
3.007178e+08
3.059032e+08
3.12656e+08
3.212034e+08
3.317872e+08
0
0
0
0
0
0
0
0
0
0
2.914849e+08
2.964738e+08
3.029632e+08
3.111593e+08
3.212914e+08
0
0
0
0
0
0
0
0
0
0
2.82724e+08
2.875283e+08
2.937634e+08
3.016305e+08
3.113381e+08
0
0
0
0
0
0
0
0
0
0
2.740291e+08
2.78648e+08
2.846339e+08
2.921716e+08
3.014634e+08
0
0
0
0
0
0
0
0
0
0
0
0
0
0
0
0
0
0
0
0
2.651536e+08
2.695827e+08
2.753151e+08
2.825223e+08
2.913893e+08
0
0
0
0
0
0
0
0
0
0
0
0
0
0
0
0
0
0
0
0
2.563128e+08
2.605489e+08
2.660314e+08
2.729143e+08
2.813692e+08
0
0
0
0
0
0
0
0
0
0
0
0
0
0
0
0
0
0
0
0
2.477461e+08
2.517972e+08
2.570348e+08
2.636085e+08
2.716718e+08
0
0
0
0
0
0
0
0
0
0
0
0
0
0
0
0
0
0
0
0
2.395944e+08
2.434548e+08
2.48462e+08
2.547391e+08
2.624357e+08
0
0
0
0
0
0
0
0
0
0
0
0
0
0
0
0
0
0
0
0
2.318887e+08
2.3557e+08
2.403457e+08
2.463461e+08
2.536945e+08
0
0
0
0
0
0
0
0
0
0
0
0
0
0
0
0
0
0
0
0
2.246291e+08
2.281097e+08
2.326684e+08
2.383946e+08
2.454187e+08
0
0
0
0
0
0
0
0
0
0
0
0
0
0
0
0
0
0
0
0
2.177342e+08
2.210201e+08
2.253428e+08
2.308107e+08
2.375149e+08
0
0
0
0
0
0
0
0
0
0
0
0
0
0
0
0
0
0
0
0
2.111544e+08
2.141653e+08
2.18257e+08
2.234482e+08
2.29847e+08
0
0
0
0
0
0
0
0
0
0
0
0
0
0
0
0
0
0
0
0
2.047113e+08
2.074489e+08
2.112316e+08
2.161467e+08
2.222183e+08
0
0
0
0
0
0
0
0
0
0
0
0
0
0
0
0
0
0
0
0
1.985144e+08
2.007755e+08
2.042432e+08
2.088054e+08
2.145445e+08
0
0
0
0
0
0
0
0
0
0
1.92785e+08
1.945494e+08
1.975181e+08
2.017225e+08
2.070655e+08
0
0
0
0
0
0
0
0
0
0
1.882385e+08
1.890344e+08
1.914769e+08
1.951608e+08
2.001091e+08
0
0
0
0
0
0
0
0
0
0
1.850791e+08
1.848104e+08
1.862916e+08
1.894242e+08
1.938322e+08
0
0
0
0
0
0
0
0
0
0
1.820301e+08
1.824392e+08
1.846115e+08
1.884478e+08
0
0
0
0
0
0
0
0
0
0
3.101447e+08
3.155241e+08
3.225475e+08
3.314538e+08
3.425068e+08
0
0
0
0
0
0
0
0
0
0
2.996008e+08
3.047647e+08
3.114863e+08
3.19991e+08
3.30518e+08
0
0
0
0
0
0
0
0
0
0
2.900621e+08
2.950252e+08
3.014768e+08
3.096205e+08
3.196831e+08
0
0
0
0
0
0
0
0
0
0
2.812833e+08
2.860637e+08
2.922625e+08
3.000787e+08
3.097182e+08
0
0
0
0
0
0
0
0
0
0
2.729487e+08
2.775533e+08
2.835155e+08
2.910183e+08
3.002628e+08
0
0
0
0
0
0
0
0
0
0
2.646737e+08
2.691002e+08
2.748264e+08
2.820228e+08
2.908738e+08
0
0
0
0
0
0
0
0
0
0
0
0
0
0
0
0
0
0
0
0
2.562257e+08
2.604653e+08
2.659506e+08
2.728356e+08
2.812916e+08
0
0
0
0
0
0
0
0
0
0
0
0
0
0
0
0
0
0
0
0
2.478036e+08
2.518589e+08
2.571012e+08
2.636799e+08
2.717488e+08
0
0
0
0
0
0
0
0
0
0
0
0
0
0
0
0
0
0
0
0
2.396514e+08
2.435145e+08
2.485246e+08
2.54805e+08
2.625053e+08
0
0
0
0
0
0
0
0
0
0
0
0
0
0
0
0
0
0
0
0
2.318887e+08
2.3557e+08
2.403457e+08
2.463461e+08
2.536945e+08
0
0
0
0
0
0
0
0
0
0
0
0
0
0
0
0
0
0
0
0
2.245781e+08
2.280563e+08
2.326124e+08
2.383355e+08
2.453561e+08
0
0
0
0
0
0
0
0
0
0
0
0
0
0
0
0
0
0
0
0
2.176913e+08
2.209741e+08
2.252927e+08
2.307564e+08
2.374556e+08
0
0
0
0
0
0
0
0
0
0
0
0
0
0
0
0
0
0
0
0
2.112372e+08
2.142445e+08
2.183341e+08
2.235228e+08
2.299197e+08
0
0
0
0
0
0
0
0
0
0
0
0
0
0
0
0
0
0
0
0
2.050784e+08
2.078194e+08
2.116035e+08
2.165243e+08
2.22603e+08
0
0
0
0
0
0
0
0
0
0
0
0
0
0
0
0
0
0
0
0
1.9926e+08
2.015245e+08
2.050062e+08
2.095833e+08
2.153457e+08
0
0
0
0
0
0
0
0
0
0
0
0
0
0
0
0
0
0
0
0
1.936848e+08
1.95467e+08
1.984474e+08
2.026757e+08
2.08046e+08
0
0
0
0
0
0
0
0
0
0
1.890653e+08
1.898632e+08
1.923256e+08
1.96026e+08
2.010018e+08
0
0
0
0
0
0
0
0
0
0
1.856587e+08
1.854144e+08
1.869007e+08
1.90051e+08
1.944751e+08
0
0
0
0
0
0
0
0
0
0
1.823216e+08
1.827444e+08
1.849212e+08
1.887686e+08
0
0
0
0
0
0
0
0
0
0
1.80008e+08
1.811094e+08
1.839806e+08
0
0
0
0
0
0
0
0
0
0
2.990159e+08
3.041678e+08
3.108724e+08
3.193538e+08
3.298505e+08
0
0
0
0
0
0
0
0
0
0
2.889978e+08
2.939411e+08
3.00364e+08
3.084685e+08
3.184793e+08
0
0
0
0
0
0
0
0
0
0
2.799255e+08
2.846823e+08
2.908461e+08
2.986142e+08
3.0819e+08
0
0
0
0
0
0
0
0
0
0
2.715717e+08
2.761546e+08
2.820834e+08
2.895394e+08
2.987214e+08
0
0
0
0
0
0
0
0
0
0
2.636387e+08
2.680521e+08
2.737568e+08
2.809214e+08
2.897289e+08
0
0
0
0
0
0
0
0
0
0
2.557634e+08
2.600012e+08
2.654809e+08
2.723564e+08
2.80798e+08
0
0
0
0
0
0
0
0
0
0
0
0
0
0
0
0
0
0
0
0
2.477176e+08
2.517764e+08
2.570217e+08
2.636025e+08
2.716729e+08
0
0
0
0
0
0
0
0
0
0
0
0
0
0
0
0
0
0
0
0
2.397048e+08
2.435721e+08
2.485866e+08
2.54872e+08
2.625776e+08
0
0
0
0
0
0
0
0
0
0
0
0
0
0
0
0
0
0
0
0
2.319427e+08
2.356264e+08
2.404049e+08
2.464085e+08
2.537606e+08
0
0
0
0
0
0
0
0
0
0
0
0
0
0
0
0
0
0
0
0
2.245781e+08
2.280563e+08
2.326124e+08
2.383355e+08
2.453561e+08
0
0
0
0
0
0
0
0
0
0
0
0
0
0
0
0
0
0
0
0
2.176429e+08
2.209237e+08
2.252397e+08
2.307005e+08
2.373963e+08
0
0
0
0
0
0
0
0
0
0
0
0
0
0
0
0
0
0
0
0
2.111978e+08
2.142014e+08
2.182878e+08
2.234721e+08
2.298645e+08
0
0
0
0
0
0
0
0
0
0
0
0
0
0
0
0
0
0
0
0
2.051582e+08
2.078987e+08
2.116797e+08
2.165989e+08
2.226755e+08
0
0
0
0
0
0
0
0
0
0
0
0
0
0
0
0
0
0
0
0
1.996184e+08
2.018816e+08
2.053686e+08
2.099493e+08
2.157196e+08
0
0
0
0
0
0
0
0
0
0
0
0
0
0
0
0
0
0
0
0
1.943964e+08
1.961947e+08
1.991829e+08
2.034296e+08
2.088197e+08
0
0
0
0
0
0
0
0
0
0
0
0
0
0
0
0
0
0
0
0
1.899431e+08
1.907426e+08
1.932276e+08
1.969451e+08
2.019504e+08
0
0
0
0
0
0
0
0
0
0
1.864317e+08
1.862232e+08
1.877159e+08
1.908905e+08
1.953361e+08
0
0
0
0
0
0
0
0
0
0
1.828888e+08
1.833387e+08
1.855239e+08
1.893923e+08
0
0
0
0
0
0
0
0
0
0
1.802948e+08
1.814113e+08
1.842888e+08
0
0
0
0
0
0
0
0
0
0
1.787033e+08
1.804963e+08
0
0
0
0
0
0
0
0
0
0
2.884411e+08
2.933734e+08
2.997806e+08
3.078637e+08
3.178468e+08
0
0
0
0
0
0
0
0
0
0
2.789099e+08
2.836485e+08
2.897858e+08
2.975178e+08
3.07046e+08
0
0
0
0
0
0
0
0
0
0
2.702739e+08
2.748353e+08
2.80732e+08
2.881434e+08
2.972668e+08
0
0
0
0
0
0
0
0
0
0
2.623209e+08
2.667142e+08
2.723884e+08
2.795098e+08
2.882595e+08
0
0
0
0
0
0
0
0
0
0
2.547701e+08
2.589964e+08
2.644562e+08
2.713027e+08
2.797043e+08
0
0
0
0
0
0
0
0
0
0
2.472716e+08
2.51329e+08
2.565697e+08
2.631418e+08
2.711992e+08
0
0
0
0
0
0
0
0
0
0
0
0
0
0
0
0
0
0
0
0
2.396195e+08
2.434905e+08
2.48508e+08
2.547958e+08
2.625029e+08
0
0
0
0
0
0
0
0
0
0
0
0
0
0
0
0
0
0
0
0
2.319923e+08
2.356799e+08
2.404629e+08
2.464711e+08
2.538285e+08
0
0
0
0
0
0
0
0
0
0
0
0
0
0
0
0
0
0
0
0
2.246291e+08
2.281097e+08
2.326684e+08
2.383946e+08
2.454187e+08
0
0
0
0
0
0
0
0
0
0
0
0
0
0
0
0
0
0
0
0
2.176429e+08
2.209237e+08
2.252397e+08
2.307005e+08
2.373963e+08
0
0
0
0
0
0
0
0
0
0
0
0
0
0
0
0
0
0
0
0
2.11152e+08
2.141535e+08
2.182377e+08
2.234192e+08
2.298085e+08
0
0
0
0
0
0
0
0
0
0
0
0
0
0
0
0
0
0
0
0
2.051202e+08
2.078591e+08
2.116363e+08
2.165521e+08
2.226242e+08
0
0
0
0
0
0
0
0
0
0
0
0
0
0
0
0
0
0
0
0
1.996984e+08
2.019582e+08
2.05445e+08
2.100231e+08
2.157923e+08
0
0
0
0
0
0
0
0
0
0
0
0
0
0
0
0
0
0
0
0
1.947354e+08
1.965436e+08
1.995324e+08
2.037864e+08
2.091822e+08
0
0
0
0
0
0
0
0
0
0
0
0
0
0
0
0
0
0
0
0
1.906377e+08
1.914374e+08
1.939423e+08
1.976719e+08
2.027002e+08
0
0
0
0
0
0
0
0
0
0
0
0
0
0
0
0
0
0
0
0
1.872453e+08
1.870813e+08
1.885805e+08
1.917827e+08
1.962508e+08
0
0
0
0
0
0
0
0
0
0
1.836451e+08
1.841344e+08
1.863304e+08
1.902279e+08
0
0
0
0
0
0
0
0
0
0
1.80853e+08
1.819995e+08
1.848886e+08
0
0
0
0
0
0
0
0
0
0
1.789871e+08
1.807968e+08
0
0
0
0
0
0
0
0
0
0
1.781021e+08
0
0
0
0
0
0
0
0
0
0
2.783793e+08
2.831078e+08
2.892305e+08
2.969429e+08
3.064455e+08
0
0
0
0
0
0
0
0
0
0
2.693033e+08
2.738481e+08
2.797203e+08
2.870983e+08
2.961777e+08
0
0
0
0
0
0
0
0
0
0
2.610791e+08
2.654524e+08
2.71097e+08
2.781773e+08
2.868727e+08
0
0
0
0
0
0
0
0
0
0
2.535069e+08
2.577152e+08
2.631466e+08
2.699533e+08
2.783017e+08
0
0
0
0
0
0
0
0
0
0
2.463172e+08
2.50364e+08
2.555868e+08
2.621319e+08
2.701527e+08
0
0
0
0
0
0
0
0
0
0
2.391882e+08
2.430585e+08
2.480719e+08
2.543521e+08
2.620474e+08
0
0
0
0
0
0
0
0
0
0
0
0
0
0
0
0
0
0
0
0
2.319078e+08
2.355988e+08
2.40385e+08
2.463956e+08
2.537548e+08
0
0
0
0
0
0
0
0
0
0
0
0
0
0
0
0
0
0
0
0
2.246748e+08
2.281594e+08
2.327222e+08
2.384531e+08
2.454822e+08
0
0
0
0
0
0
0
0
0
0
0
0
0
0
0
0
0
0
0
0
2.176913e+08
2.209741e+08
2.252927e+08
2.307564e+08
2.374556e+08
0
0
0
0
0
0
0
0
0
0
0
0
0
0
0
0
0
0
0
0
2.11152e+08
2.141535e+08
2.182377e+08
2.234192e+08
2.298085e+08
0
0
0
0
0
0
0
0
0
0
0
0
0
0
0
0
0
0
0
0
2.050759e+08
2.078138e+08
2.115886e+08
2.16502e+08
2.225711e+08
0
0
0
0
0
0
0
0
0
0
0
0
0
0
0
0
0
0
0
0
1.996633e+08
2.019199e+08
2.054051e+08
2.099792e+08
2.157448e+08
0
0
0
0
0
0
0
0
0
0
0
0
0
0
0
0
0
0
0
0
1.948071e+08
1.966204e+08
1.996062e+08
2.038605e+08
2.092542e+08
0
0
0
0
0
0
0
0
0
0
0
0
0
0
0
0
0
0
0
0
1.909702e+08
1.917675e+08
1.942839e+08
1.980161e+08
2.030537e+08
0
0
0
0
0
0
0
0
0
0
0
0
0
0
0
0
0
0
0
0
1.878771e+08
1.877597e+08
1.892631e+08
1.924892e+08
1.969738e+08
0
0
0
0
0
0
0
0
0
0
0
0
0
0
0
0
0
0
0
0
1.844405e+08
1.849783e+08
1.871858e+08
1.911158e+08
0
0
0
0
0
0
0
0
0
0
1.81597e+08
1.827869e+08
1.856914e+08
0
0
0
0
0
0
0
0
0
0
1.795395e+08
1.813822e+08
0
0
0
0
0
0
0
0
0
0
1.783845e+08
0
0
0
0
0
0
0
0
0
0
0
0
0
0
0
0
0
0
0
0
2.68797e+08
2.733324e+08
2.791911e+08
2.865509e+08
2.956067e+08
0
0
0
0
0
0
0
0
0
0
2.601506e+08
2.645083e+08
2.701304e+08
2.771797e+08
2.858344e+08
0
0
0
0
0
0
0
0
0
0
2.523169e+08
2.56507e+08
2.619108e+08
2.686796e+08
2.769776e+08
0
0
0
0
0
0
0
0
0
0
2.451049e+08
2.49135e+08
2.543319e+08
2.608401e+08
2.688117e+08
0
0
0
0
0
0
0
0
0
0
2.382696e+08
2.421306e+08
2.471274e+08
2.533831e+08
2.610442e+08
0
0
0
0
0
0
0
0
0
0
2.314906e+08
2.351807e+08
2.399636e+08
2.459673e+08
2.53316e+08
0
0
0
0
0
0
0
0
0
0
0
0
0
0
0
0
0
0
0
0
2.245907e+08
2.28079e+08
2.326446e+08
2.383781e+08
2.45409e+08
0
0
0
0
0
0
0
0
0
0
0
0
0
0
0
0
0
0
0
0
2.177342e+08
2.210201e+08
2.253428e+08
2.308107e+08
2.375149e+08
0
0
0
0
0
0
0
0
0
0
0
0
0
0
0
0
0
0
0
0
2.111978e+08
2.142014e+08
2.182878e+08
2.234721e+08
2.298645e+08
0
0
0
0
0
0
0
0
0
0
0
0
0
0
0
0
0
0
0
0
2.050759e+08
2.078138e+08
2.115886e+08
2.16502e+08
2.225711e+08
0
0
0
0
0
0
0
0
0
0
0
0
0
0
0
0
0
0
0
0
1.996214e+08
2.018762e+08
2.0536e+08
2.099316e+08
2.156946e+08
0
0
0
0
0
0
0
0
0
0
0
0
0
0
0
0
0
0
0
0
1.947695e+08
1.965851e+08
1.995677e+08
2.038201e+08
2.092097e+08
0
0
0
0
0
0
0
0
0
0
0
0
0
0
0
0
0
0
0
0
1.910424e+08
1.918364e+08
1.943581e+08
1.980877e+08
2.031261e+08
0
0
0
0
0
0
0
0
0
0
0
0
0
0
0
0
0
0
0
0
1.881638e+08
1.880836e+08
1.895864e+08
1.928257e+08
1.973149e+08
0
0
0
0
0
0
0
0
0
0
0
0
0
0
0
0
0
0
0
0
1.850575e+08
1.856448e+08
1.878606e+08
1.918187e+08
0
0
0
0
0
0
0
0
0
0
0
0
0
0
0
0
0
0
0
0
1.823793e+08
1.836218e+08
1.865428e+08
0
0
0
0
0
0
0
0
0
0
1.802758e+08
1.821659e+08
0
0
0
0
0
0
0
0
0
0
1.789343e+08
0
0
0
0
0
0
0
0
0
0
0
0
0
0
0
0
0
0
0
0
0
0
0
0
0
0
0
0
0
2.596668e+08
2.640157e+08
2.696254e+08
2.766579e+08
2.852907e+08
0
0
0
0
0
0
0
0
0
0
2.514273e+08
2.556032e+08
2.609859e+08
2.677261e+08
2.759865e+08
0
0
0
0
0
0
0
0
0
0
2.439632e+08
2.479764e+08
2.531481e+08
2.596207e+08
2.675458e+08
0
0
0
0
0
0
0
0
0
0
2.371044e+08
2.409505e+08
2.459232e+08
2.521449e+08
2.597601e+08
0
0
0
0
0
0
0
0
0
0
2.306057e+08
2.34287e+08
2.39055e+08
2.450359e+08
2.523532e+08
0
0
0
0
0
0
0
0
0
0
2.241861e+08
2.276743e+08
2.322366e+08
2.379642e+08
2.449854e+08
0
0
0
0
0
0
0
0
0
0
0
0
0
0
0
0
0
0
0
0
2.176513e+08
2.209398e+08
2.252656e+08
2.307359e+08
2.374422e+08
0
0
0
0
0
0
0
0
0
0
0
0
0
0
0
0
0
0
0
0
2.112372e+08
2.142445e+08
2.183341e+08
2.235228e+08
2.299197e+08
0
0
0
0
0
0
0
0
0
0
0
0
0
0
0
0
0
0
0
0
2.051202e+08
2.078591e+08
2.116363e+08
2.165521e+08
2.226242e+08
0
0
0
0
0
0
0
0
0
0
0
0
0
0
0
0
0
0
0
0
1.996214e+08
2.018762e+08
2.0536e+08
2.099316e+08
2.156946e+08
0
0
0
0
0
0
0
0
0
0
0
0
0
0
0
0
0
0
0
0
1.94727e+08
1.965436e+08
1.995241e+08
2.03775e+08
2.091619e+08
0
0
0
0
0
0
0
0
0
0
0
0
0
0
0
0
0
0
0
0
1.910073e+08
1.917986e+08
1.943225e+08
1.980487e+08
2.03085e+08
0
0
0
0
0
0
0
0
0
0
0
0
0
0
0
0
0
0
0
0
1.882069e+08
1.881529e+08
1.896529e+08
1.928978e+08
1.973849e+08
0
0
0
0
0
0
0
0
0
0
0
0
0
0
0
0
0
0
0
0
1.853366e+08
1.859621e+08
1.881791e+08
1.921522e+08
0
0
0
0
0
0
0
0
0
0
0
0
0
0
0
0
0
0
0
0
1.829854e+08
1.842808e+08
1.872142e+08
0
0
0
0
0
0
0
0
0
0
0
0
0
0
0
0
0
0
0
0
1.810498e+08
1.82997e+08
0
0
0
0
0
0
0
0
0
0
1.796672e+08
0
0
0
0
0
0
0
0
0
0
0
0
0
0
0
0
0
0
0
0
0
0
0
0
0
0
0
0
0
0
0
0
0
0
0
0
0
2.509644e+08
2.551322e+08
2.605034e+08
2.67228e+08
2.75468e+08
0
0
0
0
0
0
0
0
0
0
2.431099e+08
2.4711e+08
2.522622e+08
2.587081e+08
2.665982e+08
0
0
0
0
0
0
0
0
0
0
2.360075e+08
2.398382e+08
2.447874e+08
2.509764e+08
2.585481e+08
0
0
0
0
0
0
0
0
0
0
2.294849e+08
2.33152e+08
2.378981e+08
2.438472e+08
2.511222e+08
0
0
0
0
0
0
0
0
0
0
2.23332e+08
2.268129e+08
2.31361e+08
2.370677e+08
2.440597e+08
0
0
0
0
0
0
0
0
0
0
2.172598e+08
2.205469e+08
2.248704e+08
2.303349e+08
2.370325e+08
0
0
0
0
0
0
0
0
0
0
0
0
0
0
0
0
0
0
0
0
2.111544e+08
2.141652e+08
2.18257e+08
2.234482e+08
2.29847e+08
0
0
0
0
0
0
0
0
0
0
0
0
0
0
0
0
0
0
0
0
2.051582e+08
2.078987e+08
2.116797e+08
2.165989e+08
2.226755e+08
0
0
0
0
0
0
0
0
0
0
0
0
0
0
0
0
0
0
0
0
1.996633e+08
2.019199e+08
2.054051e+08
2.099792e+08
2.157448e+08
0
0
0
0
0
0
0
0
0
0
0
0
0
0
0
0
0
0
0
0
1.94727e+08
1.965436e+08
1.995241e+08
2.03775e+08
2.091619e+08
0
0
0
0
0
0
0
0
0
0
0
0
0
0
0
0
0
0
0
0
1.909666e+08
1.917566e+08
1.942812e+08
1.980052e+08
2.030398e+08
0
0
0
0
0
0
0
0
0
0
0
0
0
0
0
0
0
0
0
0
1.881551e+08
1.881177e+08
1.896149e+08
1.928618e+08
1.973453e+08
0
0
0
0
0
0
0
0
0
0
0
0
0
0
0
0
0
0
0
0
1.853776e+08
1.860291e+08
1.882437e+08
1.922228e+08
0
0
0
0
0
0
0
0
0
0
0
0
0
0
0
0
0
0
0
0
1.832588e+08
1.845935e+08
1.875299e+08
0
0
0
0
0
0
0
0
0
0
0
0
0
0
0
0
0
0
0
0
1.816491e+08
1.836527e+08
0
0
0
0
0
0
0
0
0
0
0
0
0
0
0
0
0
0
0
0
1.804376e+08
0
0
0
0
0
0
0
0
0
0
0
0
0
0
0
0
0
0
0
0
0
0
0
0
0
0
0
0
0
0
0
0
0
0
0
0
0
0
0
0
0
0
0
0
2.426665e+08
2.466591e+08
2.518007e+08
2.58232e+08
2.661033e+08
0
0
0
0
0
0
0
0
0
0
2.351879e+08
2.390066e+08
2.439378e+08
2.50102e+08
2.57641e+08
0
0
0
0
0
0
0
0
0
0
2.284301e+08
2.320828e+08
2.368072e+08
2.427258e+08
2.499606e+08
0
0
0
0
0
0
0
0
0
0
2.222521e+08
2.257205e+08
2.302478e+08
2.359254e+08
2.428778e+08
0
0
0
0
0
0
0
0
0
0
2.164361e+08
2.197151e+08
2.24026e+08
2.294708e+08
2.361415e+08
0
0
0
0
0
0
0
0
0
0
2.107734e+08
2.137848e+08
2.178731e+08
2.230596e+08
2.2945e+08
0
0
0
0
0
0
0
0
0
0
0
0
0
0
0
0
0
0
0
0
2.050784e+08
2.078194e+08
2.116035e+08
2.165243e+08
2.22603e+08
0
0
0
0
0
0
0
0
0
0
0
0
0
0
0
0
0
0
0
0
1.996984e+08
2.019582e+08
2.05445e+08
2.100231e+08
2.157923e+08
0
0
0
0
0
0
0
0
0
0
0
0
0
0
0
0
0
0
0
0
1.947695e+08
1.965851e+08
1.995677e+08
2.038201e+08
2.092097e+08
0
0
0
0
0
0
0
0
0
0
0
0
0
0
0
0
0
0
0
0
1.909666e+08
1.917566e+08
1.942812e+08
1.980052e+08
2.030398e+08
0
0
0
0
0
0
0
0
0
0
0
0
0
0
0
0
0
0
0
0
1.881068e+08
1.880775e+08
1.895731e+08
1.928205e+08
1.973016e+08
0
0
0
0
0
0
0
0
0
0
0
0
0
0
0
0
0
0
0
0
1.853261e+08
1.859937e+08
1.882053e+08
1.921862e+08
0
0
0
0
0
0
0
0
0
0
0
0
0
0
0
0
0
0
0
0
1.832979e+08
1.846587e+08
1.87593e+08
0
0
0
0
0
0
0
0
0
0
0
0
0
0
0
0
0
0
0
0
1.819183e+08
1.839627e+08
0
0
0
0
0
0
0
0
0
0
0
0
0
0
0
0
0
0
0
0
1.810339e+08
0
0
0
0
0
0
0
0
0
0
0
0
0
0
0
0
0
0
0
0
0
0
0
0
0
0
0
0
0
0
0
0
0
0
0
0
0
0
0
0
0
0
0
0
0
0
0
0
0
0
0
0
0
0
0
0
0
0
0
0
2.347626e+08
2.385745e+08
2.434957e+08
2.496465e+08
2.571678e+08
0
0
0
0
0
0
0
0
0
0
2.276423e+08
2.312836e+08
2.359914e+08
2.418869e+08
2.490913e+08
0
0
0
0
0
0
0
0
0
0
2.212361e+08
2.246917e+08
2.291987e+08
2.348481e+08
2.417628e+08
0
0
0
0
0
0
0
0
0
0
2.153957e+08
2.186619e+08
2.229542e+08
2.283713e+08
2.350055e+08
0
0
0
0
0
0
0
0
0
0
2.099761e+08
2.129821e+08
2.170573e+08
2.22226e+08
2.28591e+08
0
0
0
0
0
0
0
0
0
0
2.047113e+08
2.074489e+08
2.112316e+08
2.161467e+08
2.222183e+08
0
0
0
0
0
0
0
0
0
0
0
0
0
0
0
0
0
0
0
0
1.996184e+08
2.018816e+08
2.053686e+08
2.099493e+08
2.157196e+08
0
0
0
0
0
0
0
0
0
0
0
0
0
0
0
0
0
0
0
0
1.948071e+08
1.966204e+08
1.996062e+08
2.038605e+08
2.092542e+08
0
0
0
0
0
0
0
0
0
0
0
0
0
0
0
0
0
0
0
0
1.910073e+08
1.917986e+08
1.943225e+08
1.980487e+08
2.03085e+08
0
0
0
0
0
0
0
0
0
0
0
0
0
0
0
0
0
0
0
0
1.881068e+08
1.880775e+08
1.895731e+08
1.928205e+08
1.973016e+08
0
0
0
0
0
0
0
0
0
0
0
0
0
0
0
0
0
0
0
0
1.852784e+08
1.859537e+08
1.881635e+08
1.921447e+08
0
0
0
0
0
0
0
0
0
0
0
0
0
0
0
0
0
0
0
0
1.832464e+08
1.846228e+08
1.87554e+08
0
0
0
0
0
0
0
0
0
0
0
0
0
0
0
0
0
0
0
0
1.819559e+08
1.840264e+08
0
0
0
0
0
0
0
0
0
0
0
0
0
0
0
0
0
0
0
0
1.813007e+08
0
0
0
0
0
0
0
0
0
0
0
0
0
0
0
0
0
0
0
0
0
0
0
0
0
0
0
0
0
0
0
0
0
0
0
0
0
0
0
0
0
0
0
0
0
0
0
0
0
0
0
0
0
0
0
0
0
0
0
0
0
0
0
0
0
0
0
0
0
0
0
0
0
0
0
2.27234e+08
2.308689e+08
2.355675e+08
2.414505e+08
2.486385e+08
0
0
0
0
0
0
0
0
0
0
2.204775e+08
2.23923e+08
2.284143e+08
2.340423e+08
2.409287e+08
0
0
0
0
0
0
0
0
0
0
2.144172e+08
2.176705e+08
2.219443e+08
2.273349e+08
2.339341e+08
0
0
0
0
0
0
0
0
0
0
2.089707e+08
2.119669e+08
2.160235e+08
2.211671e+08
2.274975e+08
0
0
0
0
0
0
0
0
0
0
2.039435e+08
2.066715e+08
2.10444e+08
2.153411e+08
2.213895e+08
0
0
0
0
0
0
0
0
0
0
1.9926e+08
2.015245e+08
2.050062e+08
2.095833e+08
2.153457e+08
0
0
0
0
0
0
0
0
0
0
0
0
0
0
0
0
0
0
0
0
1.947354e+08
1.965436e+08
1.995324e+08
2.037864e+08
2.091822e+08
0
0
0
0
0
0
0
0
0
0
0
0
0
0
0
0
0
0
0
0
1.910423e+08
1.918364e+08
1.943581e+08
1.980877e+08
2.031261e+08
0
0
0
0
0
0
0
0
0
0
0
0
0
0
0
0
0
0
0
0
1.881551e+08
1.881177e+08
1.896149e+08
1.928618e+08
1.973453e+08
0
0
0
0
0
0
0
0
0
0
0
0
0
0
0
0
0
0
0
0
1.852784e+08
1.859537e+08
1.881635e+08
1.921447e+08
0
0
0
0
0
0
0
0
0
0
0
0
0
0
0
0
0
0
0
0
1.83199e+08
1.845829e+08
1.875121e+08
0
0
0
0
0
0
0
0
0
0
0
0
0
0
0
0
0
0
0
0
1.819042e+08
1.8399e+08
0
0
0
0
0
0
0
0
0
0
0
0
0
0
0
0
0
0
0
0
1.81337e+08
0
0
0
0
0
0
0
0
0
0
0
0
0
0
0
0
0
0
0
0
0
0
0
0
0
0
0
0
0
0
0
0
0
0
0
0
0
0
0
0
0
0
0
0
0
0
0
0
0
0
0
0
0
0
0
0
0
0
0
0
0
0
0
0
0
0
0
0
0
0
0
0
0
0
0
0
0
0
0
0
0
0
0
0
0
0
0
0
0
2.200851e+08
2.235248e+08
2.280074e+08
2.336237e+08
2.404948e+08
0
0
0
0
0
0
0
0
0
0
2.136867e+08
2.1693e+08
2.211896e+08
2.2656e+08
2.331329e+08
0
0
0
0
0
0
0
0
0
0
2.080256e+08
2.110116e+08
2.1505e+08
2.201692e+08
2.264667e+08
0
0
0
0
0
0
0
0
0
0
2.029751e+08
2.0569e+08
2.094472e+08
2.143194e+08
2.203361e+08
0
0
0
0
0
0
0
0
0
0
1.985144e+08
2.007754e+08
2.042432e+08
2.088054e+08
2.145445e+08
0
0
0
0
0
0
0
0
0
0
1.943964e+08
1.961947e+08
1.991829e+08
2.034296e+08
2.088197e+08
0
0
0
0
0
0
0
0
0
0
0
0
0
0
0
0
0
0
0
0
1.909702e+08
1.917675e+08
1.942839e+08
1.980161e+08
2.030537e+08
0
0
0
0
0
0
0
0
0
0
0
0
0
0
0
0
0
0
0
0
1.882069e+08
1.881529e+08
1.896529e+08
1.928978e+08
1.973849e+08
0
0
0
0
0
0
0
0
0
0
0
0
0
0
0
0
0
0
0
0
1.853261e+08
1.859937e+08
1.882053e+08
1.921862e+08
0
0
0
0
0
0
0
0
0
0
0
0
0
0
0
0
0
0
0
0
1.83199e+08
1.845829e+08
1.875121e+08
0
0
0
0
0
0
0
0
0
0
0
0
0
0
0
0
0
0
0
0
1.818569e+08
1.8395e+08
0
0
0
0
0
0
0
0
0
0
0
0
0
0
0
0
0
0
0
0
1.812848e+08
0
0
0
0
0
0
0
0
0
0
0
0
0
0
0
0
0
0
0
0
0
0
0
0
0
0
0
0
0
0
0
0
0
0
0
0
0
0
0
0
0
0
0
0
0
0
0
0
0
0
0
0
0
0
0
0
0
0
0
0
0
0
0
0
0
0
0
0
0
0
0
0
0
0
0
0
0
0
0
0
0
0
0
0
0
0
0
0
0
0
0
0
0
0
0
0
0
0
0
0
0
0
2.133093e+08
2.165469e+08
2.207986e+08
2.26158e+08
2.327167e+08
0
0
0
0
0
0
0
0
0
0
2.073203e+08
2.102982e+08
2.143226e+08
2.194234e+08
2.25696e+08
0
0
0
0
0
0
0
0
0
0
2.020645e+08
2.047668e+08
2.085087e+08
2.133572e+08
2.193435e+08
0
0
0
0
0
0
0
0
0
0
1.975752e+08
1.998297e+08
2.03279e+08
2.0782e+08
2.135281e+08
0
0
0
0
0
0
0
0
0
0
1.936848e+08
1.95467e+08
1.984474e+08
2.026757e+08
2.08046e+08
0
0
0
0
0
0
0
0
0
0
1.906377e+08
1.914374e+08
1.939423e+08
1.976719e+08
2.027002e+08
0
0
0
0
0
0
0
0
0
0
0
0
0
0
0
0
0
0
0
0
1.881638e+08
1.880836e+08
1.895864e+08
1.928257e+08
1.973149e+08
0
0
0
0
0
0
0
0
0
0
0
0
0
0
0
0
0
0
0
0
1.853776e+08
1.860291e+08
1.882437e+08
1.922228e+08
0
0
0
0
0
0
0
0
0
0
0
0
0
0
0
0
0
0
0
0
1.832464e+08
1.846228e+08
1.87554e+08
0
0
0
0
0
0
0
0
0
0
0
0
0
0
0
0
0
0
0
0
1.818569e+08
1.8395e+08
0
0
0
0
0
0
0
0
0
0
0
0
0
0
0
0
0
0
0
0
1.812375e+08
0
0
0
0
0
0
0
0
0
0
0
0
0
0
0
0
0
0
0
0
0
0
0
0
0
0
0
0
0
0
0
0
0
0
0
0
0
0
0
0
0
0
0
0
0
0
0
0
0
0
0
0
0
0
0
0
0
0
0
0
0
0
0
0
0
0
0
0
0
0
0
0
0
0
0
0
0
0
0
0
0
0
0
0
0
0
0
0
0
0
0
0
0
0
0
0
0
0
0
0
0
0
0
0
0
0
0
0
0
0
0
0
0
0
2.069564e+08
2.099297e+08
2.139464e+08
2.19037e+08
2.252962e+08
0
0
0
0
0
0
0
0
0
0
2.013849e+08
2.040777e+08
2.078077e+08
2.126382e+08
2.186017e+08
0
0
0
0
0
0
0
0
0
0
1.966924e+08
1.989399e+08
2.023718e+08
2.068922e+08
2.125709e+08
0
0
0
0
0
0
0
0
0
0
1.92785e+08
1.945494e+08
1.975181e+08
2.017225e+08
2.070655e+08
0
0
0
0
0
0
0
0
0
0
1.899431e+08
1.907426e+08
1.932276e+08
1.969451e+08
2.019504e+08
0
0
0
0
0
0
0
0
0
0
1.878771e+08
1.877597e+08
1.892631e+08
1.924892e+08
1.969738e+08
0
0
0
0
0
0
0
0
0
0
0
0
0
0
0
0
0
0
0
0
1.853366e+08
1.859621e+08
1.881791e+08
1.921522e+08
0
0
0
0
0
0
0
0
0
0
0
0
0
0
0
0
0
0
0
0
1.832979e+08
1.846587e+08
1.87593e+08
0
0
0
0
0
0
0
0
0
0
0
0
0
0
0
0
0
0
0
0
1.819042e+08
1.8399e+08
0
0
0
0
0
0
0
0
0
0
0
0
0
0
0
0
0
0
0
0
1.812375e+08
0
0
0
0
0
0
0
0
0
0
0
0
0
0
0
0
0
0
0
0
0
0
0
0
0
0
0
0
0
0
0
0
0
0
0
0
0
0
0
0
0
0
0
0
0
0
0
0
0
0
0
0
0
0
0
0
0
0
0
0
0
0
0
0
0
0
0
0
0
0
0
0
0
0
0
0
0
0
0
0
0
0
0
0
0
0
0
0
0
0
0
0
0
0
0
0
0
0
0
0
0
0
0
0
0
0
0
0
0
0
0
0
0
0
0
0
0
0
0
0
0
0
0
0
0
2.010348e+08
2.037222e+08
2.074456e+08
2.122663e+08
2.182174e+08
0
0
0
0
0
0
0
0
0
0
1.960338e+08
1.982756e+08
2.016944e+08
2.061991e+08
2.118557e+08
0
0
0
0
0
0
0
0
0
0
1.919375e+08
1.936863e+08
1.966433e+08
2.008253e+08
2.061424e+08
0
0
0
0
0
0
0
0
0
0
1.890653e+08
1.898632e+08
1.923256e+08
1.96026e+08
2.010018e+08
0
0
0
0
0
0
0
0
0
0
1.872453e+08
1.870813e+08
1.885805e+08
1.917827e+08
1.962507e+08
0
0
0
0
0
0
0
0
0
0
1.850575e+08
1.856448e+08
1.878606e+08
1.918187e+08
0
0
0
0
0
0
0
0
0
0
0
0
0
0
0
0
0
0
0
0
1.832588e+08
1.845935e+08
1.875299e+08
0
0
0
0
0
0
0
0
0
0
0
0
0
0
0
0
0
0
0
0
1.819559e+08
1.840264e+08
0
0
0
0
0
0
0
0
0
0
0
0
0
0
0
0
0
0
0
0
1.812848e+08
0
0
0
0
0
0
0
0
0
0
0
0
0
0
0
0
0
0
0
0
0
0
0
0
0
0
0
0
0
0
0
0
0
0
0
0
0
0
0
0
0
0
0
0
0
0
0
0
0
0
0
0
0
0
0
0
0
0
0
0
0
0
0
0
0
0
0
0
0
0
0
0
0
0
0
0
0
0
0
0
0
0
0
0
0
0
0
0
0
0
0
0
0
0
0
0
0
0
0
0
0
0
0
0
0
0
0
0
0
0
0
0
0
0
0
0
0
0
0
0
0
0
0
0
0
0
0
0
0
0
0
0
0
0
0
1.956948e+08
1.979333e+08
2.01345e+08
2.058411e+08
2.114858e+08
0
0
0
0
0
0
0
0
0
0
1.913046e+08
1.930422e+08
1.959901e+08
2.001554e+08
2.054529e+08
0
0
0
0
0
0
0
0
0
0
1.882385e+08
1.890344e+08
1.914769e+08
1.951608e+08
2.001091e+08
0
0
0
0
0
0
0
0
0
0
1.864317e+08
1.862232e+08
1.877159e+08
1.908905e+08
1.953361e+08
0
0
0
0
0
0
0
0
0
0
1.844405e+08
1.849783e+08
1.871858e+08
1.911158e+08
0
0
0
0
0
0
0
0
0
0
1.829854e+08
1.842808e+08
1.872142e+08
0
0
0
0
0
0
0
0
0
0
0
0
0
0
0
0
0
0
0
0
1.819183e+08
1.839627e+08
0
0
0
0
0
0
0
0
0
0
0
0
0
0
0
0
0
0
0
0
1.81337e+08
0
0
0
0
0
0
0
0
0
0
0
0
0
0
0
0
0
0
0
0
0
0
0
0
0
0
0
0
0
0
0
0
0
0
0
0
0
0
0
0
0
0
0
0
0
0
0
0
0
0
0
0
0
0
0
0
0
0
0
0
0
0
0
0
0
0
0
0
0
0
0
0
0
0
0
0
0
0
0
0
0
0
0
0
0
0
0
0
0
0
0
0
0
0
0
0
0
0
0
0
0
0
0
0
0
0
0
0
0
0
0
0
0
0
0
0
0
0
0
0
0
0
0
0
0
0
0
0
0
0
0
0
0
0
0
0
0
0
0
0
0
0
0
0
0
1.909792e+08
1.927109e+08
1.956537e+08
1.998099e+08
2.050968e+08
0
0
0
0
0
0
0
0
0
0
1.876212e+08
1.884153e+08
1.908434e+08
1.945147e+08
1.994425e+08
0
0
0
0
0
0
0
0
0
0
1.856587e+08
1.854144e+08
1.869007e+08
1.900509e+08
1.944751e+08
0
0
0
0
0
0
0
0
0
0
1.836451e+08
1.841344e+08
1.863304e+08
1.902279e+08
0
0
0
0
0
0
0
0
0
0
1.823793e+08
1.836218e+08
1.865428e+08
0
0
0
0
0
0
0
0
0
0
1.816491e+08
1.836527e+08
0
0
0
0
0
0
0
0
0
0
0
0
0
0
0
0
0
0
0
0
1.813007e+08
0
0
0
0
0
0
0
0
0
0
0
0
0
0
0
0
0
0
0
0
0
0
0
0
0
0
0
0
0
0
0
0
0
0
0
0
0
0
0
0
0
0
0
0
0
0
0
0
0
0
0
0
0
0
0
0
0
0
0
0
0
0
0
0
0
0
0
0
0
0
0
0
0
0
0
0
0
0
0
0
0
0
0
0
0
0
0
0
0
0
0
0
0
0
0
0
0
0
0
0
0
0
0
0
0
0
0
0
0
0
0
0
0
0
0
0
0
0
0
0
0
0
0
0
0
0
0
0
0
0
0
0
0
0
0
0
0
0
0
0
0
0
0
0
0
0
0
0
0
0
0
0
0
0
0
1.873042e+08
1.880971e+08
1.905175e+08
1.941819e+08
1.990988e+08
0
0
0
0
0
0
0
0
0
0
1.850791e+08
1.848104e+08
1.862916e+08
1.894242e+08
1.938322e+08
0
0
0
0
0
0
0
0
0
0
1.828888e+08
1.833387e+08
1.855238e+08
1.893923e+08
0
0
0
0
0
0
0
0
0
0
1.81597e+08
1.827869e+08
1.856914e+08
0
0
0
0
0
0
0
0
0
0
1.810498e+08
1.82997e+08
0
0
0
0
0
0
0
0
0
0
1.810339e+08
0
0
0
0
0
0
0
0
0
0
0
0
0
0
0
0
0
0
0
0
0
0
0
0
0
0
0
0
0
0
0
0
0
0
0
0
0
0
0
0
0
0
0
0
0
0
0
0
0
0
0
0
0
0
0
0
0
0
0
0
0
0
0
0
0
0
0
0
0
0
0
0
0
0
0
0
0
0
0
0
0
0
0
0
0
0
0
0
0
0
0
0
0
0
0
0
0
0
0
0
0
0
0
0
0
0
0
0
0
0
0
0
0
0
0
0
0
0
0
0
0
0
0
0
0
0
0
0
0
0
0
0
0
0
0
0
0
0
0
0
0
0
0
0
0
0
0
0
0
0
0
0
0
0
0
0
0
0
0
0
0
0
0
0
0
1.847812e+08
1.845002e+08
1.859786e+08
1.891019e+08
1.935011e+08
0
0
0
0
0
0
0
0
0
0
1.823216e+08
1.827444e+08
1.849212e+08
1.887686e+08
0
0
0
0
0
0
0
0
0
0
1.80853e+08
1.819995e+08
1.848886e+08
0
0
0
0
0
0
0
0
0
0
1.802758e+08
1.821659e+08
0
0
0
0
0
0
0
0
0
0
1.804376e+08
0
0
0
0
0
0
0
0
0
0
0
0
0
0
0
0
0
0
0
0
0
0
0
0
0
0
0
0
0
0
0
0
0
0
0
0
0
0
0
0
0
0
0
0
0
0
0
0
0
0
0
0
0
0
0
0
0
0
0
0
0
0
0
0
0
0
0
0
0
0
0
0
0
0
0
0
0
0
0
0
0
0
0
0
0
0
0
0
0
0
0
0
0
0
0
0
0
0
0
0
0
0
0
0
0
0
0
0
0
0
0
0
0
0
0
0
0
0
0
0
0
0
0
0
0
0
0
0
0
0
0
0
0
0
0
0
0
0
0
0
0
0
0
0
0
0
0
0
0
0
0
0
0
0
0
0
0
0
0
0
0
0
0
0
0
1.820301e+08
1.824392e+08
1.846115e+08
1.884478e+08
0
0
0
0
0
0
0
0
0
0
1.802948e+08
1.814113e+08
1.842888e+08
0
0
0
0
0
0
0
0
0
0
1.795395e+08
1.813822e+08
0
0
0
0
0
0
0
0
0
0
1.796672e+08
0
0
0
0
0
0
0
0
0
0
0
0
0
0
0
0
0
0
0
0
0
0
0
0
0
0
0
0
0
0
0
0
0
0
0
0
0
0
0
0
0
0
0
0
0
0
0
0
0
0
0
0
0
0
0
0
0
0
0
0
0
0
0
0
0
0
0
0
0
0
0
0
0
0
0
0
0
0
0
0
0
0
0
0
0
0
0
0
0
0
0
0
0
0
0
0
0
0
0
0
0
0
0
0
0
0
0
0
0
0
0
0
0
0
0
0
0
0
0
0
0
0
0
0
0
0
0
0
0
0
0
0
0
0
0
0
0
0
0
0
0
0
0
0
0
0
0
0
0
0
0
0
0
0
0
0
0
0
0
0
0
0
0
0
0
1.80008e+08
1.811094e+08
1.839806e+08
0
0
0
0
0
0
0
0
0
0
1.789871e+08
1.807968e+08
0
0
0
0
0
0
0
0
0
0
1.789343e+08
0
0
0
0
0
0
0
0
0
0
0
0
0
0
0
0
0
0
0
0
0
0
0
0
0
0
0
0
0
0
0
0
0
0
0
0
0
0
0
0
0
0
0
0
0
0
0
0
0
0
0
0
0
0
0
0
0
0
0
0
0
0
0
0
0
0
0
0
0
0
0
0
0
0
0
0
0
0
0
0
0
0
0
0
0
0
0
0
0
0
0
0
0
0
0
0
0
0
0
0
0
0
0
0
0
0
0
0
0
0
0
0
0
0
0
0
0
0
0
0
0
0
0
0
0
0
0
0
0
0
0
0
0
0
0
0
0
0
0
0
0
0
0
0
0
0
0
0
0
0
0
0
0
0
0
0
0
0
0
0
0
0
0
0
1.787033e+08
1.804963e+08
0
0
0
0
0
0
0
0
0
0
1.783845e+08
0
0
0
0
0
0
0
0
0
0
0
0
0
0
0
0
0
0
0
0
0
0
0
0
0
0
0
0
0
0
0
0
0
0
0
0
0
0
0
0
0
0
0
0
0
0
0
0
0
0
0
0
0
0
0
0
0
0
0
0
0
0
0
0
0
0
0
0
0
0
0
0
0
0
0
0
0
0
0
0
0
0
0
0
0
0
0
0
0
0
0
0
0
0
0
0
0
0
0
0
0
0
0
0
0
0
0
0
0
0
0
0
0
0
0
0
0
0
0
0
0
0
0
0
0
0
0
0
0
0
0
0
0
0
0
0
0
0
0
0
0
0
0
0
0
0
0
0
0
0
0
0
0
0
0
0
0
0
0
0
0
0
1.781021e+08
0
0
0
0
0
0
0
0
0
0
0
0
0
0
0
0
0
0
0
0
0
0
0
0
0
0
0
0
0
0
0
0
0
0
0
0
0
0
0
0
0
0
0
0
0
0
0
0
0
0
0
0
0
0
0
0
0
0
0
0
0
0
0
0
0
0
0
0
0
0
0
0
0
0
0
0
0
0
0
0
0
0
0
0
0
0
0
0
0
0
0
0
0
0
0
0
0
0
0
0
0
0
0
0
0
0
0
0
0
0
0
0
0
0
0
0
0
0
0
0
0
0
0
0
0
0
0
0
0
0
0
0
0
0
0
0
0
0
0
0
0
0
0
0
0
0
0
0
0
0
0
0
0
0
0
0
0
0
0
0
0
0
0
0
0
0
0
0
0
0
0
0
0
0
0
0
0
0
0
0
0
0
0
0
0
0
0
0
0
0
0
0
0
0
0
0
0
0
0
0
0
0
0
0
0
0
0
0
0
0
0
0
0
0
0
0
0
0
0
0
0
0
0
0
0
0
0
0
0
0
0
0
0
0
0
0
0
0
0
0
0
0
0
0
0
0
0
0
0
0
0
0
0
0
0
0
0
0
0
0
0
0
0
0
0
0
0
0
0
0
0
0
0
0
0
0
0
0
0
0
0
0
0
0
0
0
0
0
0
0
0
0
0
0
0
0
0
0
0
0
0
0
0
0
0
0
0
0
0
0
0
0
0
0
0
0
0
0
0
0
0
0
0
0
0
0
0
0
0
0
0
0
0
0
0
0
0
0
0
0
0
0
0
0
0
0
0
0
0
0
0
0
0
0
0
0
0
0
0
0
0
0
0
0
0
0
0
0
0
0
0
0
0
0
0
0
0
0
0
0
0
0
0
0
0
0
0
0
0
0
0
0
0
0
0
0
0
0
0
0
0
0
0
0
0
0
0
0
0
0
0
0
0
0
0
0
0
0
0
0
0
0
0
0
0
0
0
0
0
0
0
0
0
0
0
0
0
0
0
0
0
0
0
0
0
0
0
0
0
0
0
0
0
0
0
0
0
0
0
0
0
0
0
0
0
0
0
0
0
0
0
0
0
0
0
0
0
0
0
0
0
0
0
0
0
0
0
0
0
0
0
0
0
0
0
0
0
0
0
0
0
0
0
0
0
0
0
0
0
0
0
0
0
0
0
0
0
0
0
0
0
0
0
0
0
0
0
0
0
0
0
0
0
0
0
0
0
0
0
0
0
0
0
0
0
0
0
0
0
0
0
0
0
0
0
0
0
0
0
0
0
0
0
0
0
0
0
0
0
0
0
0
0
0
0
0
0
0
0
0
0
0
0
0
0
0
0
0
0
0
0
0
0
0
0
0
0
0
0
0
0
0
0
0
0
0
0
0
0
0
0
0
0
0
0
0
0
0
0
0
0
0
0
0
0
0
0
0
0
0
0
0
0
0
0
0
0
0
0
0
0
0
0
0
0
0
0
0
0
0
0
0
0
0
0
0
0
0
0
0
0
0
0
0
0
0
0
0
0
0
0
0
0
0
0
0
0
0
0
0
0
0
0
0
0
0
0
0
0
0
0
0
0
0
0
0
0
0
0
0
0
0
0
0
0
0
0
0
0
0
0
0
0
0
0
0
0
0
0
0
0
0
0
0
0
0
0
0
0
0
0
0
0
0
0
0
0
0
0
0
0
0
0
0
0
0
0
0
0
0
0
0
0
0
0
0
0
0
0
0
0
0
0
0
0
0
0
0
0
0
0
0
0
0
0
0
0
0
0
0
0
0
0
0
0
0
0
0
0
0
0
0
0
0
0
0
0
0
0
0
0
0
0
0
0
0
0
0
0
0
0
0
0
0
0
0
0
0
0
0
0
0
0
0
0
0
0
0
0
0
0
0
0
0
0
0
0
0
0
0
0
0
0
0
0
0
0
0
0
0
0
0
0
0
0
0
0
0
0
0
0
0
0
0
0
0
0
0
0
0
0
0
0
0
0
0
0
0
0
0
0
0
0
0
0
0
0
0
0
0
0
0
0
0
0
0
0
0
0
0
0
0
0
0
0
0
0
0
0
0
0
0
0
0
0
0
0
0
0
0
0
0
0
0
0
0
0
0
0
0
0
0
0
0
0
0
0
0
0
0
0
0
0
0
0
0
0
0
0
0
0
0
0
0
0
0
0
0
0
0
0
0
0
0
0
0
0
0
0
0
0
0
0
0
0
0
0
0
0
0
0
0
0
0
0
0
0
0
0
)
;

boundaryField
{
    anodeSides
    {
        type            calculated;
        value           uniform 0;
    }
    fuelInlet
    {
        type            calculated;
        value           uniform 0;
    }
    fuelOutlet
    {
        type            calculated;
        value           uniform 0;
    }
    fuel_to_electrolyte
    {
        type            calculated;
        value           uniform 0;
    }
    fuel_to_interconnect
    {
        type            calculated;
        value           uniform 0;
    }
}


// ************************************************************************* //
