/*--------------------------------*- C++ -*----------------------------------*\
| =========                 |                                                 |
| \\      /  F ield         | OpenFOAM: The Open Source CFD Toolbox           |
|  \\    /   O peration     | Version:  2306                                  |
|   \\  /    A nd           | Website:  www.openfoam.com                      |
|    \\/     M anipulation  |                                                 |
\*---------------------------------------------------------------------------*/
FoamFile
{
    version     2.0;
    format      ascii;
    arch        "LSB;label=32;scalar=64";
    note        "nPoints:5166  nCells:4000  nFaces:13100  nInternalFaces:10900";
    class       labelList;
    location    "1/electrolyte/polyMesh";
    object      neighbour;
}
// * * * * * * * * * * * * * * * * * * * * * * * * * * * * * * * * * * * * * //


10900
(
1
2
3
4
5
6
5
7
8
6
8
9
10
11
12
11
13
14
12
14
15
13
16
17
14
17
18
15
18
19
20
21
22
21
23
24
22
24
25
23
26
27
24
27
28
25
28
29
26
30
31
27
31
32
28
32
33
29
33
34
35
36
37
36
38
39
37
39
40
38
41
42
39
42
43
40
43
44
41
45
46
42
46
47
43
47
48
44
48
49
45
50
51
46
51
52
47
52
53
48
53
54
49
54
55
56
57
56
58
59
57
59
60
58
61
62
59
62
63
60
63
64
61
65
66
62
66
67
63
67
68
64
68
69
65
70
71
66
71
72
67
72
73
68
73
74
69
74
70
75
76
71
76
77
72
77
78
73
78
79
74
79
80
81
82
81
83
84
82
84
85
83
86
87
84
87
88
85
88
89
86
90
91
87
91
92
88
92
93
89
93
94
90
95
96
91
96
97
92
97
98
93
98
99
94
99
95
100
101
96
101
102
97
102
103
98
103
104
99
104
100
105
106
101
106
107
102
107
108
103
108
109
104
109
110
111
112
111
113
114
112
114
115
113
116
117
114
117
118
115
118
119
116
120
121
117
121
122
118
122
123
119
123
124
120
125
126
121
126
127
122
127
128
123
128
129
124
129
125
130
131
126
131
132
127
132
133
128
133
134
129
134
130
135
136
131
136
137
132
137
138
133
138
139
134
139
135
140
141
136
141
142
137
142
143
138
143
144
139
144
145
146
147
146
148
149
147
149
150
148
151
152
149
152
153
150
153
154
151
155
156
152
156
157
153
157
158
154
158
159
155
160
161
156
161
162
157
162
163
158
163
164
159
164
160
165
166
161
166
167
162
167
168
163
168
169
164
169
165
170
171
166
171
172
167
172
173
168
173
174
169
174
170
175
176
171
176
177
172
177
178
173
178
179
174
179
175
180
181
176
181
182
177
182
183
178
183
184
179
184
185
186
187
186
188
189
187
189
190
188
191
192
189
192
193
190
193
194
191
195
196
192
196
197
193
197
198
194
198
199
195
200
201
196
201
202
197
202
203
198
203
204
199
204
200
205
206
201
206
207
202
207
208
203
208
209
204
209
205
210
211
206
211
212
207
212
213
208
213
214
209
214
210
215
216
211
216
217
212
217
218
213
218
219
214
219
215
220
221
216
221
222
217
222
223
218
223
224
219
224
220
225
226
221
226
227
222
227
228
223
228
229
224
229
230
231
232
231
233
234
232
234
235
233
236
237
234
237
238
235
238
239
236
240
241
237
241
242
238
242
243
239
243
244
240
245
246
241
246
247
242
247
248
243
248
249
244
249
245
250
251
246
251
252
247
252
253
248
253
254
249
254
250
255
256
251
256
257
252
257
258
253
258
259
254
259
255
260
261
256
261
262
257
262
263
258
263
264
259
264
260
265
266
261
266
267
262
267
268
263
268
269
264
269
265
270
271
266
271
272
267
272
273
268
273
274
269
274
270
275
276
271
276
277
272
277
278
273
278
279
274
279
280
281
282
281
283
284
282
284
285
283
286
287
284
287
288
285
288
289
286
290
291
287
291
292
288
292
293
289
293
294
290
295
296
291
296
297
292
297
298
293
298
299
294
299
295
300
301
296
301
302
297
302
303
298
303
304
299
304
300
305
306
301
306
307
302
307
308
303
308
309
304
309
305
310
311
306
311
312
307
312
313
308
313
314
309
314
310
315
316
311
316
317
312
317
318
313
318
319
314
319
315
320
321
316
321
322
317
322
323
318
323
324
319
324
320
325
326
321
326
327
322
327
328
323
328
329
324
329
325
330
331
326
331
332
327
332
333
328
333
334
329
334
335
336
337
336
338
339
337
339
340
338
341
342
339
342
343
340
343
344
341
345
346
342
346
347
343
347
348
344
348
349
345
350
351
346
351
352
347
352
353
348
353
354
349
354
350
355
356
351
356
357
352
357
358
353
358
359
354
359
355
360
361
356
361
362
357
362
363
358
363
364
359
364
360
365
366
361
366
367
362
367
368
363
368
369
364
369
365
370
371
366
371
372
367
372
373
368
373
374
369
374
370
375
376
371
376
377
372
377
378
373
378
379
374
379
375
380
381
376
381
382
377
382
383
378
383
384
379
384
380
385
386
381
386
387
382
387
388
383
388
389
384
389
385
390
391
386
391
392
387
392
393
388
393
394
389
394
395
396
397
396
398
399
397
399
400
398
401
402
399
402
403
400
403
404
401
405
406
402
406
407
403
407
408
404
408
409
405
410
411
406
411
412
407
412
413
408
413
414
409
414
410
415
416
411
416
417
412
417
418
413
418
419
414
419
415
420
421
416
421
422
417
422
423
418
423
424
419
424
420
425
426
421
426
427
422
427
428
423
428
429
424
429
425
430
431
426
431
432
427
432
433
428
433
434
429
434
430
435
436
431
436
437
432
437
438
433
438
439
434
439
435
440
441
436
441
442
437
442
443
438
443
444
439
444
440
445
446
441
446
447
442
447
448
443
448
449
444
449
445
450
451
446
451
452
447
452
453
448
453
454
449
454
450
455
456
451
456
457
452
457
458
453
458
459
454
459
460
461
462
461
463
464
462
464
465
463
466
467
464
467
468
465
468
469
466
470
471
467
471
472
468
472
473
469
473
474
470
475
476
471
476
477
472
477
478
473
478
479
474
479
475
480
481
476
481
482
477
482
483
478
483
484
479
484
480
485
486
481
486
487
482
487
488
483
488
489
484
489
485
490
491
486
491
492
487
492
493
488
493
494
489
494
490
495
496
491
496
497
492
497
498
493
498
499
494
499
495
500
501
496
501
502
497
502
503
498
503
504
499
504
500
505
506
501
506
507
502
507
508
503
508
509
504
509
505
510
511
506
511
512
507
512
513
508
513
514
509
514
510
515
516
511
516
517
512
517
518
513
518
519
514
519
515
520
521
516
521
522
517
522
523
518
523
524
519
524
520
525
526
521
526
527
522
527
528
523
528
529
524
529
530
531
532
531
533
534
532
534
535
533
536
537
534
537
538
535
538
539
536
540
541
537
541
542
538
542
543
539
543
544
540
545
546
541
546
547
542
547
548
543
548
549
544
549
545
550
551
546
551
552
547
552
553
548
553
554
549
554
550
555
556
551
556
557
552
557
558
553
558
559
554
559
555
560
561
556
561
562
557
562
563
558
563
564
559
564
560
565
566
561
566
567
562
567
568
563
568
569
564
569
565
570
571
566
571
572
567
572
573
568
573
574
569
574
570
575
576
571
576
577
572
577
578
573
578
579
574
579
575
580
581
576
581
582
577
582
583
578
583
584
579
584
580
585
586
581
586
587
582
587
588
583
588
589
584
589
585
590
591
586
591
592
587
592
593
588
593
594
589
594
590
595
596
591
596
597
592
597
598
593
598
599
594
599
595
600
601
596
601
602
597
602
603
598
603
604
599
604
605
606
607
606
608
609
607
609
610
608
611
612
609
612
613
610
613
614
611
615
616
612
616
617
613
617
618
614
618
619
615
620
621
616
621
622
617
622
623
618
623
624
619
624
620
625
626
621
626
627
622
627
628
623
628
629
624
629
625
630
631
626
631
632
627
632
633
628
633
634
629
634
630
635
636
631
636
637
632
637
638
633
638
639
634
639
635
640
641
636
641
642
637
642
643
638
643
644
639
644
640
645
646
641
646
647
642
647
648
643
648
649
644
649
645
650
651
646
651
652
647
652
653
648
653
654
649
654
650
655
656
651
656
657
652
657
658
653
658
659
654
659
655
660
661
656
661
662
657
662
663
658
663
664
659
664
660
665
666
661
666
667
662
667
668
663
668
669
664
669
665
670
671
666
671
672
667
672
673
668
673
674
669
674
670
675
676
671
676
677
672
677
678
673
678
679
674
679
675
680
681
676
681
682
677
682
683
678
683
684
679
684
685
686
687
686
688
689
687
689
690
688
691
692
689
692
693
690
693
694
691
695
696
692
696
697
693
697
698
694
698
699
695
700
701
696
701
702
697
702
703
698
703
704
699
704
700
705
706
701
706
707
702
707
708
703
708
709
704
709
705
710
711
706
711
712
707
712
713
708
713
714
709
714
710
715
716
711
716
717
712
717
718
713
718
719
714
719
715
720
721
716
721
722
717
722
723
718
723
724
719
724
720
725
726
721
726
727
722
727
728
723
728
729
724
729
725
730
731
726
731
732
727
732
733
728
733
734
729
734
730
735
736
731
736
737
732
737
738
733
738
739
734
739
735
740
741
736
741
742
737
742
743
738
743
744
739
744
740
745
746
741
746
747
742
747
748
743
748
749
744
749
745
750
751
746
751
752
747
752
753
748
753
754
749
754
750
755
756
751
756
757
752
757
758
753
758
759
754
759
755
760
761
756
761
762
757
762
763
758
763
764
759
764
760
765
766
761
766
767
762
767
768
763
768
769
764
769
770
771
772
771
773
774
772
774
775
773
776
777
774
777
778
775
778
779
776
780
781
777
781
782
778
782
783
779
783
784
780
785
786
781
786
787
782
787
788
783
788
789
784
789
785
790
791
786
791
792
787
792
793
788
793
794
789
794
790
795
796
791
796
797
792
797
798
793
798
799
794
799
795
800
801
796
801
802
797
802
803
798
803
804
799
804
800
805
806
801
806
807
802
807
808
803
808
809
804
809
805
810
811
806
811
812
807
812
813
808
813
814
809
814
810
815
816
811
816
817
812
817
818
813
818
819
814
819
815
820
821
816
821
822
817
822
823
818
823
824
819
824
820
825
826
821
826
827
822
827
828
823
828
829
824
829
825
830
831
826
831
832
827
832
833
828
833
834
829
834
830
835
836
831
836
837
832
837
838
833
838
839
834
839
835
840
841
836
841
842
837
842
843
838
843
844
839
844
840
845
846
841
846
847
842
847
848
843
848
849
844
849
845
850
851
846
851
852
847
852
853
848
853
854
849
854
850
855
856
851
856
857
852
857
858
853
858
859
854
859
860
861
860
862
863
861
863
864
862
865
866
863
866
867
864
867
868
865
869
870
866
870
871
867
871
872
868
872
873
869
874
875
870
875
876
871
876
877
872
877
878
873
878
874
879
880
875
880
881
876
881
882
877
882
883
878
883
879
884
885
880
885
886
881
886
887
882
887
888
883
888
884
889
890
885
890
891
886
891
892
887
892
893
888
893
889
894
895
890
895
896
891
896
897
892
897
898
893
898
894
899
900
895
900
901
896
901
902
897
902
903
898
903
899
904
905
900
905
906
901
906
907
902
907
908
903
908
904
909
910
905
910
911
906
911
912
907
912
913
908
913
909
914
915
910
915
916
911
916
917
912
917
918
913
918
914
919
920
915
920
921
916
921
922
917
922
923
918
923
919
924
925
920
925
926
921
926
927
922
927
928
923
928
924
929
930
925
930
931
926
931
932
927
932
933
928
933
929
934
935
930
935
936
931
936
937
932
937
938
933
938
934
939
940
935
940
941
936
941
942
937
942
943
938
943
939
944
945
940
945
946
941
946
947
942
947
948
943
948
944
949
950
945
950
951
946
951
952
947
952
953
948
953
954
955
955
956
954
957
958
955
958
959
956
959
960
957
961
962
958
962
963
959
963
964
960
964
965
961
966
967
962
967
968
963
968
969
964
969
970
965
970
966
971
972
967
972
973
968
973
974
969
974
975
970
975
971
976
977
972
977
978
973
978
979
974
979
980
975
980
976
981
982
977
982
983
978
983
984
979
984
985
980
985
981
986
987
982
987
988
983
988
989
984
989
990
985
990
986
991
992
987
992
993
988
993
994
989
994
995
990
995
991
996
997
992
997
998
993
998
999
994
999
1000
995
1000
996
1001
1002
997
1002
1003
998
1003
1004
999
1004
1005
1000
1005
1001
1006
1007
1002
1007
1008
1003
1008
1009
1004
1009
1010
1005
1010
1006
1011
1012
1007
1012
1013
1008
1013
1014
1009
1014
1015
1010
1015
1011
1016
1017
1012
1017
1018
1013
1018
1019
1014
1019
1020
1015
1020
1016
1021
1022
1017
1022
1023
1018
1023
1024
1019
1024
1025
1020
1025
1021
1026
1027
1022
1027
1028
1023
1028
1029
1024
1029
1030
1025
1030
1026
1031
1032
1027
1032
1033
1028
1033
1034
1029
1034
1035
1030
1035
1031
1036
1037
1032
1037
1038
1033
1038
1039
1034
1039
1040
1035
1040
1036
1041
1042
1037
1042
1043
1038
1043
1044
1039
1044
1045
1040
1045
1041
1046
1047
1042
1047
1048
1043
1048
1049
1044
1049
1050
1045
1050
1051
1052
1052
1053
1053
1054
1051
1055
1056
1052
1056
1057
1053
1057
1058
1054
1058
1059
1055
1060
1061
1056
1061
1062
1057
1062
1063
1058
1063
1064
1059
1064
1060
1065
1066
1061
1066
1067
1062
1067
1068
1063
1068
1069
1064
1069
1065
1070
1071
1066
1071
1072
1067
1072
1073
1068
1073
1074
1069
1074
1070
1075
1076
1071
1076
1077
1072
1077
1078
1073
1078
1079
1074
1079
1075
1080
1081
1076
1081
1082
1077
1082
1083
1078
1083
1084
1079
1084
1080
1085
1086
1081
1086
1087
1082
1087
1088
1083
1088
1089
1084
1089
1085
1090
1091
1086
1091
1092
1087
1092
1093
1088
1093
1094
1089
1094
1090
1095
1096
1091
1096
1097
1092
1097
1098
1093
1098
1099
1094
1099
1095
1100
1101
1096
1101
1102
1097
1102
1103
1098
1103
1104
1099
1104
1100
1105
1106
1101
1106
1107
1102
1107
1108
1103
1108
1109
1104
1109
1105
1110
1111
1106
1111
1112
1107
1112
1113
1108
1113
1114
1109
1114
1110
1115
1116
1111
1116
1117
1112
1117
1118
1113
1118
1119
1114
1119
1115
1120
1121
1116
1121
1122
1117
1122
1123
1118
1123
1124
1119
1124
1120
1125
1126
1121
1126
1127
1122
1127
1128
1123
1128
1129
1124
1129
1125
1130
1131
1126
1131
1132
1127
1132
1133
1128
1133
1134
1129
1134
1130
1135
1136
1131
1136
1137
1132
1137
1138
1133
1138
1139
1134
1139
1135
1140
1141
1136
1141
1142
1137
1142
1143
1138
1143
1144
1139
1144
1140
1145
1146
1141
1146
1147
1142
1147
1148
1143
1148
1149
1144
1149
1150
1151
1151
1152
1152
1153
1153
1154
1150
1155
1156
1151
1156
1157
1152
1157
1158
1153
1158
1159
1154
1159
1155
1160
1161
1156
1161
1162
1157
1162
1163
1158
1163
1164
1159
1164
1160
1165
1166
1161
1166
1167
1162
1167
1168
1163
1168
1169
1164
1169
1165
1170
1171
1166
1171
1172
1167
1172
1173
1168
1173
1174
1169
1174
1170
1175
1176
1171
1176
1177
1172
1177
1178
1173
1178
1179
1174
1179
1175
1180
1181
1176
1181
1182
1177
1182
1183
1178
1183
1184
1179
1184
1180
1185
1186
1181
1186
1187
1182
1187
1188
1183
1188
1189
1184
1189
1185
1190
1191
1186
1191
1192
1187
1192
1193
1188
1193
1194
1189
1194
1190
1195
1196
1191
1196
1197
1192
1197
1198
1193
1198
1199
1194
1199
1195
1200
1201
1196
1201
1202
1197
1202
1203
1198
1203
1204
1199
1204
1200
1205
1206
1201
1206
1207
1202
1207
1208
1203
1208
1209
1204
1209
1205
1210
1211
1206
1211
1212
1207
1212
1213
1208
1213
1214
1209
1214
1210
1215
1216
1211
1216
1217
1212
1217
1218
1213
1218
1219
1214
1219
1215
1220
1221
1216
1221
1222
1217
1222
1223
1218
1223
1224
1219
1224
1220
1225
1226
1221
1226
1227
1222
1227
1228
1223
1228
1229
1224
1229
1225
1230
1231
1226
1231
1232
1227
1232
1233
1228
1233
1234
1229
1234
1230
1235
1236
1231
1236
1237
1232
1237
1238
1233
1238
1239
1234
1239
1235
1240
1241
1236
1241
1242
1237
1242
1243
1238
1243
1244
1239
1244
1240
1245
1246
1241
1246
1247
1242
1247
1248
1243
1248
1249
1244
1249
1250
1251
1251
1252
1252
1253
1253
1254
1254
1250
1255
1256
1251
1256
1257
1252
1257
1258
1253
1258
1259
1254
1259
1255
1260
1261
1256
1261
1262
1257
1262
1263
1258
1263
1264
1259
1264
1260
1265
1266
1261
1266
1267
1262
1267
1268
1263
1268
1269
1264
1269
1265
1270
1271
1266
1271
1272
1267
1272
1273
1268
1273
1274
1269
1274
1270
1275
1276
1271
1276
1277
1272
1277
1278
1273
1278
1279
1274
1279
1275
1280
1281
1276
1281
1282
1277
1282
1283
1278
1283
1284
1279
1284
1280
1285
1286
1281
1286
1287
1282
1287
1288
1283
1288
1289
1284
1289
1285
1290
1291
1286
1291
1292
1287
1292
1293
1288
1293
1294
1289
1294
1290
1295
1296
1291
1296
1297
1292
1297
1298
1293
1298
1299
1294
1299
1295
1300
1301
1296
1301
1302
1297
1302
1303
1298
1303
1304
1299
1304
1300
1305
1306
1301
1306
1307
1302
1307
1308
1303
1308
1309
1304
1309
1305
1310
1311
1306
1311
1312
1307
1312
1313
1308
1313
1314
1309
1314
1310
1315
1316
1311
1316
1317
1312
1317
1318
1313
1318
1319
1314
1319
1315
1320
1321
1316
1321
1322
1317
1322
1323
1318
1323
1324
1319
1324
1320
1325
1326
1321
1326
1327
1322
1327
1328
1323
1328
1329
1324
1329
1325
1330
1331
1326
1331
1332
1327
1332
1333
1328
1333
1334
1329
1334
1330
1335
1336
1331
1336
1337
1332
1337
1338
1333
1338
1339
1334
1339
1335
1340
1341
1336
1341
1342
1337
1342
1343
1338
1343
1344
1339
1344
1340
1345
1346
1341
1346
1347
1342
1347
1348
1343
1348
1349
1344
1349
1350
1351
1351
1352
1352
1353
1353
1354
1354
1350
1355
1356
1351
1356
1357
1352
1357
1358
1353
1358
1359
1354
1359
1355
1360
1361
1356
1361
1362
1357
1362
1363
1358
1363
1364
1359
1364
1360
1365
1366
1361
1366
1367
1362
1367
1368
1363
1368
1369
1364
1369
1365
1370
1371
1366
1371
1372
1367
1372
1373
1368
1373
1374
1369
1374
1370
1375
1376
1371
1376
1377
1372
1377
1378
1373
1378
1379
1374
1379
1375
1380
1381
1376
1381
1382
1377
1382
1383
1378
1383
1384
1379
1384
1380
1385
1386
1381
1386
1387
1382
1387
1388
1383
1388
1389
1384
1389
1385
1390
1391
1386
1391
1392
1387
1392
1393
1388
1393
1394
1389
1394
1390
1395
1396
1391
1396
1397
1392
1397
1398
1393
1398
1399
1394
1399
1395
1400
1401
1396
1401
1402
1397
1402
1403
1398
1403
1404
1399
1404
1400
1405
1406
1401
1406
1407
1402
1407
1408
1403
1408
1409
1404
1409
1405
1410
1411
1406
1411
1412
1407
1412
1413
1408
1413
1414
1409
1414
1410
1415
1416
1411
1416
1417
1412
1417
1418
1413
1418
1419
1414
1419
1415
1420
1421
1416
1421
1422
1417
1422
1423
1418
1423
1424
1419
1424
1420
1425
1426
1421
1426
1427
1422
1427
1428
1423
1428
1429
1424
1429
1425
1430
1431
1426
1431
1432
1427
1432
1433
1428
1433
1434
1429
1434
1430
1435
1436
1431
1436
1437
1432
1437
1438
1433
1438
1439
1434
1439
1435
1440
1441
1436
1441
1442
1437
1442
1443
1438
1443
1444
1439
1444
1440
1445
1446
1441
1446
1447
1442
1447
1448
1443
1448
1449
1444
1449
1450
1451
1451
1452
1452
1453
1453
1454
1454
1450
1455
1456
1451
1456
1457
1452
1457
1458
1453
1458
1459
1454
1459
1455
1460
1461
1456
1461
1462
1457
1462
1463
1458
1463
1464
1459
1464
1460
1465
1466
1461
1466
1467
1462
1467
1468
1463
1468
1469
1464
1469
1465
1470
1471
1466
1471
1472
1467
1472
1473
1468
1473
1474
1469
1474
1470
1475
1476
1471
1476
1477
1472
1477
1478
1473
1478
1479
1474
1479
1475
1480
1481
1476
1481
1482
1477
1482
1483
1478
1483
1484
1479
1484
1480
1485
1486
1481
1486
1487
1482
1487
1488
1483
1488
1489
1484
1489
1485
1490
1491
1486
1491
1492
1487
1492
1493
1488
1493
1494
1489
1494
1490
1495
1496
1491
1496
1497
1492
1497
1498
1493
1498
1499
1494
1499
1495
1500
1501
1496
1501
1502
1497
1502
1503
1498
1503
1504
1499
1504
1500
1505
1506
1501
1506
1507
1502
1507
1508
1503
1508
1509
1504
1509
1505
1510
1511
1506
1511
1512
1507
1512
1513
1508
1513
1514
1509
1514
1510
1515
1516
1511
1516
1517
1512
1517
1518
1513
1518
1519
1514
1519
1515
1520
1521
1516
1521
1522
1517
1522
1523
1518
1523
1524
1519
1524
1520
1525
1526
1521
1526
1527
1522
1527
1528
1523
1528
1529
1524
1529
1525
1530
1531
1526
1531
1532
1527
1532
1533
1528
1533
1534
1529
1534
1530
1535
1536
1531
1536
1537
1532
1537
1538
1533
1538
1539
1534
1539
1535
1540
1541
1536
1541
1542
1537
1542
1543
1538
1543
1544
1539
1544
1540
1545
1546
1541
1546
1547
1542
1547
1548
1543
1548
1549
1544
1549
1550
1551
1551
1552
1552
1553
1553
1554
1554
1550
1555
1556
1551
1556
1557
1552
1557
1558
1553
1558
1559
1554
1559
1555
1560
1561
1556
1561
1562
1557
1562
1563
1558
1563
1564
1559
1564
1560
1565
1566
1561
1566
1567
1562
1567
1568
1563
1568
1569
1564
1569
1565
1570
1571
1566
1571
1572
1567
1572
1573
1568
1573
1574
1569
1574
1570
1575
1576
1571
1576
1577
1572
1577
1578
1573
1578
1579
1574
1579
1575
1580
1581
1576
1581
1582
1577
1582
1583
1578
1583
1584
1579
1584
1580
1585
1586
1581
1586
1587
1582
1587
1588
1583
1588
1589
1584
1589
1585
1590
1591
1586
1591
1592
1587
1592
1593
1588
1593
1594
1589
1594
1590
1595
1596
1591
1596
1597
1592
1597
1598
1593
1598
1599
1594
1599
1595
1600
1601
1596
1601
1602
1597
1602
1603
1598
1603
1604
1599
1604
1600
1605
1606
1601
1606
1607
1602
1607
1608
1603
1608
1609
1604
1609
1605
1610
1611
1606
1611
1612
1607
1612
1613
1608
1613
1614
1609
1614
1610
1615
1616
1611
1616
1617
1612
1617
1618
1613
1618
1619
1614
1619
1615
1620
1621
1616
1621
1622
1617
1622
1623
1618
1623
1624
1619
1624
1620
1625
1626
1621
1626
1627
1622
1627
1628
1623
1628
1629
1624
1629
1625
1630
1631
1626
1631
1632
1627
1632
1633
1628
1633
1634
1629
1634
1630
1635
1636
1631
1636
1637
1632
1637
1638
1633
1638
1639
1634
1639
1635
1640
1641
1636
1641
1642
1637
1642
1643
1638
1643
1644
1639
1644
1640
1645
1646
1641
1646
1647
1642
1647
1648
1643
1648
1649
1644
1649
1650
1651
1651
1652
1652
1653
1653
1654
1654
1650
1655
1656
1651
1656
1657
1652
1657
1658
1653
1658
1659
1654
1659
1655
1660
1661
1656
1661
1662
1657
1662
1663
1658
1663
1664
1659
1664
1660
1665
1666
1661
1666
1667
1662
1667
1668
1663
1668
1669
1664
1669
1665
1670
1671
1666
1671
1672
1667
1672
1673
1668
1673
1674
1669
1674
1670
1675
1676
1671
1676
1677
1672
1677
1678
1673
1678
1679
1674
1679
1675
1680
1681
1676
1681
1682
1677
1682
1683
1678
1683
1684
1679
1684
1680
1685
1686
1681
1686
1687
1682
1687
1688
1683
1688
1689
1684
1689
1685
1690
1691
1686
1691
1692
1687
1692
1693
1688
1693
1694
1689
1694
1690
1695
1696
1691
1696
1697
1692
1697
1698
1693
1698
1699
1694
1699
1695
1700
1701
1696
1701
1702
1697
1702
1703
1698
1703
1704
1699
1704
1700
1705
1706
1701
1706
1707
1702
1707
1708
1703
1708
1709
1704
1709
1705
1710
1711
1706
1711
1712
1707
1712
1713
1708
1713
1714
1709
1714
1710
1715
1716
1711
1716
1717
1712
1717
1718
1713
1718
1719
1714
1719
1715
1720
1721
1716
1721
1722
1717
1722
1723
1718
1723
1724
1719
1724
1720
1725
1726
1721
1726
1727
1722
1727
1728
1723
1728
1729
1724
1729
1725
1730
1731
1726
1731
1732
1727
1732
1733
1728
1733
1734
1729
1734
1730
1735
1736
1731
1736
1737
1732
1737
1738
1733
1738
1739
1734
1739
1735
1740
1741
1736
1741
1742
1737
1742
1743
1738
1743
1744
1739
1744
1740
1745
1746
1741
1746
1747
1742
1747
1748
1743
1748
1749
1744
1749
1750
1751
1751
1752
1752
1753
1753
1754
1754
1750
1755
1756
1751
1756
1757
1752
1757
1758
1753
1758
1759
1754
1759
1755
1760
1761
1756
1761
1762
1757
1762
1763
1758
1763
1764
1759
1764
1760
1765
1766
1761
1766
1767
1762
1767
1768
1763
1768
1769
1764
1769
1765
1770
1771
1766
1771
1772
1767
1772
1773
1768
1773
1774
1769
1774
1770
1775
1776
1771
1776
1777
1772
1777
1778
1773
1778
1779
1774
1779
1775
1780
1781
1776
1781
1782
1777
1782
1783
1778
1783
1784
1779
1784
1780
1785
1786
1781
1786
1787
1782
1787
1788
1783
1788
1789
1784
1789
1785
1790
1791
1786
1791
1792
1787
1792
1793
1788
1793
1794
1789
1794
1790
1795
1796
1791
1796
1797
1792
1797
1798
1793
1798
1799
1794
1799
1795
1800
1801
1796
1801
1802
1797
1802
1803
1798
1803
1804
1799
1804
1800
1805
1806
1801
1806
1807
1802
1807
1808
1803
1808
1809
1804
1809
1805
1810
1811
1806
1811
1812
1807
1812
1813
1808
1813
1814
1809
1814
1810
1815
1816
1811
1816
1817
1812
1817
1818
1813
1818
1819
1814
1819
1815
1820
1821
1816
1821
1822
1817
1822
1823
1818
1823
1824
1819
1824
1820
1825
1826
1821
1826
1827
1822
1827
1828
1823
1828
1829
1824
1829
1825
1830
1831
1826
1831
1832
1827
1832
1833
1828
1833
1834
1829
1834
1830
1835
1836
1831
1836
1837
1832
1837
1838
1833
1838
1839
1834
1839
1835
1840
1841
1836
1841
1842
1837
1842
1843
1838
1843
1844
1839
1844
1840
1845
1846
1841
1846
1847
1842
1847
1848
1843
1848
1849
1844
1849
1850
1851
1851
1852
1852
1853
1853
1854
1854
1850
1855
1856
1851
1856
1857
1852
1857
1858
1853
1858
1859
1854
1859
1855
1860
1861
1856
1861
1862
1857
1862
1863
1858
1863
1864
1859
1864
1860
1865
1866
1861
1866
1867
1862
1867
1868
1863
1868
1869
1864
1869
1865
1870
1871
1866
1871
1872
1867
1872
1873
1868
1873
1874
1869
1874
1870
1875
1876
1871
1876
1877
1872
1877
1878
1873
1878
1879
1874
1879
1875
1880
1881
1876
1881
1882
1877
1882
1883
1878
1883
1884
1879
1884
1880
1885
1886
1881
1886
1887
1882
1887
1888
1883
1888
1889
1884
1889
1885
1890
1891
1886
1891
1892
1887
1892
1893
1888
1893
1894
1889
1894
1890
1895
1896
1891
1896
1897
1892
1897
1898
1893
1898
1899
1894
1899
1895
1900
1901
1896
1901
1902
1897
1902
1903
1898
1903
1904
1899
1904
1900
1905
1906
1901
1906
1907
1902
1907
1908
1903
1908
1909
1904
1909
1905
1910
1911
1906
1911
1912
1907
1912
1913
1908
1913
1914
1909
1914
1910
1915
1916
1911
1916
1917
1912
1917
1918
1913
1918
1919
1914
1919
1915
1920
1921
1916
1921
1922
1917
1922
1923
1918
1923
1924
1919
1924
1920
1925
1926
1921
1926
1927
1922
1927
1928
1923
1928
1929
1924
1929
1925
1930
1931
1926
1931
1932
1927
1932
1933
1928
1933
1934
1929
1934
1930
1935
1936
1931
1936
1937
1932
1937
1938
1933
1938
1939
1934
1939
1935
1940
1941
1936
1941
1942
1937
1942
1943
1938
1943
1944
1939
1944
1940
1945
1946
1941
1946
1947
1942
1947
1948
1943
1948
1949
1944
1949
1950
1951
1951
1952
1952
1953
1953
1954
1954
1950
1955
1956
1951
1956
1957
1952
1957
1958
1953
1958
1959
1954
1959
1955
1960
1961
1956
1961
1962
1957
1962
1963
1958
1963
1964
1959
1964
1960
1965
1966
1961
1966
1967
1962
1967
1968
1963
1968
1969
1964
1969
1965
1970
1971
1966
1971
1972
1967
1972
1973
1968
1973
1974
1969
1974
1970
1975
1976
1971
1976
1977
1972
1977
1978
1973
1978
1979
1974
1979
1975
1980
1981
1976
1981
1982
1977
1982
1983
1978
1983
1984
1979
1984
1980
1985
1986
1981
1986
1987
1982
1987
1988
1983
1988
1989
1984
1989
1985
1990
1991
1986
1991
1992
1987
1992
1993
1988
1993
1994
1989
1994
1990
1995
1996
1991
1996
1997
1992
1997
1998
1993
1998
1999
1994
1999
1995
2000
2001
1996
2001
2002
1997
2002
2003
1998
2003
2004
1999
2004
2000
2005
2006
2001
2006
2007
2002
2007
2008
2003
2008
2009
2004
2009
2005
2010
2011
2006
2011
2012
2007
2012
2013
2008
2013
2014
2009
2014
2010
2015
2016
2011
2016
2017
2012
2017
2018
2013
2018
2019
2014
2019
2015
2020
2021
2016
2021
2022
2017
2022
2023
2018
2023
2024
2019
2024
2020
2025
2026
2021
2026
2027
2022
2027
2028
2023
2028
2029
2024
2029
2025
2030
2031
2026
2031
2032
2027
2032
2033
2028
2033
2034
2029
2034
2030
2035
2036
2031
2036
2037
2032
2037
2038
2033
2038
2039
2034
2039
2035
2040
2041
2036
2041
2042
2037
2042
2043
2038
2043
2044
2039
2044
2040
2045
2046
2041
2046
2047
2042
2047
2048
2043
2048
2049
2044
2049
2050
2051
2051
2052
2052
2053
2053
2054
2054
2050
2055
2056
2051
2056
2057
2052
2057
2058
2053
2058
2059
2054
2059
2055
2060
2061
2056
2061
2062
2057
2062
2063
2058
2063
2064
2059
2064
2060
2065
2066
2061
2066
2067
2062
2067
2068
2063
2068
2069
2064
2069
2065
2070
2071
2066
2071
2072
2067
2072
2073
2068
2073
2074
2069
2074
2070
2075
2076
2071
2076
2077
2072
2077
2078
2073
2078
2079
2074
2079
2075
2080
2081
2076
2081
2082
2077
2082
2083
2078
2083
2084
2079
2084
2080
2085
2086
2081
2086
2087
2082
2087
2088
2083
2088
2089
2084
2089
2085
2090
2091
2086
2091
2092
2087
2092
2093
2088
2093
2094
2089
2094
2090
2095
2096
2091
2096
2097
2092
2097
2098
2093
2098
2099
2094
2099
2095
2100
2101
2096
2101
2102
2097
2102
2103
2098
2103
2104
2099
2104
2100
2105
2106
2101
2106
2107
2102
2107
2108
2103
2108
2109
2104
2109
2105
2110
2111
2106
2111
2112
2107
2112
2113
2108
2113
2114
2109
2114
2110
2115
2116
2111
2116
2117
2112
2117
2118
2113
2118
2119
2114
2119
2115
2120
2121
2116
2121
2122
2117
2122
2123
2118
2123
2124
2119
2124
2120
2125
2126
2121
2126
2127
2122
2127
2128
2123
2128
2129
2124
2129
2125
2130
2131
2126
2131
2132
2127
2132
2133
2128
2133
2134
2129
2134
2130
2135
2136
2131
2136
2137
2132
2137
2138
2133
2138
2139
2134
2139
2135
2140
2141
2136
2141
2142
2137
2142
2143
2138
2143
2144
2139
2144
2140
2145
2146
2141
2146
2147
2142
2147
2148
2143
2148
2149
2144
2149
2150
2151
2151
2152
2152
2153
2153
2154
2154
2150
2155
2156
2151
2156
2157
2152
2157
2158
2153
2158
2159
2154
2159
2155
2160
2161
2156
2161
2162
2157
2162
2163
2158
2163
2164
2159
2164
2160
2165
2166
2161
2166
2167
2162
2167
2168
2163
2168
2169
2164
2169
2165
2170
2171
2166
2171
2172
2167
2172
2173
2168
2173
2174
2169
2174
2170
2175
2176
2171
2176
2177
2172
2177
2178
2173
2178
2179
2174
2179
2175
2180
2181
2176
2181
2182
2177
2182
2183
2178
2183
2184
2179
2184
2180
2185
2186
2181
2186
2187
2182
2187
2188
2183
2188
2189
2184
2189
2185
2190
2191
2186
2191
2192
2187
2192
2193
2188
2193
2194
2189
2194
2190
2195
2196
2191
2196
2197
2192
2197
2198
2193
2198
2199
2194
2199
2195
2200
2201
2196
2201
2202
2197
2202
2203
2198
2203
2204
2199
2204
2200
2205
2206
2201
2206
2207
2202
2207
2208
2203
2208
2209
2204
2209
2205
2210
2211
2206
2211
2212
2207
2212
2213
2208
2213
2214
2209
2214
2210
2215
2216
2211
2216
2217
2212
2217
2218
2213
2218
2219
2214
2219
2215
2220
2221
2216
2221
2222
2217
2222
2223
2218
2223
2224
2219
2224
2220
2225
2226
2221
2226
2227
2222
2227
2228
2223
2228
2229
2224
2229
2225
2230
2231
2226
2231
2232
2227
2232
2233
2228
2233
2234
2229
2234
2230
2235
2236
2231
2236
2237
2232
2237
2238
2233
2238
2239
2234
2239
2235
2240
2241
2236
2241
2242
2237
2242
2243
2238
2243
2244
2239
2244
2240
2245
2246
2241
2246
2247
2242
2247
2248
2243
2248
2249
2244
2249
2250
2251
2251
2252
2252
2253
2253
2254
2254
2250
2255
2256
2251
2256
2257
2252
2257
2258
2253
2258
2259
2254
2259
2255
2260
2261
2256
2261
2262
2257
2262
2263
2258
2263
2264
2259
2264
2260
2265
2266
2261
2266
2267
2262
2267
2268
2263
2268
2269
2264
2269
2265
2270
2271
2266
2271
2272
2267
2272
2273
2268
2273
2274
2269
2274
2270
2275
2276
2271
2276
2277
2272
2277
2278
2273
2278
2279
2274
2279
2275
2280
2281
2276
2281
2282
2277
2282
2283
2278
2283
2284
2279
2284
2280
2285
2286
2281
2286
2287
2282
2287
2288
2283
2288
2289
2284
2289
2285
2290
2291
2286
2291
2292
2287
2292
2293
2288
2293
2294
2289
2294
2290
2295
2296
2291
2296
2297
2292
2297
2298
2293
2298
2299
2294
2299
2295
2300
2301
2296
2301
2302
2297
2302
2303
2298
2303
2304
2299
2304
2300
2305
2306
2301
2306
2307
2302
2307
2308
2303
2308
2309
2304
2309
2305
2310
2311
2306
2311
2312
2307
2312
2313
2308
2313
2314
2309
2314
2310
2315
2316
2311
2316
2317
2312
2317
2318
2313
2318
2319
2314
2319
2315
2320
2321
2316
2321
2322
2317
2322
2323
2318
2323
2324
2319
2324
2320
2325
2326
2321
2326
2327
2322
2327
2328
2323
2328
2329
2324
2329
2325
2330
2331
2326
2331
2332
2327
2332
2333
2328
2333
2334
2329
2334
2330
2335
2336
2331
2336
2337
2332
2337
2338
2333
2338
2339
2334
2339
2335
2340
2341
2336
2341
2342
2337
2342
2343
2338
2343
2344
2339
2344
2340
2345
2346
2341
2346
2347
2342
2347
2348
2343
2348
2349
2344
2349
2350
2351
2351
2352
2352
2353
2353
2354
2354
2350
2355
2356
2351
2356
2357
2352
2357
2358
2353
2358
2359
2354
2359
2355
2360
2361
2356
2361
2362
2357
2362
2363
2358
2363
2364
2359
2364
2360
2365
2366
2361
2366
2367
2362
2367
2368
2363
2368
2369
2364
2369
2365
2370
2371
2366
2371
2372
2367
2372
2373
2368
2373
2374
2369
2374
2370
2375
2376
2371
2376
2377
2372
2377
2378
2373
2378
2379
2374
2379
2375
2380
2381
2376
2381
2382
2377
2382
2383
2378
2383
2384
2379
2384
2380
2385
2386
2381
2386
2387
2382
2387
2388
2383
2388
2389
2384
2389
2385
2390
2391
2386
2391
2392
2387
2392
2393
2388
2393
2394
2389
2394
2390
2395
2396
2391
2396
2397
2392
2397
2398
2393
2398
2399
2394
2399
2395
2400
2401
2396
2401
2402
2397
2402
2403
2398
2403
2404
2399
2404
2400
2405
2406
2401
2406
2407
2402
2407
2408
2403
2408
2409
2404
2409
2405
2410
2411
2406
2411
2412
2407
2412
2413
2408
2413
2414
2409
2414
2410
2415
2416
2411
2416
2417
2412
2417
2418
2413
2418
2419
2414
2419
2415
2420
2421
2416
2421
2422
2417
2422
2423
2418
2423
2424
2419
2424
2420
2425
2426
2421
2426
2427
2422
2427
2428
2423
2428
2429
2424
2429
2425
2430
2431
2426
2431
2432
2427
2432
2433
2428
2433
2434
2429
2434
2430
2435
2436
2431
2436
2437
2432
2437
2438
2433
2438
2439
2434
2439
2435
2440
2441
2436
2441
2442
2437
2442
2443
2438
2443
2444
2439
2444
2440
2445
2446
2441
2446
2447
2442
2447
2448
2443
2448
2449
2444
2449
2450
2451
2451
2452
2452
2453
2453
2454
2454
2450
2455
2456
2451
2456
2457
2452
2457
2458
2453
2458
2459
2454
2459
2455
2460
2461
2456
2461
2462
2457
2462
2463
2458
2463
2464
2459
2464
2460
2465
2466
2461
2466
2467
2462
2467
2468
2463
2468
2469
2464
2469
2465
2470
2471
2466
2471
2472
2467
2472
2473
2468
2473
2474
2469
2474
2470
2475
2476
2471
2476
2477
2472
2477
2478
2473
2478
2479
2474
2479
2475
2480
2481
2476
2481
2482
2477
2482
2483
2478
2483
2484
2479
2484
2480
2485
2486
2481
2486
2487
2482
2487
2488
2483
2488
2489
2484
2489
2485
2490
2491
2486
2491
2492
2487
2492
2493
2488
2493
2494
2489
2494
2490
2495
2496
2491
2496
2497
2492
2497
2498
2493
2498
2499
2494
2499
2495
2500
2501
2496
2501
2502
2497
2502
2503
2498
2503
2504
2499
2504
2500
2505
2506
2501
2506
2507
2502
2507
2508
2503
2508
2509
2504
2509
2505
2510
2511
2506
2511
2512
2507
2512
2513
2508
2513
2514
2509
2514
2510
2515
2516
2511
2516
2517
2512
2517
2518
2513
2518
2519
2514
2519
2515
2520
2521
2516
2521
2522
2517
2522
2523
2518
2523
2524
2519
2524
2520
2525
2526
2521
2526
2527
2522
2527
2528
2523
2528
2529
2524
2529
2525
2530
2531
2526
2531
2532
2527
2532
2533
2528
2533
2534
2529
2534
2530
2535
2536
2531
2536
2537
2532
2537
2538
2533
2538
2539
2534
2539
2535
2540
2541
2536
2541
2542
2537
2542
2543
2538
2543
2544
2539
2544
2540
2545
2546
2541
2546
2547
2542
2547
2548
2543
2548
2549
2544
2549
2550
2551
2551
2552
2552
2553
2553
2554
2554
2550
2555
2556
2551
2556
2557
2552
2557
2558
2553
2558
2559
2554
2559
2555
2560
2561
2556
2561
2562
2557
2562
2563
2558
2563
2564
2559
2564
2560
2565
2566
2561
2566
2567
2562
2567
2568
2563
2568
2569
2564
2569
2565
2570
2571
2566
2571
2572
2567
2572
2573
2568
2573
2574
2569
2574
2570
2575
2576
2571
2576
2577
2572
2577
2578
2573
2578
2579
2574
2579
2575
2580
2581
2576
2581
2582
2577
2582
2583
2578
2583
2584
2579
2584
2580
2585
2586
2581
2586
2587
2582
2587
2588
2583
2588
2589
2584
2589
2585
2590
2591
2586
2591
2592
2587
2592
2593
2588
2593
2594
2589
2594
2590
2595
2596
2591
2596
2597
2592
2597
2598
2593
2598
2599
2594
2599
2595
2600
2601
2596
2601
2602
2597
2602
2603
2598
2603
2604
2599
2604
2600
2605
2606
2601
2606
2607
2602
2607
2608
2603
2608
2609
2604
2609
2605
2610
2611
2606
2611
2612
2607
2612
2613
2608
2613
2614
2609
2614
2610
2615
2616
2611
2616
2617
2612
2617
2618
2613
2618
2619
2614
2619
2615
2620
2621
2616
2621
2622
2617
2622
2623
2618
2623
2624
2619
2624
2620
2625
2626
2621
2626
2627
2622
2627
2628
2623
2628
2629
2624
2629
2625
2630
2631
2626
2631
2632
2627
2632
2633
2628
2633
2634
2629
2634
2630
2635
2636
2631
2636
2637
2632
2637
2638
2633
2638
2639
2634
2639
2635
2640
2641
2636
2641
2642
2637
2642
2643
2638
2643
2644
2639
2644
2640
2645
2646
2641
2646
2647
2642
2647
2648
2643
2648
2649
2644
2649
2650
2651
2651
2652
2652
2653
2653
2654
2654
2650
2655
2656
2651
2656
2657
2652
2657
2658
2653
2658
2659
2654
2659
2655
2660
2661
2656
2661
2662
2657
2662
2663
2658
2663
2664
2659
2664
2660
2665
2666
2661
2666
2667
2662
2667
2668
2663
2668
2669
2664
2669
2665
2670
2671
2666
2671
2672
2667
2672
2673
2668
2673
2674
2669
2674
2670
2675
2676
2671
2676
2677
2672
2677
2678
2673
2678
2679
2674
2679
2675
2680
2681
2676
2681
2682
2677
2682
2683
2678
2683
2684
2679
2684
2680
2685
2686
2681
2686
2687
2682
2687
2688
2683
2688
2689
2684
2689
2685
2690
2691
2686
2691
2692
2687
2692
2693
2688
2693
2694
2689
2694
2690
2695
2696
2691
2696
2697
2692
2697
2698
2693
2698
2699
2694
2699
2695
2700
2701
2696
2701
2702
2697
2702
2703
2698
2703
2704
2699
2704
2700
2705
2706
2701
2706
2707
2702
2707
2708
2703
2708
2709
2704
2709
2705
2710
2711
2706
2711
2712
2707
2712
2713
2708
2713
2714
2709
2714
2710
2715
2716
2711
2716
2717
2712
2717
2718
2713
2718
2719
2714
2719
2715
2720
2721
2716
2721
2722
2717
2722
2723
2718
2723
2724
2719
2724
2720
2725
2726
2721
2726
2727
2722
2727
2728
2723
2728
2729
2724
2729
2725
2730
2731
2726
2731
2732
2727
2732
2733
2728
2733
2734
2729
2734
2730
2735
2736
2731
2736
2737
2732
2737
2738
2733
2738
2739
2734
2739
2735
2740
2741
2736
2741
2742
2737
2742
2743
2738
2743
2744
2739
2744
2740
2745
2746
2741
2746
2747
2742
2747
2748
2743
2748
2749
2744
2749
2750
2751
2751
2752
2752
2753
2753
2754
2754
2750
2755
2756
2751
2756
2757
2752
2757
2758
2753
2758
2759
2754
2759
2755
2760
2761
2756
2761
2762
2757
2762
2763
2758
2763
2764
2759
2764
2760
2765
2766
2761
2766
2767
2762
2767
2768
2763
2768
2769
2764
2769
2765
2770
2771
2766
2771
2772
2767
2772
2773
2768
2773
2774
2769
2774
2770
2775
2776
2771
2776
2777
2772
2777
2778
2773
2778
2779
2774
2779
2775
2780
2781
2776
2781
2782
2777
2782
2783
2778
2783
2784
2779
2784
2780
2785
2786
2781
2786
2787
2782
2787
2788
2783
2788
2789
2784
2789
2785
2790
2791
2786
2791
2792
2787
2792
2793
2788
2793
2794
2789
2794
2790
2795
2796
2791
2796
2797
2792
2797
2798
2793
2798
2799
2794
2799
2795
2800
2801
2796
2801
2802
2797
2802
2803
2798
2803
2804
2799
2804
2800
2805
2806
2801
2806
2807
2802
2807
2808
2803
2808
2809
2804
2809
2805
2810
2811
2806
2811
2812
2807
2812
2813
2808
2813
2814
2809
2814
2810
2815
2816
2811
2816
2817
2812
2817
2818
2813
2818
2819
2814
2819
2815
2820
2821
2816
2821
2822
2817
2822
2823
2818
2823
2824
2819
2824
2820
2825
2826
2821
2826
2827
2822
2827
2828
2823
2828
2829
2824
2829
2825
2830
2831
2826
2831
2832
2827
2832
2833
2828
2833
2834
2829
2834
2830
2835
2836
2831
2836
2837
2832
2837
2838
2833
2838
2839
2834
2839
2835
2840
2841
2836
2841
2842
2837
2842
2843
2838
2843
2844
2839
2844
2840
2845
2846
2841
2846
2847
2842
2847
2848
2843
2848
2849
2844
2849
2850
2851
2851
2852
2852
2853
2853
2854
2854
2850
2855
2856
2851
2856
2857
2852
2857
2858
2853
2858
2859
2854
2859
2855
2860
2861
2856
2861
2862
2857
2862
2863
2858
2863
2864
2859
2864
2860
2865
2866
2861
2866
2867
2862
2867
2868
2863
2868
2869
2864
2869
2865
2870
2871
2866
2871
2872
2867
2872
2873
2868
2873
2874
2869
2874
2870
2875
2876
2871
2876
2877
2872
2877
2878
2873
2878
2879
2874
2879
2875
2880
2881
2876
2881
2882
2877
2882
2883
2878
2883
2884
2879
2884
2880
2885
2886
2881
2886
2887
2882
2887
2888
2883
2888
2889
2884
2889
2885
2890
2891
2886
2891
2892
2887
2892
2893
2888
2893
2894
2889
2894
2890
2895
2896
2891
2896
2897
2892
2897
2898
2893
2898
2899
2894
2899
2895
2900
2901
2896
2901
2902
2897
2902
2903
2898
2903
2904
2899
2904
2900
2905
2906
2901
2906
2907
2902
2907
2908
2903
2908
2909
2904
2909
2905
2910
2911
2906
2911
2912
2907
2912
2913
2908
2913
2914
2909
2914
2910
2915
2916
2911
2916
2917
2912
2917
2918
2913
2918
2919
2914
2919
2915
2920
2921
2916
2921
2922
2917
2922
2923
2918
2923
2924
2919
2924
2920
2925
2926
2921
2926
2927
2922
2927
2928
2923
2928
2929
2924
2929
2925
2930
2931
2926
2931
2932
2927
2932
2933
2928
2933
2934
2929
2934
2930
2935
2936
2931
2936
2937
2932
2937
2938
2933
2938
2939
2934
2939
2935
2940
2941
2936
2941
2942
2937
2942
2943
2938
2943
2944
2939
2944
2940
2945
2941
2945
2946
2942
2946
2947
2943
2947
2948
2944
2948
2949
2950
2950
2951
2951
2952
2952
2953
2953
2949
2954
2955
2950
2955
2956
2951
2956
2957
2952
2957
2958
2953
2958
2954
2959
2960
2955
2960
2961
2956
2961
2962
2957
2962
2963
2958
2963
2959
2964
2965
2960
2965
2966
2961
2966
2967
2962
2967
2968
2963
2968
2964
2969
2970
2965
2970
2971
2966
2971
2972
2967
2972
2973
2968
2973
2969
2974
2975
2970
2975
2976
2971
2976
2977
2972
2977
2978
2973
2978
2974
2979
2980
2975
2980
2981
2976
2981
2982
2977
2982
2983
2978
2983
2979
2984
2985
2980
2985
2986
2981
2986
2987
2982
2987
2988
2983
2988
2984
2989
2990
2985
2990
2991
2986
2991
2992
2987
2992
2993
2988
2993
2989
2994
2995
2990
2995
2996
2991
2996
2997
2992
2997
2998
2993
2998
2994
2999
3000
2995
3000
3001
2996
3001
3002
2997
3002
3003
2998
3003
2999
3004
3005
3000
3005
3006
3001
3006
3007
3002
3007
3008
3003
3008
3004
3009
3010
3005
3010
3011
3006
3011
3012
3007
3012
3013
3008
3013
3009
3014
3015
3010
3015
3016
3011
3016
3017
3012
3017
3018
3013
3018
3014
3019
3020
3015
3020
3021
3016
3021
3022
3017
3022
3023
3018
3023
3019
3024
3025
3020
3025
3026
3021
3026
3027
3022
3027
3028
3023
3028
3024
3029
3030
3025
3030
3031
3026
3031
3032
3027
3032
3033
3028
3033
3029
3034
3035
3030
3035
3036
3031
3036
3037
3032
3037
3038
3033
3038
3034
3039
3035
3039
3040
3036
3040
3041
3037
3041
3042
3038
3042
3039
3043
3040
3043
3044
3041
3044
3045
3042
3045
3046
3047
3047
3048
3048
3049
3049
3050
3050
3046
3051
3052
3047
3052
3053
3048
3053
3054
3049
3054
3055
3050
3055
3051
3056
3057
3052
3057
3058
3053
3058
3059
3054
3059
3060
3055
3060
3056
3061
3062
3057
3062
3063
3058
3063
3064
3059
3064
3065
3060
3065
3061
3066
3067
3062
3067
3068
3063
3068
3069
3064
3069
3070
3065
3070
3066
3071
3072
3067
3072
3073
3068
3073
3074
3069
3074
3075
3070
3075
3071
3076
3077
3072
3077
3078
3073
3078
3079
3074
3079
3080
3075
3080
3076
3081
3082
3077
3082
3083
3078
3083
3084
3079
3084
3085
3080
3085
3081
3086
3087
3082
3087
3088
3083
3088
3089
3084
3089
3090
3085
3090
3086
3091
3092
3087
3092
3093
3088
3093
3094
3089
3094
3095
3090
3095
3091
3096
3097
3092
3097
3098
3093
3098
3099
3094
3099
3100
3095
3100
3096
3101
3102
3097
3102
3103
3098
3103
3104
3099
3104
3105
3100
3105
3101
3106
3107
3102
3107
3108
3103
3108
3109
3104
3109
3110
3105
3110
3106
3111
3112
3107
3112
3113
3108
3113
3114
3109
3114
3115
3110
3115
3111
3116
3117
3112
3117
3118
3113
3118
3119
3114
3119
3120
3115
3120
3116
3121
3122
3117
3122
3123
3118
3123
3124
3119
3124
3125
3120
3125
3121
3126
3127
3122
3127
3128
3123
3128
3129
3124
3129
3130
3125
3130
3126
3131
3127
3131
3132
3128
3132
3133
3129
3133
3134
3130
3134
3131
3135
3132
3135
3136
3133
3136
3137
3134
3137
3135
3138
3136
3138
3139
3137
3139
3140
3141
3141
3142
3142
3143
3143
3144
3144
3140
3145
3146
3141
3146
3147
3142
3147
3148
3143
3148
3149
3144
3149
3145
3150
3151
3146
3151
3152
3147
3152
3153
3148
3153
3154
3149
3154
3150
3155
3156
3151
3156
3157
3152
3157
3158
3153
3158
3159
3154
3159
3155
3160
3161
3156
3161
3162
3157
3162
3163
3158
3163
3164
3159
3164
3160
3165
3166
3161
3166
3167
3162
3167
3168
3163
3168
3169
3164
3169
3165
3170
3171
3166
3171
3172
3167
3172
3173
3168
3173
3174
3169
3174
3170
3175
3176
3171
3176
3177
3172
3177
3178
3173
3178
3179
3174
3179
3175
3180
3181
3176
3181
3182
3177
3182
3183
3178
3183
3184
3179
3184
3180
3185
3186
3181
3186
3187
3182
3187
3188
3183
3188
3189
3184
3189
3185
3190
3191
3186
3191
3192
3187
3192
3193
3188
3193
3194
3189
3194
3190
3195
3196
3191
3196
3197
3192
3197
3198
3193
3198
3199
3194
3199
3195
3200
3201
3196
3201
3202
3197
3202
3203
3198
3203
3204
3199
3204
3200
3205
3206
3201
3206
3207
3202
3207
3208
3203
3208
3209
3204
3209
3205
3210
3211
3206
3211
3212
3207
3212
3213
3208
3213
3214
3209
3214
3210
3215
3216
3211
3216
3217
3212
3217
3218
3213
3218
3219
3214
3219
3215
3220
3216
3220
3221
3217
3221
3222
3218
3222
3223
3219
3223
3220
3224
3221
3224
3225
3222
3225
3226
3223
3226
3224
3227
3225
3227
3228
3226
3228
3227
3229
3228
3229
3230
3231
3231
3232
3232
3233
3233
3234
3234
3230
3235
3236
3231
3236
3237
3232
3237
3238
3233
3238
3239
3234
3239
3235
3240
3241
3236
3241
3242
3237
3242
3243
3238
3243
3244
3239
3244
3240
3245
3246
3241
3246
3247
3242
3247
3248
3243
3248
3249
3244
3249
3245
3250
3251
3246
3251
3252
3247
3252
3253
3248
3253
3254
3249
3254
3250
3255
3256
3251
3256
3257
3252
3257
3258
3253
3258
3259
3254
3259
3255
3260
3261
3256
3261
3262
3257
3262
3263
3258
3263
3264
3259
3264
3260
3265
3266
3261
3266
3267
3262
3267
3268
3263
3268
3269
3264
3269
3265
3270
3271
3266
3271
3272
3267
3272
3273
3268
3273
3274
3269
3274
3270
3275
3276
3271
3276
3277
3272
3277
3278
3273
3278
3279
3274
3279
3275
3280
3281
3276
3281
3282
3277
3282
3283
3278
3283
3284
3279
3284
3280
3285
3286
3281
3286
3287
3282
3287
3288
3283
3288
3289
3284
3289
3285
3290
3291
3286
3291
3292
3287
3292
3293
3288
3293
3294
3289
3294
3290
3295
3296
3291
3296
3297
3292
3297
3298
3293
3298
3299
3294
3299
3295
3300
3301
3296
3301
3302
3297
3302
3303
3298
3303
3304
3299
3304
3300
3305
3301
3305
3306
3302
3306
3307
3303
3307
3308
3304
3308
3305
3309
3306
3309
3310
3307
3310
3311
3308
3311
3309
3312
3310
3312
3313
3311
3313
3312
3314
3313
3314
3314
3315
3316
3316
3317
3317
3318
3318
3319
3319
3315
3320
3321
3316
3321
3322
3317
3322
3323
3318
3323
3324
3319
3324
3320
3325
3326
3321
3326
3327
3322
3327
3328
3323
3328
3329
3324
3329
3325
3330
3331
3326
3331
3332
3327
3332
3333
3328
3333
3334
3329
3334
3330
3335
3336
3331
3336
3337
3332
3337
3338
3333
3338
3339
3334
3339
3335
3340
3341
3336
3341
3342
3337
3342
3343
3338
3343
3344
3339
3344
3340
3345
3346
3341
3346
3347
3342
3347
3348
3343
3348
3349
3344
3349
3345
3350
3351
3346
3351
3352
3347
3352
3353
3348
3353
3354
3349
3354
3350
3355
3356
3351
3356
3357
3352
3357
3358
3353
3358
3359
3354
3359
3355
3360
3361
3356
3361
3362
3357
3362
3363
3358
3363
3364
3359
3364
3360
3365
3366
3361
3366
3367
3362
3367
3368
3363
3368
3369
3364
3369
3365
3370
3371
3366
3371
3372
3367
3372
3373
3368
3373
3374
3369
3374
3370
3375
3376
3371
3376
3377
3372
3377
3378
3373
3378
3379
3374
3379
3375
3380
3381
3376
3381
3382
3377
3382
3383
3378
3383
3384
3379
3384
3380
3385
3381
3385
3386
3382
3386
3387
3383
3387
3388
3384
3388
3385
3389
3386
3389
3390
3387
3390
3391
3388
3391
3389
3392
3390
3392
3393
3391
3393
3392
3394
3393
3394
3394
3395
3396
3396
3397
3397
3398
3398
3399
3399
3395
3400
3401
3396
3401
3402
3397
3402
3403
3398
3403
3404
3399
3404
3400
3405
3406
3401
3406
3407
3402
3407
3408
3403
3408
3409
3404
3409
3405
3410
3411
3406
3411
3412
3407
3412
3413
3408
3413
3414
3409
3414
3410
3415
3416
3411
3416
3417
3412
3417
3418
3413
3418
3419
3414
3419
3415
3420
3421
3416
3421
3422
3417
3422
3423
3418
3423
3424
3419
3424
3420
3425
3426
3421
3426
3427
3422
3427
3428
3423
3428
3429
3424
3429
3425
3430
3431
3426
3431
3432
3427
3432
3433
3428
3433
3434
3429
3434
3430
3435
3436
3431
3436
3437
3432
3437
3438
3433
3438
3439
3434
3439
3435
3440
3441
3436
3441
3442
3437
3442
3443
3438
3443
3444
3439
3444
3440
3445
3446
3441
3446
3447
3442
3447
3448
3443
3448
3449
3444
3449
3445
3450
3451
3446
3451
3452
3447
3452
3453
3448
3453
3454
3449
3454
3450
3455
3456
3451
3456
3457
3452
3457
3458
3453
3458
3459
3454
3459
3455
3460
3456
3460
3461
3457
3461
3462
3458
3462
3463
3459
3463
3460
3464
3461
3464
3465
3462
3465
3466
3463
3466
3464
3467
3465
3467
3468
3466
3468
3467
3469
3468
3469
3469
3470
3471
3471
3472
3472
3473
3473
3474
3474
3470
3475
3476
3471
3476
3477
3472
3477
3478
3473
3478
3479
3474
3479
3475
3480
3481
3476
3481
3482
3477
3482
3483
3478
3483
3484
3479
3484
3480
3485
3486
3481
3486
3487
3482
3487
3488
3483
3488
3489
3484
3489
3485
3490
3491
3486
3491
3492
3487
3492
3493
3488
3493
3494
3489
3494
3490
3495
3496
3491
3496
3497
3492
3497
3498
3493
3498
3499
3494
3499
3495
3500
3501
3496
3501
3502
3497
3502
3503
3498
3503
3504
3499
3504
3500
3505
3506
3501
3506
3507
3502
3507
3508
3503
3508
3509
3504
3509
3505
3510
3511
3506
3511
3512
3507
3512
3513
3508
3513
3514
3509
3514
3510
3515
3516
3511
3516
3517
3512
3517
3518
3513
3518
3519
3514
3519
3515
3520
3521
3516
3521
3522
3517
3522
3523
3518
3523
3524
3519
3524
3520
3525
3526
3521
3526
3527
3522
3527
3528
3523
3528
3529
3524
3529
3525
3530
3526
3530
3531
3527
3531
3532
3528
3532
3533
3529
3533
3530
3534
3531
3534
3535
3532
3535
3536
3533
3536
3534
3537
3535
3537
3538
3536
3538
3537
3539
3538
3539
3539
3540
3541
3541
3542
3542
3543
3543
3544
3544
3540
3545
3546
3541
3546
3547
3542
3547
3548
3543
3548
3549
3544
3549
3545
3550
3551
3546
3551
3552
3547
3552
3553
3548
3553
3554
3549
3554
3550
3555
3556
3551
3556
3557
3552
3557
3558
3553
3558
3559
3554
3559
3555
3560
3561
3556
3561
3562
3557
3562
3563
3558
3563
3564
3559
3564
3560
3565
3566
3561
3566
3567
3562
3567
3568
3563
3568
3569
3564
3569
3565
3570
3571
3566
3571
3572
3567
3572
3573
3568
3573
3574
3569
3574
3570
3575
3576
3571
3576
3577
3572
3577
3578
3573
3578
3579
3574
3579
3575
3580
3581
3576
3581
3582
3577
3582
3583
3578
3583
3584
3579
3584
3580
3585
3586
3581
3586
3587
3582
3587
3588
3583
3588
3589
3584
3589
3585
3590
3591
3586
3591
3592
3587
3592
3593
3588
3593
3594
3589
3594
3590
3595
3591
3595
3596
3592
3596
3597
3593
3597
3598
3594
3598
3595
3599
3596
3599
3600
3597
3600
3601
3598
3601
3599
3602
3600
3602
3603
3601
3603
3602
3604
3603
3604
3604
3605
3606
3606
3607
3607
3608
3608
3609
3609
3605
3610
3611
3606
3611
3612
3607
3612
3613
3608
3613
3614
3609
3614
3610
3615
3616
3611
3616
3617
3612
3617
3618
3613
3618
3619
3614
3619
3615
3620
3621
3616
3621
3622
3617
3622
3623
3618
3623
3624
3619
3624
3620
3625
3626
3621
3626
3627
3622
3627
3628
3623
3628
3629
3624
3629
3625
3630
3631
3626
3631
3632
3627
3632
3633
3628
3633
3634
3629
3634
3630
3635
3636
3631
3636
3637
3632
3637
3638
3633
3638
3639
3634
3639
3635
3640
3641
3636
3641
3642
3637
3642
3643
3638
3643
3644
3639
3644
3640
3645
3646
3641
3646
3647
3642
3647
3648
3643
3648
3649
3644
3649
3645
3650
3651
3646
3651
3652
3647
3652
3653
3648
3653
3654
3649
3654
3650
3655
3651
3655
3656
3652
3656
3657
3653
3657
3658
3654
3658
3655
3659
3656
3659
3660
3657
3660
3661
3658
3661
3659
3662
3660
3662
3663
3661
3663
3662
3664
3663
3664
3664
3665
3666
3666
3667
3667
3668
3668
3669
3669
3665
3670
3671
3666
3671
3672
3667
3672
3673
3668
3673
3674
3669
3674
3670
3675
3676
3671
3676
3677
3672
3677
3678
3673
3678
3679
3674
3679
3675
3680
3681
3676
3681
3682
3677
3682
3683
3678
3683
3684
3679
3684
3680
3685
3686
3681
3686
3687
3682
3687
3688
3683
3688
3689
3684
3689
3685
3690
3691
3686
3691
3692
3687
3692
3693
3688
3693
3694
3689
3694
3690
3695
3696
3691
3696
3697
3692
3697
3698
3693
3698
3699
3694
3699
3695
3700
3701
3696
3701
3702
3697
3702
3703
3698
3703
3704
3699
3704
3700
3705
3706
3701
3706
3707
3702
3707
3708
3703
3708
3709
3704
3709
3705
3710
3706
3710
3711
3707
3711
3712
3708
3712
3713
3709
3713
3710
3714
3711
3714
3715
3712
3715
3716
3713
3716
3714
3717
3715
3717
3718
3716
3718
3717
3719
3718
3719
3719
3720
3721
3721
3722
3722
3723
3723
3724
3724
3720
3725
3726
3721
3726
3727
3722
3727
3728
3723
3728
3729
3724
3729
3725
3730
3731
3726
3731
3732
3727
3732
3733
3728
3733
3734
3729
3734
3730
3735
3736
3731
3736
3737
3732
3737
3738
3733
3738
3739
3734
3739
3735
3740
3741
3736
3741
3742
3737
3742
3743
3738
3743
3744
3739
3744
3740
3745
3746
3741
3746
3747
3742
3747
3748
3743
3748
3749
3744
3749
3745
3750
3751
3746
3751
3752
3747
3752
3753
3748
3753
3754
3749
3754
3750
3755
3756
3751
3756
3757
3752
3757
3758
3753
3758
3759
3754
3759
3755
3760
3756
3760
3761
3757
3761
3762
3758
3762
3763
3759
3763
3760
3764
3761
3764
3765
3762
3765
3766
3763
3766
3764
3767
3765
3767
3768
3766
3768
3767
3769
3768
3769
3769
3770
3771
3771
3772
3772
3773
3773
3774
3774
3770
3775
3776
3771
3776
3777
3772
3777
3778
3773
3778
3779
3774
3779
3775
3780
3781
3776
3781
3782
3777
3782
3783
3778
3783
3784
3779
3784
3780
3785
3786
3781
3786
3787
3782
3787
3788
3783
3788
3789
3784
3789
3785
3790
3791
3786
3791
3792
3787
3792
3793
3788
3793
3794
3789
3794
3790
3795
3796
3791
3796
3797
3792
3797
3798
3793
3798
3799
3794
3799
3795
3800
3801
3796
3801
3802
3797
3802
3803
3798
3803
3804
3799
3804
3800
3805
3801
3805
3806
3802
3806
3807
3803
3807
3808
3804
3808
3805
3809
3806
3809
3810
3807
3810
3811
3808
3811
3809
3812
3810
3812
3813
3811
3813
3812
3814
3813
3814
3814
3815
3816
3816
3817
3817
3818
3818
3819
3819
3815
3820
3821
3816
3821
3822
3817
3822
3823
3818
3823
3824
3819
3824
3820
3825
3826
3821
3826
3827
3822
3827
3828
3823
3828
3829
3824
3829
3825
3830
3831
3826
3831
3832
3827
3832
3833
3828
3833
3834
3829
3834
3830
3835
3836
3831
3836
3837
3832
3837
3838
3833
3838
3839
3834
3839
3835
3840
3841
3836
3841
3842
3837
3842
3843
3838
3843
3844
3839
3844
3840
3845
3841
3845
3846
3842
3846
3847
3843
3847
3848
3844
3848
3845
3849
3846
3849
3850
3847
3850
3851
3848
3851
3849
3852
3850
3852
3853
3851
3853
3852
3854
3853
3854
3854
3855
3856
3856
3857
3857
3858
3858
3859
3859
3855
3860
3861
3856
3861
3862
3857
3862
3863
3858
3863
3864
3859
3864
3860
3865
3866
3861
3866
3867
3862
3867
3868
3863
3868
3869
3864
3869
3865
3870
3871
3866
3871
3872
3867
3872
3873
3868
3873
3874
3869
3874
3870
3875
3876
3871
3876
3877
3872
3877
3878
3873
3878
3879
3874
3879
3875
3880
3876
3880
3881
3877
3881
3882
3878
3882
3883
3879
3883
3880
3884
3881
3884
3885
3882
3885
3886
3883
3886
3884
3887
3885
3887
3888
3886
3888
3887
3889
3888
3889
3889
3890
3891
3891
3892
3892
3893
3893
3894
3894
3890
3895
3896
3891
3896
3897
3892
3897
3898
3893
3898
3899
3894
3899
3895
3900
3901
3896
3901
3902
3897
3902
3903
3898
3903
3904
3899
3904
3900
3905
3906
3901
3906
3907
3902
3907
3908
3903
3908
3909
3904
3909
3905
3910
3906
3910
3911
3907
3911
3912
3908
3912
3913
3909
3913
3910
3914
3911
3914
3915
3912
3915
3916
3913
3916
3914
3917
3915
3917
3918
3916
3918
3917
3919
3918
3919
3919
3920
3921
3921
3922
3922
3923
3923
3924
3924
3920
3925
3926
3921
3926
3927
3922
3927
3928
3923
3928
3929
3924
3929
3925
3930
3931
3926
3931
3932
3927
3932
3933
3928
3933
3934
3929
3934
3930
3935
3931
3935
3936
3932
3936
3937
3933
3937
3938
3934
3938
3935
3939
3936
3939
3940
3937
3940
3941
3938
3941
3939
3942
3940
3942
3943
3941
3943
3942
3944
3943
3944
3944
3945
3946
3946
3947
3947
3948
3948
3949
3949
3945
3950
3951
3946
3951
3952
3947
3952
3953
3948
3953
3954
3949
3954
3950
3955
3951
3955
3956
3952
3956
3957
3953
3957
3958
3954
3958
3955
3959
3956
3959
3960
3957
3960
3961
3958
3961
3959
3962
3960
3962
3963
3961
3963
3962
3964
3963
3964
3964
3965
3966
3966
3967
3967
3968
3968
3969
3969
3965
3970
3966
3970
3971
3967
3971
3972
3968
3972
3973
3969
3973
3970
3974
3971
3974
3975
3972
3975
3976
3973
3976
3974
3977
3975
3977
3978
3976
3978
3977
3979
3978
3979
3979
3980
3980
3981
3981
3982
3982
3983
3983
3980
3984
3981
3984
3985
3982
3985
3986
3983
3986
3984
3987
3985
3987
3988
3986
3988
3987
3989
3988
3989
3989
3990
3990
3991
3991
3992
3992
3990
3993
3991
3993
3994
3992
3994
3993
3995
3994
3995
3995
3996
3996
3997
3997
3996
3998
3997
3998
3998
3999
3999
3999
)


// ************************************************************************* //
