/*--------------------------------*- C++ -*----------------------------------*\
| =========                 |                                                 |
| \\      /  F ield         | OpenFOAM: The Open Source CFD Toolbox           |
|  \\    /   O peration     | Version:  2306                                  |
|   \\  /    A nd           | Website:  www.openfoam.com                      |
|    \\/     M anipulation  |                                                 |
\*---------------------------------------------------------------------------*/
FoamFile
{
    version     2.0;
    format      ascii;
    arch        "LSB;label=32;scalar=64";
    class       cellSet;
    location    "constant/fuel/polyMesh/sets";
    object      mpl;
}
// * * * * * * * * * * * * * * * * * * * * * * * * * * * * * * * * * * * * * //


4000
(
8200
8201
8202
8203
8204
8215
8216
8217
8218
8219
8230
8231
8232
8233
8234
55
8255
8256
8257
8258
8259
76
82
83
8280
8281
8282
8283
8284
104
110
111
8305
8306
8307
8308
8309
117
118
119
8330
8331
8332
140
8333
8334
146
147
153
154
155
161
162
8355
163
8356
164
8357
8358
8359
185
8380
8381
8382
8383
191
8384
192
198
199
200
206
207
208
209
8405
8406
8407
215
8408
216
8409
217
218
219
8430
8431
8432
240
8433
8434
246
247
253
254
255
261
262
8455
263
8456
264
8457
8458
8459
270
271
272
273
274
280
281
282
283
284
8480
8481
8482
8483
8484
8495
8496
8497
8498
306
8499
312
313
8510
8511
319
8512
320
8513
321
8514
327
328
329
330
8525
8526
8527
8528
336
8529
337
338
339
340
346
8539
347
8540
348
8541
349
8542
350
8543
357
358
359
360
361
8554
8555
8556
8557
8558
8569
8570
8571
8572
8573
384
390
391
8584
8585
8586
8587
8588
397
398
399
405
406
8599
407
8600
408
8601
8602
8603
414
415
416
417
418
8614
8615
8616
424
8617
425
8618
426
427
428
435
436
8629
437
8630
438
8631
439
8632
8633
447
448
449
450
451
8654
8655
8656
8657
8658
475
481
482
8679
8680
488
8681
489
8682
490
8683
496
497
498
499
505
506
507
508
509
8704
8705
8706
8707
515
8708
516
517
518
519
526
527
528
529
530
8729
8730
538
8731
539
8732
540
8733
541
542
551
552
553
554
555
8754
8755
8756
8757
8758
580
586
8779
587
8780
8781
8782
8783
593
594
595
601
602
603
604
610
611
8804
612
8805
613
8806
614
8807
8808
620
621
622
623
624
631
632
633
634
635
8829
8830
8831
8832
8833
643
644
645
646
647
656
657
658
659
660
8854
8855
8856
8857
8858
670
671
672
673
674
8879
8880
8881
8882
8883
700
8894
8895
8896
8897
8898
706
707
713
714
715
8909
8910
8911
8912
8913
721
722
723
724
730
8923
731
8924
732
8925
733
8926
734
8927
740
741
742
743
8936
744
8937
8938
8939
8940
751
752
753
754
755
8951
8952
8953
8954
8955
763
764
765
766
767
8966
8967
8968
776
8969
777
8970
778
779
780
8981
8982
790
8983
791
8984
792
8985
793
794
8996
8997
805
8998
806
8999
807
9000
808
809
9011
9012
9013
9014
9015
9026
9027
835
9028
9029
9030
841
842
848
849
850
856
857
858
9051
859
9052
9053
9054
9055
865
866
867
868
869
875
876
877
878
879
9076
9077
9078
886
9079
887
9080
888
889
890
898
899
900
901
902
9101
9102
9103
911
9104
912
9105
913
914
915
925
926
927
928
929
9126
9127
9128
9129
9130
940
941
942
943
944
955
956
957
958
9151
959
9152
9153
9154
9155
9176
9177
985
9178
9179
9180
991
992
998
999
1000
1006
1007
1008
9201
1009
9202
9203
9204
9205
1015
1016
1017
1018
1019
1025
1026
1027
1028
1029
9226
9227
9228
1036
9229
1037
9230
1038
1039
1040
1048
1049
1050
1051
1052
9251
9252
9253
1061
9254
1062
9255
1063
1064
1065
1075
1076
1077
1078
1079
9276
9277
9278
9279
9280
1090
1091
1092
1093
1094
9291
9292
9293
9294
9295
1105
1106
1107
1108
1109
9305
9306
9307
9308
9309
1120
1121
1122
1123
1124
9318
9319
9320
9321
9322
9330
9331
9332
9333
9334
1150
9345
9346
9347
9348
1156
9349
1157
1163
1164
1165
9360
9361
9362
9363
1171
9364
1172
1173
1174
1180
1181
1182
9375
1183
9376
1184
9377
9378
9379
1190
1191
1192
1193
1194
9390
9391
9392
9393
1201
9394
1202
1203
1204
1205
9405
1213
9406
1214
9407
1215
9408
1216
9409
1217
1226
1227
9420
1228
9421
1229
9422
1230
9423
9424
1240
1241
1242
1243
1244
9445
9446
9447
1255
9448
1256
9449
1257
1258
1259
1270
1271
1272
1273
1274
9470
9471
9472
9473
9474
1285
1286
1287
1288
1289
1300
1301
1302
9495
1303
9496
1304
9497
9498
9499
9520
9521
9522
1330
9523
9524
1336
1337
1343
1344
1345
1351
1352
9545
1353
9546
1354
9547
9548
9549
1360
1361
1362
1363
1364
1370
1371
1372
1373
1374
9570
9571
9572
9573
1381
9574
1382
1383
1384
1385
1393
1394
1395
1396
1397
9595
9596
9597
9598
1406
9599
1407
1408
1409
1410
1420
1421
1422
1423
1424
9620
9621
9622
9623
9624
1435
1436
1437
1438
1439
1450
1451
1452
9645
1453
9646
1454
9647
9648
9649
1465
1466
1467
1468
1469
9670
9671
9672
1480
9673
1481
9674
1482
1483
1484
9684
9685
9686
9687
1495
9688
1496
1497
1498
1499
9697
9698
9699
9700
9701
9709
9710
9711
9712
9713
1524
9720
9721
9722
1530
9723
1531
9724
1537
1538
1539
9735
9736
9737
1545
9738
1546
9739
1547
1548
1554
1555
1556
1557
9750
1558
9751
9752
9753
9754
1564
1565
1566
1567
1568
9765
9766
9767
1575
9768
1576
9769
1577
1578
1579
1587
9780
1588
9781
1589
9782
1590
9783
1591
9784
1600
1601
1602
9795
1603
9796
1604
9797
9798
9799
1614
1615
1616
1617
9810
1618
9811
9812
9813
9814
1629
1630
1631
1632
1633
9835
9836
9837
1645
9838
1646
9839
1647
1648
1649
1660
1661
1662
1663
1664
9860
9861
9862
9863
9864
1675
1676
1677
1678
1679
1690
1691
1692
9885
1693
9886
1694
9887
9888
9889
1705
1706
1707
1708
1709
9910
9911
9912
9913
9914
1732
1738
1739
9935
9936
9937
1745
9938
1746
9939
1747
1753
1754
1755
1756
1762
1763
1764
1765
1766
9960
9961
9962
9963
9964
1772
1773
1774
1775
1776
1783
1784
1785
1786
1787
9985
9986
9987
1795
9988
1796
9989
1797
1798
1799
1808
1809
1810
1811
1812
10010
10011
10012
10013
10014
1822
1823
1824
1825
1826
1837
1838
1839
1840
1841
10035
10036
10037
10038
10039
1853
1854
1855
1856
1857
10059
10060
10061
10062
1870
10063
1871
1872
1873
1874
10072
10073
10074
10075
10076
1885
1886
1887
1888
1889
10084
10085
10086
10087
10088
1900
1901
1902
10095
1903
10096
1904
10097
10098
10099
10105
10106
10107
1915
10108
1916
10109
1917
1918
1919
10120
10121
10122
1930
10123
1931
10124
1932
1933
1934
10135
10136
10137
10138
10139
1954
10150
10151
10152
1960
10153
1961
10154
1967
1968
1969
10165
10166
10167
1975
10168
1976
10169
1977
1978
1984
1985
1986
1987
10180
1988
10181
10182
10183
10184
1994
1995
1996
1997
1998
10195
10196
10197
2005
10198
2006
10199
2007
2008
2009
2017
2018
2019
2020
2021
10220
10221
10222
2030
10223
2031
10224
2032
2033
2034
2044
2045
2046
2047
2048
10245
10246
10247
10248
10249
2059
2060
2061
2062
2063
2075
2076
2077
10270
2078
10271
2079
10272
10273
10274
2092
2093
2094
2095
2096
10295
10296
10297
10298
10299
2110
2111
2112
2113
2114
2125
2126
2127
10320
2128
10321
2129
10322
10323
10324
2140
2141
2142
2143
2144
10345
10346
10347
2155
10348
2156
10349
2157
2158
2159
2170
2171
2172
2173
2174
10370
10371
10372
10373
10374
2190
2196
2197
10395
2203
10396
2204
10397
2205
10398
10399
2211
2212
2213
2214
2220
2221
2222
2223
2224
10419
10420
10421
10422
2230
10423
2231
2232
2233
2234
2241
2242
2243
2244
2245
10442
10443
10444
10445
2253
10446
2254
2255
2256
2257
10454
10455
10456
10457
10458
2266
2267
2268
2269
2270
10465
10466
10467
10468
10469
2280
2281
2282
10475
2283
10476
2284
10477
10478
10479
10485
10486
10487
2295
10488
2296
2297
2298
2299
10499
10500
10501
10502
10503
2311
2312
2313
2314
2315
10514
10515
10516
10517
10518
2328
2329
2330
2331
2332
10529
10530
10531
10532
10533
2346
2347
2348
2349
2350
10544
10545
10546
10547
10548
2365
2366
10559
2367
10560
2368
10561
2369
10562
10563
2380
2381
10574
2382
10575
2383
10576
2384
10577
10578
2395
2396
2397
2398
2399
10599
10600
10601
10602
2410
10603
2411
2412
2413
2414
2425
2426
2427
2428
2429
10624
10625
10626
10627
10628
2440
2446
2447
2453
2454
2455
10649
10650
10651
10652
10653
2461
2462
2463
2464
2470
2471
2472
2473
2474
2480
2481
10674
2482
10675
2483
10676
2484
10677
10678
2491
2492
2493
2494
2495
2503
2504
2505
2506
10699
2507
10700
10701
10702
10703
2516
2517
2518
2519
2520
2530
2531
10724
2532
10725
2533
10726
2534
10727
10728
2545
2546
2547
2548
2549
10749
10750
10751
10752
10753
2561
2562
2563
2564
2565
2578
2579
2580
10773
2581
10774
2582
10775
10776
10777
2596
2597
2598
2599
2600
10796
10797
10798
10799
10800
2615
2616
2617
2618
2619
10818
10819
10820
10821
10822
2635
2636
10829
2637
10830
2638
10831
2639
10832
10833
10839
10840
10841
10842
2650
10843
2651
2652
2653
2654
10849
10850
10851
10852
2665
10858
2666
10859
2667
10860
2668
2669
10871
10872
2680
10873
2681
10874
2682
10875
2683
2684
10886
10887
2695
10888
2696
10889
2697
10890
2698
2699
10901
10902
2710
10903
2711
10904
10905
2717
2718
2719
10916
10917
2725
10918
2726
10919
2727
10920
2728
2734
2735
2736
2737
2738
10931
10932
10933
10934
10935
2744
2745
2746
2747
2748
10946
10947
2755
10948
2756
10949
2757
10950
2758
2759
2767
2768
2769
2770
2771
10971
10972
2780
10973
2781
10974
2782
10975
2783
2784
2794
2795
2796
2797
2798
10996
10997
10998
10999
11000
2809
2810
2811
2812
2813
2825
2826
2827
2828
11021
2829
11022
11023
11024
11025
2842
2843
2844
2845
2846
11046
11047
11048
11049
11050
2860
2861
2862
2863
2864
11071
2879
11072
2880
11073
2881
11074
2882
11075
2883
2899
2900
2901
2902
2903
11096
11097
11098
11099
11100
2920
2921
2922
2923
2924
11120
11121
11122
11123
11124
2935
2936
2937
2938
2939
2950
11143
2951
11144
2952
11145
2953
11146
2954
11147
2965
2966
2967
2968
2969
11165
11166
11167
11168
11169
2980
2981
2982
2983
2984
11186
11187
2995
11188
2996
11189
2997
11190
3003
11196
3004
11197
3005
11198
3006
11199
11200
3012
3013
11206
3014
11207
3015
11208
3016
11209
3022
11215
3023
11216
3024
11217
3025
3026
11223
11224
3033
3034
3035
3036
3037
11235
11236
11237
3045
11238
3046
11239
3047
3048
3049
11250
3058
11251
3059
11252
3060
11253
3061
11254
3062
3072
11265
3073
11266
3074
11267
3075
11268
3076
11269
3087
11280
3088
11281
3089
11282
3090
11283
3091
11284
11295
3103
11296
3104
11297
3105
11298
3106
11299
3107
11310
11311
11312
3120
11313
3121
11314
3122
3123
3124
3138
3139
3140
3141
3142
11335
11336
11337
11338
11339
3157
3158
3159
3160
3161
11360
11361
11362
11363
11364
3177
3178
3179
3180
3181
11385
11386
11387
11388
11389
3198
3199
3200
3201
3202
11410
11411
11412
3220
11413
3221
11414
3222
3223
3224
3235
3236
3237
3238
3239
11435
11436
11437
11438
11439
3250
3251
3252
3253
3254
3265
3266
11459
3267
11460
3268
11461
3269
11462
11463
3280
3281
3282
3283
3284
11482
11483
11484
11485
11486
3295
3296
3297
3298
3304
3305
3306
3307
3308
11504
11505
11506
3314
11507
3315
11508
3316
3317
3318
3325
3326
3327
3328
3329
11525
11526
11527
11528
11529
3337
3338
3339
3340
3341
3350
3351
3352
11545
3353
11546
3354
11547
11548
11549
11555
11556
3364
11557
3365
11558
3366
3367
3368
11564
11565
11566
3379
11572
3380
11573
3381
3382
3383
11579
3395
3396
3397
11590
3398
11591
3399
11592
11593
11594
3412
11605
3413
11606
3414
11607
3415
11608
3416
11609
11620
11621
11622
3430
11623
3431
11624
3432
3433
3434
11635
11636
11637
11638
11639
3449
3450
3451
3452
3453
11650
11651
11652
11653
11654
3469
3470
3471
3472
11665
3473
11666
11667
11668
11669
3490
3491
3492
3493
3494
11690
11691
11692
11693
11694
3512
3513
3514
3515
3516
11715
11716
11717
11718
11719
3535
3536
3537
3538
3539
11740
11741
11742
3550
11743
3551
11744
3552
3553
3554
3565
3566
3567
3568
3569
11765
11766
11767
11768
11769
3580
3581
3582
3583
3584
3595
3596
11789
3597
11790
3598
11791
3599
11792
11793
3610
3611
3612
3613
3614
11812
3620
11813
3621
11814
3622
11815
3623
11816
3624
3631
3632
3633
3634
3635
11834
11835
3643
11836
3644
11837
3645
11838
3646
3647
3656
3657
3658
3659
3660
11855
11856
11857
11858
11859
3670
3671
3672
3673
3674
11875
11876
11877
3685
11878
3686
11879
3687
3688
3689
3701
3702
11895
3703
11896
3704
11897
3705
11898
11904
11905
11906
3718
3719
11912
3720
11913
3721
3722
11919
3736
3737
3738
3739
3740
11935
11936
11937
11938
11939
3755
3756
3757
11950
3758
11951
3759
11952
11953
11954
11965
11966
11967
3775
11968
3776
11969
3777
3778
3779
11980
11981
11982
11983
11984
3796
3797
3798
3799
3800
11995
11996
11997
11998
11999
12010
3818
12011
3819
12012
3820
12013
3821
12014
3822
3841
3842
12035
3843
12036
3844
12037
3845
12038
12039
3865
3866
3867
12060
3868
12061
3869
12062
12063
12064
3880
3881
3882
3883
3884
12085
12086
12087
3895
12088
3896
12089
3897
3898
3899
3910
3911
3912
3913
3914
12109
12110
12111
12112
12113
3925
3926
3927
3928
3929
12132
3940
12133
3941
12134
3942
12135
3943
12136
3944
3951
3952
3953
3954
3955
12154
12155
3963
12156
3964
12157
3965
12158
3966
3967
3976
3977
3978
3979
3980
12175
12176
12177
12178
12179
3990
3991
3992
3993
3994
12195
12196
12197
4005
12198
4006
12199
4007
4008
4009
4021
4022
12215
4023
12216
4024
12217
4025
12218
4038
4039
4040
4041
12234
4042
12235
12236
12242
12243
4056
12249
4057
4058
4059
4060
4075
4076
12269
4077
12270
4078
12271
4079
12272
12273
12284
12285
12286
12287
4095
12288
4096
4097
4098
4099
12299
12300
12301
12302
12303
4116
4117
4118
4119
4120
12314
12315
12316
12317
12318
12329
12330
4138
12331
4139
12332
4140
12333
4141
4142
12344
12345
12346
12347
12348
4161
4162
4163
4164
4165
12369
12370
12371
12372
12373
4185
4186
4187
4188
4189
12394
12395
12396
12397
12398
4210
4211
4212
4213
4214
4225
12418
4226
12419
4227
12420
4228
12421
4229
12422
4240
4241
4242
4243
4244
12441
12442
12443
12444
12445
4255
4256
4257
4258
4259
4270
12463
4271
12464
4272
12465
4273
12466
4274
12467
4285
4286
4287
4288
4289
12484
12485
12486
12487
12488
4297
4298
4299
4300
4301
4310
4311
12504
4312
12505
4313
12506
4314
12507
12508
4324
4325
4326
4327
4328
12524
12525
12526
12527
4339
4340
4341
4342
4343
12543
12544
12545
4354
4355
4356
4357
4358
12561
12562
4371
4372
4373
4374
4375
12568
4389
4390
4391
4392
4393
12591
12592
12593
12594
12595
4408
4409
4410
4411
4412
12606
12607
12608
12609
12610
4428
12621
4429
12622
4430
12623
4431
12624
4432
12625
12636
12637
12638
12639
12640
4449
4450
4451
4452
4453
12651
12652
12653
12654
12655
4471
4472
4473
12666
4474
12667
4475
12668
12669
12670
4494
4495
4496
4497
4498
12691
12692
12693
12694
12695
4518
4519
4520
4521
4522
12715
12716
12717
12718
12719
4543
4544
4545
12738
4546
12739
4547
12740
12741
12742
12760
4568
12761
4569
12762
4570
12763
4571
12764
4572
4583
4584
4585
4586
4587
12781
12782
12783
12784
12785
4598
4599
4600
4601
4602
12801
12802
12803
12804
12805
4613
4614
4615
4616
4617
4628
12821
4629
12822
4630
12823
4631
12824
4632
4643
4644
4645
4646
4647
12840
12841
12842
4656
4657
4658
4659
4660
12858
12859
4670
4671
4672
4673
4674
12875
4685
4686
4687
4688
4689
4700
4701
4702
4703
4704
12900
12901
12902
12903
12904
4715
4716
4717
4718
4719
12915
12916
12917
12918
12919
4733
4734
4735
4736
4737
12930
12931
12932
12933
12934
4752
12945
4753
12946
4754
12947
4755
12948
4756
12949
12960
12961
12962
12963
12964
4772
4773
4774
4775
4776
12975
12976
12977
12978
12979
4793
4794
4795
4796
4797
12999
13000
13001
13002
13003
4815
4816
4817
4818
4819
13022
13023
13024
13025
13026
4838
4839
4840
4841
4842
13044
13045
13046
13047
13048
4862
4863
4864
4865
4866
13065
13066
13067
13068
13069
4887
4888
4889
4890
4891
13085
13086
13087
13088
13089
4912
13105
4913
13106
4914
13107
4915
13108
4916
13124
13125
13126
4937
4938
4939
4940
4941
13142
13143
4952
4953
4954
4955
4956
13159
4967
4968
4969
4970
4971
4982
4983
4984
4985
4986
4997
4998
4999
5000
5001
13195
13196
13197
13198
13199
5012
5013
5014
5015
5016
13210
13211
13212
13213
13214
5026
5027
5028
5029
5030
13225
13226
13227
13228
13229
5041
5042
5043
5044
5045
13240
13241
13242
13243
13244
5056
5057
5058
5059
5060
13255
13256
13257
13258
13259
5071
5072
5073
5074
5075
13269
13270
13271
13272
13273
5086
5087
5088
5089
5090
13292
13293
13294
13295
13296
5105
5106
5107
5108
5109
13314
13315
13316
13317
5125
13318
5126
5127
5128
5129
13335
13336
13337
13338
5146
13339
5147
5148
5149
5150
13355
13356
13357
13358
13359
5168
5169
5170
5171
5172
13375
13376
13377
13378
5191
5192
5193
5194
5195
13394
13395
13396
5215
5216
5217
5218
5219
13412
13413
13429
5240
5241
5242
5243
5244
5265
5266
5267
5268
5269
13475
13476
13477
13478
13479
5290
5291
5292
5293
5294
13490
13491
13492
13493
13494
13505
13506
13507
5315
13508
5316
13509
5317
5318
5319
13520
13521
13522
5330
13523
5331
13524
5332
5333
5334
13534
13535
13536
13537
5345
13538
5346
5347
5348
5349
13547
13548
13549
13550
13551
5360
5361
5362
5363
5364
5375
5376
13569
5377
13570
5378
13571
5379
13572
13573
5390
5391
5392
5393
5394
13590
13591
13592
13593
13594
5405
5406
5407
5408
5409
13610
13611
13612
5420
13613
5421
13614
5422
5423
5424
5435
5436
5437
13630
5438
13631
5439
13632
13633
5450
5451
5452
5453
5454
13649
13650
13651
5465
5466
5467
5468
5469
13667
13668
5485
5486
5487
5488
5489
13684
5506
5507
5508
5509
5510
5528
5529
5530
5531
5532
13740
13741
13742
13743
5551
13744
5552
5553
5554
5555
13755
13756
13757
13758
13759
5575
5576
5577
13770
5578
13771
5579
13772
13773
13774
13784
13785
13786
13787
13788
5600
5601
5602
5603
5604
13797
13798
13799
13800
13801
13809
13810
13811
13812
13813
5625
5626
5627
5628
5629
13830
13831
13832
13833
13834
5650
5651
5652
5653
5654
13850
13851
13852
13853
13854
5675
5676
5677
13870
5678
13871
5679
13872
13873
13889
13890
13891
5700
5701
5702
5703
5704
13907
5715
13908
5716
5717
5718
5719
5730
5731
13924
5732
5733
5734
5745
5746
5747
5748
5749
5760
5761
5762
5763
5764
5775
5776
5777
5778
5779
5790
5791
5792
5793
5794
13990
13991
13992
13993
13994
5805
5806
5807
5808
5809
14005
14006
14007
14008
14009
5820
5821
5822
5823
5824
14019
14020
14021
14022
14023
5835
5836
5837
5838
5839
14032
14033
14034
14035
14036
5850
5851
14044
5852
14045
5853
14046
5854
14047
14048
14055
14056
14057
14058
14059
5871
5872
5873
5874
5875
14075
14076
14077
14078
14079
5893
5894
5895
5896
5897
14095
14096
14097
14098
5916
5917
5918
5919
5920
14114
14115
14116
14132
5940
14133
5941
5942
5943
5944
14149
5965
5966
5967
5968
5969
5990
5991
5992
5993
5994
6015
6016
6017
6018
6019
14225
14226
14227
14228
14229
6040
6041
6042
6043
6044
14239
14240
14241
14242
14243
14252
14253
14254
14255
14256
6065
6066
6067
6068
6069
14264
14265
14266
14267
14268
14275
14276
14277
14278
14279
6090
6091
6092
14285
6093
14286
6094
14287
14288
14289
6105
6106
6107
6108
6109
14305
14306
14307
14308
6120
6121
6122
6123
6124
14324
14325
14326
6135
6136
6137
6138
6139
14342
6150
14343
6151
6152
6153
6154
6165
6166
14359
6167
6168
6169
6180
6181
6182
6183
6184
6195
6196
6197
6198
6199
6210
6211
6212
6213
6214
6225
6226
6227
6228
6229
6240
6241
6242
6243
6244
14444
14445
14446
14447
14448
6262
6263
6264
14457
6265
14458
6266
14459
14460
14461
14469
14470
14471
14472
14473
6285
6286
6287
14480
6288
14481
6289
14482
14483
14484
14490
14491
14492
14493
14494
14500
14501
6309
14502
6310
14503
6311
6312
6313
14519
14520
14521
6334
6335
6336
6337
6338
14537
14538
6359
6360
6361
14554
6362
6363
6384
6385
6386
6387
6388
6409
6410
6411
6412
6413
6434
6435
6436
6437
6438
14648
14649
14650
14651
6459
14652
6460
6461
6462
6463
14660
14661
14662
14663
14664
14671
14672
14673
14674
14675
6484
6485
6486
6487
6488
14681
14682
14683
14684
14685
14691
6499
14692
6500
14693
6501
14694
6502
6503
14700
14701
14702
6514
6515
6516
6517
6518
14718
14719
6529
6530
6531
6532
6533
14735
6544
6545
6546
6547
6548
6559
6560
6561
6562
6563
6574
6575
6576
6577
6578
6589
6590
6591
6592
6593
6604
6605
6606
6607
6608
6619
6620
6621
6622
6623
6634
6635
6636
6637
6638
14837
14838
14839
14840
14841
14848
14849
6657
14850
6658
14851
6659
14852
6660
6661
14858
14859
14860
14861
14862
14868
14869
14870
14871
6681
6682
6683
6684
14877
6685
14878
14879
14885
14886
6706
6707
6708
6709
14902
6710
6731
6732
6733
6734
6735
6756
6757
6758
6759
6760
6781
6782
6783
6784
6785
6806
6807
6808
6809
6810
15011
15012
15013
15014
15015
15021
15022
15023
6831
15024
6832
15025
6833
6834
6835
15031
15032
15033
15034
15040
15041
15042
15048
6856
15049
6857
6858
6859
6860
15055
6881
6882
6883
6884
6885
6896
6897
6898
6899
6900
6911
6912
6913
6914
6915
6926
6927
6928
6929
6930
6941
6942
6943
6944
6945
6956
6957
6958
6959
6960
6971
6972
6973
6974
6975
15170
15171
15172
15173
15174
6986
6987
15180
6988
15181
6989
15182
6990
15183
15189
15190
15191
7001
7002
7003
7004
15197
7005
15198
15204
7016
7017
7018
7019
7020
7031
7032
7033
7034
7035
7055
7056
7057
7058
7059
7080
7081
7082
7083
7084
7105
7106
7107
7108
7109
15315
15316
15317
15318
7130
7131
15324
7132
15325
7133
15326
7134
15332
15333
15339
7155
7156
7157
7158
7159
7180
7181
7182
7183
7184
7205
7206
7207
7208
7209
7230
7231
7232
7233
7234
15445
15446
15447
7255
7256
7257
7258
7259
15453
15454
15460
7280
7281
7282
7283
7284
7295
7296
7297
7298
7299
7310
7311
7312
7313
7314
7325
7326
7327
7328
7329
7340
7341
7342
7343
7344
7355
7356
7357
7358
7359
15560
15561
7370
7371
7372
7373
7374
15567
7385
7386
7387
7388
7389
7400
7401
7402
7403
7404
7415
7416
7417
7418
7419
7430
7431
7432
7433
7434
7455
7456
7457
7458
7459
15660
7480
7481
7482
7483
7484
7505
7506
7507
7508
7509
7530
7531
7532
7533
7534
7555
7556
7557
7558
7559
7580
7581
7582
7583
7584
7605
7606
7607
7608
7609
7630
7631
7632
7633
7634
7655
7656
7657
7658
7659
7680
7681
7682
7683
7684
7695
7696
7697
7698
7699
7710
7711
7712
7713
7714
7725
7726
7727
7728
7729
7740
7741
7742
7743
7744
7755
7756
7757
7758
7759
7770
7771
7772
7773
7774
7785
7786
7787
7788
7789
7800
7801
7802
7803
7804
7815
7816
7817
7818
7819
7830
7831
7832
7833
7834
7855
7856
7857
7858
7859
7880
7881
7882
7883
7884
7905
7906
7907
7908
7909
7930
7931
7932
7933
7934
7955
7956
7957
7958
7959
7980
7981
7982
7983
7984
8005
8006
8007
8008
8009
8030
8031
8032
8033
8034
8055
8056
8057
8058
8059
8080
8081
8082
8083
8084
8095
8096
8097
8098
8099
8110
8111
8112
8113
8114
8125
8126
8127
8128
8129
8140
8141
8142
8143
8144
8155
8156
8157
8158
8159
8170
8171
8172
8173
8174
8185
8186
8187
8188
8189
)


// ************************************************************************* //
