/*--------------------------------*- C++ -*----------------------------------*\
| =========                 |                                                 |
| \\      /  F ield         | OpenFOAM: The Open Source CFD Toolbox           |
|  \\    /   O peration     | Version:  2306                                  |
|   \\  /    A nd           | Website:  www.openfoam.com                      |
|    \\/     M anipulation  |                                                 |
\*---------------------------------------------------------------------------*/
FoamFile
{
    version     2.0;
    format      ascii;
    arch        "LSB;label=32;scalar=64";
    class       volScalarField;
    location    "0.3/phiI";
    object      act;
}
// * * * * * * * * * * * * * * * * * * * * * * * * * * * * * * * * * * * * * //

dimensions      [0 0 0 0 0 0 0];

internalField   nonuniform List<scalar> 
12000
(
0
0
0
0
0
0
0
0
0
0
0
0
0
0
0
0
0
0
0
0
0
0
0
0
0
0
0
0
0
0
0
0
0
0
0
0
0
0
0
0
0
0
0
0
0
0
0
0
0
0
0
0
0
0
0
0
0
0
0
0
0
0
0
0
0
0
0
0
0
0
0
0
0
0
0
0
0
0
0
0
0
0
0
0
0
0
0
0
0
0
0
0
0
0
0
0
0
0
0
0
0
0
0
0
0
0
0
0
0
0
0
0
0
0
0
0
0
0
0
0
0
0
0
0
0
0
0
0
0
0
0
0
0
0
0
0
0
0
0
0
0
0
0
0
0
0
0
0
0
0
0
0
0
0
0
0
0
0
0
0
0
0
0
0
0
0
0
0
0
0
0
0
0
0
0
0
0
0
0
0
0
0
0
0
0
0
0
0
0
0
0
0
0
0
0
0
0
0
0
0
0
0
0
0
0
0
0
0
0
0
0
0
0
0
0
0
0
0
0
0
0
0
0
0
0
0
0
0
0
0
0
0
0
0
0
0
0
0
0
0
0
0
0
0
0
0
0
0
0
0
0
0
0
0
0
0
0
0
0
0
0
0
0
0
0
0
0
0
0
0
0
0
0
0
0
0
0
0
0
0
0
0
0
0
0
0.0001245397
0
0
0
0
0
0
0
0
0
0
0
0
0
0
0
0
0
0
0
0
0
0
0
0
0
0
0
0
0
0
0
0
0
0
0
0
0
0
0
0
0
0
0
0
0
0
0
0
0
0
0
0
0
0
0
0
0
0
0
0
0
0
0
0
0
0.0001221998
0
0
0
0
0
0
0
0
0
0
0.0001588483
0.0001243809
0
0
0
0
0
0
0
0
0
0
0
0
0
0
0
0
0
0
0
0
0
0
0
0
0
0
0
0
0
0
0
0
0
0
0
0
0
0
0
0
0
0
0
0
0
0
0
0
0
0
0
0
0
0
0
0
0
0
0
0
0
0
0
0
0
0.000117539
0
0
0
0
0
0
0
0
0
0
0.0001570247
0.0001220401
0
0
0
0
0
0
0
0
0
0
0.000196777
0.0001587019
0.0001240659
0
0
0
0
0
0
0
0
0
0
0
0
0
0
0
0
0
0
0
0
0
0
0
0
0
0
0
0
0
0
0
0
0
0
0
0
0
0
0
0
0
0
0
0
0
0
0
0
0
0
0
0
0
0
0
0
0
0
0
0
0
0
0
0
0
0.0001106909
0
0
0
0
0
0
0
0
0
0
0.0001533955
0.0001173772
0
0
0
0
0
0
0
0
0
0
0.0001951622
0.0001568776
0.0001217233
0
0
0
0
0
0
0
0
0
0
0.0002332255
0.0001966421
0.0001584103
0.0001236189
0
0
0
0
0
0
0
0
0
0
0
0
0
0
0
0
0
0
0
0
0
0
0
0
0
0
0
0
0
0
0
0
0
0
0
0
0
0
0
0
0
0
0
0
0
0
0
0
0
0
0
0
0
0
0
0
0
0
0
0
0
0
0
0
0
0.0001021593
0
0
0
0
0
0
0
0
0
0
0.0001480646
0.0001105257
0
0
0
0
0
0
0
0
0
0
0.0001919479
0.0001532472
0.0001170567
0
0
0
0
0
0
0
0
0
0
0.0002317422
0.0001950267
0.0001565849
0.0001212737
0
0
0
0
0
0
0
0
0
0
0.0002676439
0.0002331001
0.0001963723
0.000157998
0.0001229885
0
0
0
0
0
0
0
0
0
0
0
0
0
0
0
0
0
0
0
0
0
0
0
0
0
0
0
0
0
0
0
0
0
0
0
0
0
0
0
0
0
0
0
0
0
0
0
0
0
0
0
0
0
0
0
0
0
0
0
0
0
0
0
0
0
9.333574e-05
0
0
0
0
0
0
0
0
0
0
0.0001414202
0.0001019884
0
0
0
0
0
0
0
0
0
0
0.0001872211
0.0001479141
0.0001101986
0
0
0
0
0
0
0
0
0
0
0.0002287908
0.0001918114
0.000152952
0.0001166015
0
0
0
0
0
0
0
0
0
0
0.0002662653
0.0002316164
0.000194756
0.0001561709
0.0001206401
0
0
0
0
0
0
0
0
0
0
0.0003001113
0.0002675268
0.0002328489
0.000195992
0.0001574103
0
0
0
0
0
0
0
0
0
0
0
0
0
0
0
0
0
0
0
0
0
0
0
0
0
0
0
0
0
0
0
0
0
0
0
0
0
0
0
0
0
0
0
0
0
0
0
0
0
0
0
0
0
0
0
0
0
0
0
0
0
0
0
0
0
8.687394e-05
0
0
0
0
0
0
0
0
0
0
0.0001345148
9.315702e-05
0
0
0
0
0
0
0
0
0
0
0.0001813224
0.0001412661
0.0001016505
0
0
0
0
0
0
0
0
0
0
0.0002244506
0.0001870829
0.0001476147
0.0001097338
0
0
0
0
0
0
0
0
0
0
0.0002635232
0.0002286642
0.0001915388
0.0001525344
0.0001159611
0
0
0
0
0
0
0
0
0
0
0.0002988221
0.0002661478
0.0002313644
0.0001943744
0.000155581
0
0
0
0
0
0
0
0
0
0
0.0003307919
0.0003000013
0.0002672915
0.0002324955
0.0001954449
0
0
0
0
0
0
0
0
0
0
0
0
0
0
0
0
0
0
0
0
0
0
0
0
0
0
0
0
0
0
0
0
0
0
0
0
0
0
0
0
0
0
0
0
0
0
0
0
0
0
0
0
0
0
0
0
0
0
0
0
0
0
0
0
0
8.281344e-05
0
0
0
0
0
0
0
0
0
0
0.0001293984
8.669243e-05
0
0
0
0
0
0
0
0
0
0
0.000175178
0.0001343557
9.280404e-05
0
0
0
0
0
0
0
0
0
0
0.0002190346
0.0001811812
0.0001409597
0.0001011694
0
0
0
0
0
0
0
0
0
0
0.0002594915
0.0002243225
0.000186807
0.0001471909
0.0001090816
0
0
0
0
0
0
0
0
0
0
0.0002962588
0.000263405
0.0002284105
0.0001911543
0.0001519399
0
0
0
0
0
0
0
0
0
0
0.0003295812
0.0002987118
0.0002659119
0.0002310099
0.0001938255
0
0
0
0
0
0
0
0
0
0
0.0003598438
0.0003306883
0.0002997801
0.0002669611
0.0002319834
0
0
0
0
0
0
0
0
0
0
0
0
0
0
0
0
0
0
0
0
0
0
0
0
0
0
0
0
0
0
0
0
0
0
0
0
0
0
0
0
0
0
0
0
0
0
0
0
0
0
0
0
0
0
0
0
0
0
0
0
0
0
0
0
0
8.05179e-05
0
0
0
0
0
0
0
0
0
0
0.0001261279
8.263142e-05
0
0
0
0
0
0
0
0
0
0
0.0001706211
0.0001292381
8.633441e-05
0
0
0
0
0
0
0
0
0
0
0.0002133903
0.0001750328
0.0001340397
9.230027e-05
0
0
0
0
0
0
0
0
0
0
0.0002544616
0.000218904
0.0001808996
0.0001405255
0.0001004972
0
0
0
0
0
0
0
0
0
0
0.0002924904
0.0002593719
0.000224066
0.0001864175
0.0001465887
0
0
0
0
0
0
0
0
0
0
0.0003271746
0.0002961478
0.0002631676
0.0002280536
0.0001906017
0
0
0
0
0
0
0
0
0
0
0.0003587031
0.0003294774
0.00029849
0.0002655805
0.0002304962
0
0
0
0
0
0
0
0
0
0
0.0003874076
0.0003597459
0.0003304796
0.0002994699
0.0002664797
0
0
0
0
0
0
0
0
0
0
0
0
0
0
0
0
0
0
0
0
0
0
0
0
0
0
0
0
0
0
0
0
0
0
0
0
0
0
0
0
0
0
0
0
0
0
0
0
0
0
0
0
0
0
0
0
0
0
0
0
0
0
0
0
0
7.948706e-05
0
0
0
0
0
0
0
0
0
0
0.0001242489
8.033589e-05
0
0
0
0
0
0
0
0
0
0
0.000167701
0.0001259679
8.227276e-05
0
0
0
0
0
0
0
0
0
0
0.0002092047
0.0001704751
0.0001289198
8.582298e-05
0
0
0
0
0
0
0
0
0
0
0.0002492188
0.0002132561
0.0001747432
0.0001335908
9.159965e-05
0
0
0
0
0
0
0
0
0
0
0.0002877902
0.0002543398
0.0002186426
0.0001805018
0.0001399102
0
0
0
0
0
0
0
0
0
0
0.000323637
0.0002923782
0.000259132
0.0002237048
0.0001858586
0
0
0
0
0
0
0
0
0
0
0.000356436
0.0003270701
0.0002959247
0.0002628341
0.0002275367
0
0
0
0
0
0
0
0
0
0
0.0003863298
0.0003586049
0.0003292681
0.0002981789
0.0002650977
0
0
0
0
0
0
0
0
0
0
0.0004136069
0.0003873149
0.0003595485
0.0003301873
0.0002990157
0
0
0
0
0
0
0
0
0
0
0
0
0
0
0
0
0
0
0
0
0
0
0
0
0
0
0
0
0
0
0
0
0
0
0
0
0
0
0
0
0
0
0
0
0
0
0
0
0
0
0
0
0
0
0
0
0
0
0
0
0
0
0
0
7.948706e-05
0
0
0
0
0
0
0
0
0
0
0.0001233949
7.93051e-05
0
0
0
0
0
0
0
0
0
0
0.0001660198
0.0001240893
7.99775e-05
0
0
0
0
0
0
0
0
0
0
0.0002065201
0.0001675554
0.0001256501
8.176026e-05
0
0
0
0
0
0
0
0
0
0
0.0002453318
0.0002090699
0.0001701839
0.0001284674
8.511387e-05
0
0
0
0
0
0
0
0
0
0
0.0002828906
0.0002490938
0.0002129876
0.0001743333
0.0001329567
0
0
0
0
0
0
0
0
0
0
0.0003192257
0.000287676
0.0002540955
0.0002182741
0.0001799319
0
0
0
0
0
0
0
0
0
0
0.0003531038
0.0003235315
0.0002921528
0.0002587947
0.0002231824
0
0
0
0
0
0
0
0
0
0
0.0003841882
0.0003563373
0.0003268597
0.0002956117
0.0002623484
0
0
0
0
0
0
0
0
0
0
0.0004125862
0.0003862369
0.000358407
0.0003289749
0.0002977235
0
0
0
0
0
0
0
0
0
0
0.000438549
0.0004135188
0.0003871277
0.0003592722
0.0003297576
0
0
0
0
0
0
0
0
0
0
0
0
0
0
0
0
0
0
0
0
0
0
0
0
0
0
0
0
0
0
0
0
0
0
0
0
0
0
0
0
0
0
0
0
0
0
0
0
0
0
0
0
0
0
0
0
0
0
0
0
0
0
8.05179e-05
0
0
0
0
0
0
0
0
0
0
0.0001233949
7.93051e-05
0
0
0
0
0
0
0
0
0
0
0.0001652543
0.0001232354
7.894695e-05
0
0
0
0
0
0
0
0
0
0
0.0002049734
0.0001658747
0.0001237724
7.946534e-05
0
0
0
0
0
0
0
0
0
0
0.0002428373
0.0002063858
0.0001672651
0.0001251986
8.105096e-05
0
0
0
0
0
0
0
0
0
0
0.0002792591
0.0002452063
0.0002088002
0.0001697717
0.0001278294
0
0
0
0
0
0
0
0
0
0
0.000314627
0.0002827735
0.000248843
0.0002126086
0.0001737477
0
0
0
0
0
0
0
0
0
0
0.0003489495
0.0003191183
0.0002874466
0.0002537517
0.0002177422
0
0
0
0
0
0
0
0
0
0
0.0003810408
0.0003530041
0.0003233189
0.0002918364
0.0002583041
0
0
0
0
0
0
0
0
0
0
0.0004105583
0.0003840947
0.0003561382
0.0003265648
0.0002951537
0
0
0
0
0
0
0
0
0
0
0.0004375804
0.0004124979
0.0003860492
0.0003581299
0.0003285441
0
0
0
0
0
0
0
0
0
0
0.0004623285
0.0004384652
0.000413341
0.0003868659
0.0003588648
0
0
0
0
0
0
0
0
0
0
0
0
0
0
0
0
0
0
0
0
0
0
0
0
0
0
0
0
0
0
0
0
0
0
0
0
0
0
0
0
0
0
0
0
0
0
0
0
0
0
0
0
0
0
0
0
0
0
0
8.281344e-05
0
0
0
0
0
0
0
0
0
0
0.0001242489
8.033589e-05
0
0
0
0
0
0
0
0
0
0
0.0001652543
0.0001232354
7.894695e-05
0
0
0
0
0
0
0
0
0
0
0.0002042686
0.0001651095
0.0001229191
7.843509e-05
0
0
0
0
0
0
0
0
0
0
0.0002413994
0.0002048395
0.0001655855
0.0001233221
7.875723e-05
0
0
0
0
0
0
0
0
0
0
0.0002769278
0.0002427123
0.0002061171
0.0001668542
0.0001245623
0
0
0
0
0
0
0
0
0
0
0.0003112193
0.0002791416
0.0002449546
0.0002084195
0.0001691835
0
0
0
0
0
0
0
0
0
0
0.0003446186
0.0003145169
0.0002825382
0.0002484898
0.0002120627
0
0
0
0
0
0
0
0
0
0
0.0003771175
0.0003488481
0.000318902
0.0002871243
0.0002532525
0
0
0
0
0
0
0
0
0
0
0.0004075784
0.0003809464
0.0003528032
0.000323021
0.0002913739
0
0
0
0
0
0
0
0
0
0
0.0004356564
0.0004104696
0.000383906
0.0003558596
0.0003261316
0
0
0
0
0
0
0
0
0
0
0.0004614078
0.0004374964
0.0004123196
0.0003857867
0.0003577215
0
0
0
0
0
0
0
0
0
0
0.0004850289
0.0004622487
0.000438296
0.0004130924
0.0003864789
0
0
0
0
0
0
0
0
0
0
0
0
0
0
0
0
0
0
0
0
0
0
0
0
0
0
0
0
0
0
0
0
0
0
0
0
0
0
0
0
0
0
0
0
0
0
0
0
0
0
0
0
0
0
0
8.687394e-05
0
0
0
0
0
0
0
0
0
0
0.0001261279
8.263142e-05
0
0
0
0
0
0
0
0
0
0
0.0001660198
0.0001240893
7.99775e-05
0
0
0
0
0
0
0
0
0
0
0.0002042686
0.0001651095
0.0001229191
7.843509e-05
0
0
0
0
0
0
0
0
0
0
0.000240744
0.000204135
0.0001648207
0.0001224695
7.772775e-05
0
0
0
0
0
0
0
0
0
0
0.0002755837
0.0002412749
0.0002045718
0.000165176
0.0001226879
0
0
0
0
0
0
0
0
0
0
0.0003090313
0.0002768107
0.0002424616
0.0002057378
0.0001662681
0
0
0
0
0
0
0
0
0
0
0.0003414103
0.0003111088
0.0002789055
0.0002446
0.0002078716
0
0
0
0
0
0
0
0
0
0
0.0003730275
0.0003445147
0.0003142952
0.0002822073
0.0002479779
0
0
0
0
0
0
0
0
0
0
0.0004038644
0.0003770215
0.0003486437
0.0003185987
0.0002866539
0
0
0
0
0
0
0
0
0
0
0.0004328294
0.0004074888
0.0003807559
0.0003525217
0.0003225837
0
0
0
0
0
0
0
0
0
0
0.0004595791
0.000435572
0.0004102903
0.0003836421
0.000355449
0
0
0
0
0
0
0
0
0
0
0.0004841523
0.0004613278
0.0004373268
0.0004120704
0.0003853988
0
0
0
0
0
0
0
0
0
0
0.0005067248
0.0004849527
0.0004620873
0.0004380596
0.0004127241
0
0
0
0
0
0
0
0
0
0
0
0
0
0
0
0
0
0
0
0
0
0
0
0
0
0
0
0
0
0
0
0
0
0
0
0
0
0
0
0
0
0
0
0
0
0
0
0
0
0
9.333574e-05
0
0
0
0
0
0
0
0
0
0
0.0001293984
8.669243e-05
0
0
0
0
0
0
0
0
0
0
0.000167701
0.0001259679
8.227276e-05
0
0
0
0
0
0
0
0
0
0
0.0002049734
0.0001658747
0.0001237724
7.946534e-05
0
0
0
0
0
0
0
0
0
0
0.000240744
0.000204135
0.0001648207
0.0001224695
7.772775e-05
0
0
0
0
0
0
0
0
0
0
0.0002749708
0.0002406197
0.0002038679
0.000164412
0.0001218363
0
0
0
0
0
0
0
0
0
0
0.0003077696
0.0002754671
0.0002410252
0.000204194
0.0001645919
0
0
0
0
0
0
0
0
0
0
0.0003393499
0.0003089212
0.0002765756
0.0002421085
0.000205192
0
0
0
0
0
0
0
0
0
0
0.0003699983
0.000341306
0.0003108865
0.0002785734
0.0002440864
0
0
0
0
0
0
0
0
0
0
0.0003999928
0.0003729291
0.0003443052
0.0003139838
0.0002817252
0
0
0
0
0
0
0
0
0
0
0.0004293064
0.0004037733
0.0003768278
0.0003483573
0.0003181541
0
0
0
0
0
0
0
0
0
0
0.0004568923
0.0004327441
0.0004073079
0.0003804894
0.0003521073
0
0
0
0
0
0
0
0
0
0
0.0004824115
0.0004594987
0.0004354015
0.0004100398
0.0003832522
0
0
0
0
0
0
0
0
0
0
0.000505889
0.0004840759
0.000461166
0.0004370898
0.0004117013
0
0
0
0
0
0
0
0
0
0
0.0005274831
0.000506652
0.0004847987
0.0004618622
0.0004377086
0
0
0
0
0
0
0
0
0
0
0
0
0
0
0
0
0
0
0
0
0
0
0
0
0
0
0
0
0
0
0
0
0
0
0
0
0
0
0
0
0
0
0
0
0.0001021593
0
0
0
0
0
0
0
0
0
0
0.0001345148
9.315702e-05
0
0
0
0
0
0
0
0
0
0
0.0001706211
0.0001292381
8.633441e-05
0
0
0
0
0
0
0
0
0
0
0.0002065201
0.0001675554
0.0001256501
8.176026e-05
0
0
0
0
0
0
0
0
0
0
0.0002413994
0.0002048395
0.0001655855
0.0001233221
7.875723e-05
0
0
0
0
0
0
0
0
0
0
0.0002749708
0.0002406197
0.0002038679
0.000164412
0.0001218363
0
0
0
0
0
0
0
0
0
0
0.0003071942
0.0002748544
0.0002403705
0.0002034908
0.0001638291
0
0
0
0
0
0
0
0
0
0
0.0003381618
0.00030766
0.0002752329
0.0002406735
0.0002036503
0
0
0
0
0
0
0
0
0
0
0.000368053
0.0003392461
0.0003086999
0.000276245
0.000241597
0
0
0
0
0
0
0
0
0
0
0.0003971261
0.0003698996
0.0003410959
0.0003105742
0.00027809
0
0
0
0
0
0
0
0
0
0
0.000425634
0.0003998994
0.0003727307
0.0003440114
0.0003135285
0
0
0
0
0
0
0
0
0
0
0.0004535446
0.0004292198
0.0004035894
0.0003765567
0.0003479361
0
0
0
0
0
0
0
0
0
0
0.0004798539
0.0004568111
0.000432572
0.000407055
0.0003800959
0
0
0
0
0
0
0
0
0
0
0.0005042296
0.0004823347
0.0004593361
0.0004351632
0.0004096688
0
0
0
0
0
0
0
0
0
0
0.0005266853
0.0005058161
0.0004839215
0.0004609403
0.000436738
0
0
0
0
0
0
0
0
0
0
0.0005473641
0.0005274134
0.0005065048
0.0004845838
0.0004615272
0
0
0
0
0
0
0
0
0
0
0
0
0
0
0
0
0
0
0
0
0
0
0
0
0
0
0
0
0
0
0
0
0
0
0
0
0
0.0001106909
0
0
0
0
0
0
0
0
0
0
0.0001414202
0.0001019884
0
0
0
0
0
0
0
0
0
0
0.000175178
0.0001343557
9.280404e-05
0
0
0
0
0
0
0
0
0
0
0.0002092047
0.0001704751
0.0001289198
8.582298e-05
0
0
0
0
0
0
0
0
0
0
0.0002428373
0.0002063858
0.0001672651
0.0001251986
8.105096e-05
0
0
0
0
0
0
0
0
0
0
0.0002755837
0.0002412749
0.0002045718
0.000165176
0.0001226879
0
0
0
0
0
0
0
0
0
0
0.0003071942
0.0002748544
0.0002403705
0.0002034908
0.0001638291
0
0
0
0
0
0
0
0
0
0
0.0003376199
0.0003070847
0.0002746208
0.0002400196
0.0002029482
0
0
0
0
0
0
0
0
0
0
0.0003669311
0.0003380584
0.0003074395
0.0002749037
0.0002401641
0
0
0
0
0
0
0
0
0
0
0.0003952851
0.0003679547
0.000339037
0.0003083889
0.0002757637
0
0
0
0
0
0
0
0
0
0
0.0004229156
0.0003970324
0.0003697007
0.0003408012
0.0003101177
0
0
0
0
0
0
0
0
0
0
0.000450055
0.0004255452
0.0003997111
0.0003724526
0.0003435801
0
0
0
0
0
0
0
0
0
0
0.0004766678
0.000453462
0.0004290448
0.0004033322
0.0003761568
0
0
0
0
0
0
0
0
0
0
0.0005017918
0.0004797765
0.0004566471
0.0004323316
0.0004066806
0
0
0
0
0
0
0
0
0
0
0.0005251015
0.0005041562
0.0004821796
0.0004591092
0.0004348097
0
0
0
0
0
0
0
0
0
0
0.0005466017
0.0005266155
0.0005056685
0.0004837062
0.0004606046
0
0
0
0
0
0
0
0
0
0
0.0005664218
0.0005472974
0.0005272726
0.0005062996
0.0004842638
0
0
0
0
0
0
0
0
0
0
0
0
0
0
0
0
0
0
0
0
0
0
0
0
0
0
0
0
0
0.000117539
0
0
0
0
0
0
0
0
0
0
0.0001480646
0.0001105257
0
0
0
0
0
0
0
0
0
0
0.0001813224
0.0001412661
0.0001016505
0
0
0
0
0
0
0
0
0
0
0.0002133903
0.0001750328
0.0001340397
9.230027e-05
0
0
0
0
0
0
0
0
0
0
0.0002453318
0.0002090699
0.0001701839
0.0001284674
8.511387e-05
0
0
0
0
0
0
0
0
0
0
0.0002769278
0.0002427123
0.0002061171
0.0001668542
0.0001245623
0
0
0
0
0
0
0
0
0
0
0.0003077696
0.0002754671
0.0002410252
0.000204194
0.0001645919
0
0
0
0
0
0
0
0
0
0
0.0003376199
0.0003070847
0.0002746208
0.0002400196
0.0002029482
0
0
0
0
0
0
0
0
0
0
0.0003664194
0.0003375166
0.0003068647
0.0002742922
0.0002395112
0
0
0
0
0
0
0
0
0
0
0.0003942235
0.0003668332
0.0003378501
0.0003071299
0.0002744243
0
0
0
0
0
0
0
0
0
0
0.0004211698
0.0003951918
0.0003677567
0.0003387436
0.0003079344
0
0
0
0
0
0
0
0
0
0
0.0004474726
0.0004228265
0.0003968436
0.0003694218
0.000340369
0
0
0
0
0
0
0
0
0
0
0.0004733468
0.0004499704
0.0004253661
0.0003994473
0.0003720433
0
0
0
0
0
0
0
0
0
0
0.0004987552
0.000476589
0.0004532954
0.0004288003
0.0004029519
0
0
0
0
0
0
0
0
0
0
0.0005227749
0.0005017177
0.0004796199
0.0004564181
0.0004319749
0
0
0
0
0
0
0
0
0
0
0.0005450883
0.0005250313
0.000504008
0.0004819631
0.0004587719
0
0
0
0
0
0
0
0
0
0
0.0005656925
0.0005465348
0.0005264744
0.0005054629
0.0004833854
0
0
0
0
0
0
0
0
0
0
0.0005847054
0.0005663578
0.0005471625
0.0005270764
0.0005059934
0
0
0
0
0
0
0
0
0
0
0
0
0
0
0
0
0
0
0
0
0.0001221998
0
0
0
0
0
0
0
0
0
0
0.0001533955
0.0001173772
0
0
0
0
0
0
0
0
0
0
0.0001872211
0.0001479141
0.0001101986
0
0
0
0
0
0
0
0
0
0
0.0002190346
0.0001811812
0.0001409597
0.0001011694
0
0
0
0
0
0
0
0
0
0
0.0002492188
0.0002132561
0.0001747432
0.0001335908
9.159965e-05
0
0
0
0
0
0
0
0
0
0
0.0002792591
0.0002452063
0.0002088002
0.0001697717
0.0001278294
0
0
0
0
0
0
0
0
0
0
0.0003090313
0.0002768107
0.0002424616
0.0002057378
0.0001662681
0
0
0
0
0
0
0
0
0
0
0.0003381618
0.00030766
0.0002752329
0.0002406735
0.0002036503
0
0
0
0
0
0
0
0
0
0
0.0003664194
0.0003375166
0.0003068647
0.0002742922
0.0002395112
0
0
0
0
0
0
0
0
0
0
0.0003937392
0.0003663217
0.0003373088
0.0003065558
0.0002738138
0
0
0
0
0
0
0
0
0
0
0.0004201632
0.0003941306
0.000366636
0.000337558
0.0003066772
0
0
0
0
0
0
0
0
0
0
0.0004458143
0.0004210812
0.0003950039
0.0003674791
0.0003383133
0
0
0
0
0
0
0
0
0
0
0.0004708899
0.0004473878
0.000422647
0.0003965792
0.0003690117
0
0
0
0
0
0
0
0
0
0
0.0004955904
0.0004732662
0.0004497998
0.0004251154
0.0003990581
0
0
0
0
0
0
0
0
0
0
0.0005198772
0.0004986799
0.00047643
0.0004530625
0.0004284381
0
0
0
0
0
0
0
0
0
0
0.0005428653
0.000522704
0.0005015682
0.0004794015
0.0004560778
0
0
0
0
0
0
0
0
0
0
0.0005642449
0.0005450211
0.0005248894
0.0005038013
0.0004816408
0
0
0
0
0
0
0
0
0
0
0.0005840071
0.0005656284
0.0005463997
0.0005262777
0.0005051561
0
0
0
0
0
0
0
0
0
0
0.0006022595
0.000584644
0.0005662285
0.0005469746
0.0005267833
0
0
0
0
0
0
0
0
0
0
0.0001245397
0
0
0
0
0
0
0
0
0
0
0.0001570247
0.0001220401
0
0
0
0
0
0
0
0
0
0
0.0001919479
0.0001532472
0.0001170567
0
0
0
0
0
0
0
0
0
0
0.0002244506
0.0001870829
0.0001476147
0.0001097338
0
0
0
0
0
0
0
0
0
0
0.0002544616
0.000218904
0.0001808996
0.0001405255
0.0001004972
0
0
0
0
0
0
0
0
0
0
0.0002828906
0.0002490938
0.0002129876
0.0001743333
0.0001329567
0
0
0
0
0
0
0
0
0
0
0.0003112193
0.0002791416
0.0002449546
0.0002084195
0.0001691835
0
0
0
0
0
0
0
0
0
0
0.0003393499
0.0003089212
0.0002765756
0.0002421085
0.000205192
0
0
0
0
0
0
0
0
0
0
0.0003669311
0.0003380584
0.0003074395
0.0002749037
0.0002401641
0
0
0
0
0
0
0
0
0
0
0.0003937392
0.0003663217
0.0003373088
0.0003065558
0.0002738138
0
0
0
0
0
0
0
0
0
0
0.000419704
0.0003936465
0.0003661249
0.0003370174
0.0003061041
0
0
0
0
0
0
0
0
0
0
0.0004448582
0.0004200749
0.0003939434
0.0003663597
0.0003371294
0
0
0
0
0
0
0
0
0
0
0.0004693124
0.0004457299
0.0004209024
0.0003947407
0.0003670708
0
0
0
0
0
0
0
0
0
0
0.0004932496
0.000470809
0.0004472167
0.0004223957
0.0003961892
0
0
0
0
0
0
0
0
0
0
0.0005168575
0.0004955133
0.0004731034
0.0004495611
0.0004247448
0
0
0
0
0
0
0
0
0
0
0.0005400971
0.0005198053
0.000498528
0.000476208
0.000452717
0
0
0
0
0
0
0
0
0
0
0.0005621187
0.0005427975
0.000522561
0.0005013596
0.0004790765
0
0
0
0
0
0
0
0
0
0
0.0005826211
0.0005641804
0.0005448852
0.0005246918
0.000503493
0
0
0
0
0
0
0
0
0
0
0.0006015903
0.0005839456
0.0005654988
0.0005462114
0.0005259839
0
0
0
0
0
0
0
0
0
0
0.0006191248
0.0006022005
0.0005845199
0.0005660485
0.0005466937
0
0
0
0
0
0
0
0
0
0
0.0001588483
0.0001243809
0
0
0
0
0
0
0
0
0
0
0.0001951622
0.0001568776
0.0001217233
0
0
0
0
0
0
0
0
0
0
0.0002287908
0.0001918114
0.000152952
0.0001166015
0
0
0
0
0
0
0
0
0
0
0.0002594915
0.0002243225
0.000186807
0.0001471909
0.0001090816
0
0
0
0
0
0
0
0
0
0
0.0002877902
0.0002543398
0.0002186426
0.0001805018
0.0001399102
0
0
0
0
0
0
0
0
0
0
0.000314627
0.0002827735
0.000248843
0.0002126086
0.0001737477
0
0
0
0
0
0
0
0
0
0
0.0003414103
0.0003111088
0.0002789055
0.0002446
0.0002078716
0
0
0
0
0
0
0
0
0
0
0.000368053
0.0003392461
0.0003086999
0.000276245
0.000241597
0
0
0
0
0
0
0
0
0
0
0.0003942235
0.0003668332
0.0003378501
0.0003071299
0.0002744243
0
0
0
0
0
0
0
0
0
0
0.000419704
0.0003936465
0.0003661249
0.0003370174
0.0003061041
0
0
0
0
0
0
0
0
0
0
0.0004444221
0.0004196159
0.0003934597
0.0003658492
0.0003365897
0
0
0
0
0
0
0
0
0
0
0.000468403
0.0004447741
0.0004198969
0.0003936813
0.000365953
0
0
0
0
0
0
0
0
0
0
0.0004917469
0.0004692318
0.0004455596
0.0004206523
0.0003943524
0
0
0
0
0
0
0
0
0
0
0.0005146247
0.0004931723
0.0004706458
0.0004469775
0.0004220243
0
0
0
0
0
0
0
0
0
0
0.0005372126
0.0005167838
0.0004953578
0.0004728758
0.0004492076
0
0
0
0
0
0
0
0
0
0
0.0005594715
0.0005400282
0.0005196599
0.000498316
0.0004758779
0
0
0
0
0
0
0
0
0
0
0.0005805856
0.0005620537
0.0005426605
0.0005223616
0.0005010487
0
0
0
0
0
0
0
0
0
0
0.0006002621
0.0005825592
0.0005640502
0.000544696
0.0005243967
0
0
0
0
0
0
0
0
0
0
0.000618483
0.0006015311
0.0005838212
0.0005653184
0.0005459299
0
0
0
0
0
0
0
0
0
0
0.0006353387
0.0006190681
0.0006020813
0.0005843473
0.0005657791
0
0
0
0
0
0
0
0
0
0
0.000196777
0.0001587019
0.0001240659
0
0
0
0
0
0
0
0
0
0
0.0002317422
0.0001950267
0.0001565849
0.0001212737
0
0
0
0
0
0
0
0
0
0
0.0002635232
0.0002286642
0.0001915388
0.0001525344
0.0001159611
0
0
0
0
0
0
0
0
0
0
0.0002924904
0.0002593719
0.000224066
0.0001864175
0.0001465887
0
0
0
0
0
0
0
0
0
0
0.0003192257
0.000287676
0.0002540955
0.0002182741
0.0001799319
0
0
0
0
0
0
0
0
0
0
0.0003446186
0.0003145169
0.0002825382
0.0002484898
0.0002120627
0
0
0
0
0
0
0
0
0
0
0.0003699983
0.000341306
0.0003108865
0.0002785734
0.0002440864
0
0
0
0
0
0
0
0
0
0
0.0003952851
0.0003679547
0.000339037
0.0003083889
0.0002757637
0
0
0
0
0
0
0
0
0
0
0.0004201632
0.0003941306
0.000366636
0.000337558
0.0003066772
0
0
0
0
0
0
0
0
0
0
0.0004444221
0.0004196159
0.0003934597
0.0003658492
0.0003365897
0
0
0
0
0
0
0
0
0
0
0.0004679881
0.0004443382
0.0004194383
0.0003931982
0.0003654434
0
0
0
0
0
0
0
0
0
0
0.0004908807
0.0004683227
0.0004446046
0.0004196478
0.0003932947
0
0
0
0
0
0
0
0
0
0
0.0005131915
0.00049167
0.0004690694
0.0004453215
0.0004202826
0
0
0
0
0
0
0
0
0
0
0.0005350803
0.0005145507
0.0004930165
0.0004704177
0.0004466233
0
0
0
0
0
0
0
0
0
0
0.0005567132
0.000537142
0.000516635
0.0004951405
0.0004725382
0
0
0
0
0
0
0
0
0
0
0.0005780516
0.0005594054
0.000539889
0.0005194572
0.0004980004
0
0
0
0
0
0
0
0
0
0
0.0005983117
0.0005805232
0.0005619224
0.0005424696
0.0005220639
0
0
0
0
0
0
0
0
0
0
0.0006172092
0.0006002027
0.0005824343
0.0005638689
0.0005444132
0
0
0
0
0
0
0
0
0
0
0.0006347226
0.0006184261
0.0006014117
0.0005836482
0.0005650484
0
0
0
0
0
0
0
0
0
0
0.000650935
0.0006352841
0.0006189536
0.0006019156
0.0005840886
0
0
0
0
0
0
0
0
0
0
0.0002332255
0.0001966421
0.0001584103
0.0001236189
0
0
0
0
0
0
0
0
0
0
0.0002662653
0.0002316164
0.000194756
0.0001561709
0.0001206401
0
0
0
0
0
0
0
0
0
0
0.0002962588
0.000263405
0.0002284105
0.0001911543
0.0001519399
0
0
0
0
0
0
0
0
0
0
0.000323637
0.0002923782
0.000259132
0.0002237048
0.0001858586
0
0
0
0
0
0
0
0
0
0
0.0003489495
0.0003191183
0.0002874466
0.0002537517
0.0002177422
0
0
0
0
0
0
0
0
0
0
0.0003730275
0.0003445147
0.0003142952
0.0002822073
0.0002479779
0
0
0
0
0
0
0
0
0
0
0.0003971261
0.0003698996
0.0003410959
0.0003105742
0.00027809
0
0
0
0
0
0
0
0
0
0
0.0004211698
0.0003951918
0.0003677567
0.0003387436
0.0003079344
0
0
0
0
0
0
0
0
0
0
0.0004448582
0.0004200749
0.0003939434
0.0003663597
0.0003371294
0
0
0
0
0
0
0
0
0
0
0.0004679881
0.0004443382
0.0004194383
0.0003931982
0.0003654434
0
0
0
0
0
0
0
0
0
0
0.0004904857
0.0004679081
0.000444169
0.0004191898
0.0003928124
0
0
0
0
0
0
0
0
0
0
0.0005123655
0.0004908041
0.0004681609
0.0004443675
0.0004192797
0
0
0
0
0
0
0
0
0
0
0.0005337119
0.0005131179
0.0004915148
0.0004688424
0.0004449689
0
0
0
0
0
0
0
0
0
0
0.0005546748
0.0005350095
0.0005144017
0.0004927987
0.0004700795
0
0
0
0
0
0
0
0
0
0
0.0005754115
0.0005566455
0.0005369995
0.0005164273
0.0004948178
0
0
0
0
0
0
0
0
0
0
0.0005958839
0.0005779881
0.000559272
0.000539695
0.0005191552
0
0
0
0
0
0
0
0
0
0
0.0006153388
0.0005982517
0.0005803972
0.0005617395
0.0005421844
0
0
0
0
0
0
0
0
0
0
0.0006335001
0.000617152
0.0006000827
0.0005822605
0.0005635977
0
0
0
0
0
0
0
0
0
0
0.0006503433
0.0006346679
0.0006183113
0.0006012457
0.000583389
0
0
0
0
0
0
0
0
0
0
0.0006659461
0.0006508825
0.000635174
0.0006187944
0.0006016671
0
0
0
0
0
0
0
0
0
0
0.0002676439
0.0002331001
0.0001963723
0.000157998
0.0001229885
0
0
0
0
0
0
0
0
0
0
0.0002988221
0.0002661478
0.0002313644
0.0001943744
0.000155581
0
0
0
0
0
0
0
0
0
0
0.0003271746
0.0002961478
0.0002631676
0.0002280536
0.0001906017
0
0
0
0
0
0
0
0
0
0
0.0003531038
0.0003235315
0.0002921528
0.0002587947
0.0002231824
0
0
0
0
0
0
0
0
0
0
0.0003771175
0.0003488481
0.000318902
0.0002871243
0.0002532525
0
0
0
0
0
0
0
0
0
0
0.0003999928
0.0003729291
0.0003443052
0.0003139838
0.0002817252
0
0
0
0
0
0
0
0
0
0
0.0004229156
0.0003970324
0.0003697007
0.0003408012
0.0003101177
0
0
0
0
0
0
0
0
0
0
0.0004458143
0.0004210812
0.0003950039
0.0003674791
0.0003383133
0
0
0
0
0
0
0
0
0
0
0.000468403
0.0004447741
0.0004198969
0.0003936813
0.000365953
0
0
0
0
0
0
0
0
0
0
0.0004904857
0.0004679081
0.000444169
0.0004191898
0.0003928124
0
0
0
0
0
0
0
0
0
0
0.0005119888
0.0004904092
0.0004677466
0.0004439324
0.0004188224
0
0
0
0
0
0
0
0
0
0
0.0005329234
0.0005122922
0.0004906495
0.0004679349
0.0004440163
0
0
0
0
0
0
0
0
0
0
0.0005533669
0.0005336414
0.0005129694
0.000491298
0.0004685057
0
0
0
0
0
0
0
0
0
0
0.0005734612
0.000554607
0.0005348668
0.0005141935
0.0004924753
0
0
0
0
0
0
0
0
0
0
0.0005933549
0.0005753466
0.000556509
0.0005368008
0.0005161184
0
0
0
0
0
0
0
0
0
0
0.000613011
0.000595823
0.0005778602
0.0005590862
0.0005394056
0
0
0
0
0
0
0
0
0
0
0.0006317052
0.0006152812
0.0005981307
0.0005802218
0.000561466
0
0
0
0
0
0
0
0
0
0
0.0006491692
0.0006334451
0.0006170368
0.0005999158
0.0005820001
0
0
0
0
0
0
0
0
0
0
0.0006653774
0.0006502906
0.0006345576
0.0006181518
0.0006009967
0
0
0
0
0
0
0
0
0
0
0.0006804017
0.0006658954
0.0006507765
0.000635021
0.0006185555
0
0
0
0
0
0
0
0
0
0
0.0003001113
0.0002675268
0.0002328489
0.000195992
0.0001574103
0
0
0
0
0
0
0
0
0
0
0.0003295812
0.0002987118
0.0002659119
0.0002310099
0.0001938255
0
0
0
0
0
0
0
0
0
0
0.000356436
0.0003270701
0.0002959247
0.0002628341
0.0002275367
0
0
0
0
0
0
0
0
0
0
0.0003810408
0.0003530041
0.0003233189
0.0002918364
0.0002583041
0
0
0
0
0
0
0
0
0
0
0.0004038644
0.0003770215
0.0003486437
0.0003185987
0.0002866539
0
0
0
0
0
0
0
0
0
0
0.000425634
0.0003998994
0.0003727307
0.0003440114
0.0003135285
0
0
0
0
0
0
0
0
0
0
0.0004474726
0.0004228265
0.0003968436
0.0003694218
0.000340369
0
0
0
0
0
0
0
0
0
0
0.0004693124
0.0004457299
0.0004209024
0.0003947407
0.0003670708
0
0
0
0
0
0
0
0
0
0
0.0004908807
0.0004683227
0.0004446046
0.0004196478
0.0003932947
0
0
0
0
0
0
0
0
0
0
0.0005119888
0.0004904092
0.0004677466
0.0004439324
0.0004188224
0
0
0
0
0
0
0
0
0
0
0.0005325639
0.0005119157
0.000490255
0.0004675211
0.000443582
0
0
0
0
0
0
0
0
0
0
0.0005526135
0.0005328532
0.0005121444
0.0004904337
0.0004675996
0
0
0
0
0
0
0
0
0
0
0.00057221
0.0005532994
0.0005334993
0.0005127623
0.0004909762
0
0
0
0
0
0
0
0
0
0
0.0005914872
0.000573396
0.0005544702
0.0005346676
0.000513884
0
0
0
0
0
0
0
0
0
0
0.0006105865
0.0005932926
0.0005752157
0.0005563186
0.0005365048
0
0
0
0
0
0
0
0
0
0
0.0006294716
0.0006129525
0.0005957001
0.000577682
0.0005588086
0
0
0
0
0
0
0
0
0
0
0.0006474455
0.0006316497
0.0006151649
0.0005979624
0.0005799593
0
0
0
0
0
0
0
0
0
0
0.0006642491
0.0006491163
0.0006333343
0.0006168765
0.0005996657
0
0
0
0
0
0
0
0
0
0
0.0006798549
0.0006653266
0.0006501844
0.0006344042
0.0006179125
0
0
0
0
0
0
0
0
0
0
0.0006943303
0.0006803529
0.0006657934
0.0006506293
0.0006347912
0
0
0
0
0
0
0
0
0
0
0.0003307919
0.0003000013
0.0002672915
0.0002324955
0.0001954449
0
0
0
0
0
0
0
0
0
0
0.0003587031
0.0003294774
0.00029849
0.0002655805
0.0002304962
0
0
0
0
0
0
0
0
0
0
0.0003841882
0.0003563373
0.0003268597
0.0002956117
0.0002623484
0
0
0
0
0
0
0
0
0
0
0.0004075784
0.0003809464
0.0003528032
0.000323021
0.0002913739
0
0
0
0
0
0
0
0
0
0
0.0004293064
0.0004037733
0.0003768278
0.0003483573
0.0003181541
0
0
0
0
0
0
0
0
0
0
0.000450055
0.0004255452
0.0003997111
0.0003724526
0.0003435801
0
0
0
0
0
0
0
0
0
0
0.0004708899
0.0004473878
0.000422647
0.0003965792
0.0003690117
0
0
0
0
0
0
0
0
0
0
0.0004917469
0.0004692318
0.0004455596
0.0004206523
0.0003943524
0
0
0
0
0
0
0
0
0
0
0.0005123655
0.0004908041
0.0004681609
0.0004443675
0.0004192797
0
0
0
0
0
0
0
0
0
0
0.0005325639
0.0005119157
0.000490255
0.0004675211
0.000443582
0
0
0
0
0
0
0
0
0
0
0.0005522699
0.0005324938
0.0005117681
0.0004900396
0.0004671865
0
0
0
0
0
0
0
0
0
0
0.0005714894
0.0005525462
0.0005327116
0.0005119381
0.0004901131
0
0
0
0
0
0
0
0
0
0
0.0005902893
0.0005721451
0.0005531631
0.000533301
0.0005124542
0
0
0
0
0
0
0
0
0
0
0.0006087965
0.0005914246
0.0005732648
0.0005542793
0.0005343711
0
0
0
0
0
0
0
0
0
0
0.0006271455
0.0006105266
0.0005931668
0.0005750331
0.0005560348
0
0
0
0
0
0
0
0
0
0
0.0006453009
0.0006294152
0.0006128344
0.0005955291
0.0005774156
0
0
0
0
0
0
0
0
0
0
0.0006625929
0.0006473921
0.0006315379
0.0006150033
0.0005977103
0
0
0
0
0
0
0
0
0
0
0.00067877
0.0006641981
0.0006490096
0.0006331802
0.0006166361
0
0
0
0
0
0
0
0
0
0
0.0006938041
0.000679806
0.0006652244
0.0006500369
0.000634174
0
0
0
0
0
0
0
0
0
0
0.0007077563
0.0006942832
0.0006802546
0.0006656517
0.0006504082
0
0
0
0
0
0
0
0
0
0
0.0003598438
0.0003306883
0.0002997801
0.0002669611
0.0002319834
0
0
0
0
0
0
0
0
0
0
0.0003863298
0.0003586049
0.0003292681
0.0002981789
0.0002650977
0
0
0
0
0
0
0
0
0
0
0.0004105583
0.0003840947
0.0003561382
0.0003265648
0.0002951537
0
0
0
0
0
0
0
0
0
0
0.0004328294
0.0004074888
0.0003807559
0.0003525217
0.0003225837
0
0
0
0
0
0
0
0
0
0
0.0004535446
0.0004292198
0.0004035894
0.0003765567
0.0003479361
0
0
0
0
0
0
0
0
0
0
0.0004733468
0.0004499704
0.0004253661
0.0003994473
0.0003720433
0
0
0
0
0
0
0
0
0
0
0.0004932496
0.000470809
0.0004472167
0.0004223957
0.0003961892
0
0
0
0
0
0
0
0
0
0
0.0005131915
0.00049167
0.0004690694
0.0004453215
0.0004202826
0
0
0
0
0
0
0
0
0
0
0.0005329234
0.0005122922
0.0004906495
0.0004679349
0.0004440163
0
0
0
0
0
0
0
0
0
0
0.0005522699
0.0005324938
0.0005117681
0.0004900396
0.0004671865
0
0
0
0
0
0
0
0
0
0
0.0005711609
0.0005522027
0.0005323525
0.0005115623
0.0004897197
0
0
0
0
0
0
0
0
0
0
0.0005895995
0.0005714248
0.0005524105
0.0005325142
0.0005116312
0
0
0
0
0
0
0
0
0
0
0.0006076487
0.000590227
0.0005720145
0.0005529732
0.0005330059
0
0
0
0
0
0
0
0
0
0
0.0006254286
0.0006087363
0.0005912986
0.0005730819
0.000553995
0
0
0
0
0
0
0
0
0
0
0.0006430678
0.0006270878
0.0006104058
0.0005929916
0.0005747607
0
0
0
0
0
0
0
0
0
0
0.0006605325
0.0006452466
0.0006293017
0.0006126702
0.0005952732
0
0
0
0
0
0
0
0
0
0
0.0006771776
0.0006625414
0.0006472845
0.0006313826
0.0006147609
0
0
0
0
0
0
0
0
0
0
0.0006927604
0.0006787209
0.0006640954
0.0006488614
0.000632949
0
0
0
0
0
0
0
0
0
0
0.0007072498
0.0006937569
0.0006797075
0.0006650824
0.0006498153
0
0
0
0
0
0
0
0
0
0
0.0007207026
0.0007077109
0.0006941885
0.0006801182
0.0006654388
0
0
0
0
0
0
0
0
0
0
0.0003874076
0.0003597459
0.0003304796
0.0002994699
0.0002664797
0
0
0
0
0
0
0
0
0
0
0.0004125862
0.0003862369
0.000358407
0.0003289749
0.0002977235
0
0
0
0
0
0
0
0
0
0
0.0004356564
0.0004104696
0.000383906
0.0003558596
0.0003261316
0
0
0
0
0
0
0
0
0
0
0.0004568923
0.0004327441
0.0004073079
0.0003804894
0.0003521073
0
0
0
0
0
0
0
0
0
0
0.0004766678
0.000453462
0.0004290448
0.0004033322
0.0003761568
0
0
0
0
0
0
0
0
0
0
0.0004955904
0.0004732662
0.0004497998
0.0004251154
0.0003990581
0
0
0
0
0
0
0
0
0
0
0.0005146247
0.0004931723
0.0004706458
0.0004469775
0.0004220243
0
0
0
0
0
0
0
0
0
0
0.0005337119
0.0005131179
0.0004915148
0.0004688424
0.0004449689
0
0
0
0
0
0
0
0
0
0
0.0005526135
0.0005328532
0.0005121444
0.0004904337
0.0004675996
0
0
0
0
0
0
0
0
0
0
0.0005711609
0.0005522027
0.0005323525
0.0005115623
0.0004897197
0
0
0
0
0
0
0
0
0
0
0.0005892851
0.0005710964
0.0005520673
0.0005321555
0.0005112561
0
0
0
0
0
0
0
0
0
0
0.0006069879
0.0005895375
0.0005712946
0.0005522214
0.0005322202
0
0
0
0
0
0
0
0
0
0
0.0006243281
0.0006075888
0.0005901015
0.0005718324
0.0005526902
0
0
0
0
0
0
0
0
0
0
0.0006414202
0.0006253708
0.0006086152
0.0005911231
0.000572809
0
0
0
0
0
0
0
0
0
0
0.0006583874
0.0006430123
0.0006269716
0.0006102375
0.0005927301
0
0
0
0
0
0
0
0
0
0
0.000675197
0.0006604802
0.0006451374
0.0006291438
0.0006124242
0
0
0
0
0
0
0
0
0
0
0.0006912285
0.0006771281
0.0006624379
0.0006471351
0.0006311494
0
0
0
0
0
0
0
0
0
0
0.000706245
0.000692713
0.0006786219
0.0006639528
0.0006486388
0
0
0
0
0
0
0
0
0
0
0.0007202147
0.0007072042
0.000693662
0.0006795708
0.000664869
0
0
0
0
0
0
0
0
0
0
0.0007331899
0.0007206587
0.0007076195
0.000694057
0.000679913
0
0
0
0
0
0
0
0
0
0
0.0004136069
0.0003873149
0.0003595485
0.0003301873
0.0002990157
0
0
0
0
0
0
0
0
0
0
0.0004375804
0.0004124979
0.0003860492
0.0003581299
0.0003285441
0
0
0
0
0
0
0
0
0
0
0.0004595791
0.000435572
0.0004102903
0.0003836421
0.000355449
0
0
0
0
0
0
0
0
0
0
0.0004798539
0.0004568111
0.000432572
0.000407055
0.0003800959
0
0
0
0
0
0
0
0
0
0
0.0004987552
0.000476589
0.0004532954
0.0004288003
0.0004029519
0
0
0
0
0
0
0
0
0
0
0.0005168575
0.0004955133
0.0004731034
0.0004495611
0.0004247448
0
0
0
0
0
0
0
0
0
0
0.0005350803
0.0005145507
0.0004930165
0.0004704177
0.0004466233
0
0
0
0
0
0
0
0
0
0
0.0005533669
0.0005336414
0.0005129694
0.000491298
0.0004685057
0
0
0
0
0
0
0
0
0
0
0.0005714894
0.0005525462
0.0005327116
0.0005119381
0.0004901131
0
0
0
0
0
0
0
0
0
0
0.0005892851
0.0005710964
0.0005520673
0.0005321555
0.0005112561
0
0
0
0
0
0
0
0
0
0
0.0006066868
0.0005892231
0.0005709665
0.0005518786
0.0005318621
0
0
0
0
0
0
0
0
0
0
0.0006236947
0.0006069282
0.0005894125
0.0005711133
0.0005519395
0
0
0
0
0
0
0
0
0
0
0.0006403643
0.0006242705
0.0006074682
0.0005899268
0.0005715608
0
0
0
0
0
0
0
0
0
0
0.0006568052
0.0006413645
0.0006252544
0.0006084466
0.000590861
0
0
0
0
0
0
0
0
0
0
0.0006731353
0.0006583339
0.0006429005
0.0006268099
0.0006099861
0
0
0
0
0
0
0
0
0
0
0.0006893233
0.0006751466
0.000660375
0.0006449856
0.0006289073
0
0
0
0
0
0
0
0
0
0
0.0007047705
0.0006911806
0.0006770283
0.000662294
0.0006469107
0
0
0
0
0
0
0
0
0
0
0.000719247
0.0007061992
0.0006926176
0.0006784846
0.0006637385
0
0
0
0
0
0
0
0
0
0
0.0007327197
0.0007201707
0.0007071127
0.0006935303
0.0006793652
0
0
0
0
0
0
0
0
0
0
0.0007452375
0.0007331475
0.0007205705
0.0007074928
0.0006938592
0
0
0
0
0
0
0
0
0
0
0.000438549
0.0004135188
0.0003871277
0.0003592722
0.0003297576
0
0
0
0
0
0
0
0
0
0
0.0004614078
0.0004374964
0.0004123196
0.0003857867
0.0003577215
0
0
0
0
0
0
0
0
0
0
0.0004824115
0.0004594987
0.0004354015
0.0004100398
0.0003832522
0
0
0
0
0
0
0
0
0
0
0.0005017918
0.0004797765
0.0004566471
0.0004323316
0.0004066806
0
0
0
0
0
0
0
0
0
0
0.0005198772
0.0004986799
0.00047643
0.0004530625
0.0004284381
0
0
0
0
0
0
0
0
0
0
0.0005372126
0.0005167838
0.0004953578
0.0004728758
0.0004492076
0
0
0
0
0
0
0
0
0
0
0.0005546748
0.0005350095
0.0005144017
0.0004927987
0.0004700795
0
0
0
0
0
0
0
0
0
0
0.00057221
0.0005532994
0.0005334993
0.0005127623
0.0004909762
0
0
0
0
0
0
0
0
0
0
0.0005895995
0.0005714248
0.0005524105
0.0005325142
0.0005116312
0
0
0
0
0
0
0
0
0
0
0.0006066868
0.0005892231
0.0005709665
0.0005518786
0.0005318621
0
0
0
0
0
0
0
0
0
0
0.000623406
0.0006066272
0.0005890984
0.0005707855
0.0005515973
0
0
0
0
0
0
0
0
0
0
0.0006397568
0.0006236373
0.0006068081
0.0005892385
0.0005708427
0
0
0
0
0
0
0
0
0
0
0.0006557916
0.0006403088
0.0006241545
0.0006073004
0.0005896659
0
0
0
0
0
0
0
0
0
0
0.0006716151
0.0006567516
0.0006412525
0.0006250923
0.0006081948
0
0
0
0
0
0
0
0
0
0
0.0006873405
0.0006730837
0.0006582263
0.000642745
0.0006265682
0
0
0
0
0
0
0
0
0
0
0.0007029369
0.0006892747
0.0006750453
0.0006602289
0.000644758
0
0
0
0
0
0
0
0
0
0
0.0007178269
0.0007047243
0.0006910845
0.0006768898
0.000662078
0
0
0
0
0
0
0
0
0
0
0.0007317873
0.0007192028
0.0007061073
0.0006924853
0.0006782781
0
0
0
0
0
0
0
0
0
0
0.0007447842
0.0007326773
0.0007200823
0.0007069857
0.0006933321
0
0
0
0
0
0
0
0
0
0
0.0007568604
0.0007451966
0.0007330624
0.0007204483
0.000707302
0
0
0
0
0
0
0
0
0
0
0.0004623285
0.0004384652
0.000413341
0.0003868659
0.0003588648
0
0
0
0
0
0
0
0
0
0
0.0004841523
0.0004613278
0.0004373268
0.0004120704
0.0003853988
0
0
0
0
0
0
0
0
0
0
0.0005042296
0.0004823347
0.0004593361
0.0004351632
0.0004096688
0
0
0
0
0
0
0
0
0
0
0.0005227749
0.0005017177
0.0004796199
0.0004564181
0.0004319749
0
0
0
0
0
0
0
0
0
0
0.0005400971
0.0005198053
0.000498528
0.000476208
0.000452717
0
0
0
0
0
0
0
0
0
0
0.0005567132
0.000537142
0.000516635
0.0004951405
0.0004725382
0
0
0
0
0
0
0
0
0
0
0.0005734612
0.000554607
0.0005348668
0.0005141935
0.0004924753
0
0
0
0
0
0
0
0
0
0
0.0005902893
0.0005721451
0.0005531631
0.000533301
0.0005124542
0
0
0
0
0
0
0
0
0
0
0.0006069879
0.0005895375
0.0005712946
0.0005522214
0.0005322202
0
0
0
0
0
0
0
0
0
0
0.000623406
0.0006066272
0.0005890984
0.0005707855
0.0005515973
0
0
0
0
0
0
0
0
0
0
0.0006394799
0.0006233487
0.0006065073
0.0005889248
0.0005705155
0
0
0
0
0
0
0
0
0
0
0.0006552085
0.0006397014
0.0006235218
0.000606641
0.0005889786
0
0
0
0
0
0
0
0
0
0
0.0006706414
0.0006557381
0.0006401973
0.0006239932
0.0006070497
0
0
0
0
0
0
0
0
0
0
0.000685879
0.0006715633
0.0006566437
0.0006410966
0.0006248501
0
0
0
0
0
0
0
0
0
0
0.000701029
0.0006872908
0.0006729801
0.0006580767
0.0006425124
0
0
0
0
0
0
0
0
0
0
0.0007160615
0.00070289
0.0006891771
0.0006749046
0.0006600098
0
0
0
0
0
0
0
0
0
0
0.0007304192
0.0007177824
0.0007046315
0.000690951
0.0006766817
0
0
0
0
0
0
0
0
0
0
0.0007438854
0.0007317446
0.000719114
0.0007059797
0.0006922862
0
0
0
0
0
0
0
0
0
0
0.0007564233
0.0007447432
0.000732592
0.0007199599
0.0007067945
0
0
0
0
0
0
0
0
0
0.0007680694
0.0007568208
0.0007451143
0.0007329444
0.0007202642
0
0
0
0
0
0
0
0
0
0
0.0004850289
0.0004622487
0.000438296
0.0004130924
0.0003864789
0
0
0
0
0
0
0
0
0
0
0.000505889
0.0004840759
0.000461166
0.0004370898
0.0004117013
0
0
0
0
0
0
0
0
0
0
0.0005251015
0.0005041562
0.0004821796
0.0004591092
0.0004348097
0
0
0
0
0
0
0
0
0
0
0.0005428653
0.000522704
0.0005015682
0.0004794015
0.0004560778
0
0
0
0
0
0
0
0
0
0
0.0005594715
0.0005400282
0.0005196599
0.000498316
0.0004758779
0
0
0
0
0
0
0
0
0
0
0.0005754115
0.0005566455
0.0005369995
0.0005164273
0.0004948178
0
0
0
0
0
0
0
0
0
0
0.0005914872
0.000573396
0.0005544702
0.0005346676
0.000513884
0
0
0
0
0
0
0
0
0
0
0.0006076487
0.000590227
0.0005720145
0.0005529732
0.0005330059
0
0
0
0
0
0
0
0
0
0
0.0006236947
0.0006069282
0.0005894125
0.0005711133
0.0005519395
0
0
0
0
0
0
0
0
0
0
0.0006394799
0.0006233487
0.0006065073
0.0005889248
0.0005705155
0
0
0
0
0
0
0
0
0
0
0.0006549429
0.0006394247
0.0006232335
0.0006063406
0.0005886654
0
0
0
0
0
0
0
0
0
0
0.0006700816
0.0006551552
0.0006395903
0.0006233612
0.0006063913
0
0
0
0
0
0
0
0
0
0
0.0006849433
0.0006705899
0.0006556307
0.0006400421
0.0006237521
0
0
0
0
0
0
0
0
0
0
0.0006996232
0.0006858291
0.0006714595
0.0006564938
0.0006408636
0
0
0
0
0
0
0
0
0
0
0.0007142248
0.000700981
0.0006871909
0.000672836
0.0006578527
0
0
0
0
0
0
0
0
0
0
0.0007287185
0.0007160162
0.0007027959
0.0006890415
0.0006746935
0
0
0
0
0
0
0
0
0
0
0.0007425666
0.0007303761
0.0007176929
0.0007045029
0.0006907504
0
0
0
0
0
0
0
0
0
0
0.0007555564
0.0007438441
0.0007316589
0.000718991
0.0007057877
0
0
0
0
0
0
0
0
0
0.0007676475
0.0007563836
0.0007446608
0.0007324738
0.0007197754
0
0
0
0
0
0
0
0
0.0007788685
0.0007680311
0.0007567414
0.0007450005
0.0007327668
0
0
0
0
0
0
0
0
0
0
0.0005067248
0.0004849527
0.0004620873
0.0004380596
0.0004127241
0
0
0
0
0
0
0
0
0
0
0.0005266853
0.0005058161
0.0004839215
0.0004609403
0.000436738
0
0
0
0
0
0
0
0
0
0
0.0005450883
0.0005250313
0.000504008
0.0004819631
0.0004587719
0
0
0
0
0
0
0
0
0
0
0.0005621187
0.0005427975
0.000522561
0.0005013596
0.0004790765
0
0
0
0
0
0
0
0
0
0
0.0005780516
0.0005594054
0.000539889
0.0005194572
0.0004980004
0
0
0
0
0
0
0
0
0
0
0.0005933549
0.0005753466
0.000556509
0.0005368008
0.0005161184
0
0
0
0
0
0
0
0
0
0
0.0006087965
0.0005914246
0.0005732648
0.0005542793
0.0005343711
0
0
0
0
0
0
0
0
0
0
0.0006243281
0.0006075888
0.0005901015
0.0005718324
0.0005526902
0
0
0
0
0
0
0
0
0
0
0.0006397568
0.0006236373
0.0006068081
0.0005892385
0.0005708427
0
0
0
0
0
0
0
0
0
0
0.0006549429
0.0006394247
0.0006232335
0.0006063406
0.0005886654
0
0
0
0
0
0
0
0
0
0
0.0006698265
0.0006548897
0.0006393138
0.0006230732
0.0006060913
0
0
0
0
0
0
0
0
0
0
0.0006844053
0.0006700302
0.0006550483
0.0006394359
0.000623121
0
0
0
0
0
0
0
0
0
0
0.0006987234
0.0006848935
0.0006704864
0.0006554815
0.0006398101
0
0
0
0
0
0
0
0
0
0
0.0007128719
0.0006995751
0.000685729
0.0006713151
0.0006562694
0
0
0
0
0
0
0
0
0
0
0.0007269495
0.0007141784
0.0007008847
0.000687052
0.0006726202
0
0
0
0
0
0
0
0
0
0
0.0007409275
0.0007286747
0.0007159253
0.0007026652
0.000688838
0
0
0
0
0
0
0
0
0
0
0.0007542846
0.000742525
0.0007302897
0.0007175688
0.0007043094
0
0
0
0
0
0
0
0
0
0.0007668112
0.0007555165
0.0007437614
0.0007315402
0.0007188058
0
0
0
0
0
0
0
0
0.0007784614
0.0007676092
0.000756304
0.0007445467
0.0007322958
0
0
0
0
0
0
0
0.0007892523
0.0007788314
0.0007679543
0.0007566314
0.0007448289
0
0
0
0
0
0
0
0
0
0
0.0005274831
0.000506652
0.0004847987
0.0004618622
0.0004377086
0
0
0
0
0
0
0
0
0
0
0.0005466017
0.0005266155
0.0005056685
0.0004837062
0.0004606046
0
0
0
0
0
0
0
0
0
0
0.0005642449
0.0005450211
0.0005248894
0.0005038013
0.0004816408
0
0
0
0
0
0
0
0
0
0
0.0005805856
0.0005620537
0.0005426605
0.0005223616
0.0005010487
0
0
0
0
0
0
0
0
0
0
0.0005958839
0.0005779881
0.000559272
0.000539695
0.0005191552
0
0
0
0
0
0
0
0
0
0
0.0006105865
0.0005932926
0.0005752157
0.0005563186
0.0005365048
0
0
0
0
0
0
0
0
0
0
0.0006254286
0.0006087363
0.0005912986
0.0005730819
0.000553995
0
0
0
0
0
0
0
0
0
0
0.0006403643
0.0006242705
0.0006074682
0.0005899268
0.0005715608
0
0
0
0
0
0
0
0
0
0
0.0006552085
0.0006397014
0.0006235218
0.000606641
0.0005889786
0
0
0
0
0
0
0
0
0
0
0.0006698265
0.0006548897
0.0006393138
0.0006230732
0.0006060913
0
0
0
0
0
0
0
0
0
0
0.0006841604
0.0006697753
0.0006547829
0.0006391597
0.0006228334
0
0
0
0
0
0
0
0
0
0
0.0006982063
0.0006843558
0.0006699271
0.0006548996
0.0006392047
0
0
0
0
0
0
0
0
0
0
0.0007120062
0.0006986754
0.0006847938
0.0006703427
0.000655258
0
0
0
0
0
0
0
0
0
0
0.0007256469
0.0007128253
0.0006994785
0.0006855898
0.0006710989
0
0
0
0
0
0
0
0
0
0
0.0007392229
0.0007269047
0.0007140854
0.0007007508
0.000686844
0
0
0
0
0
0
0
0
0
0
0.0007527043
0.0007408852
0.000728587
0.0007157993
0.0007024689
0
0
0
0
0
0
0
0
0
0.0007655844
0.0007542444
0.0007424415
0.00073017
0.0007173821
0
0
0
0
0
0
0
0
0.0007776543
0.0007667726
0.0007554365
0.0007436467
0.0007313614
0
0
0
0
0
0
0
0.0007888593
0.0007784242
0.0007675322
0.0007561938
0.0007443748
0
0
0
0
0
0
0.0007991988
0.0007892164
0.0007787571
0.000767848
0.0007564656
0
0
0
0
0
0
0
0
0
0
0.0005473641
0.0005274134
0.0005065048
0.0004845838
0.0004615272
0
0
0
0
0
0
0
0
0
0
0.0005656925
0.0005465348
0.0005264744
0.0005054629
0.0004833854
0
0
0
0
0
0
0
0
0
0
0.0005826211
0.0005641804
0.0005448852
0.0005246918
0.000503493
0
0
0
0
0
0
0
0
0
0
0.0005983117
0.0005805232
0.0005619224
0.0005424696
0.0005220639
0
0
0
0
0
0
0
0
0
0
0.000613011
0.000595823
0.0005778602
0.0005590862
0.0005394056
0
0
0
0
0
0
0
0
0
0
0.0006271455
0.0006105266
0.0005931668
0.0005750331
0.0005560348
0
0
0
0
0
0
0
0
0
0
0.0006414202
0.0006253708
0.0006086152
0.0005911231
0.000572809
0
0
0
0
0
0
0
0
0
0
0.0006557916
0.0006403088
0.0006241545
0.0006073004
0.0005896659
0
0
0
0
0
0
0
0
0
0
0.0006700816
0.0006551552
0.0006395903
0.0006233612
0.0006063913
0
0
0
0
0
0
0
0
0
0
0.0006841604
0.0006697753
0.0006547829
0.0006391597
0.0006228334
0
0
0
0
0
0
0
0
0
0
0.0006979709
0.0006841109
0.0006696724
0.0006546346
0.000638929
0
0
0
0
0
0
0
0
0
0
0.0007115089
0.0006981585
0.0006842564
0.0006697839
0.000654677
0
0
0
0
0
0
0
0
0
0
0.0007248138
0.0007119599
0.0006985792
0.0006846553
0.0006701274
0
0
0
0
0
0
0
0
0
0
0.0007379683
0.000725602
0.0007127322
0.0006993444
0.0006853815
0
0
0
0
0
0
0
0
0
0
0.000751061
0.0007391796
0.0007268149
0.0007139564
0.0007005503
0
0
0
0
0
0
0
0
0
0.0007640601
0.0007526634
0.0007408005
0.0007284654
0.0007156099
0
0
0
0
0
0
0
0
0.0007764704
0.0007655455
0.0007541638
0.0007423259
0.0007299898
0
0
0
0
0
0
0
0.0007880803
0.0007776169
0.0007666953
0.0007553258
0.0007434741
0
0
0
0
0
0
0.0007988195
0.0007888234
0.0007783498
0.0007674257
0.0007560277
0
0
0
0
0
0.0008086614
0.000799164
0.0007891445
0.0007786543
0.0007676877
0
0
0
0
0
0
0
0
0
0
0.0005664218
0.0005472974
0.0005272726
0.0005062996
0.0004842638
0
0
0
0
0
0
0
0
0
0
0.0005840071
0.0005656284
0.0005463997
0.0005262777
0.0005051561
0
0
0
0
0
0
0
0
0
0
0.0006002621
0.0005825592
0.0005640502
0.000544696
0.0005243967
0
0
0
0
0
0
0
0
0
0
0.0006153388
0.0005982517
0.0005803972
0.0005617395
0.0005421844
0
0
0
0
0
0
0
0
0
0
0.0006294716
0.0006129525
0.0005957001
0.000577682
0.0005588086
0
0
0
0
0
0
0
0
0
0
0.0006430678
0.0006270878
0.0006104058
0.0005929916
0.0005747607
0
0
0
0
0
0
0
0
0
0
0.0006568052
0.0006413645
0.0006252544
0.0006084466
0.000590861
0
0
0
0
0
0
0
0
0
0
0.0006706414
0.0006557381
0.0006401973
0.0006239932
0.0006070497
0
0
0
0
0
0
0
0
0
0
0.0006844053
0.0006700302
0.0006550483
0.0006394359
0.000623121
0
0
0
0
0
0
0
0
0
0
0.0006979709
0.0006841109
0.0006696724
0.0006546346
0.000638929
0
0
0
0
0
0
0
0
0
0
0.0007112826
0.0006979231
0.0006840117
0.0006695295
0.0006544124
0
0
0
0
0
0
0
0
0
0
0.0007243353
0.0007114627
0.0006980626
0.0006841185
0.0006695695
0
0
0
0
0
0
0
0
0
0
0.0007371661
0.000724769
0.0007118671
0.0006984457
0.0006844478
0
0
0
0
0
0
0
0
0
0
0.000749852
0.0007379248
0.000725512
0.0007126028
0.0006991434
0
0
0
0
0
0
0
0
0
0.0007624755
0.0007510192
0.0007390929
0.0007266904
0.0007137628
0
0
0
0
0
0
0
0
0.0007749998
0.0007640205
0.0007525815
0.0007406831
0.0007282826
0
0
0
0
0
0
0
0.0007869378
0.0007764328
0.0007654675
0.0007540521
0.0007421519
0
0
0
0
0
0
0.0007980676
0.0007880442
0.0007775422
0.0007665883
0.000755159
0
0
0
0
0
0.0008082955
0.0007987846
0.0007887513
0.0007782468
0.0007672651
0
0
0
0
0.0008175467
0.0008086277
0.0007990944
0.0007890451
0.0007784994
0
0
0
0
0
0
0
0
0
0
0.0005847054
0.0005663578
0.0005471625
0.0005270764
0.0005059934
0
0
0
0
0
0
0
0
0
0
0.0006015903
0.0005839456
0.0005654988
0.0005462114
0.0005259839
0
0
0
0
0
0
0
0
0
0
0.0006172092
0.0006002027
0.0005824343
0.0005638689
0.0005444132
0
0
0
0
0
0
0
0
0
0
0.0006317052
0.0006152812
0.0005981307
0.0005802218
0.000561466
0
0
0
0
0
0
0
0
0
0
0.0006453009
0.0006294152
0.0006128344
0.0005955291
0.0005774156
0
0
0
0
0
0
0
0
0
0
0.0006583874
0.0006430123
0.0006269716
0.0006102375
0.0005927301
0
0
0
0
0
0
0
0
0
0
0.0006716151
0.0006567516
0.0006412525
0.0006250923
0.0006081948
0
0
0
0
0
0
0
0
0
0
0.0006849433
0.0006705899
0.0006556307
0.0006400421
0.0006237521
0
0
0
0
0
0
0
0
0
0
0.0006982063
0.0006843558
0.0006699271
0.0006548996
0.0006392047
0
0
0
0
0
0
0
0
0
0
0.0007112826
0.0006979231
0.0006840117
0.0006695295
0.0006544124
0
0
0
0
0
0
0
0
0
0
0.0007241176
0.0007112364
0.0006978275
0.0006838741
0.0006693155
0
0
0
0
0
0
0
0
0
0
0.0007367055
0.0007242907
0.0007113702
0.0006979296
0.0006839118
0
0
0
0
0
0
0
0
0
0
0.0007490793
0.0007371228
0.0007246794
0.0007117383
0.0006982456
0
0
0
0
0
0
0
0
0
0.0007613101
0.00074981
0.0007378379
0.0007253872
0.0007124089
0
0
0
0
0
0
0
0
0.0007734714
0.000762435
0.0007509354
0.0007389727
0.0007265036
0
0
0
0
0
0
0
0.0007855188
0.0007749615
0.0007639414
0.0007524681
0.0007405066
0
0
0
0
0
0
0.0007969651
0.0007869013
0.0007763574
0.0007653596
0.000753884
0
0
0
0
0
0.0008075701
0.0007980326
0.0007879718
0.0007774387
0.0007664271
0
0
0
0
0.000817194
0.0008082617
0.0007987149
0.0007886517
0.0007780915
0
0
0
0.0008256927
0.000817514
0.0008085602
0.0007989982
0.0007888951
0
0
0
0
0
0
0
0
0
0
0.0006022595
0.000584644
0.0005662285
0.0005469746
0.0005267833
0
0
0
0
0
0
0
0
0
0
0.000618483
0.0006015311
0.0005838212
0.0005653184
0.0005459299
0
0
0
0
0
0
0
0
0
0
0.0006335001
0.000617152
0.0006000827
0.0005822605
0.0005635977
0
0
0
0
0
0
0
0
0
0
0.0006474455
0.0006316497
0.0006151649
0.0005979624
0.0005799593
0
0
0
0
0
0
0
0
0
0
0.0006605325
0.0006452466
0.0006293017
0.0006126702
0.0005952732
0
0
0
0
0
0
0
0
0
0
0.0006731353
0.0006583339
0.0006429005
0.0006268099
0.0006099861
0
0
0
0
0
0
0
0
0
0
0.000685879
0.0006715633
0.0006566437
0.0006410966
0.0006248501
0
0
0
0
0
0
0
0
0
0
0.0006987234
0.0006848935
0.0006704864
0.0006554815
0.0006398101
0
0
0
0
0
0
0
0
0
0
0.0007115089
0.0006981585
0.0006842564
0.0006697839
0.000654677
0
0
0
0
0
0
0
0
0
0
0.0007241176
0.0007112364
0.0006978275
0.0006838741
0.0006693155
0
0
0
0
0
0
0
0
0
0
0.000736496
0.000724073
0.0007111441
0.0006976947
0.0006836677
0
0
0
0
0
0
0
0
0
0
0.0007486359
0.0007366624
0.0007242014
0.0007112419
0.0006977303
0
0
0
0
0
0
0
0
0
0.0007605655
0.0007490374
0.0007370362
0.0007245551
0.0007115452
0
0
0
0
0
0
0
0
0.0007723477
0.0007612694
0.0007497261
0.0007377174
0.0007252
0
0
0
0
0
0
0
0.0007840442
0.0007734321
0.000762354
0.0007508193
0.0007387923
0
0
0
0
0
0
0.0007955958
0.0007854817
0.000774885
0.0007638318
0.0007522975
0
0
0
0
0
0.0008065064
0.0007969297
0.0007868284
0.0007762531
0.0007651971
0
0
0
0
0.0008164947
0.0008075361
0.0007979625
0.0007878717
0.0007772828
0
0
0
0.0008253533
0.0008171611
0.0008081941
0.0007986185
0.0007885015
0
0
0.0008328087
0.0008256608
0.0008174486
0.000808467
0.000798853
0
0
0
0
0
0
0
0
0
0
0.0006191248
0.0006022005
0.0005845199
0.0005660485
0.0005466937
0
0
0
0
0
0
0
0
0
0
0.0006347226
0.0006184261
0.0006014117
0.0005836482
0.0005650484
0
0
0
0
0
0
0
0
0
0
0.0006491692
0.0006334451
0.0006170368
0.0005999158
0.0005820001
0
0
0
0
0
0
0
0
0
0
0.0006625929
0.0006473921
0.0006315379
0.0006150033
0.0005977103
0
0
0
0
0
0
0
0
0
0
0.000675197
0.0006604802
0.0006451374
0.0006291438
0.0006124242
0
0
0
0
0
0
0
0
0
0
0.0006873405
0.0006730837
0.0006582263
0.000642745
0.0006265682
0
0
0
0
0
0
0
0
0
0
0.0006996232
0.0006858291
0.0006714595
0.0006564938
0.0006408636
0
0
0
0
0
0
0
0
0
0
0.0007120062
0.0006986754
0.0006847938
0.0006703427
0.000655258
0
0
0
0
0
0
0
0
0
0
0.0007243353
0.0007114627
0.0006980626
0.0006841185
0.0006695695
0
0
0
0
0
0
0
0
0
0
0.000736496
0.000724073
0.0007111441
0.0006976947
0.0006836677
0
0
0
0
0
0
0
0
0
0
0.0007484341
0.0007364529
0.0007239839
0.0007110161
0.0006974958
0
0
0
0
0
0
0
0
0
0.0007601384
0.0007485941
0.0007365761
0.0007240776
0.0007110496
0
0
0
0
0
0
0
0
0.0007716301
0.000760525
0.0007489538
0.0007369162
0.0007243687
0
0
0
0
0
0
0
0.0007829606
0.0007723083
0.0007611882
0.0007496096
0.0007375367
0
0
0
0
0
0
0.0007941733
0.0007840062
0.0007733538
0.0007622418
0.000750645
0
0
0
0
0
0.0008051857
0.0007955599
0.0007854076
0.000774779
0.0007636669
0
0
0
0
0.0008154695
0.0008064721
0.0007968591
0.0007867275
0.0007760959
0
0
0
0.0008246805
0.0008164617
0.0008074682
0.0007978657
0.0007877209
0
0
0.0008324832
0.0008253213
0.0008170956
0.0008081006
0.000798473
0
0.0008384109
0.0008327776
0.0008255972
0.0008173581
0.0008083263
0
0
0
0
0
0
0
0
0
0
0.0006353387
0.0006190681
0.0006020813
0.0005843473
0.0005657791
0
0
0
0
0
0
0
0
0
0
0.0006503433
0.0006346679
0.0006183113
0.0006012457
0.000583389
0
0
0
0
0
0
0
0
0
0
0.0006642491
0.0006491163
0.0006333343
0.0006168765
0.0005996657
0
0
0
0
0
0
0
0
0
0
0.0006771776
0.0006625414
0.0006472845
0.0006313826
0.0006147609
0
0
0
0
0
0
0
0
0
0
0.0006893233
0.0006751466
0.000660375
0.0006449856
0.0006289073
0
0
0
0
0
0
0
0
0
0
0.000701029
0.0006872908
0.0006729801
0.0006580767
0.0006425124
0
0
0
0
0
0
0
0
0
0
0.0007128719
0.0006995751
0.000685729
0.0006713151
0.0006562694
0
0
0
0
0
0
0
0
0
0
0.0007248138
0.0007119599
0.0006985792
0.0006846553
0.0006701274
0
0
0
0
0
0
0
0
0
0
0.0007367055
0.0007242907
0.0007113702
0.0006979296
0.0006839118
0
0
0
0
0
0
0
0
0
0
0.0007484341
0.0007364529
0.0007239839
0.0007110161
0.0006974958
0
0
0
0
0
0
0
0
0
0.0007599441
0.0007483924
0.0007363668
0.0007238603
0.0007108241
0
0
0
0
0
0
0
0
0.0007712185
0.0007600979
0.0007485108
0.0007364566
0.0007238919
0
0
0
0
0
0
0
0.0007822689
0.0007715908
0.0007604441
0.0007488379
0.0007367362
0
0
0
0
0
0
0.0007931285
0.0007829225
0.0007722298
0.0007610757
0.000749435
0
0
0
0
0
0.0008038139
0.0007941365
0.0007839304
0.0007732453
0.0007620733
0
0
0
0
0.0008141968
0.0008051508
0.0007954882
0.0007853051
0.0007746196
0
0
0
0.0008236943
0.0008154362
0.0008064036
0.0007967614
0.0007865754
0
0
0.0008318382
0.0008246484
0.0008163959
0.0008073743
0.0007977196
0
0.0008381004
0.000832452
0.0008252576
0.000817005
0.0008079597
0.0008417053
0.0008383804
0.0008327156
0.0008255094
0.0008172217
0
0
0
0
0
0
0
0
0
0
0.000650935
0.0006352841
0.0006189536
0.0006019156
0.0005840886
0
0
0
0
0
0
0
0
0
0
0.0006653774
0.0006502906
0.0006345576
0.0006181518
0.0006009967
0
0
0
0
0
0
0
0
0
0
0.00067877
0.0006641981
0.0006490096
0.0006331802
0.0006166361
0
0
0
0
0
0
0
0
0
0
0.0006912285
0.0006771281
0.0006624379
0.0006471351
0.0006311494
0
0
0
0
0
0
0
0
0
0
0.0007029369
0.0006892747
0.0006750453
0.0006602289
0.000644758
0
0
0
0
0
0
0
0
0
0
0.0007142248
0.000700981
0.0006871909
0.000672836
0.0006578527
0
0
0
0
0
0
0
0
0
0
0.0007256469
0.0007128253
0.0006994785
0.0006855898
0.0006710989
0
0
0
0
0
0
0
0
0
0
0.0007371661
0.000724769
0.0007118671
0.0006984457
0.0006844478
0
0
0
0
0
0
0
0
0
0
0.0007486359
0.0007366624
0.0007242014
0.0007112419
0.0006977303
0
0
0
0
0
0
0
0
0
0.0007599441
0.0007483924
0.0007363668
0.0007238603
0.0007108241
0
0
0
0
0
0
0
0
0.0007710315
0.0007599038
0.0007483092
0.0007362475
0.000723675
0
0
0
0
0
0
0
0.0007818725
0.0007711794
0.0007600174
0.0007483953
0.0007362772
0
0
0
0
0
0
0.0007924619
0.0007822309
0.0007715126
0.0007603321
0.000748664
0
0
0
0
0
0.0008028069
0.0007930915
0.0007828465
0.000772121
0.0007609069
0
0
0
0
0.0008128753
0.0008037782
0.0007940631
0.0007838254
0.0007730824
0
0
0
0.0008224702
0.000814163
0.0008050813
0.0007953889
0.0007851508
0
0
0.0008308926
0.0008236619
0.0008153698
0.000806309
0.0007966142
0
0.0008374852
0.0008318069
0.0008245844
0.0008163049
0.0008072328
0.0008414092
0.0008380699
0.0008323899
0.0008251696
0.0008168683
0.0008416752
0.0008383197
0.00083263
0.0008253768
0
0
0
0
0
0
0
0
0
0
0.0006659461
0.0006508825
0.000635174
0.0006187944
0.0006016671
0
0
0
0
0
0
0
0
0
0
0.0006798549
0.0006653266
0.0006501844
0.0006344042
0.0006179125
0
0
0
0
0
0
0
0
0
0
0.0006927604
0.0006787209
0.0006640954
0.0006488614
0.000632949
0
0
0
0
0
0
0
0
0
0
0.0007047705
0.0006911806
0.0006770283
0.000662294
0.0006469107
0
0
0
0
0
0
0
0
0
0
0.0007160615
0.00070289
0.0006891771
0.0006749046
0.0006600098
0
0
0
0
0
0
0
0
0
0
0.0007269495
0.0007141784
0.0007008847
0.000687052
0.0006726202
0
0
0
0
0
0
0
0
0
0
0.0007379683
0.000725602
0.0007127322
0.0006993444
0.0006853815
0
0
0
0
0
0
0
0
0
0
0.0007490793
0.0007371228
0.0007246794
0.0007117383
0.0006982456
0
0
0
0
0
0
0
0
0
0.0007601384
0.0007485941
0.0007365761
0.0007240776
0.0007110496
0
0
0
0
0
0
0
0
0.0007710315
0.0007599038
0.0007483092
0.0007362475
0.000723675
0
0
0
0
0
0
0
0.0007816923
0.0007709924
0.0007598233
0.000748194
0.0007360685
0
0
0
0
0
0
0.00079208
0.0007818346
0.0007711015
0.0007599057
0.000748222
0
0
0
0
0
0.0008021648
0.000792425
0.0007821552
0.0007714042
0.0007601639
0
0
0
0
0.0008119057
0.0008027711
0.000793018
0.0007827412
0.0007719578
0
0
0
0.0008211993
0.0008128406
0.0008037071
0.0007939615
0.0007836678
0
0
0.0008297194
0.0008224372
0.0008140956
0.0008049852
0.0007952396
0
0.0008365835
0.0008308611
0.0008235973
0.000815278
0.0008061663
0.0008408227
0.0008374546
0.0008317445
0.000824496
0.0008161676
0.0008413791
0.0008380091
0.0008323042
0.0008250367
0.0008416154
0.0008382359
0.0008325008
0
0
0
0
0
0
0
0
0
0
0.0006804017
0.0006658954
0.0006507765
0.000635021
0.0006185555
0
0
0
0
0
0
0
0
0
0
0.0006938041
0.000679806
0.0006652244
0.0006500369
0.000634174
0
0
0
0
0
0
0
0
0
0
0.000706245
0.000692713
0.0006786219
0.0006639528
0.0006486388
0
0
0
0
0
0
0
0
0
0
0.0007178269
0.0007047243
0.0006910845
0.0006768898
0.000662078
0
0
0
0
0
0
0
0
0
0
0.0007287185
0.0007160162
0.0007027959
0.0006890415
0.0006746935
0
0
0
0
0
0
0
0
0
0
0.0007392229
0.0007269047
0.0007140854
0.0007007508
0.000686844
0
0
0
0
0
0
0
0
0
0
0.000749852
0.0007379248
0.000725512
0.0007126028
0.0006991434
0
0
0
0
0
0
0
0
0
0.0007605655
0.0007490374
0.0007370362
0.0007245551
0.0007115452
0
0
0
0
0
0
0
0
0.0007712185
0.0007600979
0.0007485108
0.0007364566
0.0007238919
0
0
0
0
0
0
0
0.0007816923
0.0007709924
0.0007598233
0.000748194
0.0007360685
0
0
0
0
0
0
0.0007919065
0.0007816544
0.0007709146
0.0007597119
0.000748021
0
0
0
0
0
0.0008017972
0.0007920433
0.0007817591
0.0007709935
0.0007597382
0
0
0
0
0.000811288
0.0008021291
0.0007923517
0.0007820504
0.0007712417
0
0
0
0.0008202678
0.0008118709
0.0008026998
0.0007929161
0.0007825833
0
0
0.0008285017
0.0008211656
0.0008127716
0.0008036087
0.0007938089
0
0.000835465
0.0008296873
0.0008223717
0.0008140023
0.0008048405
0.0008399634
0.0008365526
0.0008307982
0.0008235081
0.0008151397
0.0008407925
0.0008373935
0.0008316583
0.0008243626
0.0008413191
0.0008379251
0.0008321747
0.0008415327
0.0008381094
0
0
0
0
0
0
0
0
0
0
0.0006943303
0.0006803529
0.0006657934
0.0006506293
0.0006347912
0
0
0
0
0
0
0
0
0
0
0.0007072498
0.0006937569
0.0006797075
0.0006650824
0.0006498153
0
0
0
0
0
0
0
0
0
0
0.000719247
0.0007061992
0.0006926176
0.0006784846
0.0006637385
0
0
0
0
0
0
0
0
0
0
0.0007304192
0.0007177824
0.0007046315
0.000690951
0.0006766817
0
0
0
0
0
0
0
0
0
0
0.0007409275
0.0007286747
0.0007159253
0.0007026652
0.000688838
0
0
0
0
0
0
0
0
0
0
0.000751061
0.0007391796
0.0007268149
0.0007139564
0.0007005503
0
0
0
0
0
0
0
0
0
0.0007613101
0.00074981
0.0007378379
0.0007253872
0.0007124089
0
0
0
0
0
0
0
0
0.0007716301
0.000760525
0.0007489538
0.0007369162
0.0007243687
0
0
0
0
0
0
0
0.0007818725
0.0007711794
0.0007600174
0.0007483953
0.0007362772
0
0
0
0
0
0
0.0007919065
0.0007816544
0.0007709146
0.0007597119
0.000748021
0
0
0
0
0
0.0008016303
0.0007918698
0.0007815791
0.0007708068
0.0007595447
0
0
0
0
0.0008109346
0.0008017616
0.0007919702
0.0007816547
0.0007708315
0
0
0
0.0008196749
0.0008112533
0.000802058
0.0007922503
0.0007818931
0
0
0.0008276102
0.000820234
0.0008118017
0.000802601
0.0007927632
0
0.0008343046
0.0008284688
0.0008210986
0.0008126762
0.0008034608
0.0008388985
0.0008354336
0.0008296234
0.0008222811
0.000813862
0.0008399329
0.000836491
0.0008307113
0.0008233737
0.0008407322
0.0008373091
0.0008315283
0.0008412363
0.0008377983
0.0008414079
0
0
0
0
0
0
0
0
0
0
0.0007077563
0.0006942832
0.0006802546
0.0006656517
0.0006504082
0
0
0
0
0
0
0
0
0
0
0.0007202147
0.0007072042
0.000693662
0.0006795708
0.000664869
0
0
0
0
0
0
0
0
0
0
0.0007317873
0.0007192028
0.0007061073
0.0006924853
0.0006782781
0
0
0
0
0
0
0
0
0
0
0.0007425666
0.0007303761
0.0007176929
0.0007045029
0.0006907504
0
0
0
0
0
0
0
0
0
0
0.0007527043
0.0007408852
0.000728587
0.0007157993
0.0007024689
0
0
0
0
0
0
0
0
0
0.0007624755
0.0007510192
0.0007390929
0.0007266904
0.0007137628
0
0
0
0
0
0
0
0
0.0007723477
0.0007612694
0.0007497261
0.0007377174
0.0007252
0
0
0
0
0
0
0
0.0007822689
0.0007715908
0.0007604441
0.0007488379
0.0007367362
0
0
0
0
0
0
0.00079208
0.0007818346
0.0007711015
0.0007599057
0.000748222
0
0
0
0
0
0.0008016303
0.0007918698
0.0007815791
0.0007708068
0.0007595447
0
0
0
0
0.0008107742
0.0008015947
0.0007917969
0.0007814749
0.0007706451
0
0
0
0.0008193361
0.0008109
0.0008016907
0.0007918691
0.0007814979
0
0
0.0008270436
0.0008196412
0.0008111843
0.0008019597
0.000792098
0
0.0008334567
0.0008275772
0.0008201667
0.000811706
0.0008024529
0.0008377948
0.0008342725
0.0008284036
0.0008210058
0.0008125328
0.0008388676
0.0008353711
0.0008295352
0.0008221447
0.0008398722
0.0008364059
0.0008305803
0.000840649
0.0008371818
0.0008411113
0
0
0
0
0
0
0
0
0
0
0.0007207026
0.0007077109
0.0006941885
0.0006801182
0.0006654388
0
0
0
0
0
0
0
0
0
0
0.0007327197
0.0007201707
0.0007071127
0.0006935303
0.0006793652
0
0
0
0
0
0
0
0
0
0
0.0007438854
0.0007317446
0.000719114
0.0007059797
0.0006922862
0
0
0
0
0
0
0
0
0
0
0.0007542846
0.000742525
0.0007302897
0.0007175688
0.0007043094
0
0
0
0
0
0
0
0
0
0.0007640601
0.0007526634
0.0007408005
0.0007284654
0.0007156099
0
0
0
0
0
0
0
0
0.0007734714
0.000762435
0.0007509354
0.0007389727
0.0007265036
0
0
0
0
0
0
0
0.0007829606
0.0007723083
0.0007611882
0.0007496096
0.0007375367
0
0
0
0
0
0
0.0007924619
0.0007822309
0.0007715126
0.0007603321
0.000748664
0
0
0
0
0
0.0008017972
0.0007920433
0.0007817591
0.0007709935
0.0007597382
0
0
0
0
0.0008107742
0.0008015947
0.0007917969
0.0007814749
0.0007706451
0
0
0
0.0008191825
0.0008107396
0.000801524
0.000791696
0.0007813184
0
0
0.0008267204
0.0008193025
0.0008108313
0.0008015928
0.0007917173
0
0.0008329191
0.0008270107
0.0008195742
0.000811089
0.0008018121
0.0008369905
0.0008334244
0.0008275117
0.0008200738
0.0008115624
0.0008377631
0.0008342086
0.0008283133
0.0008208665
0.000838806
0.0008352847
0.0008294024
0.0008397884
0.0008362776
0.0008405235
0
0
0
0
0
0
0
0
0
0
0.0007331899
0.0007206587
0.0007076195
0.000694057
0.000679913
0
0
0
0
0
0
0
0
0
0
0.0007447842
0.0007326773
0.0007200823
0.0007069857
0.0006933321
0
0
0
0
0
0
0
0
0
0
0.0007555564
0.0007438441
0.0007316589
0.000718991
0.0007057877
0
0
0
0
0
0
0
0
0
0.0007655844
0.0007542444
0.0007424415
0.00073017
0.0007173821
0
0
0
0
0
0
0
0
0.0007749998
0.0007640205
0.0007525815
0.0007406831
0.0007282826
0
0
0
0
0
0
0
0.0007840442
0.0007734321
0.000762354
0.0007508193
0.0007387923
0
0
0
0
0
0
0.0007931285
0.0007829225
0.0007722298
0.0007610757
0.000749435
0
0
0
0
0
0.0008021648
0.000792425
0.0007821552
0.0007714042
0.0007601639
0
0
0
0
0.0008109346
0.0008017616
0.0007919702
0.0007816547
0.0007708315
0
0
0
0.0008191825
0.0008107396
0.000801524
0.000791696
0.0007813184
0
0
0.0008265741
0.0008191489
0.000810671
0.0008014262
0.0007915445
0
0.0008326134
0.0008266876
0.0008192357
0.0008107363
0.0008014457
0.0008364825
0.0008328869
0.0008269455
0.0008194815
0.0008109459
0.0008369587
0.0008333603
0.0008274212
0.0008199342
0.0008377002
0.0008341202
0.0008281776
0.0008387209
0.0008351547
0.000839662
0
0
0
0
0
0
0
0
0
0
0.0007452375
0.0007331475
0.0007205705
0.0007074928
0.0006938592
0
0
0
0
0
0
0
0
0
0
0.0007564233
0.0007447432
0.000732592
0.0007199599
0.0007067945
0
0
0
0
0
0
0
0
0
0.0007668112
0.0007555165
0.0007437614
0.0007315402
0.0007188058
0
0
0
0
0
0
0
0
0.0007764704
0.0007655455
0.0007541638
0.0007423259
0.0007299898
0
0
0
0
0
0
0
0.0007855188
0.0007749615
0.0007639414
0.0007524681
0.0007405066
0
0
0
0
0
0
0.0007941733
0.0007840062
0.0007733538
0.0007622418
0.000750645
0
0
0
0
0
0.0008028069
0.0007930915
0.0007828465
0.000772121
0.0007609069
0
0
0
0
0.000811288
0.0008021291
0.0007923517
0.0007820504
0.0007712417
0
0
0
0.0008193361
0.0008109
0.0008016907
0.0007918691
0.0007814979
0
0
0.0008265741
0.0008191489
0.000810671
0.0008014262
0.0007915445
0
0.0008324752
0.0008265413
0.0008190822
0.0008105762
0.0008012794
0.0008361949
0.0008325812
0.0008266226
0.0008191434
0.0008105936
0.0008364508
0.000832823
0.0008268553
0.0008193425
0.0008368957
0.0008332718
0.0008272853
0.0008376133
0.0008339875
0.0008385928
0
0
0
0
0
0
0
0
0
0
0.0007568604
0.0007451966
0.0007330624
0.0007204483
0.000707302
0
0
0
0
0
0
0
0
0
0.0007676475
0.0007563836
0.0007446608
0.0007324738
0.0007197754
0
0
0
0
0
0
0
0
0.0007776543
0.0007667726
0.0007554365
0.0007436467
0.0007313614
0
0
0
0
0
0
0
0.0007869378
0.0007764328
0.0007654675
0.0007540521
0.0007421519
0
0
0
0
0
0
0.0007955958
0.0007854817
0.000774885
0.0007638318
0.0007522975
0
0
0
0
0
0.0008038139
0.0007941365
0.0007839304
0.0007732453
0.0007620733
0
0
0
0
0.0008119057
0.0008027711
0.000793018
0.0007827412
0.0007719578
0
0
0
0.0008196749
0.0008112533
0.000802058
0.0007922503
0.0007818931
0
0
0.0008267204
0.0008193025
0.0008108313
0.0008015928
0.0007917173
0
0.0008324752
0.0008265413
0.0008190822
0.0008105762
0.0008012794
0.0008360654
0.0008324431
0.0008264764
0.0008189901
0.0008104338
0.0008361632
0.0008325176
0.0008265327
0.0008190048
0.0008363879
0.0008327348
0.0008267199
0.0008368085
0.0008331388
0.0008374826
0
0
0
0
0
0
0
0
0
0.0007680694
0.0007568208
0.0007451143
0.0007329444
0.0007202642
0
0
0
0
0
0
0
0
0.0007784614
0.0007676092
0.000756304
0.0007445467
0.0007322958
0
0
0
0
0
0
0
0.0007880803
0.0007776169
0.0007666953
0.0007553258
0.0007434741
0
0
0
0
0
0
0.0007969651
0.0007869013
0.0007763574
0.0007653596
0.000753884
0
0
0
0
0
0.0008051857
0.0007955599
0.0007854076
0.000774779
0.0007636669
0
0
0
0
0.0008128753
0.0008037782
0.0007940631
0.0007838254
0.0007730824
0
0
0
0.0008202678
0.0008118709
0.0008026998
0.0007929161
0.0007825833
0
0
0.0008270436
0.0008196412
0.0008111843
0.0008019597
0.000792098
0
0.0008326134
0.0008266876
0.0008192357
0.0008107363
0.0008014457
0.0008360654
0.0008324431
0.0008264764
0.0008189901
0.0008104338
0.0008360338
0.0008323796
0.0008263867
0.0008188517
0.0008361006
0.0008324297
0.0008263977
0.0008363011
0.0008326023
0.0008366776
0
0
0
0
0
0
0
0
0.0007788685
0.0007680311
0.0007567414
0.0007450005
0.0007327668
0
0
0
0
0
0
0
0.0007888593
0.0007784242
0.0007675322
0.0007561938
0.0007443748
0
0
0
0
0
0
0.0007980676
0.0007880442
0.0007775422
0.0007665883
0.000755159
0
0
0
0
0
0.0008065064
0.0007969297
0.0007868284
0.0007762531
0.0007651971
0
0
0
0
0.0008141968
0.0008051508
0.0007954882
0.0007853051
0.0007746196
0
0
0
0.0008211993
0.0008128406
0.0008037071
0.0007939615
0.0007836678
0
0
0.0008276102
0.000820234
0.0008118017
0.000802601
0.0007927632
0
0.0008329191
0.0008270107
0.0008195742
0.000811089
0.0008018121
0.0008361949
0.0008325812
0.0008266226
0.0008191434
0.0008105936
0.0008360338
0.0008323796
0.0008263867
0.0008188517
0.0008359712
0.0008322918
0.0008262519
0.0008360141
0.0008322976
0.0008361707
0
0
0
0
0
0
0
0.0007892523
0.0007788314
0.0007679543
0.0007566314
0.0007448289
0
0
0
0
0
0
0.0007988195
0.0007888234
0.0007783498
0.0007674257
0.0007560277
0
0
0
0
0
0.0008075701
0.0007980326
0.0007879718
0.0007774387
0.0007664271
0
0
0
0
0.0008154695
0.0008064721
0.0007968591
0.0007867275
0.0007760959
0
0
0
0.0008224702
0.000814163
0.0008050813
0.0007953889
0.0007851508
0
0
0.0008285017
0.0008211656
0.0008127716
0.0008036087
0.0007938089
0
0.0008334567
0.0008275772
0.0008201667
0.000811706
0.0008024529
0.0008364825
0.0008328869
0.0008269455
0.0008194815
0.0008109459
0.0008361632
0.0008325176
0.0008265327
0.0008190048
0.0008359712
0.0008322918
0.0008262519
0.0008358848
0.0008321599
0.0008358841
0
0
0
0
0
0
0.0007991988
0.0007892164
0.0007787571
0.000767848
0.0007564656
0
0
0
0
0
0.0008082955
0.0007987846
0.0007887513
0.0007782468
0.0007672651
0
0
0
0
0.0008164947
0.0008075361
0.0007979625
0.0007878717
0.0007772828
0
0
0
0.0008236943
0.0008154362
0.0008064036
0.0007967614
0.0007865754
0
0
0.0008297194
0.0008224372
0.0008140956
0.0008049852
0.0007952396
0
0.0008343046
0.0008284688
0.0008210986
0.0008126762
0.0008034608
0.0008369905
0.0008334244
0.0008275117
0.0008200738
0.0008115624
0.0008364508
0.000832823
0.0008268553
0.0008193425
0.0008361006
0.0008324297
0.0008263977
0.0008358848
0.0008321599
0.0008357551
0
0
0
0
0
0.0008086614
0.000799164
0.0007891445
0.0007786543
0.0007676877
0
0
0
0
0.000817194
0.0008082617
0.0007987149
0.0007886517
0.0007780915
0
0
0
0.0008246805
0.0008164617
0.0008074682
0.0007978657
0.0007877209
0
0
0.0008308926
0.0008236619
0.0008153698
0.000806309
0.0007966142
0
0.000835465
0.0008296873
0.0008223717
0.0008140023
0.0008048405
0.0008377948
0.0008342725
0.0008284036
0.0008210058
0.0008125328
0.0008369587
0.0008333603
0.0008274212
0.0008199342
0.0008363879
0.0008327348
0.0008267199
0.0008360141
0.0008322976
0.0008357551
0
0
0
0
0.0008175467
0.0008086277
0.0007990944
0.0007890451
0.0007784994
0
0
0
0.0008253533
0.0008171611
0.0008081941
0.0007986185
0.0007885015
0
0
0.0008318382
0.0008246484
0.0008163959
0.0008073743
0.0007977196
0
0.0008365835
0.0008308611
0.0008235973
0.000815278
0.0008061663
0.0008388985
0.0008354336
0.0008296234
0.0008222811
0.000813862
0.0008377631
0.0008342086
0.0008283133
0.0008208665
0.0008368957
0.0008332718
0.0008272853
0.0008363011
0.0008326023
0.0008358841
0
0
0
0.0008256927
0.000817514
0.0008085602
0.0007989982
0.0007888951
0
0
0.0008324832
0.0008253213
0.0008170956
0.0008081006
0.000798473
0
0.0008374852
0.0008318069
0.0008245844
0.0008163049
0.0008072328
0.0008399634
0.0008365526
0.0008307982
0.0008235081
0.0008151397
0.0008388676
0.0008353711
0.0008295352
0.0008221447
0.0008377002
0.0008341202
0.0008281776
0.0008368085
0.0008331388
0.0008361707
0
0
0.0008328087
0.0008256608
0.0008174486
0.000808467
0.000798853
0
0.0008381004
0.000832452
0.0008252576
0.000817005
0.0008079597
0.0008408227
0.0008374546
0.0008317445
0.000824496
0.0008161676
0.0008399329
0.000836491
0.0008307113
0.0008233737
0.000838806
0.0008352847
0.0008294024
0.0008376133
0.0008339875
0.0008366776
0
0.0008384109
0.0008327776
0.0008255972
0.0008173581
0.0008083263
0.0008414092
0.0008380699
0.0008323899
0.0008251696
0.0008168683
0.0008407925
0.0008373935
0.0008316583
0.0008243626
0.0008398722
0.0008364059
0.0008305803
0.0008387209
0.0008351547
0.0008374826
0.0008417053
0.0008383804
0.0008327156
0.0008255094
0.0008172217
0.0008413791
0.0008380091
0.0008323042
0.0008250367
0.0008407322
0.0008373091
0.0008315283
0.0008397884
0.0008362776
0.0008385928
0.0008416752
0.0008383197
0.00083263
0.0008253768
0.0008413191
0.0008379251
0.0008321747
0.000840649
0.0008371818
0.000839662
0.0008416154
0.0008382359
0.0008325008
0.0008412363
0.0008377983
0.0008405235
0.0008415327
0.0008381094
0.0008411113
0.0008414079
)
;

boundaryField
{
    cathodeSides
    {
        type            zeroGradient;
    }
    electrolyteSides
    {
        type            zeroGradient;
    }
    anodeSides
    {
        type            zeroGradient;
    }
    phiI_to_phiI0
    {
        type            zeroGradient;
    }
}


// ************************************************************************* //
