/*--------------------------------*- C++ -*----------------------------------*\
| =========                 |                                                 |
| \\      /  F ield         | OpenFOAM: The Open Source CFD Toolbox           |
|  \\    /   O peration     | Version:  2306                                  |
|   \\  /    A nd           | Website:  www.openfoam.com                      |
|    \\/     M anipulation  |                                                 |
\*---------------------------------------------------------------------------*/
FoamFile
{
    version     2.0;
    format      ascii;
    arch        "LSB;label=32;scalar=64";
    class       labelList;
    location    "1/electrolyte/polyMesh";
    object      faceRegionAddressing;
}
// * * * * * * * * * * * * * * * * * * * * * * * * * * * * * * * * * * * * * //


13100
(
15430
15431
15432
16671
16672
16673
16764
16765
16766
16767
16768
16769
17968
17969
17970
18061
18062
18063
18064
18065
18066
18157
18158
18159
18160
18161
18162
18163
18164
18165
19321
19322
19323
19414
19415
19416
19417
19418
19419
19510
19511
19512
19513
19514
19515
19516
19517
19518
19609
19610
19611
19612
19613
19614
19615
19616
19617
19618
19619
19620
20730
20731
20732
20823
20824
20825
20826
20827
20828
20919
20920
20921
20922
20923
20924
20925
20926
20927
21018
21019
21020
21021
21022
21023
21024
21025
21026
21027
21028
21029
21120
21121
21122
21123
21124
21125
21126
21127
21128
21129
21130
21131
21132
21133
22195
22196
22197
22288
22289
22290
22291
22292
22293
22384
22385
22386
22387
22388
22389
22390
22391
22392
22483
22484
22485
22486
22487
22488
22489
22490
22491
22492
22493
22494
22585
22586
22587
22588
22589
22590
22591
22592
22593
22594
22595
22596
22597
22598
22690
22691
22692
22693
22694
22695
22696
22697
22698
22699
22700
22701
22702
22703
23716
23717
23718
23809
23810
23811
23812
23813
23814
23905
23906
23907
23908
23909
23910
23911
23912
23913
24004
24005
24006
24007
24008
24009
24010
24011
24012
24013
24014
24015
24106
24107
24108
24109
24110
24111
24112
24113
24114
24115
24116
24117
24118
24119
24211
24212
24213
24214
24215
24216
24217
24218
24219
24220
24221
24222
24223
24224
24319
24320
24321
24322
24323
24324
24325
24326
24327
24328
24329
24330
24331
24332
25293
25294
25295
25386
25387
25388
25389
25390
25391
25482
25483
25484
25485
25486
25487
25488
25489
25490
25581
25582
25583
25584
25585
25586
25587
25588
25589
25590
25591
25592
25683
25684
25685
25686
25687
25688
25689
25690
25691
25692
25693
25694
25695
25696
25788
25789
25790
25791
25792
25793
25794
25795
25796
25797
25798
25799
25800
25801
25896
25897
25898
25899
25900
25901
25902
25903
25904
25905
25906
25907
25908
25909
26007
26008
26009
26010
26011
26012
26013
26014
26015
26016
26017
26018
26019
26020
26926
26927
26928
27019
27020
27021
27022
27023
27024
27115
27116
27117
27118
27119
27120
27121
27122
27123
27214
27215
27216
27217
27218
27219
27220
27221
27222
27223
27224
27225
27316
27317
27318
27319
27320
27321
27322
27323
27324
27325
27326
27327
27328
27329
27421
27422
27423
27424
27425
27426
27427
27428
27429
27430
27431
27432
27433
27434
27529
27530
27531
27532
27533
27534
27535
27536
27537
27538
27539
27540
27541
27542
27640
27641
27642
27643
27644
27645
27646
27647
27648
27649
27650
27651
27652
27653
27754
27755
27756
27757
27758
27759
27760
27761
27762
27763
27764
27765
27766
27767
28615
28616
28617
28708
28709
28710
28711
28712
28713
28804
28805
28806
28807
28808
28809
28810
28811
28812
28903
28904
28905
28906
28907
28908
28909
28910
28911
28912
28913
28914
29005
29006
29007
29008
29009
29010
29011
29012
29013
29014
29015
29016
29017
29018
29110
29111
29112
29113
29114
29115
29116
29117
29118
29119
29120
29121
29122
29123
29218
29219
29220
29221
29222
29223
29224
29225
29226
29227
29228
29229
29230
29231
29329
29330
29331
29332
29333
29334
29335
29336
29337
29338
29339
29340
29341
29342
29443
29444
29445
29446
29447
29448
29449
29450
29451
29452
29453
29454
29455
29456
29559
29560
29561
29562
29563
29564
29565
29566
29567
29568
29569
29570
29571
29572
30359
30360
30361
30452
30453
30454
30455
30456
30457
30548
30549
30550
30551
30552
30553
30554
30555
30556
30647
30648
30649
30650
30651
30652
30653
30654
30655
30656
30657
30658
30749
30750
30751
30752
30753
30754
30755
30756
30757
30758
30759
30760
30761
30762
30854
30855
30856
30857
30858
30859
30860
30861
30862
30863
30864
30865
30866
30867
30962
30963
30964
30965
30966
30967
30968
30969
30970
30971
30972
30973
30974
30975
31073
31074
31075
31076
31077
31078
31079
31080
31081
31082
31083
31084
31085
31086
31187
31188
31189
31190
31191
31192
31193
31194
31195
31196
31197
31198
31199
31200
31303
31304
31305
31306
31307
31308
31309
31310
31311
31312
31313
31314
31315
31316
31419
31420
31421
31422
31423
31424
31425
31426
31427
31428
31429
31430
31431
31432
32155
32156
32157
32248
32249
32250
32251
32252
32253
32344
32345
32346
32347
32348
32349
32350
32351
32352
32443
32444
32445
32446
32447
32448
32449
32450
32451
32452
32453
32454
32545
32546
32547
32548
32549
32550
32551
32552
32553
32554
32555
32556
32557
32558
32650
32651
32652
32653
32654
32655
32656
32657
32658
32659
32660
32661
32662
32663
32758
32759
32760
32761
32762
32763
32764
32765
32766
32767
32768
32769
32770
32771
32869
32870
32871
32872
32873
32874
32875
32876
32877
32878
32879
32880
32881
32882
32983
32984
32985
32986
32987
32988
32989
32990
32991
32992
32993
32994
32995
32996
33099
33100
33101
33102
33103
33104
33105
33106
33107
33108
33109
33110
33111
33112
33215
33216
33217
33218
33219
33220
33221
33222
33223
33224
33225
33226
33227
33228
33331
33332
33333
33334
33335
33336
33337
33338
33339
33340
33341
33342
33343
33344
34000
34001
34002
34093
34094
34095
34096
34097
34098
34189
34190
34191
34192
34193
34194
34195
34196
34197
34288
34289
34290
34291
34292
34293
34294
34295
34296
34297
34298
34299
34390
34391
34392
34393
34394
34395
34396
34397
34398
34399
34400
34401
34402
34403
34495
34496
34497
34498
34499
34500
34501
34502
34503
34504
34505
34506
34507
34508
34603
34604
34605
34606
34607
34608
34609
34610
34611
34612
34613
34614
34615
34616
34714
34715
34716
34717
34718
34719
34720
34721
34722
34723
34724
34725
34726
34727
34828
34829
34830
34831
34832
34833
34834
34835
34836
34837
34838
34839
34840
34841
34944
34945
34946
34947
34948
34949
34950
34951
34952
34953
34954
34955
34956
34957
35060
35061
35062
35063
35064
35065
35066
35067
35068
35069
35070
35071
35072
35073
35176
35177
35178
35179
35180
35181
35182
35183
35184
35185
35186
35187
35188
35189
35292
35293
35294
35295
35296
35297
35298
35299
35300
35301
35302
35303
35304
35305
35891
35892
35893
35984
35985
35986
35987
35988
35989
36080
36081
36082
36083
36084
36085
36086
36087
36088
36179
36180
36181
36182
36183
36184
36185
36186
36187
36188
36189
36190
36281
36282
36283
36284
36285
36286
36287
36288
36289
36290
36291
36292
36293
36294
36386
36387
36388
36389
36390
36391
36392
36393
36394
36395
36396
36397
36398
36399
36494
36495
36496
36497
36498
36499
36500
36501
36502
36503
36504
36505
36506
36507
36605
36606
36607
36608
36609
36610
36611
36612
36613
36614
36615
36616
36617
36618
36719
36720
36721
36722
36723
36724
36725
36726
36727
36728
36729
36730
36731
36732
36835
36836
36837
36838
36839
36840
36841
36842
36843
36844
36845
36846
36847
36848
36951
36952
36953
36954
36955
36956
36957
36958
36959
36960
36961
36962
36963
36964
37067
37068
37069
37070
37071
37072
37073
37074
37075
37076
37077
37078
37079
37080
37183
37184
37185
37186
37187
37188
37189
37190
37191
37192
37193
37194
37195
37196
37299
37300
37301
37302
37303
37304
37305
37306
37307
37308
37309
37310
37311
37312
37825
37826
37827
37918
37919
37920
37921
37922
37923
38014
38015
38016
38017
38018
38019
38020
38021
38022
38113
38114
38115
38116
38117
38118
38119
38120
38121
38122
38123
38124
38215
38216
38217
38218
38219
38220
38221
38222
38223
38224
38225
38226
38227
38228
38320
38321
38322
38323
38324
38325
38326
38327
38328
38329
38330
38331
38332
38333
38428
38429
38430
38431
38432
38433
38434
38435
38436
38437
38438
38439
38440
38441
38539
38540
38541
38542
38543
38544
38545
38546
38547
38548
38549
38550
38551
38552
38653
38654
38655
38656
38657
38658
38659
38660
38661
38662
38663
38664
38665
38666
38769
38770
38771
38772
38773
38774
38775
38776
38777
38778
38779
38780
38781
38782
38885
38886
38887
38888
38889
38890
38891
38892
38893
38894
38895
38896
38897
38898
39001
39002
39003
39004
39005
39006
39007
39008
39009
39010
39011
39012
39013
39014
39117
39118
39119
39120
39121
39122
39123
39124
39125
39126
39127
39128
39129
39130
39233
39234
39235
39236
39237
39238
39239
39240
39241
39242
39243
39244
39245
39246
39349
39350
39351
39352
39353
39354
39355
39356
39357
39358
39359
39360
39361
39362
39799
39800
39801
39892
39893
39894
39895
39896
39897
39988
39989
39990
39991
39992
39993
39994
39995
39996
40087
40088
40089
40090
40091
40092
40093
40094
40095
40096
40097
40098
40189
40190
40191
40192
40193
40194
40195
40196
40197
40198
40199
40200
40201
40202
40294
40295
40296
40297
40298
40299
40300
40301
40302
40303
40304
40305
40306
40307
40402
40403
40404
40405
40406
40407
40408
40409
40410
40411
40412
40413
40414
40415
40513
40514
40515
40516
40517
40518
40519
40520
40521
40522
40523
40524
40525
40526
40627
40628
40629
40630
40631
40632
40633
40634
40635
40636
40637
40638
40639
40640
40743
40744
40745
40746
40747
40748
40749
40750
40751
40752
40753
40754
40755
40756
40859
40860
40861
40862
40863
40864
40865
40866
40867
40868
40869
40870
40871
40872
40975
40976
40977
40978
40979
40980
40981
40982
40983
40984
40985
40986
40987
40988
41091
41092
41093
41094
41095
41096
41097
41098
41099
41100
41101
41102
41103
41104
41207
41208
41209
41210
41211
41212
41213
41214
41215
41216
41217
41218
41219
41220
41323
41324
41325
41326
41327
41328
41329
41330
41331
41332
41333
41334
41335
41336
41439
41440
41441
41442
41443
41444
41445
41446
41447
41448
41449
41450
41451
41452
41810
41811
41812
41903
41904
41905
41906
41907
41908
41999
42000
42001
42002
42003
42004
42005
42006
42007
42098
42099
42100
42101
42102
42103
42104
42105
42106
42107
42108
42109
42200
42201
42202
42203
42204
42205
42206
42207
42208
42209
42210
42211
42212
42213
42305
42306
42307
42308
42309
42310
42311
42312
42313
42314
42315
42316
42317
42318
42413
42414
42415
42416
42417
42418
42419
42420
42421
42422
42423
42424
42425
42426
42524
42525
42526
42527
42528
42529
42530
42531
42532
42533
42534
42535
42536
42537
42638
42639
42640
42641
42642
42643
42644
42645
42646
42647
42648
42649
42650
42651
42754
42755
42756
42757
42758
42759
42760
42761
42762
42763
42764
42765
42766
42767
42870
42871
42872
42873
42874
42875
42876
42877
42878
42879
42880
42881
42882
42883
42986
42987
42988
42989
42990
42991
42992
42993
42994
42995
42996
42997
42998
42999
43102
43103
43104
43105
43106
43107
43108
43109
43110
43111
43112
43113
43114
43115
43218
43219
43220
43221
43222
43223
43224
43225
43226
43227
43228
43229
43230
43231
43334
43335
43336
43337
43338
43339
43340
43341
43342
43343
43344
43345
43346
43347
43450
43451
43452
43453
43454
43455
43456
43457
43458
43459
43460
43461
43462
43463
43566
43567
43568
43569
43570
43571
43572
43573
43574
43575
43576
43577
43578
43579
43855
43856
43857
43948
43949
43950
43951
43952
43953
44044
44045
44046
44047
44048
44049
44050
44051
44052
44143
44144
44145
44146
44147
44148
44149
44150
44151
44152
44153
44154
44245
44246
44247
44248
44249
44250
44251
44252
44253
44254
44255
44256
44257
44258
44350
44351
44352
44353
44354
44355
44356
44357
44358
44359
44360
44361
44362
44363
44458
44459
44460
44461
44462
44463
44464
44465
44466
44467
44468
44469
44470
44471
44569
44570
44571
44572
44573
44574
44575
44576
44577
44578
44579
44580
44581
44582
44683
44684
44685
44686
44687
44688
44689
44690
44691
44692
44693
44694
44695
44696
44799
44800
44801
44802
44803
44804
44805
44806
44807
44808
44809
44810
44811
44812
44915
44916
44917
44918
44919
44920
44921
44922
44923
44924
44925
44926
44927
44928
45031
45032
45033
45034
45035
45036
45037
45038
45039
45040
45041
45042
45043
45044
45147
45148
45149
45150
45151
45152
45153
45154
45155
45156
45157
45158
45159
45160
45263
45264
45265
45266
45267
45268
45269
45270
45271
45272
45273
45274
45275
45276
45379
45380
45381
45382
45383
45384
45385
45386
45387
45388
45389
45390
45391
45392
45495
45496
45497
45498
45499
45500
45501
45502
45503
45504
45505
45506
45507
45508
45611
45612
45613
45614
45615
45616
45617
45618
45619
45620
45621
45622
45623
45624
45727
45728
45729
45730
45731
45732
45733
45734
45735
45736
45737
45738
45739
45740
45931
45932
45933
46024
46025
46026
46027
46028
46029
46120
46121
46122
46123
46124
46125
46126
46127
46128
46219
46220
46221
46222
46223
46224
46225
46226
46227
46228
46229
46230
46321
46322
46323
46324
46325
46326
46327
46328
46329
46330
46331
46332
46333
46334
46426
46427
46428
46429
46430
46431
46432
46433
46434
46435
46436
46437
46438
46439
46534
46535
46536
46537
46538
46539
46540
46541
46542
46543
46544
46545
46546
46547
46645
46646
46647
46648
46649
46650
46651
46652
46653
46654
46655
46656
46657
46658
46759
46760
46761
46762
46763
46764
46765
46766
46767
46768
46769
46770
46771
46772
46875
46876
46877
46878
46879
46880
46881
46882
46883
46884
46885
46886
46887
46888
46991
46992
46993
46994
46995
46996
46997
46998
46999
47000
47001
47002
47003
47004
47107
47108
47109
47110
47111
47112
47113
47114
47115
47116
47117
47118
47119
47120
47223
47224
47225
47226
47227
47228
47229
47230
47231
47232
47233
47234
47235
47236
47339
47340
47341
47342
47343
47344
47345
47346
47347
47348
47349
47350
47351
47352
47455
47456
47457
47458
47459
47460
47461
47462
47463
47464
47465
47466
47467
47468
47571
47572
47573
47574
47575
47576
47577
47578
47579
47580
47581
47582
47583
47584
47687
47688
47689
47690
47691
47692
47693
47694
47695
47696
47697
47698
47699
47700
47803
47804
47805
47806
47807
47808
47809
47810
47811
47812
47813
47814
47815
47816
47919
47920
47921
47922
47923
47924
47925
47926
47927
47928
47929
47930
47931
47932
48036
48037
48128
48129
48130
48131
48132
48133
48224
48225
48226
48227
48228
48229
48230
48231
48232
48323
48324
48325
48326
48327
48328
48329
48330
48331
48332
48333
48334
48425
48426
48427
48428
48429
48430
48431
48432
48433
48434
48435
48436
48437
48438
48530
48531
48532
48533
48534
48535
48536
48537
48538
48539
48540
48541
48542
48543
48638
48639
48640
48641
48642
48643
48644
48645
48646
48647
48648
48649
48650
48651
48749
48750
48751
48752
48753
48754
48755
48756
48757
48758
48759
48760
48761
48762
48863
48864
48865
48866
48867
48868
48869
48870
48871
48872
48873
48874
48875
48876
48979
48980
48981
48982
48983
48984
48985
48986
48987
48988
48989
48990
48991
48992
49095
49096
49097
49098
49099
49100
49101
49102
49103
49104
49105
49106
49107
49108
49211
49212
49213
49214
49215
49216
49217
49218
49219
49220
49221
49222
49223
49224
49327
49328
49329
49330
49331
49332
49333
49334
49335
49336
49337
49338
49339
49340
49443
49444
49445
49446
49447
49448
49449
49450
49451
49452
49453
49454
49455
49456
49559
49560
49561
49562
49563
49564
49565
49566
49567
49568
49569
49570
49571
49572
49675
49676
49677
49678
49679
49680
49681
49682
49683
49684
49685
49686
49687
49688
49791
49792
49793
49794
49795
49796
49797
49798
49799
49800
49801
49802
49803
49804
49907
49908
49909
49910
49911
49912
49913
49914
49915
49916
49917
49918
49919
49920
50023
50024
50025
50026
50027
50028
50029
50030
50031
50032
50033
50034
50035
50036
50139
50140
50141
50142
50143
50144
50145
50146
50147
50148
50149
50150
50151
50152
50259
50260
50261
50262
50353
50354
50355
50356
50357
50358
50359
50360
50361
50452
50453
50454
50455
50456
50457
50458
50459
50460
50461
50462
50463
50554
50555
50556
50557
50558
50559
50560
50561
50562
50563
50564
50565
50566
50567
50659
50660
50661
50662
50663
50664
50665
50666
50667
50668
50669
50670
50671
50672
50767
50768
50769
50770
50771
50772
50773
50774
50775
50776
50777
50778
50779
50780
50878
50879
50880
50881
50882
50883
50884
50885
50886
50887
50888
50889
50890
50891
50992
50993
50994
50995
50996
50997
50998
50999
51000
51001
51002
51003
51004
51005
51108
51109
51110
51111
51112
51113
51114
51115
51116
51117
51118
51119
51120
51121
51224
51225
51226
51227
51228
51229
51230
51231
51232
51233
51234
51235
51236
51237
51340
51341
51342
51343
51344
51345
51346
51347
51348
51349
51350
51351
51352
51353
51456
51457
51458
51459
51460
51461
51462
51463
51464
51465
51466
51467
51468
51469
51572
51573
51574
51575
51576
51577
51578
51579
51580
51581
51582
51583
51584
51585
51688
51689
51690
51691
51692
51693
51694
51695
51696
51697
51698
51699
51700
51701
51804
51805
51806
51807
51808
51809
51810
51811
51812
51813
51814
51815
51816
51817
51920
51921
51922
51923
51924
51925
51926
51927
51928
51929
51930
51931
51932
51933
52036
52037
52038
52039
52040
52041
52042
52043
52044
52045
52046
52047
52048
52049
52152
52153
52154
52155
52156
52157
52158
52159
52160
52161
52162
52163
52164
52165
52268
52269
52270
52271
52272
52273
52274
52275
52276
52277
52278
52279
52280
52281
52384
52385
52386
52387
52388
52389
52390
52391
52392
52393
52394
52395
52396
52397
52507
52508
52509
52510
52511
52512
52603
52604
52605
52606
52607
52608
52609
52610
52611
52612
52613
52614
52705
52706
52707
52708
52709
52710
52711
52712
52713
52714
52715
52716
52717
52718
52810
52811
52812
52813
52814
52815
52816
52817
52818
52819
52820
52821
52822
52823
52918
52919
52920
52921
52922
52923
52924
52925
52926
52927
52928
52929
52930
52931
53029
53030
53031
53032
53033
53034
53035
53036
53037
53038
53039
53040
53041
53042
53143
53144
53145
53146
53147
53148
53149
53150
53151
53152
53153
53154
53155
53156
53259
53260
53261
53262
53263
53264
53265
53266
53267
53268
53269
53270
53271
53272
53375
53376
53377
53378
53379
53380
53381
53382
53383
53384
53385
53386
53387
53388
53491
53492
53493
53494
53495
53496
53497
53498
53499
53500
53501
53502
53503
53504
53607
53608
53609
53610
53611
53612
53613
53614
53615
53616
53617
53618
53619
53620
53723
53724
53725
53726
53727
53728
53729
53730
53731
53732
53733
53734
53735
53736
53839
53840
53841
53842
53843
53844
53845
53846
53847
53848
53849
53850
53851
53852
53955
53956
53957
53958
53959
53960
53961
53962
53963
53964
53965
53966
53967
53968
54071
54072
54073
54074
54075
54076
54077
54078
54079
54080
54081
54082
54083
54084
54187
54188
54189
54190
54191
54192
54193
54194
54195
54196
54197
54198
54199
54200
54303
54304
54305
54306
54307
54308
54309
54310
54311
54312
54313
54314
54315
54316
54419
54420
54421
54422
54423
54424
54425
54426
54427
54428
54429
54430
54431
54432
54535
54536
54537
54538
54539
54540
54541
54542
54543
54544
54545
54546
54547
54548
54651
54652
54653
54654
54655
54656
54657
54658
54659
54660
54661
54662
54663
54664
54777
54778
54779
54780
54781
54782
54783
54784
54875
54876
54877
54878
54879
54880
54881
54882
54883
54884
54885
54886
54887
54888
54980
54981
54982
54983
54984
54985
54986
54987
54988
54989
54990
54991
54992
54993
55088
55089
55090
55091
55092
55093
55094
55095
55096
55097
55098
55099
55100
55101
55199
55200
55201
55202
55203
55204
55205
55206
55207
55208
55209
55210
55211
55212
55313
55314
55315
55316
55317
55318
55319
55320
55321
55322
55323
55324
55325
55326
55429
55430
55431
55432
55433
55434
55435
55436
55437
55438
55439
55440
55441
55442
55545
55546
55547
55548
55549
55550
55551
55552
55553
55554
55555
55556
55557
55558
55661
55662
55663
55664
55665
55666
55667
55668
55669
55670
55671
55672
55673
55674
55777
55778
55779
55780
55781
55782
55783
55784
55785
55786
55787
55788
55789
55790
55893
55894
55895
55896
55897
55898
55899
55900
55901
55902
55903
55904
55905
55906
56009
56010
56011
56012
56013
56014
56015
56016
56017
56018
56019
56020
56021
56022
56125
56126
56127
56128
56129
56130
56131
56132
56133
56134
56135
56136
56137
56138
56241
56242
56243
56244
56245
56246
56247
56248
56249
56250
56251
56252
56253
56254
56357
56358
56359
56360
56361
56362
56363
56364
56365
56366
56367
56368
56369
56370
56473
56474
56475
56476
56477
56478
56479
56480
56481
56482
56483
56484
56485
56486
56589
56590
56591
56592
56593
56594
56595
56596
56597
56598
56599
56600
56601
56602
56705
56706
56707
56708
56709
56710
56711
56712
56713
56714
56715
56716
56717
56718
56821
56822
56823
56824
56825
56826
56827
56828
56829
56830
56831
56832
56833
56834
56937
56938
56939
56940
56941
56942
56943
56944
56945
56946
56947
56948
56949
56950
57066
57067
57068
57069
57070
57071
57072
57073
57074
57166
57167
57168
57169
57170
57171
57172
57173
57174
57175
57176
57177
57178
57179
57274
57275
57276
57277
57278
57279
57280
57281
57282
57283
57284
57285
57286
57287
57385
57386
57387
57388
57389
57390
57391
57392
57393
57394
57395
57396
57397
57398
57499
57500
57501
57502
57503
57504
57505
57506
57507
57508
57509
57510
57511
57512
57615
57616
57617
57618
57619
57620
57621
57622
57623
57624
57625
57626
57627
57628
57731
57732
57733
57734
57735
57736
57737
57738
57739
57740
57741
57742
57743
57744
57847
57848
57849
57850
57851
57852
57853
57854
57855
57856
57857
57858
57859
57860
57963
57964
57965
57966
57967
57968
57969
57970
57971
57972
57973
57974
57975
57976
58079
58080
58081
58082
58083
58084
58085
58086
58087
58088
58089
58090
58091
58092
58195
58196
58197
58198
58199
58200
58201
58202
58203
58204
58205
58206
58207
58208
58311
58312
58313
58314
58315
58316
58317
58318
58319
58320
58321
58322
58323
58324
58427
58428
58429
58430
58431
58432
58433
58434
58435
58436
58437
58438
58439
58440
58543
58544
58545
58546
58547
58548
58549
58550
58551
58552
58553
58554
58555
58556
58659
58660
58661
58662
58663
58664
58665
58666
58667
58668
58669
58670
58671
58672
58775
58776
58777
58778
58779
58780
58781
58782
58783
58784
58785
58786
58787
58788
58891
58892
58893
58894
58895
58896
58897
58898
58899
58900
58901
58902
58903
58904
59007
59008
59009
59010
59011
59012
59013
59014
59015
59016
59017
59018
59019
59020
59123
59124
59125
59126
59127
59128
59129
59130
59131
59132
59133
59134
59135
59136
59239
59240
59241
59242
59243
59244
59245
59246
59247
59248
59249
59250
59251
59252
59371
59372
59373
59374
59375
59376
59377
59378
59379
59473
59474
59475
59476
59477
59478
59479
59480
59481
59482
59483
59484
59485
59486
59584
59585
59586
59587
59588
59589
59590
59591
59592
59593
59594
59595
59596
59597
59698
59699
59700
59701
59702
59703
59704
59705
59706
59707
59708
59709
59710
59711
59814
59815
59816
59817
59818
59819
59820
59821
59822
59823
59824
59825
59826
59827
59930
59931
59932
59933
59934
59935
59936
59937
59938
59939
59940
59941
59942
59943
60046
60047
60048
60049
60050
60051
60052
60053
60054
60055
60056
60057
60058
60059
60162
60163
60164
60165
60166
60167
60168
60169
60170
60171
60172
60173
60174
60175
60278
60279
60280
60281
60282
60283
60284
60285
60286
60287
60288
60289
60290
60291
60394
60395
60396
60397
60398
60399
60400
60401
60402
60403
60404
60405
60406
60407
60510
60511
60512
60513
60514
60515
60516
60517
60518
60519
60520
60521
60522
60523
60626
60627
60628
60629
60630
60631
60632
60633
60634
60635
60636
60637
60638
60639
60742
60743
60744
60745
60746
60747
60748
60749
60750
60751
60752
60753
60754
60755
60858
60859
60860
60861
60862
60863
60864
60865
60866
60867
60868
60869
60870
60871
60974
60975
60976
60977
60978
60979
60980
60981
60982
60983
60984
60985
60986
60987
61090
61091
61092
61093
61094
61095
61096
61097
61098
61099
61100
61101
61102
61103
61206
61207
61208
61209
61210
61211
61212
61213
61214
61215
61216
61217
61218
61219
61322
61323
61324
61325
61326
61327
61328
61329
61330
61331
61332
61333
61334
61335
61438
61439
61440
61441
61442
61443
61444
61445
61446
61447
61448
61449
61450
61451
61554
61555
61556
61557
61558
61559
61560
61561
61562
61563
61564
61565
61566
61567
61689
61690
61691
61692
61693
61694
61695
61696
61697
61793
61794
61795
61796
61797
61798
61799
61800
61801
61802
61803
61804
61805
61806
61907
61908
61909
61910
61911
61912
61913
61914
61915
61916
61917
61918
61919
61920
62023
62024
62025
62026
62027
62028
62029
62030
62031
62032
62033
62034
62035
62036
62139
62140
62141
62142
62143
62144
62145
62146
62147
62148
62149
62150
62151
62152
62255
62256
62257
62258
62259
62260
62261
62262
62263
62264
62265
62266
62267
62268
62371
62372
62373
62374
62375
62376
62377
62378
62379
62380
62381
62382
62383
62384
62487
62488
62489
62490
62491
62492
62493
62494
62495
62496
62497
62498
62499
62500
62603
62604
62605
62606
62607
62608
62609
62610
62611
62612
62613
62614
62615
62616
62719
62720
62721
62722
62723
62724
62725
62726
62727
62728
62729
62730
62731
62732
62835
62836
62837
62838
62839
62840
62841
62842
62843
62844
62845
62846
62847
62848
62951
62952
62953
62954
62955
62956
62957
62958
62959
62960
62961
62962
62963
62964
63067
63068
63069
63070
63071
63072
63073
63074
63075
63076
63077
63078
63079
63080
63183
63184
63185
63186
63187
63188
63189
63190
63191
63192
63193
63194
63195
63196
63299
63300
63301
63302
63303
63304
63305
63306
63307
63308
63309
63310
63311
63312
63415
63416
63417
63418
63419
63420
63421
63422
63423
63424
63425
63426
63427
63428
63531
63532
63533
63534
63535
63536
63537
63538
63539
63540
63541
63542
63543
63544
63647
63648
63649
63650
63651
63652
63653
63654
63655
63656
63657
63658
63659
63660
63763
63764
63765
63766
63767
63768
63769
63770
63771
63772
63773
63774
63775
63776
63879
63880
63881
63882
63883
63884
63885
63886
63887
63888
63889
63890
63891
63892
64017
64018
64019
64020
64021
64022
64023
64024
64025
64123
64124
64125
64126
64127
64128
64129
64130
64131
64132
64133
64134
64135
64136
64239
64240
64241
64242
64243
64244
64245
64246
64247
64248
64249
64250
64251
64252
64355
64356
64357
64358
64359
64360
64361
64362
64363
64364
64365
64366
64367
64368
64471
64472
64473
64474
64475
64476
64477
64478
64479
64480
64481
64482
64483
64484
64587
64588
64589
64590
64591
64592
64593
64594
64595
64596
64597
64598
64599
64600
64703
64704
64705
64706
64707
64708
64709
64710
64711
64712
64713
64714
64715
64716
64819
64820
64821
64822
64823
64824
64825
64826
64827
64828
64829
64830
64831
64832
64935
64936
64937
64938
64939
64940
64941
64942
64943
64944
64945
64946
64947
64948
65051
65052
65053
65054
65055
65056
65057
65058
65059
65060
65061
65062
65063
65064
65167
65168
65169
65170
65171
65172
65173
65174
65175
65176
65177
65178
65179
65180
65283
65284
65285
65286
65287
65288
65289
65290
65291
65292
65293
65294
65295
65296
65399
65400
65401
65402
65403
65404
65405
65406
65407
65408
65409
65410
65411
65412
65515
65516
65517
65518
65519
65520
65521
65522
65523
65524
65525
65526
65527
65528
65631
65632
65633
65634
65635
65636
65637
65638
65639
65640
65641
65642
65643
65644
65747
65748
65749
65750
65751
65752
65753
65754
65755
65756
65757
65758
65759
65760
65863
65864
65865
65866
65867
65868
65869
65870
65871
65872
65873
65874
65875
65876
65979
65980
65981
65982
65983
65984
65985
65986
65987
65988
65989
65990
65991
65992
66095
66096
66097
66098
66099
66100
66101
66102
66103
66104
66105
66106
66107
66108
66211
66212
66213
66214
66215
66216
66217
66218
66219
66220
66221
66222
66223
66224
66352
66353
66354
66355
66356
66357
66358
66359
66360
66459
66460
66461
66462
66463
66464
66465
66466
66467
66468
66469
66470
66471
66472
66575
66576
66577
66578
66579
66580
66581
66582
66583
66584
66585
66586
66587
66588
66691
66692
66693
66694
66695
66696
66697
66698
66699
66700
66701
66702
66703
66704
66807
66808
66809
66810
66811
66812
66813
66814
66815
66816
66817
66818
66819
66820
66923
66924
66925
66926
66927
66928
66929
66930
66931
66932
66933
66934
66935
66936
67039
67040
67041
67042
67043
67044
67045
67046
67047
67048
67049
67050
67051
67052
67155
67156
67157
67158
67159
67160
67161
67162
67163
67164
67165
67166
67167
67168
67271
67272
67273
67274
67275
67276
67277
67278
67279
67280
67281
67282
67283
67284
67387
67388
67389
67390
67391
67392
67393
67394
67395
67396
67397
67398
67399
67400
67503
67504
67505
67506
67507
67508
67509
67510
67511
67512
67513
67514
67515
67516
67619
67620
67621
67622
67623
67624
67625
67626
67627
67628
67629
67630
67631
67632
67735
67736
67737
67738
67739
67740
67741
67742
67743
67744
67745
67746
67747
67748
67851
67852
67853
67854
67855
67856
67857
67858
67859
67860
67861
67862
67863
67864
67967
67968
67969
67970
67971
67972
67973
67974
67975
67976
67977
67978
67979
67980
68083
68084
68085
68086
68087
68088
68089
68090
68091
68092
68093
68094
68095
68096
68199
68200
68201
68202
68203
68204
68205
68206
68207
68208
68209
68210
68211
68212
68315
68316
68317
68318
68319
68320
68321
68322
68323
68324
68325
68326
68327
68328
68431
68432
68433
68434
68435
68436
68437
68438
68439
68440
68441
68442
68443
68444
68547
68548
68549
68550
68551
68552
68553
68554
68555
68556
68557
68558
68559
68560
68690
68691
68692
68693
68694
68695
68696
68697
68698
68796
68797
68798
68799
68800
68801
68802
68803
68804
68805
68806
68807
68808
68809
68912
68913
68914
68915
68916
68917
68918
68919
68920
68921
68922
68923
68924
68925
69028
69029
69030
69031
69032
69033
69034
69035
69036
69037
69038
69039
69040
69041
69144
69145
69146
69147
69148
69149
69150
69151
69152
69153
69154
69155
69156
69157
69260
69261
69262
69263
69264
69265
69266
69267
69268
69269
69270
69271
69272
69273
69376
69377
69378
69379
69380
69381
69382
69383
69384
69385
69386
69387
69388
69389
69492
69493
69494
69495
69496
69497
69498
69499
69500
69501
69502
69503
69504
69505
69608
69609
69610
69611
69612
69613
69614
69615
69616
69617
69618
69619
69620
69621
69724
69725
69726
69727
69728
69729
69730
69731
69732
69733
69734
69735
69736
69737
69840
69841
69842
69843
69844
69845
69846
69847
69848
69849
69850
69851
69852
69853
69956
69957
69958
69959
69960
69961
69962
69963
69964
69965
69966
69967
69968
69969
70072
70073
70074
70075
70076
70077
70078
70079
70080
70081
70082
70083
70084
70085
70188
70189
70190
70191
70192
70193
70194
70195
70196
70197
70198
70199
70200
70201
70304
70305
70306
70307
70308
70309
70310
70311
70312
70313
70314
70315
70316
70317
70420
70421
70422
70423
70424
70425
70426
70427
70428
70429
70430
70431
70432
70433
70536
70537
70538
70539
70540
70541
70542
70543
70544
70545
70546
70547
70548
70549
70652
70653
70654
70655
70656
70657
70658
70659
70660
70661
70662
70663
70664
70665
70768
70769
70770
70771
70772
70773
70774
70775
70776
70777
70778
70779
70780
70781
70884
70885
70886
70887
70888
70889
70890
70891
70892
70893
70894
70895
70896
70897
71028
71029
71030
71031
71032
71033
71034
71035
71036
71133
71134
71135
71136
71137
71138
71139
71140
71141
71142
71143
71144
71145
71146
71249
71250
71251
71252
71253
71254
71255
71256
71257
71258
71259
71260
71261
71262
71365
71366
71367
71368
71369
71370
71371
71372
71373
71374
71375
71376
71377
71378
71481
71482
71483
71484
71485
71486
71487
71488
71489
71490
71491
71492
71493
71494
71597
71598
71599
71600
71601
71602
71603
71604
71605
71606
71607
71608
71609
71610
71713
71714
71715
71716
71717
71718
71719
71720
71721
71722
71723
71724
71725
71726
71829
71830
71831
71832
71833
71834
71835
71836
71837
71838
71839
71840
71841
71842
71945
71946
71947
71948
71949
71950
71951
71952
71953
71954
71955
71956
71957
71958
72061
72062
72063
72064
72065
72066
72067
72068
72069
72070
72071
72072
72073
72074
72177
72178
72179
72180
72181
72182
72183
72184
72185
72186
72187
72188
72189
72190
72293
72294
72295
72296
72297
72298
72299
72300
72301
72302
72303
72304
72305
72306
72409
72410
72411
72412
72413
72414
72415
72416
72417
72418
72419
72420
72421
72422
72525
72526
72527
72528
72529
72530
72531
72532
72533
72534
72535
72536
72537
72538
72641
72642
72643
72644
72645
72646
72647
72648
72649
72650
72651
72652
72653
72654
72757
72758
72759
72760
72761
72762
72763
72764
72765
72766
72767
72768
72769
72770
72873
72874
72875
72876
72877
72878
72879
72880
72881
72882
72883
72884
72885
72886
72989
72990
72991
72992
72993
72994
72995
72996
72997
72998
72999
73000
73001
73002
73105
73106
73107
73108
73109
73110
73111
73112
73113
73114
73115
73116
73117
73118
73221
73222
73223
73224
73225
73226
73227
73228
73229
73230
73231
73232
73233
73234
73366
73367
73368
73369
73370
73371
73372
73373
73374
73470
73471
73472
73473
73474
73475
73476
73477
73478
73479
73480
73481
73482
73483
73586
73587
73588
73589
73590
73591
73592
73593
73594
73595
73596
73597
73598
73599
73702
73703
73704
73705
73706
73707
73708
73709
73710
73711
73712
73713
73714
73715
73818
73819
73820
73821
73822
73823
73824
73825
73826
73827
73828
73829
73830
73831
73934
73935
73936
73937
73938
73939
73940
73941
73942
73943
73944
73945
73946
73947
74050
74051
74052
74053
74054
74055
74056
74057
74058
74059
74060
74061
74062
74063
74166
74167
74168
74169
74170
74171
74172
74173
74174
74175
74176
74177
74178
74179
74282
74283
74284
74285
74286
74287
74288
74289
74290
74291
74292
74293
74294
74295
74398
74399
74400
74401
74402
74403
74404
74405
74406
74407
74408
74409
74410
74411
74514
74515
74516
74517
74518
74519
74520
74521
74522
74523
74524
74525
74526
74527
74630
74631
74632
74633
74634
74635
74636
74637
74638
74639
74640
74641
74642
74643
74746
74747
74748
74749
74750
74751
74752
74753
74754
74755
74756
74757
74758
74759
74862
74863
74864
74865
74866
74867
74868
74869
74870
74871
74872
74873
74874
74875
74978
74979
74980
74981
74982
74983
74984
74985
74986
74987
74988
74989
74990
74991
75094
75095
75096
75097
75098
75099
75100
75101
75102
75103
75104
75105
75106
75107
75210
75211
75212
75213
75214
75215
75216
75217
75218
75219
75220
75221
75222
75223
75326
75327
75328
75329
75330
75331
75332
75333
75334
75335
75336
75337
75338
75339
75442
75443
75444
75445
75446
75447
75448
75449
75450
75451
75452
75453
75454
75455
75558
75559
75560
75561
75562
75563
75564
75565
75566
75567
75568
75569
75570
75571
75704
75705
75706
75707
75708
75709
75710
75711
75712
75807
75808
75809
75810
75811
75812
75813
75814
75815
75816
75817
75818
75819
75820
75923
75924
75925
75926
75927
75928
75929
75930
75931
75932
75933
75934
75935
75936
76039
76040
76041
76042
76043
76044
76045
76046
76047
76048
76049
76050
76051
76052
76155
76156
76157
76158
76159
76160
76161
76162
76163
76164
76165
76166
76167
76168
76271
76272
76273
76274
76275
76276
76277
76278
76279
76280
76281
76282
76283
76284
76387
76388
76389
76390
76391
76392
76393
76394
76395
76396
76397
76398
76399
76400
76503
76504
76505
76506
76507
76508
76509
76510
76511
76512
76513
76514
76515
76516
76619
76620
76621
76622
76623
76624
76625
76626
76627
76628
76629
76630
76631
76632
76735
76736
76737
76738
76739
76740
76741
76742
76743
76744
76745
76746
76747
76748
76851
76852
76853
76854
76855
76856
76857
76858
76859
76860
76861
76862
76863
76864
76967
76968
76969
76970
76971
76972
76973
76974
76975
76976
76977
76978
76979
76980
77083
77084
77085
77086
77087
77088
77089
77090
77091
77092
77093
77094
77095
77096
77199
77200
77201
77202
77203
77204
77205
77206
77207
77208
77209
77210
77211
77212
77315
77316
77317
77318
77319
77320
77321
77322
77323
77324
77325
77326
77327
77328
77431
77432
77433
77434
77435
77436
77437
77438
77439
77440
77441
77442
77443
77444
77547
77548
77549
77550
77551
77552
77553
77554
77555
77556
77557
77558
77559
77560
77663
77664
77665
77666
77667
77668
77669
77670
77671
77672
77673
77674
77675
77676
77779
77780
77781
77782
77783
77784
77785
77786
77787
77788
77789
77790
77791
77792
77895
77896
77897
77898
77899
77900
77901
77902
77903
77904
77905
77906
77907
77908
78042
78043
78044
78045
78046
78047
78048
78049
78050
78144
78145
78146
78147
78148
78149
78150
78151
78152
78153
78154
78155
78156
78157
78260
78261
78262
78263
78264
78265
78266
78267
78268
78269
78270
78271
78272
78273
78376
78377
78378
78379
78380
78381
78382
78383
78384
78385
78386
78387
78388
78389
78492
78493
78494
78495
78496
78497
78498
78499
78500
78501
78502
78503
78504
78505
78608
78609
78610
78611
78612
78613
78614
78615
78616
78617
78618
78619
78620
78621
78724
78725
78726
78727
78728
78729
78730
78731
78732
78733
78734
78735
78736
78737
78840
78841
78842
78843
78844
78845
78846
78847
78848
78849
78850
78851
78852
78853
78956
78957
78958
78959
78960
78961
78962
78963
78964
78965
78966
78967
78968
78969
79072
79073
79074
79075
79076
79077
79078
79079
79080
79081
79082
79083
79084
79085
79188
79189
79190
79191
79192
79193
79194
79195
79196
79197
79198
79199
79200
79201
79304
79305
79306
79307
79308
79309
79310
79311
79312
79313
79314
79315
79316
79317
79420
79421
79422
79423
79424
79425
79426
79427
79428
79429
79430
79431
79432
79433
79536
79537
79538
79539
79540
79541
79542
79543
79544
79545
79546
79547
79548
79549
79652
79653
79654
79655
79656
79657
79658
79659
79660
79661
79662
79663
79664
79665
79768
79769
79770
79771
79772
79773
79774
79775
79776
79777
79778
79779
79780
79781
79884
79885
79886
79887
79888
79889
79890
79891
79892
79893
79894
79895
79896
79897
80000
80001
80002
80003
80004
80005
80006
80007
80008
80009
80010
80011
80012
80013
80116
80117
80118
80119
80120
80121
80122
80123
80124
80125
80126
80127
80128
80129
80232
80233
80234
80235
80236
80237
80238
80239
80240
80241
80242
80243
80244
80245
80380
80381
80382
80383
80384
80385
80386
80387
80388
80481
80482
80483
80484
80485
80486
80487
80488
80489
80490
80491
80492
80493
80494
80597
80598
80599
80600
80601
80602
80603
80604
80605
80606
80607
80608
80609
80610
80713
80714
80715
80716
80717
80718
80719
80720
80721
80722
80723
80724
80725
80726
80829
80830
80831
80832
80833
80834
80835
80836
80837
80838
80839
80840
80841
80842
80945
80946
80947
80948
80949
80950
80951
80952
80953
80954
80955
80956
80957
80958
81061
81062
81063
81064
81065
81066
81067
81068
81069
81070
81071
81072
81073
81074
81177
81178
81179
81180
81181
81182
81183
81184
81185
81186
81187
81188
81189
81190
81293
81294
81295
81296
81297
81298
81299
81300
81301
81302
81303
81304
81305
81306
81409
81410
81411
81412
81413
81414
81415
81416
81417
81418
81419
81420
81421
81422
81525
81526
81527
81528
81529
81530
81531
81532
81533
81534
81535
81536
81537
81538
81641
81642
81643
81644
81645
81646
81647
81648
81649
81650
81651
81652
81653
81654
81757
81758
81759
81760
81761
81762
81763
81764
81765
81766
81767
81768
81769
81770
81873
81874
81875
81876
81877
81878
81879
81880
81881
81882
81883
81884
81885
81886
81989
81990
81991
81992
81993
81994
81995
81996
81997
81998
81999
82000
82001
82002
82105
82106
82107
82108
82109
82110
82111
82112
82113
82114
82115
82116
82117
82118
82221
82222
82223
82224
82225
82226
82227
82228
82229
82230
82231
82232
82233
82234
82337
82338
82339
82340
82341
82342
82343
82344
82345
82346
82347
82348
82349
82350
82453
82454
82455
82456
82457
82458
82459
82460
82461
82462
82463
82464
82465
82466
82569
82570
82571
82572
82573
82574
82575
82576
82577
82578
82579
82580
82581
82582
82718
82719
82720
82721
82722
82723
82724
82725
82726
82818
82819
82820
82821
82822
82823
82824
82825
82826
82827
82828
82829
82830
82831
82934
82935
82936
82937
82938
82939
82940
82941
82942
82943
82944
82945
82946
82947
83050
83051
83052
83053
83054
83055
83056
83057
83058
83059
83060
83061
83062
83063
83166
83167
83168
83169
83170
83171
83172
83173
83174
83175
83176
83177
83178
83179
83282
83283
83284
83285
83286
83287
83288
83289
83290
83291
83292
83293
83294
83295
83398
83399
83400
83401
83402
83403
83404
83405
83406
83407
83408
83409
83410
83411
83514
83515
83516
83517
83518
83519
83520
83521
83522
83523
83524
83525
83526
83527
83630
83631
83632
83633
83634
83635
83636
83637
83638
83639
83640
83641
83642
83643
83746
83747
83748
83749
83750
83751
83752
83753
83754
83755
83756
83757
83758
83759
83862
83863
83864
83865
83866
83867
83868
83869
83870
83871
83872
83873
83874
83875
83978
83979
83980
83981
83982
83983
83984
83985
83986
83987
83988
83989
83990
83991
84094
84095
84096
84097
84098
84099
84100
84101
84102
84103
84104
84105
84106
84107
84210
84211
84212
84213
84214
84215
84216
84217
84218
84219
84220
84221
84222
84223
84326
84327
84328
84329
84330
84331
84332
84333
84334
84335
84336
84337
84338
84339
84442
84443
84444
84445
84446
84447
84448
84449
84450
84451
84452
84453
84454
84455
84558
84559
84560
84561
84562
84563
84564
84565
84566
84567
84568
84569
84570
84571
84674
84675
84676
84677
84678
84679
84680
84681
84682
84683
84684
84685
84686
84687
84790
84791
84792
84793
84794
84795
84796
84797
84798
84799
84800
84801
84802
84803
84906
84907
84908
84909
84910
84911
84912
84913
84914
84915
84916
84917
84918
84919
85055
85056
85057
85058
85059
85060
85061
85062
85063
85154
85155
85156
85157
85158
85159
85160
85161
85162
85163
85164
85165
85166
85167
85270
85271
85272
85273
85274
85275
85276
85277
85278
85279
85280
85281
85282
85283
85386
85387
85388
85389
85390
85391
85392
85393
85394
85395
85396
85397
85398
85399
85502
85503
85504
85505
85506
85507
85508
85509
85510
85511
85512
85513
85514
85515
85618
85619
85620
85621
85622
85623
85624
85625
85626
85627
85628
85629
85630
85631
85734
85735
85736
85737
85738
85739
85740
85741
85742
85743
85744
85745
85746
85747
85850
85851
85852
85853
85854
85855
85856
85857
85858
85859
85860
85861
85862
85863
85966
85967
85968
85969
85970
85971
85972
85973
85974
85975
85976
85977
85978
85979
86082
86083
86084
86085
86086
86087
86088
86089
86090
86091
86092
86093
86094
86095
86198
86199
86200
86201
86202
86203
86204
86205
86206
86207
86208
86209
86210
86211
86314
86315
86316
86317
86318
86319
86320
86321
86322
86323
86324
86325
86326
86327
86430
86431
86432
86433
86434
86435
86436
86437
86438
86439
86440
86441
86442
86443
86546
86547
86548
86549
86550
86551
86552
86553
86554
86555
86556
86557
86558
86559
86662
86663
86664
86665
86666
86667
86668
86669
86670
86671
86672
86673
86674
86675
86778
86779
86780
86781
86782
86783
86784
86785
86786
86787
86788
86789
86790
86791
86894
86895
86896
86897
86898
86899
86900
86901
86902
86903
86904
86905
86906
86907
87010
87011
87012
87013
87014
87015
87016
87017
87018
87019
87020
87021
87022
87023
87126
87127
87128
87129
87130
87131
87132
87133
87134
87135
87136
87137
87138
87139
87241
87242
87243
87244
87245
87246
87247
87248
87249
87250
87251
87252
87253
87254
87388
87389
87390
87391
87392
87393
87394
87395
87396
87486
87487
87488
87489
87490
87491
87492
87493
87494
87495
87496
87497
87498
87499
87602
87603
87604
87605
87606
87607
87608
87609
87610
87611
87612
87613
87614
87615
87718
87719
87720
87721
87722
87723
87724
87725
87726
87727
87728
87729
87730
87731
87834
87835
87836
87837
87838
87839
87840
87841
87842
87843
87844
87845
87846
87847
87950
87951
87952
87953
87954
87955
87956
87957
87958
87959
87960
87961
87962
87963
88066
88067
88068
88069
88070
88071
88072
88073
88074
88075
88076
88077
88078
88079
88182
88183
88184
88185
88186
88187
88188
88189
88190
88191
88192
88193
88194
88195
88298
88299
88300
88301
88302
88303
88304
88305
88306
88307
88308
88309
88310
88311
88414
88415
88416
88417
88418
88419
88420
88421
88422
88423
88424
88425
88426
88427
88530
88531
88532
88533
88534
88535
88536
88537
88538
88539
88540
88541
88542
88543
88646
88647
88648
88649
88650
88651
88652
88653
88654
88655
88656
88657
88658
88659
88762
88763
88764
88765
88766
88767
88768
88769
88770
88771
88772
88773
88774
88775
88878
88879
88880
88881
88882
88883
88884
88885
88886
88887
88888
88889
88890
88891
88994
88995
88996
88997
88998
88999
89000
89001
89002
89003
89004
89005
89006
89007
89110
89111
89112
89113
89114
89115
89116
89117
89118
89119
89120
89121
89122
89123
89226
89227
89228
89229
89230
89231
89232
89233
89234
89235
89236
89237
89238
89239
89342
89343
89344
89345
89346
89347
89348
89349
89350
89351
89352
89353
89354
89355
89457
89458
89459
89460
89461
89462
89463
89464
89465
89466
89467
89468
89469
89470
89569
89570
89571
89572
89573
89574
89575
89576
89577
89578
89579
89580
89581
89582
89714
89715
89716
89717
89718
89719
89720
89721
89722
89811
89812
89813
89814
89815
89816
89817
89818
89819
89820
89821
89822
89823
89824
89927
89928
89929
89930
89931
89932
89933
89934
89935
89936
89937
89938
89939
89940
90043
90044
90045
90046
90047
90048
90049
90050
90051
90052
90053
90054
90055
90056
90159
90160
90161
90162
90163
90164
90165
90166
90167
90168
90169
90170
90171
90172
90275
90276
90277
90278
90279
90280
90281
90282
90283
90284
90285
90286
90287
90288
90391
90392
90393
90394
90395
90396
90397
90398
90399
90400
90401
90402
90403
90404
90507
90508
90509
90510
90511
90512
90513
90514
90515
90516
90517
90518
90519
90520
90623
90624
90625
90626
90627
90628
90629
90630
90631
90632
90633
90634
90635
90636
90739
90740
90741
90742
90743
90744
90745
90746
90747
90748
90749
90750
90751
90752
90855
90856
90857
90858
90859
90860
90861
90862
90863
90864
90865
90866
90867
90868
90971
90972
90973
90974
90975
90976
90977
90978
90979
90980
90981
90982
90983
90984
91087
91088
91089
91090
91091
91092
91093
91094
91095
91096
91097
91098
91099
91100
91203
91204
91205
91206
91207
91208
91209
91210
91211
91212
91213
91214
91215
91216
91319
91320
91321
91322
91323
91324
91325
91326
91327
91328
91329
91330
91331
91332
91435
91436
91437
91438
91439
91440
91441
91442
91443
91444
91445
91446
91447
91448
91551
91552
91553
91554
91555
91556
91557
91558
91559
91560
91561
91562
91563
91564
91666
91667
91668
91669
91670
91671
91672
91673
91674
91675
91676
91677
91678
91679
91778
91779
91780
91781
91782
91783
91784
91785
91786
91787
91788
91789
91790
91791
91887
91888
91889
91890
91891
91892
91893
91894
91895
91896
91897
91898
91899
91900
92030
92031
92032
92033
92034
92035
92036
92037
92038
92126
92127
92128
92129
92130
92131
92132
92133
92134
92135
92136
92137
92138
92139
92242
92243
92244
92245
92246
92247
92248
92249
92250
92251
92252
92253
92254
92255
92358
92359
92360
92361
92362
92363
92364
92365
92366
92367
92368
92369
92370
92371
92474
92475
92476
92477
92478
92479
92480
92481
92482
92483
92484
92485
92486
92487
92590
92591
92592
92593
92594
92595
92596
92597
92598
92599
92600
92601
92602
92603
92706
92707
92708
92709
92710
92711
92712
92713
92714
92715
92716
92717
92718
92719
92822
92823
92824
92825
92826
92827
92828
92829
92830
92831
92832
92833
92834
92835
92938
92939
92940
92941
92942
92943
92944
92945
92946
92947
92948
92949
92950
92951
93054
93055
93056
93057
93058
93059
93060
93061
93062
93063
93064
93065
93066
93067
93170
93171
93172
93173
93174
93175
93176
93177
93178
93179
93180
93181
93182
93183
93286
93287
93288
93289
93290
93291
93292
93293
93294
93295
93296
93297
93298
93299
93402
93403
93404
93405
93406
93407
93408
93409
93410
93411
93412
93413
93414
93415
93518
93519
93520
93521
93522
93523
93524
93525
93526
93527
93528
93529
93530
93531
93634
93635
93636
93637
93638
93639
93640
93641
93642
93643
93644
93645
93646
93647
93750
93751
93752
93753
93754
93755
93756
93757
93758
93759
93760
93761
93762
93763
93865
93866
93867
93868
93869
93870
93871
93872
93873
93874
93875
93876
93877
93878
93977
93978
93979
93980
93981
93982
93983
93984
93985
93986
93987
93988
93989
93990
94086
94087
94088
94089
94090
94091
94092
94093
94094
94095
94096
94097
94098
94099
94192
94193
94194
94195
94196
94197
94198
94199
94200
94201
94202
94203
94204
94205
94333
94334
94335
94336
94337
94338
94339
94340
94341
94428
94429
94430
94431
94432
94433
94434
94435
94436
94437
94438
94439
94440
94441
94544
94545
94546
94547
94548
94549
94550
94551
94552
94553
94554
94555
94556
94557
94660
94661
94662
94663
94664
94665
94666
94667
94668
94669
94670
94671
94672
94673
94776
94777
94778
94779
94780
94781
94782
94783
94784
94785
94786
94787
94788
94789
94892
94893
94894
94895
94896
94897
94898
94899
94900
94901
94902
94903
94904
94905
95008
95009
95010
95011
95012
95013
95014
95015
95016
95017
95018
95019
95020
95021
95124
95125
95126
95127
95128
95129
95130
95131
95132
95133
95134
95135
95136
95137
95240
95241
95242
95243
95244
95245
95246
95247
95248
95249
95250
95251
95252
95253
95356
95357
95358
95359
95360
95361
95362
95363
95364
95365
95366
95367
95368
95369
95472
95473
95474
95475
95476
95477
95478
95479
95480
95481
95482
95483
95484
95485
95588
95589
95590
95591
95592
95593
95594
95595
95596
95597
95598
95599
95600
95601
95704
95705
95706
95707
95708
95709
95710
95711
95712
95713
95714
95715
95716
95717
95820
95821
95822
95823
95824
95825
95826
95827
95828
95829
95830
95831
95832
95833
95936
95937
95938
95939
95940
95941
95942
95943
95944
95945
95946
95947
95948
95949
96051
96052
96053
96054
96055
96056
96057
96058
96059
96060
96061
96062
96063
96064
96163
96164
96165
96166
96167
96168
96169
96170
96171
96172
96173
96174
96175
96176
96272
96273
96274
96275
96276
96277
96278
96279
96280
96281
96282
96283
96284
96285
96378
96379
96380
96381
96382
96383
96384
96385
96386
96387
96388
96389
96390
96391
96482
96483
96484
96485
96486
96487
96488
96489
96490
96491
96492
96493
96494
96620
96621
96622
96623
96624
96625
96626
96627
96628
96714
96715
96716
96717
96718
96719
96720
96721
96722
96723
96724
96725
96726
96727
96830
96831
96832
96833
96834
96835
96836
96837
96838
96839
96840
96841
96842
96843
96946
96947
96948
96949
96950
96951
96952
96953
96954
96955
96956
96957
96958
96959
97062
97063
97064
97065
97066
97067
97068
97069
97070
97071
97072
97073
97074
97075
97178
97179
97180
97181
97182
97183
97184
97185
97186
97187
97188
97189
97190
97191
97294
97295
97296
97297
97298
97299
97300
97301
97302
97303
97304
97305
97306
97307
97410
97411
97412
97413
97414
97415
97416
97417
97418
97419
97420
97421
97422
97423
97526
97527
97528
97529
97530
97531
97532
97533
97534
97535
97536
97537
97538
97539
97642
97643
97644
97645
97646
97647
97648
97649
97650
97651
97652
97653
97654
97655
97758
97759
97760
97761
97762
97763
97764
97765
97766
97767
97768
97769
97770
97771
97874
97875
97876
97877
97878
97879
97880
97881
97882
97883
97884
97885
97886
97887
97990
97991
97992
97993
97994
97995
97996
97997
97998
97999
98000
98001
98002
98003
98106
98107
98108
98109
98110
98111
98112
98113
98114
98115
98116
98117
98118
98119
98221
98222
98223
98224
98225
98226
98227
98228
98229
98230
98231
98232
98233
98234
98333
98334
98335
98336
98337
98338
98339
98340
98341
98342
98343
98344
98345
98346
98442
98443
98444
98445
98446
98447
98448
98449
98450
98451
98452
98453
98454
98455
98548
98549
98550
98551
98552
98553
98554
98555
98556
98557
98558
98559
98560
98561
98652
98653
98654
98655
98656
98657
98658
98659
98660
98661
98662
98663
98664
98755
98756
98757
98758
98759
98760
98761
98762
98763
98764
98888
98889
98890
98891
98892
98893
98894
98895
98896
98981
98982
98983
98984
98985
98986
98987
98988
98989
98990
98991
98992
98993
98994
99097
99098
99099
99100
99101
99102
99103
99104
99105
99106
99107
99108
99109
99110
99213
99214
99215
99216
99217
99218
99219
99220
99221
99222
99223
99224
99225
99226
99329
99330
99331
99332
99333
99334
99335
99336
99337
99338
99339
99340
99341
99342
99445
99446
99447
99448
99449
99450
99451
99452
99453
99454
99455
99456
99457
99458
99561
99562
99563
99564
99565
99566
99567
99568
99569
99570
99571
99572
99573
99574
99677
99678
99679
99680
99681
99682
99683
99684
99685
99686
99687
99688
99689
99690
99793
99794
99795
99796
99797
99798
99799
99800
99801
99802
99803
99804
99805
99806
99909
99910
99911
99912
99913
99914
99915
99916
99917
99918
99919
99920
99921
99922
100025
100026
100027
100028
100029
100030
100031
100032
100033
100034
100035
100036
100037
100038
100141
100142
100143
100144
100145
100146
100147
100148
100149
100150
100151
100152
100153
100154
100257
100258
100259
100260
100261
100262
100263
100264
100265
100266
100267
100268
100269
100270
100372
100373
100374
100375
100376
100377
100378
100379
100380
100381
100382
100383
100384
100385
100484
100485
100486
100487
100488
100489
100490
100491
100492
100493
100494
100495
100496
100497
100593
100594
100595
100596
100597
100598
100599
100600
100601
100602
100603
100604
100605
100606
100699
100700
100701
100702
100703
100704
100705
100706
100707
100708
100709
100710
100711
100712
100803
100804
100805
100806
100807
100808
100809
100810
100811
100812
100813
100814
100815
100906
100907
100908
100909
100910
100911
100912
100913
100914
100915
101006
101007
101008
101009
101010
101011
101012
101134
101135
101136
101137
101138
101139
101140
101141
101142
101226
101227
101228
101229
101230
101231
101232
101233
101234
101235
101236
101237
101238
101239
101342
101343
101344
101345
101346
101347
101348
101349
101350
101351
101352
101353
101354
101355
101458
101459
101460
101461
101462
101463
101464
101465
101466
101467
101468
101469
101470
101471
101574
101575
101576
101577
101578
101579
101580
101581
101582
101583
101584
101585
101586
101587
101690
101691
101692
101693
101694
101695
101696
101697
101698
101699
101700
101701
101702
101703
101806
101807
101808
101809
101810
101811
101812
101813
101814
101815
101816
101817
101818
101819
101922
101923
101924
101925
101926
101927
101928
101929
101930
101931
101932
101933
101934
101935
102038
102039
102040
102041
102042
102043
102044
102045
102046
102047
102048
102049
102050
102051
102154
102155
102156
102157
102158
102159
102160
102161
102162
102163
102164
102165
102166
102167
102270
102271
102272
102273
102274
102275
102276
102277
102278
102279
102280
102281
102282
102283
102386
102387
102388
102389
102390
102391
102392
102393
102394
102395
102396
102397
102398
102399
102501
102502
102503
102504
102505
102506
102507
102508
102509
102510
102511
102512
102513
102514
102613
102614
102615
102616
102617
102618
102619
102620
102621
102622
102623
102624
102625
102626
102722
102723
102724
102725
102726
102727
102728
102729
102730
102731
102732
102733
102734
102735
102828
102829
102830
102831
102832
102833
102834
102835
102836
102837
102838
102839
102840
102841
102932
102933
102934
102935
102936
102937
102938
102939
102940
102941
102942
102943
102944
103035
103036
103037
103038
103039
103040
103041
103042
103043
103044
103135
103136
103137
103138
103139
103140
103141
103232
103233
103234
103235
103355
103356
103357
103358
103359
103360
103361
103362
103363
103446
103447
103448
103449
103450
103451
103452
103453
103454
103455
103456
103457
103458
103459
103562
103563
103564
103565
103566
103567
103568
103569
103570
103571
103572
103573
103574
103575
103678
103679
103680
103681
103682
103683
103684
103685
103686
103687
103688
103689
103690
103691
103794
103795
103796
103797
103798
103799
103800
103801
103802
103803
103804
103805
103806
103807
103910
103911
103912
103913
103914
103915
103916
103917
103918
103919
103920
103921
103922
103923
104026
104027
104028
104029
104030
104031
104032
104033
104034
104035
104036
104037
104038
104039
104142
104143
104144
104145
104146
104147
104148
104149
104150
104151
104152
104153
104154
104155
104258
104259
104260
104261
104262
104263
104264
104265
104266
104267
104268
104269
104270
104271
104374
104375
104376
104377
104378
104379
104380
104381
104382
104383
104384
104385
104386
104387
104490
104491
104492
104493
104494
104495
104496
104497
104498
104499
104500
104501
104502
104503
104605
104606
104607
104608
104609
104610
104611
104612
104613
104614
104615
104616
104617
104618
104717
104718
104719
104720
104721
104722
104723
104724
104725
104726
104727
104728
104729
104730
104826
104827
104828
104829
104830
104831
104832
104833
104834
104835
104836
104837
104838
104839
104932
104933
104934
104935
104936
104937
104938
104939
104940
104941
104942
104943
104944
104945
105036
105037
105038
105039
105040
105041
105042
105043
105044
105045
105046
105047
105048
105139
105140
105141
105142
105143
105144
105145
105146
105147
105148
105239
105240
105241
105242
105243
105244
105245
105336
105337
105338
105339
105430
105548
105549
105550
105551
105552
105553
105554
105555
105556
105638
105639
105640
105641
105642
105643
105644
105645
105646
105647
105648
105649
105650
105651
105754
105755
105756
105757
105758
105759
105760
105761
105762
105763
105764
105765
105766
105767
105870
105871
105872
105873
105874
105875
105876
105877
105878
105879
105880
105881
105882
105883
105986
105987
105988
105989
105990
105991
105992
105993
105994
105995
105996
105997
105998
105999
106102
106103
106104
106105
106106
106107
106108
106109
106110
106111
106112
106113
106114
106115
106218
106219
106220
106221
106222
106223
106224
106225
106226
106227
106228
106229
106230
106231
106334
106335
106336
106337
106338
106339
106340
106341
106342
106343
106344
106345
106346
106347
106450
106451
106452
106453
106454
106455
106456
106457
106458
106459
106460
106461
106462
106463
106566
106567
106568
106569
106570
106571
106572
106573
106574
106575
106576
106577
106578
106579
106681
106682
106683
106684
106685
106686
106687
106688
106689
106690
106691
106692
106693
106694
106793
106794
106795
106796
106797
106798
106799
106800
106801
106802
106803
106804
106805
106806
106902
106903
106904
106905
106906
106907
106908
106909
106910
106911
106912
106913
106914
106915
107008
107009
107010
107011
107012
107013
107014
107015
107016
107017
107018
107019
107020
107021
107112
107113
107114
107115
107116
107117
107118
107119
107120
107121
107122
107123
107124
107215
107216
107217
107218
107219
107220
107221
107222
107223
107224
107315
107316
107317
107318
107319
107320
107321
107412
107413
107414
107415
107506
107710
107711
107712
107713
107714
107715
107716
107717
107718
107799
107800
107801
107802
107803
107804
107805
107806
107807
107808
107809
107810
107811
107812
107915
107916
107917
107918
107919
107920
107921
107922
107923
107924
107925
107926
107927
107928
108031
108032
108033
108034
108035
108036
108037
108038
108039
108040
108041
108042
108043
108044
108147
108148
108149
108150
108151
108152
108153
108154
108155
108156
108157
108158
108159
108160
108263
108264
108265
108266
108267
108268
108269
108270
108271
108272
108273
108274
108275
108276
108379
108380
108381
108382
108383
108384
108385
108386
108387
108388
108389
108390
108391
108392
108495
108496
108497
108498
108499
108500
108501
108502
108503
108504
108505
108506
108507
108508
108611
108612
108613
108614
108615
108616
108617
108618
108619
108620
108621
108622
108623
108624
108726
108727
108728
108729
108730
108731
108732
108733
108734
108735
108736
108737
108738
108739
108838
108839
108840
108841
108842
108843
108844
108845
108846
108847
108848
108849
108850
108851
108947
108948
108949
108950
108951
108952
108953
108954
108955
108956
108957
108958
108959
108960
109053
109054
109055
109056
109057
109058
109059
109060
109061
109062
109063
109064
109065
109066
109157
109158
109159
109160
109161
109162
109163
109164
109165
109166
109167
109168
109169
109260
109261
109262
109263
109264
109265
109266
109267
109268
109269
109360
109361
109362
109363
109364
109365
109366
109457
109458
109459
109460
109551
109838
109839
109840
109841
109842
109843
109844
109845
109846
109926
109927
109928
109929
109930
109931
109932
109933
109934
109935
109936
109937
109938
109939
110042
110043
110044
110045
110046
110047
110048
110049
110050
110051
110052
110053
110054
110055
110158
110159
110160
110161
110162
110163
110164
110165
110166
110167
110168
110169
110170
110171
110274
110275
110276
110277
110278
110279
110280
110281
110282
110283
110284
110285
110286
110287
110390
110391
110392
110393
110394
110395
110396
110397
110398
110399
110400
110401
110402
110403
110506
110507
110508
110509
110510
110511
110512
110513
110514
110515
110516
110517
110518
110519
110622
110623
110624
110625
110626
110627
110628
110629
110630
110631
110632
110633
110634
110635
110737
110738
110739
110740
110741
110742
110743
110744
110745
110746
110747
110748
110749
110750
110849
110850
110851
110852
110853
110854
110855
110856
110857
110858
110859
110860
110861
110862
110958
110959
110960
110961
110962
110963
110964
110965
110966
110967
110968
110969
110970
110971
111064
111065
111066
111067
111068
111069
111070
111071
111072
111073
111074
111075
111076
111077
111168
111169
111170
111171
111172
111173
111174
111175
111176
111177
111178
111179
111180
111271
111272
111273
111274
111275
111276
111277
111278
111279
111280
111371
111372
111373
111374
111375
111376
111377
111468
111469
111470
111471
111562
111929
111930
111931
111932
111933
111934
111935
111936
111937
112016
112017
112018
112019
112020
112021
112022
112023
112024
112025
112026
112027
112028
112029
112132
112133
112134
112135
112136
112137
112138
112139
112140
112141
112142
112143
112144
112145
112248
112249
112250
112251
112252
112253
112254
112255
112256
112257
112258
112259
112260
112261
112364
112365
112366
112367
112368
112369
112370
112371
112372
112373
112374
112375
112376
112377
112480
112481
112482
112483
112484
112485
112486
112487
112488
112489
112490
112491
112492
112493
112596
112597
112598
112599
112600
112601
112602
112603
112604
112605
112606
112607
112608
112609
112711
112712
112713
112714
112715
112716
112717
112718
112719
112720
112721
112722
112723
112724
112823
112824
112825
112826
112827
112828
112829
112830
112831
112832
112833
112834
112835
112836
112932
112933
112934
112935
112936
112937
112938
112939
112940
112941
112942
112943
112944
112945
113038
113039
113040
113041
113042
113043
113044
113045
113046
113047
113048
113049
113050
113051
113142
113143
113144
113145
113146
113147
113148
113149
113150
113151
113152
113153
113154
113245
113246
113247
113248
113249
113250
113251
113252
113253
113254
113345
113346
113347
113348
113349
113350
113351
113442
113443
113444
113445
113536
113980
113981
113982
113983
113984
113985
113986
113987
113988
114066
114067
114068
114069
114070
114071
114072
114073
114074
114075
114076
114077
114078
114079
114182
114183
114184
114185
114186
114187
114188
114189
114190
114191
114192
114193
114194
114195
114298
114299
114300
114301
114302
114303
114304
114305
114306
114307
114308
114309
114310
114311
114414
114415
114416
114417
114418
114419
114420
114421
114422
114423
114424
114425
114426
114427
114530
114531
114532
114533
114534
114535
114536
114537
114538
114539
114540
114541
114542
114543
114645
114646
114647
114648
114649
114650
114651
114652
114653
114654
114655
114656
114657
114658
114757
114758
114759
114760
114761
114762
114763
114764
114765
114766
114767
114768
114769
114770
114866
114867
114868
114869
114870
114871
114872
114873
114874
114875
114876
114877
114878
114879
114972
114973
114974
114975
114976
114977
114978
114979
114980
114981
114982
114983
114984
114985
115076
115077
115078
115079
115080
115081
115082
115083
115084
115085
115086
115087
115088
115179
115180
115181
115182
115183
115184
115185
115186
115187
115188
115279
115280
115281
115282
115283
115284
115285
115376
115377
115378
115379
115470
115988
115989
115990
115991
115992
115993
115994
115995
115996
116073
116074
116075
116076
116077
116078
116079
116080
116081
116082
116083
116084
116085
116086
116189
116190
116191
116192
116193
116194
116195
116196
116197
116198
116199
116200
116201
116202
116305
116306
116307
116308
116309
116310
116311
116312
116313
116314
116315
116316
116317
116318
116421
116422
116423
116424
116425
116426
116427
116428
116429
116430
116431
116432
116433
116434
116536
116537
116538
116539
116540
116541
116542
116543
116544
116545
116546
116547
116548
116549
116648
116649
116650
116651
116652
116653
116654
116655
116656
116657
116658
116659
116660
116661
116757
116758
116759
116760
116761
116762
116763
116764
116765
116766
116767
116768
116769
116770
116863
116864
116865
116866
116867
116868
116869
116870
116871
116872
116873
116874
116875
116876
116967
116968
116969
116970
116971
116972
116973
116974
116975
116976
116977
116978
116979
117070
117071
117072
117073
117074
117075
117076
117077
117078
117079
117170
117171
117172
117173
117174
117175
117176
117267
117268
117269
117270
117361
117950
117951
117952
117953
117954
117955
117956
117957
117958
118034
118035
118036
118037
118038
118039
118040
118041
118042
118043
118044
118045
118046
118047
118150
118151
118152
118153
118154
118155
118156
118157
118158
118159
118160
118161
118162
118163
118266
118267
118268
118269
118270
118271
118272
118273
118274
118275
118276
118277
118278
118279
118381
118382
118383
118384
118385
118386
118387
118388
118389
118390
118391
118392
118393
118394
118493
118494
118495
118496
118497
118498
118499
118500
118501
118502
118503
118504
118505
118506
118602
118603
118604
118605
118606
118607
118608
118609
118610
118611
118612
118613
118614
118615
118708
118709
118710
118711
118712
118713
118714
118715
118716
118717
118718
118719
118720
118721
118812
118813
118814
118815
118816
118817
118818
118819
118820
118821
118822
118823
118824
118915
118916
118917
118918
118919
118920
118921
118922
118923
118924
119015
119016
119017
119018
119019
119020
119021
119112
119113
119114
119115
119206
119863
119864
119865
119866
119867
119868
119869
119870
119871
119946
119947
119948
119949
119950
119951
119952
119953
119954
119955
119956
119957
119958
119959
120062
120063
120064
120065
120066
120067
120068
120069
120070
120071
120072
120073
120074
120075
120177
120178
120179
120180
120181
120182
120183
120184
120185
120186
120187
120188
120189
120190
120289
120290
120291
120292
120293
120294
120295
120296
120297
120298
120299
120300
120301
120302
120398
120399
120400
120401
120402
120403
120404
120405
120406
120407
120408
120409
120410
120411
120504
120505
120506
120507
120508
120509
120510
120511
120512
120513
120514
120515
120516
120517
120608
120609
120610
120611
120612
120613
120614
120615
120616
120617
120618
120619
120620
120711
120712
120713
120714
120715
120716
120717
120718
120719
120720
120811
120812
120813
120814
120815
120816
120817
120908
120909
120910
120911
121002
121724
121725
121726
121727
121728
121729
121730
121731
121732
121806
121807
121808
121809
121810
121811
121812
121813
121814
121815
121816
121817
121818
121819
121921
121922
121923
121924
121925
121926
121927
121928
121929
121930
121931
121932
121933
121934
122033
122034
122035
122036
122037
122038
122039
122040
122041
122042
122043
122044
122045
122046
122142
122143
122144
122145
122146
122147
122148
122149
122150
122151
122152
122153
122154
122155
122248
122249
122250
122251
122252
122253
122254
122255
122256
122257
122258
122259
122260
122261
122352
122353
122354
122355
122356
122357
122358
122359
122360
122361
122362
122363
122364
122455
122456
122457
122458
122459
122460
122461
122462
122463
122464
122555
122556
122557
122558
122559
122560
122561
122652
122653
122654
122655
122746
123530
123531
123532
123533
123534
123535
123536
123537
123538
123610
123611
123612
123613
123614
123615
123616
123617
123618
123619
123620
123621
123622
123623
123722
123723
123724
123725
123726
123727
123728
123729
123730
123731
123732
123733
123734
123735
123831
123832
123833
123834
123835
123836
123837
123838
123839
123840
123841
123842
123843
123844
123937
123938
123939
123940
123941
123942
123943
123944
123945
123946
123947
123948
123949
123950
124041
124042
124043
124044
124045
124046
124047
124048
124049
124050
124051
124052
124053
124144
124145
124146
124147
124148
124149
124150
124151
124152
124153
124244
124245
124246
124247
124248
124249
124250
124341
124342
124343
124344
124435
125278
125279
125280
125281
125282
125283
125284
125285
125286
125355
125356
125357
125358
125359
125360
125361
125362
125363
125364
125365
125366
125367
125368
125464
125465
125466
125467
125468
125469
125470
125471
125472
125473
125474
125475
125476
125477
125570
125571
125572
125573
125574
125575
125576
125577
125578
125579
125580
125581
125582
125583
125674
125675
125676
125677
125678
125679
125680
125681
125682
125683
125684
125685
125686
125777
125778
125779
125780
125781
125782
125783
125784
125785
125786
125877
125878
125879
125880
125881
125882
125883
125974
125975
125976
125977
126068
126967
126968
126969
126970
126971
126972
126973
126974
126975
127041
127042
127043
127044
127045
127046
127047
127048
127049
127050
127051
127052
127053
127054
127147
127148
127149
127150
127151
127152
127153
127154
127155
127156
127157
127158
127159
127160
127251
127252
127253
127254
127255
127256
127257
127258
127259
127260
127261
127262
127263
127354
127355
127356
127357
127358
127359
127360
127361
127362
127363
127454
127455
127456
127457
127458
127459
127460
127551
127552
127553
127554
127645
128597
128598
128599
128600
128601
128602
128603
128604
128605
128668
128669
128670
128671
128672
128673
128674
128675
128676
128677
128678
128679
128680
128681
128772
128773
128774
128775
128776
128777
128778
128779
128780
128781
128782
128783
128784
128875
128876
128877
128878
128879
128880
128881
128882
128883
128884
128975
128976
128977
128978
128979
128980
128981
129072
129073
129074
129075
129166
130168
130169
130170
130171
130172
130173
130174
130175
130176
130237
130238
130239
130240
130241
130242
130243
130244
130245
130246
130247
130248
130249
130340
130341
130342
130343
130344
130345
130346
130347
130348
130349
130440
130441
130442
130443
130444
130445
130446
130537
130538
130539
130540
130631
131681
131682
131683
131684
131685
131686
131687
131688
131749
131750
131751
131752
131753
131754
131755
131756
131757
131758
131849
131850
131851
131852
131853
131854
131855
131946
131947
131948
131949
132040
133136
133137
133138
133139
133140
133141
133202
133203
133204
133205
133206
133207
133208
133299
133300
133301
133302
133393
134532
134533
134534
134535
134596
134597
134598
134599
134690
135869
135870
135931
157301
157302
157303
157304
157305
157306
157307
157308
157309
157310
157311
157312
157313
157314
157315
157316
157317
157318
157319
157320
157321
157322
157323
157324
157325
157326
157327
157328
157329
157330
157331
157332
157333
157334
157335
157336
157337
157338
157339
157340
157341
157342
157343
157344
157345
157346
157347
157348
157349
157350
157351
157352
157353
157354
157355
157356
157357
157358
157359
157360
157361
157362
157363
157364
157365
157366
157367
157368
157369
157370
157371
157372
157373
157374
157375
157376
157377
157378
157379
157380
157381
157382
157383
157384
157385
157386
157387
157388
157389
157390
157391
157392
157393
157394
157395
157396
157397
157398
157399
157400
157401
157402
157403
157404
157405
157406
157407
157408
157409
157410
157411
157412
157413
157414
157415
157416
157417
157418
157419
157420
157421
157422
157423
157424
157425
157426
157427
157428
157429
157430
157431
157432
157433
157434
157435
157436
157437
157438
157439
157440
157441
157442
157443
157444
157445
157446
157447
157448
157449
157450
157451
157452
157453
157454
157455
157456
157457
157458
157459
157460
157461
157462
157463
157464
157465
157466
157467
157468
157469
157470
157471
157472
157473
157474
157475
157476
157477
157478
157479
157480
157481
157482
157483
157484
157485
157486
157487
157488
157489
157490
157491
157492
157493
157494
157495
157496
157497
157498
157499
157500
157501
157502
157503
157504
157505
157506
157507
157508
157509
157510
157511
157512
157513
157514
157515
157516
157517
157518
157519
157520
157521
157522
157523
157524
157525
157526
157527
157528
157529
157530
157531
157532
157533
157534
157535
157536
157537
157538
157539
157540
157541
157542
157543
157544
157545
157546
157547
157548
157549
157550
157551
157552
157553
157554
157555
157556
157557
157558
157559
157560
157561
157562
157563
157564
157565
157566
157567
157568
157569
157570
157571
157572
157573
157574
157575
157576
157577
157578
157579
157580
157581
157582
157583
157584
157585
157586
157587
157588
157589
157590
157591
157592
157593
157594
157595
157596
157597
157598
157599
157600
157601
157602
157603
157604
157605
157606
157607
157608
157609
157610
157611
157612
157613
157614
157615
157616
157617
157618
157619
157620
157621
157622
157623
157624
157625
157626
157627
157628
157629
157630
157631
157632
157633
157634
157635
157636
157637
157638
157639
157640
157641
157642
157643
157644
157645
157646
157647
157648
157649
157650
157651
157652
157653
157654
157655
157656
157657
157658
157659
157660
157661
157662
157663
157664
157665
157666
157667
157668
157669
157670
157671
157672
157673
157674
157675
157676
157677
157678
157679
157680
157681
157682
157683
157684
157685
157686
157687
157688
157689
157690
157691
157692
157693
157694
157695
157696
157697
157698
157699
157700
157701
157702
157703
157704
157705
157706
157707
157708
157709
157710
157711
157712
157713
157714
157715
157716
157717
157718
157719
157720
157721
157722
157723
157724
157725
157726
157727
157728
157729
157730
157731
157732
157733
157734
157735
157736
157737
157738
157739
157740
157741
157742
157743
157744
157745
157746
157747
157748
157749
157750
157751
157752
157753
157754
157755
157756
157757
157758
157759
157760
157761
157762
157763
157764
157765
157766
157767
157768
157769
157770
157771
157772
157773
157774
157775
157776
157777
157778
157779
157780
157781
157782
157783
157784
157785
157786
157787
157788
157789
157790
157791
157792
157793
157794
157795
157796
157797
157798
157799
157800
157801
157802
157803
157804
157805
157806
157807
157808
157809
157810
157811
157812
157813
157814
157815
157816
157817
157818
157819
157820
157821
157822
157823
157824
157825
157826
157827
157828
157829
157830
157831
157832
157833
157834
157835
157836
157837
157838
157839
157840
157841
157842
157843
157844
157845
157846
157847
157848
157849
157850
157851
157852
157853
157854
157855
157856
157857
157858
157859
157860
157861
157862
157863
157864
157865
157866
157867
157868
157869
157870
157871
157872
157873
157874
157875
157876
157877
157878
157879
157880
157881
157882
157883
157884
157885
157886
157887
157888
157889
157890
157891
157892
157893
157894
157895
157896
157897
157898
157899
157900
21134
22599
22704
24120
24225
24333
25697
25802
25910
26021
27330
27435
27543
27654
27768
29019
29124
29232
29343
29457
29573
30763
30868
30976
31087
31201
31317
31433
32559
32664
32772
32883
32997
33113
33229
33345
34404
34509
34617
34728
34842
34958
35074
35190
35306
36295
36400
36508
36619
36733
36849
36965
37081
37197
37313
38229
38334
38442
38553
38667
38783
38899
39015
39131
39247
39363
40203
40308
40416
40527
40641
40757
40873
40989
41105
41221
41337
41453
42214
42319
42427
42538
42652
42768
42884
43000
43116
43232
43348
43464
43580
44259
44364
44472
44583
44697
44813
44929
45045
45161
45277
45393
45509
45625
45741
46335
46440
46548
46659
46773
46889
47005
47121
47237
47353
47469
47585
47701
47817
47933
48439
48544
48652
48763
48877
48993
49109
49225
49341
49457
49573
49689
49805
49921
50037
50153
50568
50673
50781
50892
51006
51122
51238
51354
51470
51586
51702
51818
51934
52050
52166
52282
52398
52719
52824
52932
53043
53157
53273
53389
53505
53621
53737
53853
53969
54085
54201
54317
54433
54549
54665
54889
54994
55102
55213
55327
55443
55559
55675
55791
55907
56023
56139
56255
56371
56487
56603
56719
56835
56951
57075
57180
57288
57399
57513
57629
57745
57861
57977
58093
58209
58325
58441
58557
58673
58789
58905
59021
59137
59253
59380
59487
59598
59712
59828
59944
60060
60176
60292
60408
60524
60640
60756
60872
60988
61104
61220
61336
61452
61568
61698
61807
61921
62037
62153
62269
62385
62501
62617
62733
62849
62965
63081
63197
63313
63429
63545
63661
63777
63893
64026
64137
64253
64369
64485
64601
64717
64833
64949
65065
65181
65297
65413
65529
65645
65761
65877
65993
66109
66225
66361
66473
66589
66705
66821
66937
67053
67169
67285
67401
67517
67633
67749
67865
67981
68097
68213
68329
68445
68561
68699
68810
68926
69042
69158
69274
69390
69506
69622
69738
69854
69970
70086
70202
70318
70434
70550
70666
70782
70898
71037
71147
71263
71379
71495
71611
71727
71843
71959
72075
72191
72307
72423
72539
72655
72771
72887
73003
73119
73235
73375
73484
73600
73716
73832
73948
74064
74180
74296
74412
74528
74644
74760
74876
74992
75108
75224
75340
75456
75572
75713
75821
75937
76053
76169
76285
76401
76517
76633
76749
76865
76981
77097
77213
77329
77445
77561
77677
77793
77909
78051
78158
78274
78390
78506
78622
78738
78854
78970
79086
79202
79318
79434
79550
79666
79782
79898
80014
80130
80246
80389
80495
80611
80727
80843
80959
81075
81191
81307
81423
81539
81655
81771
81887
82003
82119
82235
82351
82467
82583
82727
82832
82948
83064
83180
83296
83412
83528
83644
83760
83876
83992
84108
84224
84340
84456
84572
84688
84804
84920
85064
85168
85284
85400
85516
85632
85748
85864
85980
86096
86212
86328
86444
86560
86676
86792
86908
87024
87140
87255
87397
87500
87616
87732
87848
87964
88080
88196
88312
88428
88544
88660
88776
88892
89008
89124
89240
89356
89471
89583
89723
89825
89941
90057
90173
90289
90405
90521
90637
90753
90869
90985
91101
91217
91333
91449
91565
91680
91792
91901
92039
92140
92256
92372
92488
92604
92720
92836
92952
93068
93184
93300
93416
93532
93648
93764
93879
93991
94100
94206
94342
94442
94558
94674
94790
94906
95022
95138
95254
95370
95486
95602
95718
95834
95950
96065
96177
96286
96392
96495
96629
96728
96844
96960
97076
97192
97308
97424
97540
97656
97772
97888
98004
98120
98235
98347
98456
98562
98665
98765
98897
98995
99111
99227
99343
99459
99575
99691
99807
99923
100039
100155
100271
100386
100498
100607
100713
100816
100916
101013
101143
101240
101356
101472
101588
101704
101820
101936
102052
102168
102284
102400
102515
102627
102736
102842
102945
103045
103142
103236
103364
103460
103576
103692
103808
103924
104040
104156
104272
104388
104504
104619
104731
104840
104946
105049
105149
105246
105340
105431
105557
105652
105768
105884
106000
106116
106232
106348
106464
106580
106695
106807
106916
107022
107125
107225
107322
107416
107507
107719
107813
107929
108045
108161
108277
108393
108509
108625
108740
108852
108961
109067
109170
109270
109367
109461
109552
109847
109940
110056
110172
110288
110404
110520
110636
110751
110863
110972
111078
111181
111281
111378
111472
111563
111938
112030
112146
112262
112378
112494
112610
112725
112837
112946
113052
113155
113255
113352
113446
113537
113989
114080
114196
114312
114428
114544
114659
114771
114880
114986
115089
115189
115286
115380
115471
115997
116087
116203
116319
116435
116550
116662
116771
116877
116980
117080
117177
117271
117362
117959
118048
118164
118280
118395
118507
118616
118722
118825
118925
119022
119116
119207
119872
119960
120076
120191
120303
120412
120518
120621
120721
120818
120912
121003
121733
121820
121935
122047
122156
122262
122365
122465
122562
122656
122747
123539
123624
123736
123845
123951
124054
124154
124251
124345
124436
125287
125369
125478
125584
125687
125787
125884
125978
126069
126976
127055
127161
127264
127364
127461
127555
127646
128606
128682
128785
128885
128982
129076
129167
130177
130250
130350
130447
130541
130632
131689
131759
131856
131950
132041
133142
133209
133303
133394
134536
134600
134691
135871
135932
137147
-14154
-15339
-15429
-16580
-16670
-16763
-17877
-17967
-18060
-18156
-19230
-19320
-19413
-19509
-19608
-20639
-20729
-20822
-20918
-21017
-21119
-22104
-22194
-22287
-22383
-22482
-22584
-22689
-23625
-23715
-23808
-23904
-24003
-24105
-24210
-24318
-25202
-25292
-25385
-25481
-25580
-25682
-25787
-25895
-26006
-26835
-26925
-27018
-27114
-27213
-27315
-27420
-27528
-27639
-27753
-28524
-28614
-28707
-28803
-28902
-29004
-29109
-29217
-29328
-29442
-29558
-30268
-30358
-30451
-30547
-30646
-30748
-30853
-30961
-31072
-31186
-31302
-31418
-32064
-32154
-32247
-32343
-32442
-32544
-32649
-32757
-32868
-32982
-33098
-33214
-33330
-33909
-33999
-34092
-34188
-34287
-34389
-34494
-34602
-34713
-34827
-34943
-35059
-35175
-35291
-35800
-35890
-35983
-36079
-36178
-36280
-36385
-36493
-36604
-36718
-36834
-36950
-37066
-37182
-37298
-37734
-37824
-37917
-38013
-38112
-38214
-38319
-38427
-38538
-38652
-38768
-38884
-39000
-39116
-39232
-39348
-39708
-39798
-39891
-39987
-40086
-40188
-40293
-40401
-40512
-40626
-40742
-40858
-40974
-41090
-41206
-41322
-41438
-41719
-41809
-41902
-41998
-42097
-42199
-42304
-42412
-42523
-42637
-42753
-42869
-42985
-43101
-43217
-43333
-43449
-43565
-43764
-43854
-43947
-44043
-44142
-44244
-44349
-44457
-44568
-44682
-44798
-44914
-45030
-45146
-45262
-45378
-45494
-45610
-45726
-45840
-45930
-46023
-46119
-46218
-46320
-46425
-46533
-46644
-46758
-46874
-46990
-47106
-47222
-47338
-47454
-47570
-47686
-47802
-47918
-48035
-48127
-48223
-48322
-48424
-48529
-48637
-48748
-48862
-48978
-49094
-49210
-49326
-49442
-49558
-49674
-49790
-49906
-50022
-50138
-50258
-50352
-50451
-50553
-50658
-50766
-50877
-50991
-51107
-51223
-51339
-51455
-51571
-51687
-51803
-51919
-52035
-52151
-52267
-52383
-52506
-52602
-52704
-52809
-52917
-53028
-53142
-53258
-53374
-53490
-53606
-53722
-53838
-53954
-54070
-54186
-54302
-54418
-54534
-54650
-54776
-54874
-54979
-55087
-55198
-55312
-55428
-55544
-55660
-55776
-55892
-56008
-56124
-56240
-56356
-56472
-56588
-56704
-56820
-56936
-57065
-57165
-57273
-57384
-57498
-57614
-57730
-57846
-57962
-58078
-58194
-58310
-58426
-58542
-58658
-58774
-58890
-59006
-59122
-59238
-59370
-59472
-59583
-59697
-59813
-59929
-60045
-60161
-60277
-60393
-60509
-60625
-60741
-60857
-60973
-61089
-61205
-61321
-61437
-61553
-61688
-61792
-61906
-62022
-62138
-62254
-62370
-62486
-62602
-62718
-62834
-62950
-63066
-63182
-63298
-63414
-63530
-63646
-63762
-63878
-64016
-64122
-64238
-64354
-64470
-64586
-64702
-64818
-64934
-65050
-65166
-65282
-65398
-65514
-65630
-65746
-65862
-65978
-66094
-66210
-66351
-66458
-66574
-66690
-66806
-66922
-67038
-67154
-67270
-67386
-67502
-67618
-67734
-67850
-67966
-68082
-68198
-68314
-68430
-68546
-68689
-68795
-68911
-69027
-69143
-69259
-69375
-69491
-69607
-69723
-69839
-69955
-70071
-70187
-70303
-70419
-70535
-70651
-70767
-70883
-71027
-71132
-71248
-71364
-71480
-71596
-71712
-71828
-71944
-72060
-72176
-72292
-72408
-72524
-72640
-72756
-72872
-72988
-73104
-73220
-73365
-73469
-73585
-73701
-73817
-73933
-74049
-74165
-74281
-74397
-74513
-74629
-74745
-74861
-74977
-75093
-75209
-75325
-75441
-75557
-75703
-75806
-75922
-76038
-76154
-76270
-76386
-76502
-76618
-76734
-76850
-76966
-77082
-77198
-77314
-77430
-77546
-77662
-77778
-77894
-78041
-78143
-78259
-78375
-78491
-78607
-78723
-78839
-78955
-79071
-79187
-79303
-79419
-79535
-79651
-79767
-79883
-79999
-80115
-80231
-80379
-80480
-80596
-80712
-80828
-80944
-81060
-81176
-81292
-81408
-81524
-81640
-81756
-81872
-81988
-82104
-82220
-82336
-82452
-82568
-82717
-82817
-82933
-83049
-83165
-83281
-83397
-83513
-83629
-83745
-83861
-83977
-84093
-84209
-84325
-84441
-84557
-84673
-84789
-84905
-85054
-85153
-85269
-85385
-85501
-85617
-85733
-85849
-85965
-86081
-86197
-86313
-86429
-86545
-86661
-86777
-86893
-87009
-87125
-87240
-87387
-87485
-87601
-87717
-87833
-87949
-88065
-88181
-88297
-88413
-88529
-88645
-88761
-88877
-88993
-89109
-89225
-89341
-89456
-89568
-89713
-89810
-89926
-90042
-90158
-90274
-90390
-90506
-90622
-90738
-90854
-90970
-91086
-91202
-91318
-91434
-91550
-91665
-91777
-91886
-92029
-92125
-92241
-92357
-92473
-92589
-92705
-92821
-92937
-93053
-93169
-93285
-93401
-93517
-93633
-93749
-93864
-93976
-94085
-94191
-94332
-94427
-94543
-94659
-94775
-94891
-95007
-95123
-95239
-95355
-95471
-95587
-95703
-95819
-95935
-96050
-96162
-96271
-96377
-96619
-96713
-96829
-96945
-97061
-97177
-97293
-97409
-97525
-97641
-97757
-97873
-97989
-98105
-98220
-98332
-98441
-98547
-98887
-98980
-99096
-99212
-99328
-99444
-99560
-99676
-99792
-99908
-100024
-100140
-100256
-100371
-100483
-100592
-100698
-101133
-101225
-101341
-101457
-101573
-101689
-101805
-101921
-102037
-102153
-102269
-102385
-102500
-102612
-102721
-102827
-103354
-103445
-103561
-103677
-103793
-103909
-104025
-104141
-104257
-104373
-104489
-104604
-104716
-104825
-104931
-105547
-105637
-105753
-105869
-105985
-106101
-106217
-106333
-106449
-106565
-106680
-106792
-106901
-107007
-107709
-107798
-107914
-108030
-108146
-108262
-108378
-108494
-108610
-108725
-108837
-108946
-109052
-109837
-109925
-110041
-110157
-110273
-110389
-110505
-110621
-110736
-110848
-110957
-111063
-111928
-112015
-112131
-112247
-112363
-112479
-112595
-112710
-112822
-112931
-113037
-113979
-114065
-114181
-114297
-114413
-114529
-114644
-114756
-114865
-114971
-115987
-116072
-116188
-116304
-116420
-116535
-116647
-116756
-116862
-117949
-118033
-118149
-118265
-118380
-118492
-118601
-118707
-119862
-119945
-120061
-120176
-120288
-120397
-120503
-121723
-121805
-121920
-122032
-122141
-122247
-123529
-123609
-123721
-123830
-123936
-125277
-125354
-125463
-125569
-126966
-127040
-127146
-128596
-128667
-130167
)


// ************************************************************************* //
