/*--------------------------------*- C++ -*----------------------------------*\
| =========                 |                                                 |
| \\      /  F ield         | OpenFOAM: The Open Source CFD Toolbox           |
|  \\    /   O peration     | Version:  2306                                  |
|   \\  /    A nd           | Website:  www.openfoam.com                      |
|    \\/     M anipulation  |                                                 |
\*---------------------------------------------------------------------------*/
FoamFile
{
    version     2.0;
    format      ascii;
    arch        "LSB;label=32;scalar=64";
    class       volScalarField;
    location    "1.5/phiI";
    object      act;
}
// * * * * * * * * * * * * * * * * * * * * * * * * * * * * * * * * * * * * * //

dimensions      [0 0 0 0 0 0 0];

internalField   nonuniform List<scalar> 
12000
(
0
0
0
0
0
0
0
0
0
0
0
0
0
0
0
0
0
0
0
0
0
0
0
0
0
0
0
0
0
0
0
0
0
0
0
0
0
0
0
0
0
0
0
0
0
0
0
0
0
0
0
0
0
0
0
0
0
0
0
0
0
0
0
0
0
0
0
0
0
0
0
0
0
0
0
0
0
0
0
0
0
0
0
0
0
0
0
0
0
0
0
0
0
0
0
0
0
0
0
0
0
0
0
0
0
0
0
0
0
0
0
0
0
0
0
0
0
0
0
0
0
0
0
0
0
0
0
0
0
0
0
0
0
0
0
0
0
0
0
0
0
0
0
0
0
0
0
0
0
0
0
0
0
0
0
0
0
0
0
0
0
0
0
0
0
0
0
0
0
0
0
0
0
0
0
0
0
0
0
0
0
0
0
0
0
0
0
0
0
0
0
0
0
0
0
0
0
0
0
0
0
0
0
0
0
0
0
0
0
0
0
0
0
0
0
0
0
0
0
0
0
0
0
0
0
0
0
0
0
0
0
0
0
0
0
0
0
0
0
0
0
0
0
0
0
0
0
0
0
0
0
0
0
0
0
0
0
0
0
0
0
0
0
0
0
0
0
0
0
0
0
0
0
0
0
0
0
0
0
0
0
0
0
0
0
0.0001111935
0
0
0
0
0
0
0
0
0
0
0
0
0
0
0
0
0
0
0
0
0
0
0
0
0
0
0
0
0
0
0
0
0
0
0
0
0
0
0
0
0
0
0
0
0
0
0
0
0
0
0
0
0
0
0
0
0
0
0
0
0
0
0
0
0
0.0001091172
0
0
0
0
0
0
0
0
0
0
0.000144365
0.0001110556
0
0
0
0
0
0
0
0
0
0
0
0
0
0
0
0
0
0
0
0
0
0
0
0
0
0
0
0
0
0
0
0
0
0
0
0
0
0
0
0
0
0
0
0
0
0
0
0
0
0
0
0
0
0
0
0
0
0
0
0
0
0
0
0
0
0.0001049797
0
0
0
0
0
0
0
0
0
0
0.0001427498
0.0001089784
0
0
0
0
0
0
0
0
0
0
0.0001816574
0.0001442353
0.00011078
0
0
0
0
0
0
0
0
0
0
0
0
0
0
0
0
0
0
0
0
0
0
0
0
0
0
0
0
0
0
0
0
0
0
0
0
0
0
0
0
0
0
0
0
0
0
0
0
0
0
0
0
0
0
0
0
0
0
0
0
0
0
0
0
0
9.889141e-05
0
0
0
0
0
0
0
0
0
0
0.0001395355
0.0001048389
0
0
0
0
0
0
0
0
0
0
0.0001802115
0.0001426194
0.000108701
0
0
0
0
0
0
0
0
0
0
0.0002180503
0.0001815347
0.0001439752
0.0001103888
0
0
0
0
0
0
0
0
0
0
0
0
0
0
0
0
0
0
0
0
0
0
0
0
0
0
0
0
0
0
0
0
0
0
0
0
0
0
0
0
0
0
0
0
0
0
0
0
0
0
0
0
0
0
0
0
0
0
0
0
0
0
0
0
0
9.129371e-05
0
0
0
0
0
0
0
0
0
0
0.0001348096
9.874733e-05
0
0
0
0
0
0
0
0
0
0
0.0001773342
0.0001394036
0.0001045577
0
0
0
0
0
0
0
0
0
0
0.0002167028
0.0001800882
0.0001423581
0.0001083072
0
0
0
0
0
0
0
0
0
0
0.0002529068
0.0002179333
0.0001812882
0.0001436079
0.0001098321
0
0
0
0
0
0
0
0
0
0
0
0
0
0
0
0
0
0
0
0
0
0
0
0
0
0
0
0
0
0
0
0
0
0
0
0
0
0
0
0
0
0
0
0
0
0
0
0
0
0
0
0
0
0
0
0
0
0
0
0
0
0
0
0
0
8.342646e-05
0
0
0
0
0
0
0
0
0
0
0.0001289146
9.114444e-05
0
0
0
0
0
0
0
0
0
0
0.0001731019
0.0001346753
9.845965e-05
0
0
0
0
0
0
0
0
0
0
0.0002140232
0.0001772096
0.0001391395
0.0001041581
0
0
0
0
0
0
0
0
0
0
0.0002516359
0.0002165853
0.0001798406
0.0001419889
0.0001077471
0
0
0
0
0
0
0
0
0
0
0.0002862318
0.0002527946
0.0002176982
0.0001809417
0.0001430787
0
0
0
0
0
0
0
0
0
0
0
0
0
0
0
0
0
0
0
0
0
0
0
0
0
0
0
0
0
0
0
0
0
0
0
0
0
0
0
0
0
0
0
0
0
0
0
0
0
0
0
0
0
0
0
0
0
0
0
0
0
0
0
0
0
7.767539e-05
0
0
0
0
0
0
0
0
0
0
0.0001227835
8.327028e-05
0
0
0
0
0
0
0
0
0
0
0.0001678217
0.0001287764
9.084641e-05
0
0
0
0
0
0
0
0
0
0
0.0002100837
0.0001729751
0.0001344066
9.80504e-05
0
0
0
0
0
0
0
0
0
0
0.0002491101
0.0002139045
0.0001769597
0.0001387663
0.000103591
0
0
0
0
0
0
0
0
0
0
0.0002850265
0.0002515232
0.0002163492
0.0001794925
0.0001414572
0
0
0
0
0
0
0
0
0
0
0.0003181313
0.0002861238
0.0002525694
0.000217369
0.0001804371
0
0
0
0
0
0
0
0
0
0
0
0
0
0
0
0
0
0
0
0
0
0
0
0
0
0
0
0
0
0
0
0
0
0
0
0
0
0
0
0
0
0
0
0
0
0
0
0
0
0
0
0
0
0
0
0
0
0
0
0
0
0
0
0
0
7.406957e-05
0
0
0
0
0
0
0
0
0
0
0.0001182516
7.751715e-05
0
0
0
0
0
0
0
0
0
0
0.0001623249
0.0001226399
8.295819e-05
0
0
0
0
0
0
0
0
0
0
0.000205174
0.0001676914
0.0001285003
9.042143e-05
0
0
0
0
0
0
0
0
0
0
0.0002453989
0.000209963
0.0001727212
0.0001340267
9.747125e-05
0
0
0
0
0
0
0
0
0
0
0.0002826322
0.0002489963
0.0002136663
0.0001766083
0.0001382295
0
0
0
0
0
0
0
0
0
0
0.0003169842
0.0002849181
0.0002512972
0.0002160187
0.0001789858
0
0
0
0
0
0
0
0
0
0
0.0003487124
0.000318027
0.0002859075
0.0002522553
0.0002168859
0
0
0
0
0
0
0
0
0
0
0
0
0
0
0
0
0
0
0
0
0
0
0
0
0
0
0
0
0
0
0
0
0
0
0
0
0
0
0
0
0
0
0
0
0
0
0
0
0
0
0
0
0
0
0
0
0
0
0
0
0
0
0
0
0
7.203579e-05
0
0
0
0
0
0
0
0
0
0
0.0001153594
7.391131e-05
0
0
0
0
0
0
0
0
0
0
0.0001582689
0.0001181066
7.720042e-05
0
0
0
0
0
0
0
0
0
0
0.0002000663
0.0001621896
0.0001223539
8.25117e-05
0
0
0
0
0
0
0
0
0
0
0.0002407784
0.0002050499
0.0001674311
0.0001281096
8.982258e-05
0
0
0
0
0
0
0
0
0
0
0.0002791161
0.0002452833
0.0002097213
0.0001723642
0.0001334814
0
0
0
0
0
0
0
0
0
0
0.0003147063
0.0002825228
0.0002487684
0.0002133329
0.0001760972
0
0
0
0
0
0
0
0
0
0
0.0003476178
0.0003168795
0.0002847009
0.0002509818
0.0002155337
0
0
0
0
0
0
0
0
0
0
0.0003780727
0.0003486116
0.0003178188
0.0002856066
0.0002517913
0
0
0
0
0
0
0
0
0
0
0
0
0
0
0
0
0
0
0
0
0
0
0
0
0
0
0
0
0
0
0
0
0
0
0
0
0
0
0
0
0
0
0
0
0
0
0
0
0
0
0
0
0
0
0
0
0
0
0
0
0
0
0
0
0
7.112402e-05
0
0
0
0
0
0
0
0
0
0
0.0001136997
7.187786e-05
0
0
0
0
0
0
0
0
0
0
0.0001556813
0.0001152146
7.359401e-05
0
0
0
0
0
0
0
0
0
0
0.0001963066
0.000158132
0.0001178178
7.674638e-05
0
0
0
0
0
0
0
0
0
0
0.0002359752
0.0001999375
0.0001619205
0.0001219486
8.188551e-05
0
0
0
0
0
0
0
0
0
0
0.000274742
0.0002406596
0.0002048024
0.0001670649
0.0001275507
0
0
0
0
0
0
0
0
0
0
0.0003113626
0.0002790049
0.0002450521
0.0002093829
0.0001718459
0
0
0
0
0
0
0
0
0
0
0.000345445
0.0003146007
0.0002823039
0.0002484503
0.0002128439
0
0
0
0
0
0
0
0
0
0
0.000377026
0.0003475166
0.0003166705
0.000284399
0.0002505161
0
0
0
0
0
0
0
0
0
0
0.0004062967
0.000377975
0.0003484108
0.00031753
0.0002851603
0
0
0
0
0
0
0
0
0
0
0
0
0
0
0
0
0
0
0
0
0
0
0
0
0
0
0
0
0
0
0
0
0
0
0
0
0
0
0
0
0
0
0
0
0
0
0
0
0
0
0
0
0
0
0
0
0
0
0
0
0
0
0
0
7.112402e-05
0
0
0
0
0
0
0
0
0
0
0.0001129456
7.09663e-05
0
0
0
0
0
0
0
0
0
0
0.0001541973
0.0001135554
7.156082e-05
0
0
0
0
0
0
0
0
0
0
0.000193912
0.0001555444
0.0001149262
7.31386e-05
0
0
0
0
0
0
0
0
0
0
0.0002324466
0.0001961761
0.0001578604
0.0001174084
7.611136e-05
0
0
0
0
0
0
0
0
0
0
0.0002701981
0.0002358518
0.0001996817
0.0001615415
0.0001213708
0
0
0
0
0
0
0
0
0
0
0.000307206
0.0002746279
0.0002404229
0.0002044556
0.0001665348
0
0
0
0
0
0
0
0
0
0
0.0003422565
0.0003112553
0.000278783
0.0002447295
0.0002088874
0
0
0
0
0
0
0
0
0
0
0.0003749489
0.0003453428
0.0003143901
0.0002819995
0.0002479811
0
0
0
0
0
0
0
0
0
0
0.0004052941
0.0003769279
0.0003473151
0.0003163807
0.0002839511
0
0
0
0
0
0
0
0
0
0
0.000433459
0.0004062019
0.0003777812
0.0003481331
0.0003171
0
0
0
0
0
0
0
0
0
0
0
0
0
0
0
0
0
0
0
0
0
0
0
0
0
0
0
0
0
0
0
0
0
0
0
0
0
0
0
0
0
0
0
0
0
0
0
0
0
0
0
0
0
0
0
0
0
0
0
0
0
0
7.203579e-05
0
0
0
0
0
0
0
0
0
0
0.0001129456
7.09663e-05
0
0
0
0
0
0
0
0
0
0
0.0001535231
0.0001128016
7.064946e-05
0
0
0
0
0
0
0
0
0
0
0.0001925412
0.0001540607
0.0001132677
7.110542e-05
0
0
0
0
0
0
0
0
0
0
0.0002302023
0.0001937813
0.0001552731
0.0001145171
7.250253e-05
0
0
0
0
0
0
0
0
0
0
0.0002668654
0.0002323216
0.000195918
0.0001574782
0.0001168259
0
0
0
0
0
0
0
0
0
0
0.0003028904
0.0002700796
0.0002356074
0.0001993233
0.0001609949
0
0
0
0
0
0
0
0
0
0
0.0003382954
0.0003070959
0.0002744009
0.0002400927
0.0002039494
0
0
0
0
0
0
0
0
0
0
0.0003719019
0.0003421529
0.0003110419
0.0002784744
0.0002442542
0
0
0
0
0
0
0
0
0
0
0.000403305
0.00037485
0.0003451399
0.0003140981
0.0002815483
0
0
0
0
0
0
0
0
0
0
0.0004324972
0.000405199
0.0003767334
0.0003470364
0.0003159493
0
0
0
0
0
0
0
0
0
0
0.000459625
0.000433367
0.0004060146
0.0003775137
0.0003477184
0
0
0
0
0
0
0
0
0
0
0
0
0
0
0
0
0
0
0
0
0
0
0
0
0
0
0
0
0
0
0
0
0
0
0
0
0
0
0
0
0
0
0
0
0
0
0
0
0
0
0
0
0
0
0
0
0
0
0
7.406957e-05
0
0
0
0
0
0
0
0
0
0
0.0001136997
7.187786e-05
0
0
0
0
0
0
0
0
0
0
0.0001535231
0.0001128016
7.064946e-05
0
0
0
0
0
0
0
0
0
0
0.0001919191
0.0001533867
0.0001125144
7.019419e-05
0
0
0
0
0
0
0
0
0
0
0.0002289195
0.0001924107
0.0001537901
0.0001128596
7.046981e-05
0
0
0
0
0
0
0
0
0
0
0.0002647482
0.000230077
0.0001935233
0.0001548913
0.0001139354
0
0
0
0
0
0
0
0
0
0
0.0002997295
0.0002667453
0.0002320749
0.0001955566
0.0001569277
0
0
0
0
0
0
0
0
0
0
0.0003341848
0.0003027762
0.0002698453
0.0002352663
0.0001988019
0
0
0
0
0
0
0
0
0
0
0.0003681187
0.0003381891
0.0003068777
0.0002740852
0.0002396074
0
0
0
0
0
0
0
0
0
0
0.0004003881
0.0003718015
0.0003419472
0.000310746
0.0002780177
0
0
0
0
0
0
0
0
0
0
0.0004305896
0.0004032091
0.0003746541
0.0003448591
0.0003136636
0
0
0
0
0
0
0
0
0
0
0.0004587012
0.0004324048
0.000405011
0.000376465
0.0003466204
0
0
0
0
0
0
0
0
0
0
0.000484853
0.0004595356
0.0004331857
0.0004057566
0.0003771134
0
0
0
0
0
0
0
0
0
0
0
0
0
0
0
0
0
0
0
0
0
0
0
0
0
0
0
0
0
0
0
0
0
0
0
0
0
0
0
0
0
0
0
0
0
0
0
0
0
0
0
0
0
0
0
7.767539e-05
0
0
0
0
0
0
0
0
0
0
0.0001153594
7.391131e-05
0
0
0
0
0
0
0
0
0
0
0.0001541973
0.0001135554
7.156082e-05
0
0
0
0
0
0
0
0
0
0
0.0001919191
0.0001533867
0.0001125144
7.019419e-05
0
0
0
0
0
0
0
0
0
0
0.0002283378
0.0001917887
0.0001531165
0.0001121069
6.955894e-05
0
0
0
0
0
0
0
0
0
0
0.0002635395
0.0002287943
0.0001921533
0.0001534093
0.0001122795
0
0
0
0
0
0
0
0
0
0
0.0002977233
0.0002646277
0.0002298305
0.0001931624
0.000154342
0
0
0
0
0
0
0
0
0
0
0.0003311778
0.0002996137
0.0002665089
0.0002317311
0.0001950318
0
0
0
0
0
0
0
0
0
0
0.0003641946
0.0003340746
0.0003025511
0.0002695195
0.000234767
0
0
0
0
0
0
0
0
0
0
0.0003967682
0.0003680158
0.000337979
0.0003065752
0.0002736192
0
0
0
0
0
0
0
0
0
0
0.000427793
0.0004002908
0.0003716031
0.0003416629
0.0003103063
0
0
0
0
0
0
0
0
0
0
0.0004568695
0.0004304965
0.0004030198
0.0003743838
0.0003444403
0
0
0
0
0
0
0
0
0
0
0.0004839647
0.0004586115
0.000432223
0.0004047522
0.0003760635
0
0
0
0
0
0
0
0
0
0
0.0005091949
0.000484766
0.0004593601
0.0004329367
0.0004053699
0
0
0
0
0
0
0
0
0
0
0
0
0
0
0
0
0
0
0
0
0
0
0
0
0
0
0
0
0
0
0
0
0
0
0
0
0
0
0
0
0
0
0
0
0
0
0
0
0
0
8.342646e-05
0
0
0
0
0
0
0
0
0
0
0.0001182516
7.751715e-05
0
0
0
0
0
0
0
0
0
0
0.0001556813
0.0001152146
7.359401e-05
0
0
0
0
0
0
0
0
0
0
0.0001925412
0.0001540607
0.0001132677
7.110542e-05
0
0
0
0
0
0
0
0
0
0
0.0002283378
0.0001917887
0.0001531165
0.0001121069
6.955894e-05
0
0
0
0
0
0
0
0
0
0
0.0002629918
0.0002282127
0.0001915316
0.0001527363
0.0001115277
0
0
0
0
0
0
0
0
0
0
0.0002965791
0.0002634191
0.0002285482
0.0001917933
0.0001528615
0
0
0
0
0
0
0
0
0
0
0.0003292709
0.0002976072
0.0002643914
0.0002294871
0.0001926386
0
0
0
0
0
0
0
0
0
0
0.0003613272
0.0003310661
0.0002993867
0.0002661806
0.0002312287
0
0
0
0
0
0
0
0
0
0
0.0003930153
0.000364088
0.000333858
0.000302239
0.0002690402
0
0
0
0
0
0
0
0
0
0
0.0004243242
0.0003966686
0.0003678132
0.0003376884
0.0003061268
0
0
0
0
0
0
0
0
0
0
0.0004541848
0.0004276986
0.0004000991
0.0003713295
0.0003412391
0
0
0
0
0
0
0
0
0
0
0.0004822038
0.000456779
0.0004303134
0.0004027592
0.0003739795
0
0
0
0
0
0
0
0
0
0
0.00050834
0.0004838775
0.0004584354
0.0004319732
0.0004043643
0
0
0
0
0
0
0
0
0
0
0.0005326977
0.0005091102
0.0004845959
0.0004591195
0.0004325628
0
0
0
0
0
0
0
0
0
0
0
0
0
0
0
0
0
0
0
0
0
0
0
0
0
0
0
0
0
0
0
0
0
0
0
0
0
0
0
0
0
0
0
0
9.129371e-05
0
0
0
0
0
0
0
0
0
0
0.0001227835
8.327028e-05
0
0
0
0
0
0
0
0
0
0
0.0001582689
0.0001181066
7.720042e-05
0
0
0
0
0
0
0
0
0
0
0.000193912
0.0001555444
0.0001149262
7.31386e-05
0
0
0
0
0
0
0
0
0
0
0.0002289195
0.0001924107
0.0001537901
0.0001128596
7.046981e-05
0
0
0
0
0
0
0
0
0
0
0.0002629918
0.0002282127
0.0001915316
0.0001527363
0.0001115277
0
0
0
0
0
0
0
0
0
0
0.0002960609
0.0002628714
0.0002279669
0.0001911722
0.0001521894
0
0
0
0
0
0
0
0
0
0
0.0003281843
0.000296463
0.0002631832
0.0002282057
0.0001912709
0
0
0
0
0
0
0
0
0
0
0.0003595103
0.0003291589
0.0002973802
0.0002640636
0.0002289856
0
0
0
0
0
0
0
0
0
0
0.0003902759
0.0003612192
0.0003308476
0.0002990723
0.0002656984
0
0
0
0
0
0
0
0
0
0
0.0004207294
0.0003929121
0.0003638792
0.0003335584
0.0003017781
0
0
0
0
0
0
0
0
0
0
0.0004508563
0.0004242275
0.0003964729
0.0003675336
0.0003372565
0
0
0
0
0
0
0
0
0
0
0.0004796237
0.0004540931
0.0004275133
0.0003998354
0.0003709206
0
0
0
0
0
0
0
0
0
0
0.0005066456
0.0004821159
0.0004566018
0.0004300619
0.0004023688
0
0
0
0
0
0
0
0
0
0
0.0005318742
0.0005082551
0.0004837069
0.0004581941
0.0004315982
0
0
0
0
0
0
0
0
0
0
0.0005554038
0.0005326153
0.0005089454
0.0004843633
0.0004587577
0
0
0
0
0
0
0
0
0
0
0
0
0
0
0
0
0
0
0
0
0
0
0
0
0
0
0
0
0
0
0
0
0
0
0
0
0
9.889141e-05
0
0
0
0
0
0
0
0
0
0
0.0001289146
9.114444e-05
0
0
0
0
0
0
0
0
0
0
0.0001623249
0.0001226399
8.295819e-05
0
0
0
0
0
0
0
0
0
0
0.0001963066
0.000158132
0.0001178178
7.674638e-05
0
0
0
0
0
0
0
0
0
0
0.0002302023
0.0001937813
0.0001552731
0.0001145171
7.250253e-05
0
0
0
0
0
0
0
0
0
0
0.0002635395
0.0002287943
0.0001921533
0.0001534093
0.0001122795
0
0
0
0
0
0
0
0
0
0
0.0002960609
0.0002628714
0.0002279669
0.0001911722
0.0001521894
0
0
0
0
0
0
0
0
0
0
0.0003276925
0.0002959449
0.0002626358
0.0002276249
0.0001906506
0
0
0
0
0
0
0
0
0
0
0.0003584759
0.0003280723
0.0002962364
0.0002628561
0.0002277055
0
0
0
0
0
0
0
0
0
0
0.0003885415
0.000359402
0.0003289405
0.0002970662
0.0002635823
0
0
0
0
0
0
0
0
0
0
0.0004181081
0.0003901714
0.0003610087
0.0003305459
0.0002986087
0
0
0
0
0
0
0
0
0
0
0.0004474087
0.0004206294
0.0003927106
0.0003635911
0.0003331146
0
0
0
0
0
0
0
0
0
0
0.0004764264
0.0004507625
0.0004240383
0.0003962036
0.0003671171
0
0
0
0
0
0
0
0
0
0
0.0005041636
0.0004795346
0.0004539137
0.0004272588
0.0003994406
0
0
0
0
0
0
0
0
0
0
0.0005302424
0.0005065601
0.0004819442
0.0004563588
0.0004296845
0
0
0
0
0
0
0
0
0
0
0.00055461
0.0005317916
0.0005080898
0.0004834736
0.0004578313
0
0
0
0
0
0
0
0
0
0
0.000577352
0.0005553236
0.0005324555
0.0005087203
0.0004840132
0
0
0
0
0
0
0
0
0
0
0
0
0
0
0
0
0
0
0
0
0
0
0
0
0
0
0
0
0
0.0001049797
0
0
0
0
0
0
0
0
0
0
0.0001348096
9.874733e-05
0
0
0
0
0
0
0
0
0
0
0.0001678217
0.0001287764
9.084641e-05
0
0
0
0
0
0
0
0
0
0
0.0002000663
0.0001621896
0.0001223539
8.25117e-05
0
0
0
0
0
0
0
0
0
0
0.0002324466
0.0001961761
0.0001578604
0.0001174084
7.611136e-05
0
0
0
0
0
0
0
0
0
0
0.0002647482
0.000230077
0.0001935233
0.0001548913
0.0001139354
0
0
0
0
0
0
0
0
0
0
0.0002965791
0.0002634191
0.0002285482
0.0001917933
0.0001528615
0
0
0
0
0
0
0
0
0
0
0.0003276925
0.0002959449
0.0002626358
0.0002276249
0.0001906506
0
0
0
0
0
0
0
0
0
0
0.0003580079
0.0003275805
0.0002957185
0.0002623091
0.0002271255
0
0
0
0
0
0
0
0
0
0
0.0003875548
0.0003583676
0.0003278542
0.0002959232
0.000262376
0
0
0
0
0
0
0
0
0
0
0.0004164498
0.0003884367
0.0003591916
0.0003286392
0.0002966035
0
0
0
0
0
0
0
0
0
0
0.0004448971
0.0004180069
0.0003899682
0.0003607186
0.0003300996
0
0
0
0
0
0
0
0
0
0
0.000473116
0.0004473116
0.0004204347
0.0003924332
0.0003631634
0
0
0
0
0
0
0
0
0
0
0.0005010891
0.0004763352
0.0004505795
0.0004237786
0.0003958015
0
0
0
0
0
0
0
0
0
0
0.0005278526
0.0005040769
0.0004793609
0.000453668
0.0004268773
0
0
0
0
0
0
0
0
0
0
0.0005530373
0.0005301592
0.0005063937
0.0004817094
0.0004559939
0
0
0
0
0
0
0
0
0
0
0.0005765863
0.0005545296
0.0005316313
0.000507864
0.0004831225
0
0
0
0
0
0
0
0
0
0
0.0005985777
0.0005772739
0.0005551686
0.0005322375
0.0005083813
0
0
0
0
0
0
0
0
0
0
0
0
0
0
0
0
0
0
0
0
0.0001091172
0
0
0
0
0
0
0
0
0
0
0.0001395355
0.0001048389
0
0
0
0
0
0
0
0
0
0
0.0001731019
0.0001346753
9.845965e-05
0
0
0
0
0
0
0
0
0
0
0.000205174
0.0001676914
0.0001285003
9.042143e-05
0
0
0
0
0
0
0
0
0
0
0.0002359752
0.0001999375
0.0001619205
0.0001219486
8.188551e-05
0
0
0
0
0
0
0
0
0
0
0.0002668654
0.0002323216
0.000195918
0.0001574782
0.0001168259
0
0
0
0
0
0
0
0
0
0
0.0002977233
0.0002646277
0.0002298305
0.0001931624
0.000154342
0
0
0
0
0
0
0
0
0
0
0.0003281843
0.000296463
0.0002631832
0.0002282057
0.0001912709
0
0
0
0
0
0
0
0
0
0
0.0003580079
0.0003275805
0.0002957185
0.0002623091
0.0002271255
0
0
0
0
0
0
0
0
0
0
0.0003871086
0.0003578996
0.0003273627
0.0002954057
0.0002618298
0
0
0
0
0
0
0
0
0
0
0.0004155072
0.00038745
0.0003581575
0.0003275537
0.0002954617
0
0
0
0
0
0
0
0
0
0
0.0004433094
0.0004163483
0.0003882336
0.0003589019
0.0003281938
0
0
0
0
0
0
0
0
0
0
0.0004707067
0.0004447989
0.0004178107
0.000389689
0.0003602886
0
0
0
0
0
0
0
0
0
0
0.0004979075
0.0004730218
0.0004471234
0.0004201673
0.0003920205
0
0
0
0
0
0
0
0
0
0
0.0005248938
0.0005010005
0.0004761581
0.0004503288
0.0004233902
0
0
0
0
0
0
0
0
0
0
0.0005507346
0.0005277683
0.0005039086
0.0004791234
0.0004532991
0
0
0
0
0
0
0
0
0
0
0.0005750694
0.0005529563
0.0005299979
0.0005061665
0.0004813562
0
0
0
0
0
0
0
0
0
0
0.0005978386
0.000576508
0.0005543741
0.0005314127
0.0005075241
0
0
0
0
0
0
0
0
0
0
0.0006191134
0.0005985016
0.0005771234
0.0005549575
0.0005319091
0
0
0
0
0
0
0
0
0
0
0.0001111935
0
0
0
0
0
0
0
0
0
0
0.0001427498
0.0001089784
0
0
0
0
0
0
0
0
0
0
0.0001773342
0.0001394036
0.0001045577
0
0
0
0
0
0
0
0
0
0
0.0002100837
0.0001729751
0.0001344066
9.80504e-05
0
0
0
0
0
0
0
0
0
0
0.0002407784
0.0002050499
0.0001674311
0.0001281096
8.982258e-05
0
0
0
0
0
0
0
0
0
0
0.0002701981
0.0002358518
0.0001996817
0.0001615415
0.0001213708
0
0
0
0
0
0
0
0
0
0
0.0002997295
0.0002667453
0.0002320749
0.0001955566
0.0001569277
0
0
0
0
0
0
0
0
0
0
0.0003292709
0.0002976072
0.0002643914
0.0002294871
0.0001926386
0
0
0
0
0
0
0
0
0
0
0.0003584759
0.0003280723
0.0002962364
0.0002628561
0.0002277055
0
0
0
0
0
0
0
0
0
0
0.0003871086
0.0003578996
0.0003273627
0.0002954057
0.0002618298
0
0
0
0
0
0
0
0
0
0
0.0004150812
0.0003870039
0.0003576897
0.0003270625
0.0002949449
0
0
0
0
0
0
0
0
0
0
0.0004424077
0.0004154057
0.0003872473
0.0003578686
0.0003271094
0
0
0
0
0
0
0
0
0
0
0.000469185
0.000443211
0.0004161523
0.0003879549
0.0003584727
0
0
0
0
0
0
0
0
0
0
0.000495594
0.0004706115
0.0004446092
0.0004175416
0.0003892742
0
0
0
0
0
0
0
0
0
0
0.0005218331
0.000497816
0.0004728396
0.0004468654
0.0004197688
0
0
0
0
0
0
0
0
0
0
0.0005478847
0.0005248076
0.0005008289
0.0004759158
0.0004499533
0
0
0
0
0
0
0
0
0
0
0.0005728491
0.0005506525
0.0005276052
0.0005036789
0.0004787665
0
0
0
0
0
0
0
0
0
0
0.0005963747
0.0005749905
0.0005527998
0.0005297779
0.0005058245
0
0
0
0
0
0
0
0
0
0
0.0006183995
0.0005977623
0.000576357
0.0005541624
0.0005310834
0
0
0
0
0
0
0
0
0
0
0.0006389892
0.0006190393
0.0005983555
0.0005769188
0.0005546391
0
0
0
0
0
0
0
0
0
0
0.000144365
0.0001110556
0
0
0
0
0
0
0
0
0
0
0.0001802115
0.0001426194
0.000108701
0
0
0
0
0
0
0
0
0
0
0.0002140232
0.0001772096
0.0001391395
0.0001041581
0
0
0
0
0
0
0
0
0
0
0.0002453989
0.000209963
0.0001727212
0.0001340267
9.747125e-05
0
0
0
0
0
0
0
0
0
0
0.000274742
0.0002406596
0.0002048024
0.0001670649
0.0001275507
0
0
0
0
0
0
0
0
0
0
0.0003028904
0.0002700796
0.0002356074
0.0001993233
0.0001609949
0
0
0
0
0
0
0
0
0
0
0.0003311778
0.0002996137
0.0002665089
0.0002317311
0.0001950318
0
0
0
0
0
0
0
0
0
0
0.0003595103
0.0003291589
0.0002973802
0.0002640636
0.0002289856
0
0
0
0
0
0
0
0
0
0
0.0003875548
0.0003583676
0.0003278542
0.0002959232
0.000262376
0
0
0
0
0
0
0
0
0
0
0.0004150812
0.0003870039
0.0003576897
0.0003270625
0.0002949449
0
0
0
0
0
0
0
0
0
0
0.0004420004
0.0004149797
0.0003868014
0.0003574012
0.0003266189
0
0
0
0
0
0
0
0
0
0
0.0004683214
0.0004423093
0.00041521
0.0003869692
0.0003574405
0
0
0
0
0
0
0
0
0
0
0.000494134
0.0004690895
0.0004430215
0.0004158836
0.0003875409
0
0
0
0
0
0
0
0
0
0
0.0005196097
0.0004955015
0.000470428
0.0004443496
0.0004171411
0
0
0
0
0
0
0
0
0
0
0.0005449382
0.0005217442
0.0004976396
0.0004725904
0.0004464803
0
0
0
0
0
0
0
0
0
0
0.0005701023
0.0005478009
0.0005246413
0.0005005947
0.0004755526
0
0
0
0
0
0
0
0
0
0
0.0005942324
0.0005727692
0.0005504943
0.0005273828
0.0005033334
0
0
0
0
0
0
0
0
0
0
0.000616986
0.0005962978
0.0005748387
0.0005525868
0.0005294467
0
0
0
0
0
0
0
0
0
0
0.0006382994
0.0006183252
0.0005976157
0.0005761519
0.0005538432
0
0
0
0
0
0
0
0
0
0
0.0006582329
0.000638917
0.0006188973
0.0005981572
0.0005766102
0
0
0
0
0
0
0
0
0
0
0.0001816574
0.0001442353
0.00011078
0
0
0
0
0
0
0
0
0
0
0.0002167028
0.0001800882
0.0001423581
0.0001083072
0
0
0
0
0
0
0
0
0
0
0.0002491101
0.0002139045
0.0001769597
0.0001387663
0.000103591
0
0
0
0
0
0
0
0
0
0
0.0002791161
0.0002452833
0.0002097213
0.0001723642
0.0001334814
0
0
0
0
0
0
0
0
0
0
0.000307206
0.0002746279
0.0002404229
0.0002044556
0.0001665348
0
0
0
0
0
0
0
0
0
0
0.0003341848
0.0003027762
0.0002698453
0.0002352663
0.0001988019
0
0
0
0
0
0
0
0
0
0
0.0003613272
0.0003310661
0.0002993867
0.0002661806
0.0002312287
0
0
0
0
0
0
0
0
0
0
0.0003885415
0.000359402
0.0003289405
0.0002970662
0.0002635823
0
0
0
0
0
0
0
0
0
0
0.0004155072
0.00038745
0.0003581575
0.0003275537
0.0002954617
0
0
0
0
0
0
0
0
0
0
0.0004420004
0.0004149797
0.0003868014
0.0003574012
0.0003266189
0
0
0
0
0
0
0
0
0
0
0.0004679315
0.000441902
0.0004147842
0.0003865237
0.0003569737
0
0
0
0
0
0
0
0
0
0
0.0004933061
0.000468226
0.0004421201
0.000414942
0.0003865563
0
0
0
0
0
0
0
0
0
0
0.0005182077
0.0004940413
0.0004689062
0.0004427623
0.000415484
0
0
0
0
0
0
0
0
0
0
0.0005427996
0.0005195198
0.0004953239
0.0004701773
0.0004439626
0
0
0
0
0
0
0
0
0
0
0.0005672636
0.0005448517
0.0005215733
0.0004973987
0.0004722181
0
0
0
0
0
0
0
0
0
0
0.0005915832
0.0005700207
0.0005476396
0.0005244146
0.0005002432
0
0
0
0
0
0
0
0
0
0
0.0006149178
0.0005941546
0.0005726156
0.000550279
0.0005270482
0
0
0
0
0
0
0
0
0
0
0.0006369337
0.0006169111
0.0005961504
0.0005746323
0.0005522658
0
0
0
0
0
0
0
0
0
0
0.000657566
0.0006382269
0.0006181829
0.0005974168
0.0005758424
0
0
0
0
0
0
0
0
0
0
0.0006768703
0.0006581625
0.0006387791
0.000618705
0.0005978578
0
0
0
0
0
0
0
0
0
0
0.0002180503
0.0001815347
0.0001439752
0.0001103888
0
0
0
0
0
0
0
0
0
0
0.0002516359
0.0002165853
0.0001798406
0.0001419889
0.0001077471
0
0
0
0
0
0
0
0
0
0
0.0002826322
0.0002489963
0.0002136663
0.0001766083
0.0001382295
0
0
0
0
0
0
0
0
0
0
0.0003113626
0.0002790049
0.0002450521
0.0002093829
0.0001718459
0
0
0
0
0
0
0
0
0
0
0.0003382954
0.0003070959
0.0002744009
0.0002400927
0.0002039494
0
0
0
0
0
0
0
0
0
0
0.0003641946
0.0003340746
0.0003025511
0.0002695195
0.000234767
0
0
0
0
0
0
0
0
0
0
0.0003902759
0.0003612192
0.0003308476
0.0002990723
0.0002656984
0
0
0
0
0
0
0
0
0
0
0.0004164498
0.0003884367
0.0003591916
0.0003286392
0.0002966035
0
0
0
0
0
0
0
0
0
0
0.0004424077
0.0004154057
0.0003872473
0.0003578686
0.0003271094
0
0
0
0
0
0
0
0
0
0
0.0004679315
0.000441902
0.0004147842
0.0003865237
0.0003569737
0
0
0
0
0
0
0
0
0
0
0.0004929325
0.0004678361
0.000441713
0.0004145166
0.0003861113
0
0
0
0
0
0
0
0
0
0
0.0005174134
0.0004932135
0.000468043
0.0004418616
0.0004145434
0
0
0
0
0
0
0
0
0
0
0.0005414522
0.0005181176
0.0004938639
0.000468656
0.0004423762
0
0
0
0
0
0
0
0
0
0
0.0005652051
0.0005427122
0.0005193478
0.0004950816
0.0004698032
0
0
0
0
0
0
0
0
0
0
0.0005888467
0.0005671794
0.0005446861
0.0005213403
0.0004970384
0
0
0
0
0
0
0
0
0
0
0.0006123613
0.0005915038
0.0005698642
0.0005474202
0.0005240743
0
0
0
0
0
0
0
0
0
0
0.000634936
0.000614842
0.0005940055
0.000572407
0.0005499548
0
0
0
0
0
0
0
0
0
0
0.0006562459
0.0006368607
0.0006167679
0.0005959503
0.0005743211
0
0
0
0
0
0
0
0
0
0
0.0006762253
0.0006574954
0.0006380887
0.00061799
0.0005971167
0
0
0
0
0
0
0
0
0
0
0.0006949255
0.0006768017
0.0006580285
0.0006385925
0.0006184146
0
0
0
0
0
0
0
0
0
0
0.0002529068
0.0002179333
0.0001812882
0.0001436079
0.0001098321
0
0
0
0
0
0
0
0
0
0
0.0002850265
0.0002515232
0.0002163492
0.0001794925
0.0001414572
0
0
0
0
0
0
0
0
0
0
0.0003147063
0.0002825228
0.0002487684
0.0002133329
0.0001760972
0
0
0
0
0
0
0
0
0
0
0.0003422565
0.0003112553
0.000278783
0.0002447295
0.0002088874
0
0
0
0
0
0
0
0
0
0
0.0003681187
0.0003381891
0.0003068777
0.0002740852
0.0002396074
0
0
0
0
0
0
0
0
0
0
0.0003930153
0.000364088
0.000333858
0.000302239
0.0002690402
0
0
0
0
0
0
0
0
0
0
0.0004181081
0.0003901714
0.0003610087
0.0003305459
0.0002986087
0
0
0
0
0
0
0
0
0
0
0.0004433094
0.0004163483
0.0003882336
0.0003589019
0.0003281938
0
0
0
0
0
0
0
0
0
0
0.0004683214
0.0004423093
0.00041521
0.0003869692
0.0003574405
0
0
0
0
0
0
0
0
0
0
0.0004929325
0.0004678361
0.000441713
0.0004145166
0.0003861113
0
0
0
0
0
0
0
0
0
0
0.0005170551
0.0004928399
0.0004676533
0.0004414548
0.0004141185
0
0
0
0
0
0
0
0
0
0
0.0005406895
0.0005173233
0.0004930363
0.0004677934
0.0004414765
0
0
0
0
0
0
0
0
0
0
0.0005639093
0.0005413647
0.0005179458
0.000493622
0.0004682827
0
0
0
0
0
0
0
0
0
0
0.0005868641
0.0005651202
0.0005425455
0.0005191135
0.0004947197
0
0
0
0
0
0
0
0
0
0
0.0006097218
0.0005887648
0.0005670188
0.0005444606
0.0005209916
0
0
0
0
0
0
0
0
0
0
0.0006324677
0.000612284
0.000591352
0.0005696517
0.0005470905
0
0
0
0
0
0
0
0
0
0
0.0006543154
0.0006348622
0.0006146973
0.0005938033
0.0005720928
0
0
0
0
0
0
0
0
0
0
0.0006749487
0.0006561748
0.0006367217
0.0006165739
0.0005956486
0
0
0
0
0
0
0
0
0
0
0.0006943014
0.0006761565
0.0006573611
0.0006379016
0.0006176989
0
0
0
0
0
0
0
0
0
0
0.0007124207
0.0006948586
0.0006766714
0.0006578474
0.0006383107
0
0
0
0
0
0
0
0
0
0
0.0002862318
0.0002527946
0.0002176982
0.0001809417
0.0001430787
0
0
0
0
0
0
0
0
0
0
0.0003169842
0.0002849181
0.0002512972
0.0002160187
0.0001789858
0
0
0
0
0
0
0
0
0
0
0.000345445
0.0003146007
0.0002823039
0.0002484503
0.0002128439
0
0
0
0
0
0
0
0
0
0
0.0003719019
0.0003421529
0.0003110419
0.0002784744
0.0002442542
0
0
0
0
0
0
0
0
0
0
0.0003967682
0.0003680158
0.000337979
0.0003065752
0.0002736192
0
0
0
0
0
0
0
0
0
0
0.0004207294
0.0003929121
0.0003638792
0.0003335584
0.0003017781
0
0
0
0
0
0
0
0
0
0
0.0004448971
0.0004180069
0.0003899682
0.0003607186
0.0003300996
0
0
0
0
0
0
0
0
0
0
0.000469185
0.000443211
0.0004161523
0.0003879549
0.0003584727
0
0
0
0
0
0
0
0
0
0
0.0004933061
0.000468226
0.0004421201
0.000414942
0.0003865563
0
0
0
0
0
0
0
0
0
0
0.0005170551
0.0004928399
0.0004676533
0.0004414548
0.0004141185
0
0
0
0
0
0
0
0
0
0
0.0005403456
0.0005169651
0.0004926629
0.000467404
0.0004410703
0
0
0
0
0
0
0
0
0
0
0.0005631764
0.000540602
0.0005171518
0.0004927951
0.0004674211
0
0
0
0
0
0
0
0
0
0
0.0005856172
0.0005638242
0.0005411981
0.000517712
0.000493261
0
0
0
0
0
0
0
0
0
0
0.0006078112
0.0005867815
0.0005649585
0.0005423188
0.0005187633
0
0
0
0
0
0
0
0
0
0
0.0006299203
0.0006096421
0.000588609
0.0005668005
0.0005441229
0
0
0
0
0
0
0
0
0
0
0.0006519311
0.0006323923
0.0006121366
0.000591146
0.0005693322
0
0
0
0
0
0
0
0
0
0
0.0006730823
0.0006542435
0.0006347216
0.0006145012
0.0005934986
0
0
0
0
0
0
0
0
0
0
0.0006930664
0.0006748794
0.0006560397
0.0006365334
0.0006162812
0
0
0
0
0
0
0
0
0
0
0.0007118166
0.0006942343
0.0006760259
0.0006571795
0.0006376191
0
0
0
0
0
0
0
0
0
0
0.0007293768
0.0007123555
0.000694732
0.0006764956
0.0006575739
0
0
0
0
0
0
0
0
0
0
0.0003181313
0.0002861238
0.0002525694
0.000217369
0.0001804371
0
0
0
0
0
0
0
0
0
0
0.0003476178
0.0003168795
0.0002847009
0.0002509818
0.0002155337
0
0
0
0
0
0
0
0
0
0
0.0003749489
0.0003453428
0.0003143901
0.0002819995
0.0002479811
0
0
0
0
0
0
0
0
0
0
0.0004003881
0.0003718015
0.0003419472
0.000310746
0.0002780177
0
0
0
0
0
0
0
0
0
0
0.0004243242
0.0003966686
0.0003678132
0.0003376884
0.0003061268
0
0
0
0
0
0
0
0
0
0
0.0004474087
0.0004206294
0.0003927106
0.0003635911
0.0003331146
0
0
0
0
0
0
0
0
0
0
0.0004707067
0.0004447989
0.0004178107
0.000389689
0.0003602886
0
0
0
0
0
0
0
0
0
0
0.000494134
0.0004690895
0.0004430215
0.0004158836
0.0003875409
0
0
0
0
0
0
0
0
0
0
0.0005174134
0.0004932135
0.000468043
0.0004418616
0.0004145434
0
0
0
0
0
0
0
0
0
0
0.0005403456
0.0005169651
0.0004926629
0.000467404
0.0004410703
0
0
0
0
0
0
0
0
0
0
0.0005628462
0.0005402581
0.0005167937
0.0004924221
0.0004670323
0
0
0
0
0
0
0
0
0
0
0.0005849125
0.0005630914
0.0005404357
0.0005169186
0.0004924351
0
0
0
0
0
0
0
0
0
0
0.0006066106
0.0005855344
0.0005636628
0.0005409719
0.0005173626
0
0
0
0
0
0
0
0
0
0
0.0006280782
0.0006077308
0.0005866247
0.000564739
0.0005419797
0
0
0
0
0
0
0
0
0
0
0.0006494715
0.0006298428
0.0006094909
0.0005883975
0.0005664733
0
0
0
0
0
0
0
0
0
0
0.000670778
0.0006518576
0.0006322492
0.0006119369
0.0005908362
0
0
0
0
0
0
0
0
0
0
0.0006912612
0.0006730122
0.0006541069
0.0006345314
0.0006142057
0
0
0
0
0
0
0
0
0
0
0.0007106214
0.0006929988
0.0006747481
0.000655857
0.0006362494
0
0
0
0
0
0
0
0
0
0
0.0007287918
0.0007117512
0.0006941073
0.0006758496
0.0006569053
0
0
0
0
0
0
0
0
0
0
0.0007458125
0.0007293131
0.0007122323
0.0006945612
0.00067623
0
0
0
0
0
0
0
0
0
0
0.0003487124
0.000318027
0.0002859075
0.0002522553
0.0002168859
0
0
0
0
0
0
0
0
0
0
0.000377026
0.0003475166
0.0003166705
0.000284399
0.0002505161
0
0
0
0
0
0
0
0
0
0
0.000403305
0.00037485
0.0003451399
0.0003140981
0.0002815483
0
0
0
0
0
0
0
0
0
0
0.000427793
0.0004002908
0.0003716031
0.0003416629
0.0003103063
0
0
0
0
0
0
0
0
0
0
0.0004508563
0.0004242275
0.0003964729
0.0003675336
0.0003372565
0
0
0
0
0
0
0
0
0
0
0.000473116
0.0004473116
0.0004204347
0.0003924332
0.0003631634
0
0
0
0
0
0
0
0
0
0
0.000495594
0.0004706115
0.0004446092
0.0004175416
0.0003892742
0
0
0
0
0
0
0
0
0
0
0.0005182077
0.0004940413
0.0004689062
0.0004427623
0.000415484
0
0
0
0
0
0
0
0
0
0
0.0005406895
0.0005173233
0.0004930363
0.0004677934
0.0004414765
0
0
0
0
0
0
0
0
0
0
0.0005628462
0.0005402581
0.0005167937
0.0004924221
0.0004670323
0
0
0
0
0
0
0
0
0
0
0.0005845952
0.0005627612
0.0005400921
0.0005165608
0.0004920625
0
0
0
0
0
0
0
0
0
0
0.0006059327
0.0005848298
0.0005629302
0.0005402101
0.0005165701
0
0
0
0
0
0
0
0
0
0
0.0006269216
0.00060653
0.0005853778
0.0005634438
0.0005406336
0
0
0
0
0
0
0
0
0
0
0.0006476945
0.0006279999
0.0006075786
0.0005864121
0.0005644105
0
0
0
0
0
0
0
0
0
0
0.0006684023
0.000649396
0.000629696
0.0006092859
0.0005880804
0
0
0
0
0
0
0
0
0
0
0.0006890334
0.0006707065
0.0006517186
0.0006320555
0.0006116365
0
0
0
0
0
0
0
0
0
0
0.0007088748
0.0006911928
0.0006728795
0.0006539224
0.0006342447
0
0
0
0
0
0
0
0
0
0
0.0007276347
0.0007105555
0.0006928711
0.0006745708
0.0006555814
0
0
0
0
0
0
0
0
0
0
0.0007452459
0.000728728
0.0007116278
0.0006939361
0.0006755834
0
0
0
0
0
0
0
0
0
0
0.0007617448
0.0007457504
0.0007291934
0.0007120665
0.0006943033
0
0
0
0
0
0
0
0
0
0
0.0003780727
0.0003486116
0.0003178188
0.0002856066
0.0002517913
0
0
0
0
0
0
0
0
0
0
0.0004052941
0.0003769279
0.0003473151
0.0003163807
0.0002839511
0
0
0
0
0
0
0
0
0
0
0.0004305896
0.0004032091
0.0003746541
0.0003448591
0.0003136636
0
0
0
0
0
0
0
0
0
0
0.0004541848
0.0004276986
0.0004000991
0.0003713295
0.0003412391
0
0
0
0
0
0
0
0
0
0
0.0004764264
0.0004507625
0.0004240383
0.0003962036
0.0003671171
0
0
0
0
0
0
0
0
0
0
0.0004979075
0.0004730218
0.0004471234
0.0004201673
0.0003920205
0
0
0
0
0
0
0
0
0
0
0.0005196097
0.0004955015
0.000470428
0.0004443496
0.0004171411
0
0
0
0
0
0
0
0
0
0
0.0005414522
0.0005181176
0.0004938639
0.000468656
0.0004423762
0
0
0
0
0
0
0
0
0
0
0.0005631764
0.000540602
0.0005171518
0.0004927951
0.0004674211
0
0
0
0
0
0
0
0
0
0
0.0005845952
0.0005627612
0.0005400921
0.0005165608
0.0004920625
0
0
0
0
0
0
0
0
0
0
0.0006056275
0.0005845125
0.0005626002
0.0005398668
0.0005162129
0
0
0
0
0
0
0
0
0
0
0.0006262691
0.0006058522
0.0005846734
0.0005627118
0.0005398727
0
0
0
0
0
0
0
0
0
0
0.0006465798
0.0006268432
0.0006063781
0.0005851657
0.0005631161
0
0
0
0
0
0
0
0
0
0
0.0006666873
0.0006476183
0.0006278522
0.0006073726
0.0005860937
0
0
0
0
0
0
0
0
0
0
0.0006867376
0.0006683287
0.0006492534
0.0006294972
0.0006089784
0
0
0
0
0
0
0
0
0
0
0.0007067201
0.0006889637
0.0006705714
0.0006515307
0.0006317641
0
0
0
0
0
0
0
0
0
0
0.0007259441
0.0007088081
0.0006910638
0.0006727003
0.0006536441
0
0
0
0
0
0
0
0
0
0
0.0007441252
0.0007275704
0.0007104314
0.000692699
0.0006743031
0
0
0
0
0
0
0
0
0
0
0.0007611959
0.0007451836
0.0007286079
0.0007114615
0.0006936776
0
0
0
0
0
0
0
0
0
0
0.0007771886
0.0007616843
0.0007456339
0.0007290322
0.0007118159
0
0
0
0
0
0
0
0
0
0
0.0004062967
0.000377975
0.0003484108
0.00031753
0.0002851603
0
0
0
0
0
0
0
0
0
0
0.0004324972
0.000405199
0.0003767334
0.0003470364
0.0003159493
0
0
0
0
0
0
0
0
0
0
0.0004568695
0.0004304965
0.0004030198
0.0003743838
0.0003444403
0
0
0
0
0
0
0
0
0
0
0.0004796237
0.0004540931
0.0004275133
0.0003998354
0.0003709206
0
0
0
0
0
0
0
0
0
0
0.0005010891
0.0004763352
0.0004505795
0.0004237786
0.0003958015
0
0
0
0
0
0
0
0
0
0
0.0005218331
0.000497816
0.0004728396
0.0004468654
0.0004197688
0
0
0
0
0
0
0
0
0
0
0.0005427996
0.0005195198
0.0004953239
0.0004701773
0.0004439626
0
0
0
0
0
0
0
0
0
0
0.0005639093
0.0005413647
0.0005179458
0.000493622
0.0004682827
0
0
0
0
0
0
0
0
0
0
0.0005849125
0.0005630914
0.0005404357
0.0005169186
0.0004924351
0
0
0
0
0
0
0
0
0
0
0.0006056275
0.0005845125
0.0005626002
0.0005398668
0.0005162129
0
0
0
0
0
0
0
0
0
0
0.0006259756
0.0006055471
0.0005843563
0.000562382
0.0005395298
0
0
0
0
0
0
0
0
0
0
0.0006459515
0.0006261907
0.0006057005
0.0005844619
0.0005623849
0
0
0
0
0
0
0
0
0
0
0.0006656125
0.0006465035
0.0006266957
0.0006061725
0.0005848481
0
0
0
0
0
0
0
0
0
0
0.0006850819
0.0006666131
0.0006474749
0.0006276525
0.000607064
0
0
0
0
0
0
0
0
0
0
0.0007045008
0.0006866659
0.0006681902
0.0006490606
0.000629199
0
0
0
0
0
0
0
0
0
0
0.0007238594
0.0007066521
0.0006888323
0.000670389
0.0006512479
0
0
0
0
0
0
0
0
0
0
0.0007424883
0.0007258791
0.0007086827
0.0006908899
0.0006724302
0
0
0
0
0
0
0
0
0
0
0.0007601102
0.0007440625
0.0007274497
0.0007102641
0.0006924391
0
0
0
0
0
0
0
0
0
0
0.0007766565
0.0007611351
0.0007450668
0.0007284464
0.0007112103
0
0
0
0
0
0
0
0
0
0
0.0007921558
0.0007771295
0.0007615709
0.0007454773
0.0007287888
0
0
0
0
0
0
0
0
0
0
0.000433459
0.0004062019
0.0003777812
0.0003481331
0.0003171
0
0
0
0
0
0
0
0
0
0
0.0004587012
0.0004324048
0.000405011
0.000376465
0.0003466204
0
0
0
0
0
0
0
0
0
0
0.0004822038
0.000456779
0.0004303134
0.0004027592
0.0003739795
0
0
0
0
0
0
0
0
0
0
0.0005041636
0.0004795346
0.0004539137
0.0004272588
0.0003994406
0
0
0
0
0
0
0
0
0
0
0.0005248938
0.0005010005
0.0004761581
0.0004503288
0.0004233902
0
0
0
0
0
0
0
0
0
0
0.0005449382
0.0005217442
0.0004976396
0.0004725904
0.0004464803
0
0
0
0
0
0
0
0
0
0
0.0005652051
0.0005427122
0.0005193478
0.0004950816
0.0004698032
0
0
0
0
0
0
0
0
0
0
0.0005856172
0.0005638242
0.0005411981
0.000517712
0.000493261
0
0
0
0
0
0
0
0
0
0
0.0006059327
0.0005848298
0.0005629302
0.0005402101
0.0005165701
0
0
0
0
0
0
0
0
0
0
0.0006259756
0.0006055471
0.0005843563
0.000562382
0.0005395298
0
0
0
0
0
0
0
0
0
0
0.000645669
0.0006258973
0.0006053956
0.000584145
0.0005620557
0
0
0
0
0
0
0
0
0
0
0.0006650073
0.0006458752
0.0006260435
0.0006054955
0.0005841451
0
0
0
0
0
0
0
0
0
0
0.0006840452
0.0006655382
0.0006463602
0.0006264964
0.0006058646
0
0
0
0
0
0
0
0
0
0
0.0007029017
0.0006850096
0.0006664738
0.0006472811
0.0006273531
0
0
0
0
0
0
0
0
0
0
0.0007217132
0.0007044309
0.0006865313
0.0006680031
0.0006487712
0
0
0
0
0
0
0
0
0
0
0.0007404706
0.0007237931
0.0007065244
0.0006886553
0.0006701145
0
0
0
0
0
0
0
0
0
0
0.0007585248
0.0007424249
0.0007257571
0.0007085137
0.0006906276
0
0
0
0
0
0
0
0
0
0
0.0007756045
0.0007600491
0.0007439451
0.0007272872
0.0007100117
0
0
0
0
0
0
0
0
0
0
0.00079164
0.0007765973
0.0007610215
0.0007449098
0.0007282023
0
0
0
0
0
0
0
0
0
0
0.0008066541
0.0007920981
0.0007770192
0.0007614187
0.0007452407
0
0
0
0
0
0
0
0
0
0
0.000459625
0.000433367
0.0004060146
0.0003775137
0.0003477184
0
0
0
0
0
0
0
0
0
0
0.0004839647
0.0004586115
0.000432223
0.0004047522
0.0003760635
0
0
0
0
0
0
0
0
0
0
0.0005066456
0.0004821159
0.0004566018
0.0004300619
0.0004023688
0
0
0
0
0
0
0
0
0
0
0.0005278526
0.0005040769
0.0004793609
0.000453668
0.0004268773
0
0
0
0
0
0
0
0
0
0
0.0005478847
0.0005248076
0.0005008289
0.0004759158
0.0004499533
0
0
0
0
0
0
0
0
0
0
0.0005672636
0.0005448517
0.0005215733
0.0004973987
0.0004722181
0
0
0
0
0
0
0
0
0
0
0.0005868641
0.0005651202
0.0005425455
0.0005191135
0.0004947197
0
0
0
0
0
0
0
0
0
0
0.0006066106
0.0005855344
0.0005636628
0.0005409719
0.0005173626
0
0
0
0
0
0
0
0
0
0
0.0006262691
0.0006058522
0.0005846734
0.0005627118
0.0005398727
0
0
0
0
0
0
0
0
0
0
0.000645669
0.0006258973
0.0006053956
0.000584145
0.0005620557
0
0
0
0
0
0
0
0
0
0
0.0006647354
0.0006455928
0.0006257502
0.0006051908
0.0005838288
0
0
0
0
0
0
0
0
0
0
0.000683462
0.000664933
0.0006457322
0.0006258447
0.0006051884
0
0
0
0
0
0
0
0
0
0
0.0007019014
0.0006839728
0.000665399
0.0006461669
0.0006261978
0
0
0
0
0
0
0
0
0
0
0.0007201683
0.0007028312
0.0006848742
0.0006662858
0.0006469907
0
0
0
0
0
0
0
0
0
0
0.0007383946
0.0007216451
0.0007043
0.0006863497
0.0006677222
0
0
0
0
0
0
0
0
0
0
0.0007565714
0.000740406
0.0007236689
0.0007063525
0.0006883888
0
0
0
0
0
0
0
0
0
0
0.0007740685
0.000758463
0.0007423062
0.000725593
0.0007082589
0
0
0
0
0
0
0
0
0
0
0.0007906202
0.0007755448
0.0007599347
0.0007437872
0.0007270419
0
0
0
0
0
0
0
0
0
0
0.0008061539
0.0007915822
0.0007764866
0.0007608688
0.0007446726
0
0
0
0
0
0
0
0
0
0.0008206856
0.0008065978
0.0007919907
0.0007768711
0.0007611886
0
0
0
0
0
0
0
0
0
0
0.000484853
0.0004595356
0.0004331857
0.0004057566
0.0003771134
0
0
0
0
0
0
0
0
0
0
0.00050834
0.0004838775
0.0004584354
0.0004319732
0.0004043643
0
0
0
0
0
0
0
0
0
0
0.0005302424
0.0005065601
0.0004819442
0.0004563588
0.0004296845
0
0
0
0
0
0
0
0
0
0
0.0005507346
0.0005277683
0.0005039086
0.0004791234
0.0004532991
0
0
0
0
0
0
0
0
0
0
0.0005701023
0.0005478009
0.0005246413
0.0005005947
0.0004755526
0
0
0
0
0
0
0
0
0
0
0.0005888467
0.0005671794
0.0005446861
0.0005213403
0.0004970384
0
0
0
0
0
0
0
0
0
0
0.0006078112
0.0005867815
0.0005649585
0.0005423188
0.0005187633
0
0
0
0
0
0
0
0
0
0
0.0006269216
0.00060653
0.0005853778
0.0005634438
0.0005406336
0
0
0
0
0
0
0
0
0
0
0.0006459515
0.0006261907
0.0006057005
0.0005844619
0.0005623849
0
0
0
0
0
0
0
0
0
0
0.0006647354
0.0006455928
0.0006257502
0.0006051908
0.0005838288
0
0
0
0
0
0
0
0
0
0
0.0006832001
0.0006646611
0.00064545
0.0006255517
0.0006048842
0
0
0
0
0
0
0
0
0
0
0.0007013392
0.0006833896
0.0006647941
0.0006455395
0.000625547
0
0
0
0
0
0
0
0
0
0
0.0007192029
0.0007018308
0.0006838376
0.0006652115
0.0006458773
0
0
0
0
0
0
0
0
0
0
0.0007369016
0.0007200996
0.0007026996
0.0006846918
0.000666004
0
0
0
0
0
0
0
0
0
0
0.0007545626
0.0007383282
0.0007215179
0.0007041237
0.0006860771
0
0
0
0
0
0
0
0
0
0
0.0007721769
0.0007565084
0.0007402852
0.0007235019
0.0007060936
0
0
0
0
0
0
0
0
0
0
0.0007891318
0.0007740082
0.0007583475
0.0007421467
0.0007253454
0
0
0
0
0
0
0
0
0
0
0.0008051653
0.000790562
0.0007754336
0.0007597812
0.0007435488
0
0
0
0
0
0
0
0
0
0.0008202005
0.0008060975
0.0007914744
0.0007763382
0.0007606383
0
0
0
0
0
0
0
0
0.0008342428
0.0008206306
0.0008064932
0.0007918467
0.0007766475
0
0
0
0
0
0
0
0
0
0
0.0005091949
0.000484766
0.0004593601
0.0004329367
0.0004053699
0
0
0
0
0
0
0
0
0
0
0.0005318742
0.0005082551
0.0004837069
0.0004581941
0.0004315982
0
0
0
0
0
0
0
0
0
0
0.0005530373
0.0005301592
0.0005063937
0.0004817094
0.0004559939
0
0
0
0
0
0
0
0
0
0
0.0005728491
0.0005506525
0.0005276052
0.0005036789
0.0004787665
0
0
0
0
0
0
0
0
0
0
0.0005915832
0.0005700207
0.0005476396
0.0005244146
0.0005002432
0
0
0
0
0
0
0
0
0
0
0.0006097218
0.0005887648
0.0005670188
0.0005444606
0.0005209916
0
0
0
0
0
0
0
0
0
0
0.0006280782
0.0006077308
0.0005866247
0.000564739
0.0005419797
0
0
0
0
0
0
0
0
0
0
0.0006465798
0.0006268432
0.0006063781
0.0005851657
0.0005631161
0
0
0
0
0
0
0
0
0
0
0.0006650073
0.0006458752
0.0006260435
0.0006054955
0.0005841451
0
0
0
0
0
0
0
0
0
0
0.0006832001
0.0006646611
0.00064545
0.0006255517
0.0006048842
0
0
0
0
0
0
0
0
0
0
0.0007010869
0.0006831278
0.0006645224
0.0006452575
0.0006252544
0
0
0
0
0
0
0
0
0
0
0.0007186608
0.0007012687
0.0006832547
0.0006646071
0.0006452506
0
0
0
0
0
0
0
0
0
0
0.0007359695
0.0007191341
0.0007016994
0.0006836556
0.0006649304
0
0
0
0
0
0
0
0
0
0
0.0007531193
0.0007368346
0.0007199717
0.0007025225
0.0006844182
0
0
0
0
0
0
0
0
0
0
0.0007702326
0.0007544978
0.0007382044
0.0007213466
0.000703859
0
0
0
0
0
0
0
0
0
0
0.0007872995
0.0007721154
0.0007563909
0.0007401229
0.0007232504
0
0
0
0
0
0
0
0
0
0
0.0008037227
0.000789073
0.0007738958
0.0007581924
0.0007419062
0
0
0
0
0
0
0
0
0
0.0008192418
0.0008051085
0.0007904537
0.0007752843
0.0007595495
0
0
0
0
0
0
0
0
0.0008337723
0.0008201454
0.0008059926
0.0007913301
0.0007761141
0
0
0
0
0
0
0
0.000847305
0.0008341891
0.0008205287
0.0008063531
0.0007916292
0
0
0
0
0
0
0
0
0
0
0.0005326977
0.0005091102
0.0004845959
0.0004591195
0.0004325628
0
0
0
0
0
0
0
0
0
0
0.00055461
0.0005317916
0.0005080898
0.0004834736
0.0004578313
0
0
0
0
0
0
0
0
0
0
0.0005750694
0.0005529563
0.0005299979
0.0005061665
0.0004813562
0
0
0
0
0
0
0
0
0
0
0.0005942324
0.0005727692
0.0005504943
0.0005273828
0.0005033334
0
0
0
0
0
0
0
0
0
0
0.0006123613
0.0005915038
0.0005698642
0.0005474202
0.0005240743
0
0
0
0
0
0
0
0
0
0
0.0006299203
0.0006096421
0.000588609
0.0005668005
0.0005441229
0
0
0
0
0
0
0
0
0
0
0.0006476945
0.0006279999
0.0006075786
0.0005864121
0.0005644105
0
0
0
0
0
0
0
0
0
0
0.0006656125
0.0006465035
0.0006266957
0.0006061725
0.0005848481
0
0
0
0
0
0
0
0
0
0
0.000683462
0.000664933
0.0006457322
0.0006258447
0.0006051884
0
0
0
0
0
0
0
0
0
0
0.0007010869
0.0006831278
0.0006645224
0.0006452575
0.0006252544
0
0
0
0
0
0
0
0
0
0
0.0007184177
0.0007010164
0.000682993
0.0006643356
0.000644969
0
0
0
0
0
0
0
0
0
0
0.0007354467
0.000718592
0.0007011375
0.0006830732
0.0006643268
0
0
0
0
0
0
0
0
0
0
0.0007522192
0.0007359024
0.0007190063
0.0007015227
0.0006833828
0
0
0
0
0
0
0
0
0
0
0.0007688371
0.000753054
0.0007367102
0.0007197996
0.0007022569
0
0
0
0
0
0
0
0
0
0
0.0007854173
0.0007701695
0.0007543775
0.000738038
0.0007210895
0
0
0
0
0
0
0
0
0
0
0.0008019475
0.0007872395
0.000772001
0.0007562331
0.0007398786
0
0
0
0
0
0
0
0
0
0.0008178434
0.0008036652
0.0007889635
0.0007737451
0.0007579586
0
0
0
0
0
0
0
0
0.0008328427
0.0008191864
0.000805003
0.0007903086
0.000775059
0
0
0
0
0
0
0
0.0008468488
0.0008337185
0.0008200433
0.0008058522
0.0007911121
0
0
0
0
0
0
0.0008598281
0.0008472527
0.0008340899
0.0008203924
0.0008061416
0
0
0
0
0
0
0
0
0
0
0.0005554038
0.0005326153
0.0005089454
0.0004843633
0.0004587577
0
0
0
0
0
0
0
0
0
0
0.0005765863
0.0005545296
0.0005316313
0.000507864
0.0004831225
0
0
0
0
0
0
0
0
0
0
0.0005963747
0.0005749905
0.0005527998
0.0005297779
0.0005058245
0
0
0
0
0
0
0
0
0
0
0.0006149178
0.0005941546
0.0005726156
0.000550279
0.0005270482
0
0
0
0
0
0
0
0
0
0
0.0006324677
0.000612284
0.000591352
0.0005696517
0.0005470905
0
0
0
0
0
0
0
0
0
0
0.0006494715
0.0006298428
0.0006094909
0.0005883975
0.0005664733
0
0
0
0
0
0
0
0
0
0
0.0006666873
0.0006476183
0.0006278522
0.0006073726
0.0005860937
0
0
0
0
0
0
0
0
0
0
0.0006840452
0.0006655382
0.0006463602
0.0006264964
0.0006058646
0
0
0
0
0
0
0
0
0
0
0.0007013392
0.0006833896
0.0006647941
0.0006455395
0.000625547
0
0
0
0
0
0
0
0
0
0
0.0007184177
0.0007010164
0.000682993
0.0006643356
0.000644969
0
0
0
0
0
0
0
0
0
0
0.0007352124
0.000718349
0.0007008854
0.0006828117
0.0006640557
0
0
0
0
0
0
0
0
0
0
0.0007517149
0.0007353796
0.0007184645
0.0007009613
0.000682801
0
0
0
0
0
0
0
0
0
0
0.0007679677
0.0007521539
0.0007357782
0.0007188347
0.0007012578
0
0
0
0
0
0
0
0
0
0
0.0007840676
0.0007687734
0.000752933
0.000736543
0.0007195416
0
0
0
0
0
0
0
0
0
0
0.0008001249
0.0007853557
0.0007700523
0.0007542157
0.0007377882
0
0
0
0
0
0
0
0
0
0.0008161232
0.0008018889
0.0007871282
0.0007718477
0.0007559956
0
0
0
0
0
0
0
0
0.0008314869
0.0008177873
0.0008035586
0.000788817
0.0007735177
0
0
0
0
0
0
0
0.0008459473
0.0008327885
0.0008190837
0.0008048618
0.0007900895
0
0
0
0
0
0
0.0008593857
0.0008467962
0.000833619
0.0008199066
0.0008056401
0
0
0
0
0
0.0008717347
0.000859777
0.0008471559
0.0008339572
0.0008201866
0
0
0
0
0
0
0
0
0
0
0.000577352
0.0005553236
0.0005324555
0.0005087203
0.0004840132
0
0
0
0
0
0
0
0
0
0
0.0005978386
0.000576508
0.0005543741
0.0005314127
0.0005075241
0
0
0
0
0
0
0
0
0
0
0.000616986
0.0005962978
0.0005748387
0.0005525868
0.0005294467
0
0
0
0
0
0
0
0
0
0
0.000634936
0.000614842
0.0005940055
0.000572407
0.0005499548
0
0
0
0
0
0
0
0
0
0
0.0006519311
0.0006323923
0.0006121366
0.000591146
0.0005693322
0
0
0
0
0
0
0
0
0
0
0.0006684023
0.000649396
0.000629696
0.0006092859
0.0005880804
0
0
0
0
0
0
0
0
0
0
0.0006850819
0.0006666131
0.0006474749
0.0006276525
0.000607064
0
0
0
0
0
0
0
0
0
0
0.0007019014
0.0006839728
0.000665399
0.0006461669
0.0006261978
0
0
0
0
0
0
0
0
0
0
0.0007186608
0.0007012687
0.0006832547
0.0006646071
0.0006452506
0
0
0
0
0
0
0
0
0
0
0.0007352124
0.000718349
0.0007008854
0.0006828117
0.0006640557
0
0
0
0
0
0
0
0
0
0
0.000751489
0.0007351454
0.0007182216
0.0007007094
0.00068254
0
0
0
0
0
0
0
0
0
0
0.0007674811
0.0007516495
0.0007352556
0.0007182934
0.0007006971
0
0
0
0
0
0
0
0
0
0
0.0007832278
0.000767904
0.000752033
0.0007356115
0.0007185774
0
0
0
0
0
0
0
0
0
0
0.0007988194
0.0007840055
0.0007686556
0.0007527706
0.0007362924
0
0
0
0
0
0
0
0
0
0.0008143582
0.0008000648
0.0007852416
0.0007698951
0.0007539729
0
0
0
0
0
0
0
0
0.00082982
0.0008160661
0.0008017805
0.000786979
0.0007716168
0
0
0
0
0
0
0
0.000844633
0.0008314321
0.0008176835
0.000803416
0.0007885959
0
0
0
0
0
0
0.0008585118
0.0008458944
0.0008326884
0.0008189463
0.0008046487
0
0
0
0
0
0.000871306
0.0008593344
0.0008466992
0.000833486
0.0008197003
0
0
0
0
0.0008828869
0.0008716847
0.0008596826
0.0008470267
0.0008337568
0
0
0
0
0
0
0
0
0
0
0.0005985777
0.0005772739
0.0005551686
0.0005322375
0.0005083813
0
0
0
0
0
0
0
0
0
0
0.0006183995
0.0005977623
0.000576357
0.0005541624
0.0005310834
0
0
0
0
0
0
0
0
0
0
0.0006369337
0.0006169111
0.0005961504
0.0005746323
0.0005522658
0
0
0
0
0
0
0
0
0
0
0.0006543154
0.0006348622
0.0006146973
0.0005938033
0.0005720928
0
0
0
0
0
0
0
0
0
0
0.000670778
0.0006518576
0.0006322492
0.0006119369
0.0005908362
0
0
0
0
0
0
0
0
0
0
0.0006867376
0.0006683287
0.0006492534
0.0006294972
0.0006089784
0
0
0
0
0
0
0
0
0
0
0.0007029017
0.0006850096
0.0006664738
0.0006472811
0.0006273531
0
0
0
0
0
0
0
0
0
0
0.0007192029
0.0007018308
0.0006838376
0.0006652115
0.0006458773
0
0
0
0
0
0
0
0
0
0
0.0007354467
0.000718592
0.0007011375
0.0006830732
0.0006643268
0
0
0
0
0
0
0
0
0
0
0.000751489
0.0007351454
0.0007182216
0.0007007094
0.00068254
0
0
0
0
0
0
0
0
0
0
0.0007672634
0.0007514237
0.0007350215
0.0007180507
0.0007004456
0
0
0
0
0
0
0
0
0
0
0.0007827582
0.0007674173
0.0007515289
0.0007350893
0.0007180367
0
0
0
0
0
0
0
0
0
0
0.000798008
0.0007831656
0.0007677864
0.000751871
0.0007353615
0
0
0
0
0
0
0
0
0
0.0008130954
0.0007987588
0.0007838909
0.0007684977
0.000752527
0
0
0
0
0
0
0
0
0.0008281107
0.0008142995
0.0007999537
0.0007850888
0.0007696591
0
0
0
0
0
0
0
0.0008430178
0.0008297641
0.0008159605
0.0008016354
0.0007867545
0
0
0
0
0
0
0.000857238
0.0008445795
0.000831331
0.0008175447
0.000803201
0
0
0
0
0
0.0008704593
0.0008584601
0.0008457969
0.0008325547
0.0008187389
0
0
0
0
0.0008824719
0.0008712558
0.0008592398
0.0008465697
0.0008332851
0
0
0
0.0008930616
0.0008828379
0.0008715926
0.0008595567
0.0008468316
0
0
0
0
0
0
0
0
0
0
0.0006191134
0.0005985016
0.0005771234
0.0005549575
0.0005319091
0
0
0
0
0
0
0
0
0
0
0.0006382994
0.0006183252
0.0005976157
0.0005761519
0.0005538432
0
0
0
0
0
0
0
0
0
0
0.0006562459
0.0006368607
0.0006167679
0.0005959503
0.0005743211
0
0
0
0
0
0
0
0
0
0
0.0006730823
0.0006542435
0.0006347216
0.0006145012
0.0005934986
0
0
0
0
0
0
0
0
0
0
0.0006890334
0.0006707065
0.0006517186
0.0006320555
0.0006116365
0
0
0
0
0
0
0
0
0
0
0.0007045008
0.0006866659
0.0006681902
0.0006490606
0.000629199
0
0
0
0
0
0
0
0
0
0
0.0007201683
0.0007028312
0.0006848742
0.0006662858
0.0006469907
0
0
0
0
0
0
0
0
0
0
0.0007359695
0.0007191341
0.0007016994
0.0006836556
0.0006649304
0
0
0
0
0
0
0
0
0
0
0.0007517149
0.0007353796
0.0007184645
0.0007009613
0.000682801
0
0
0
0
0
0
0
0
0
0
0.0007672634
0.0007514237
0.0007350215
0.0007180507
0.0007004456
0
0
0
0
0
0
0
0
0
0
0.0007825482
0.0007671996
0.0007513032
0.0007348555
0.0007177944
0
0
0
0
0
0
0
0
0
0
0.0007975548
0.000782696
0.0007673
0.0007513673
0.00073484
0
0
0
0
0
0
0
0
0
0.0008123113
0.0007979473
0.0007830511
0.0007676288
0.000751628
0
0
0
0
0
0
0
0
0.000826889
0.0008130362
0.0007986472
0.0007837373
0.000768261
0
0
0
0
0
0
0
0.0008413625
0.0008280534
0.0008141914
0.000799805
0.0007848593
0
0
0
0
0
0
0.0008556733
0.0008429632
0.0008296613
0.0008158193
0.000801417
0
0
0
0
0
0.0008692255
0.0008571857
0.0008444809
0.0008311959
0.0008173355
0
0
0
0
0.0008816526
0.0008704088
0.000858365
0.0008456666
0.0008323528
0
0
0
0.0008926608
0.0008824229
0.0008711635
0.0008591136
0.0008463741
0
0
0.0009018807
0.0008930137
0.0008827481
0.0008714698
0.0008593667
0
0
0
0
0
0
0
0
0
0
0.0006389892
0.0006190393
0.0005983555
0.0005769188
0.0005546391
0
0
0
0
0
0
0
0
0
0
0.000657566
0.0006382269
0.0006181829
0.0005974168
0.0005758424
0
0
0
0
0
0
0
0
0
0
0.0006749487
0.0006561748
0.0006367217
0.0006165739
0.0005956486
0
0
0
0
0
0
0
0
0
0
0.0006912612
0.0006730122
0.0006541069
0.0006345314
0.0006142057
0
0
0
0
0
0
0
0
0
0
0.0007067201
0.0006889637
0.0006705714
0.0006515307
0.0006317641
0
0
0
0
0
0
0
0
0
0
0.0007217132
0.0007044309
0.0006865313
0.0006680031
0.0006487712
0
0
0
0
0
0
0
0
0
0
0.0007369016
0.0007200996
0.0007026996
0.0006846918
0.000666004
0
0
0
0
0
0
0
0
0
0
0.0007522192
0.0007359024
0.0007190063
0.0007015227
0.0006833828
0
0
0
0
0
0
0
0
0
0
0.0007674811
0.0007516495
0.0007352556
0.0007182934
0.0007006971
0
0
0
0
0
0
0
0
0
0
0.0007825482
0.0007671996
0.0007513032
0.0007348555
0.0007177944
0
0
0
0
0
0
0
0
0
0
0.0007973524
0.0007824861
0.0007670824
0.0007511418
0.0007346065
0
0
0
0
0
0
0
0
0
0.000811874
0.0007974941
0.0007825818
0.0007671429
0.000751125
0
0
0
0
0
0
0
0
0.0008261315
0.0008122521
0.0007978358
0.0007828979
0.0007673927
0
0
0
0
0
0
0
0.0008401809
0.0008268312
0.0008129275
0.0007984979
0.0007835071
0
0
0
0
0
0
0.0008540709
0.0008413065
0.000827948
0.0008140467
0.0007995819
0
0
0
0
0
0.0008677107
0.0008556201
0.000842863
0.0008295239
0.0008156068
0
0
0
0
0.000880459
0.0008691744
0.0008570896
0.0008443494
0.0008309923
0
0
0
0.0008918696
0.0008816032
0.0008703159
0.0008582381
0.0008454701
0
0
0.000901495
0.0008926127
0.0008823327
0.0008710405
0.0008589231
0
0.0009087513
0.0009018336
0.0008929257
0.0008826283
0.0008712846
0
0
0
0
0
0
0
0
0
0
0.0006582329
0.000638917
0.0006188973
0.0005981572
0.0005766102
0
0
0
0
0
0
0
0
0
0
0.0006762253
0.0006574954
0.0006380887
0.00061799
0.0005971167
0
0
0
0
0
0
0
0
0
0
0.0006930664
0.0006748794
0.0006560397
0.0006365334
0.0006162812
0
0
0
0
0
0
0
0
0
0
0.0007088748
0.0006911928
0.0006728795
0.0006539224
0.0006342447
0
0
0
0
0
0
0
0
0
0
0.0007238594
0.0007066521
0.0006888323
0.000670389
0.0006512479
0
0
0
0
0
0
0
0
0
0
0.0007383946
0.0007216451
0.0007043
0.0006863497
0.0006677222
0
0
0
0
0
0
0
0
0
0
0.0007531193
0.0007368346
0.0007199717
0.0007025225
0.0006844182
0
0
0
0
0
0
0
0
0
0
0.0007679677
0.0007521539
0.0007357782
0.0007188347
0.0007012578
0
0
0
0
0
0
0
0
0
0
0.0007827582
0.0007674173
0.0007515289
0.0007350893
0.0007180367
0
0
0
0
0
0
0
0
0
0
0.0007973524
0.0007824861
0.0007670824
0.0007511418
0.0007346065
0
0
0
0
0
0
0
0
0
0.0008116788
0.0007972917
0.0007823719
0.0007669255
0.0007508999
0
0
0
0
0
0
0
0
0.0008257095
0.0008118148
0.0007973829
0.000782429
0.0007669074
0
0
0
0
0
0
0
0.0008394492
0.0008260736
0.0008121435
0.0007976869
0.0007826684
0
0
0
0
0
0
0.0008529285
0.0008401244
0.0008267253
0.0008127822
0.000798274
0
0
0
0
0
0.0008661605
0.0008540162
0.0008412039
0.0008278072
0.0008138296
0
0
0
0
0.0008789944
0.0008676586
0.0008555223
0.0008427292
0.0008293171
0
0
0
0.0008907173
0.000880409
0.0008690806
0.0008569615
0.0008441511
0
0
0.0009007337
0.0008918212
0.0008815125
0.0008701922
0.0008580467
0
0.000908382
0.0009014478
0.0008925246
0.0008822127
0.0008708548
0.0009127352
0.0009087049
0.0009017475
0.0008928087
0.0008824475
0
0
0
0
0
0
0
0
0
0
0.0006768703
0.0006581625
0.0006387791
0.000618705
0.0005978578
0
0
0
0
0
0
0
0
0
0
0.0006943014
0.0006761565
0.0006573611
0.0006379016
0.0006176989
0
0
0
0
0
0
0
0
0
0
0.0007106214
0.0006929988
0.0006747481
0.000655857
0.0006362494
0
0
0
0
0
0
0
0
0
0
0.0007259441
0.0007088081
0.0006910638
0.0006727003
0.0006536441
0
0
0
0
0
0
0
0
0
0
0.0007404706
0.0007237931
0.0007065244
0.0006886553
0.0006701145
0
0
0
0
0
0
0
0
0
0
0.0007545626
0.0007383282
0.0007215179
0.0007041237
0.0006860771
0
0
0
0
0
0
0
0
0
0
0.0007688371
0.000753054
0.0007367102
0.0007197996
0.0007022569
0
0
0
0
0
0
0
0
0
0
0.0007832278
0.000767904
0.000752033
0.0007356115
0.0007185774
0
0
0
0
0
0
0
0
0
0
0.0007975548
0.000782696
0.0007673
0.0007513673
0.00073484
0
0
0
0
0
0
0
0
0
0.0008116788
0.0007972917
0.0007823719
0.0007669255
0.0007508999
0
0
0
0
0
0
0
0
0.0008255213
0.0008116196
0.0007971806
0.0007822194
0.0007666903
0
0
0
0
0
0
0
0.0008390422
0.0008256517
0.0008117064
0.0007972343
0.0007822
0
0
0
0
0
0
0.0008522221
0.0008393927
0.0008259679
0.0008119986
0.0007974636
0
0
0
0
0
0.0008650568
0.0008528733
0.0008400213
0.0008265839
0.0008125644
0
0
0
0
0.0008774966
0.000866107
0.0008539162
0.0008410668
0.0008275959
0
0
0
0.0008893043
0.0008789434
0.0008675633
0.0008553919
0.0008425278
0
0
0.0008996255
0.0008906684
0.0008803174
0.0008689556
0.0008567683
0
0.0009076534
0.0009006862
0.0008917325
0.0008813918
0.0008700056
0.0009123819
0.0009083356
0.0009013614
0.0008924072
0.0008820315
0.0009126894
0.0009086202
0.0009016328
0.000892632
0
0
0
0
0
0
0
0
0
0
0.0006949255
0.0006768017
0.0006580285
0.0006385925
0.0006184146
0
0
0
0
0
0
0
0
0
0
0.0007118166
0.0006942343
0.0006760259
0.0006571795
0.0006376191
0
0
0
0
0
0
0
0
0
0
0.0007276347
0.0007105555
0.0006928711
0.0006745708
0.0006555814
0
0
0
0
0
0
0
0
0
0
0.0007424883
0.0007258791
0.0007086827
0.0006908899
0.0006724302
0
0
0
0
0
0
0
0
0
0
0.0007565714
0.000740406
0.0007236689
0.0007063525
0.0006883888
0
0
0
0
0
0
0
0
0
0
0.0007702326
0.0007544978
0.0007382044
0.0007213466
0.000703859
0
0
0
0
0
0
0
0
0
0
0.0007840676
0.0007687734
0.000752933
0.000736543
0.0007195416
0
0
0
0
0
0
0
0
0
0
0.000798008
0.0007831656
0.0007677864
0.000751871
0.0007353615
0
0
0
0
0
0
0
0
0
0.000811874
0.0007974941
0.0007825818
0.0007671429
0.000751125
0
0
0
0
0
0
0
0
0.0008255213
0.0008116196
0.0007971806
0.0007822194
0.0007666903
0
0
0
0
0
0
0
0.0008388608
0.0008254635
0.0008115114
0.0007970322
0.0007819907
0
0
0
0
0
0
0.0008518298
0.0008389857
0.0008255461
0.0008115619
0.0007970116
0
0
0
0
0
0.0008643755
0.0008521669
0.0008392896
0.0008258268
0.0008117814
0
0
0
0
0.0008764319
0.0008650029
0.0008527728
0.0008398836
0.000826372
0
0
0
0.0008878605
0.0008774443
0.0008660094
0.0008537826
0.0008408611
0
0
0.0008982675
0.0008892544
0.0008788503
0.0008674361
0.0008551958
0
0.0009065932
0.0008995775
0.0008905788
0.0008801955
0.0008687674
0.0009116849
0.0009076067
0.0009005994
0.0008916145
0.0008812097
0.0009123359
0.0009082506
0.0009012465
0.0008922302
0.0009126056
0.0009085074
0.0009014599
0
0
0
0
0
0
0
0
0
0
0.0007124207
0.0006948586
0.0006766714
0.0006578474
0.0006383107
0
0
0
0
0
0
0
0
0
0
0.0007287918
0.0007117512
0.0006941073
0.0006758496
0.0006569053
0
0
0
0
0
0
0
0
0
0
0.0007441252
0.0007275704
0.0007104314
0.000692699
0.0006743031
0
0
0
0
0
0
0
0
0
0
0.0007585248
0.0007424249
0.0007257571
0.0007085137
0.0006906276
0
0
0
0
0
0
0
0
0
0
0.0007721769
0.0007565084
0.0007402852
0.0007235019
0.0007060936
0
0
0
0
0
0
0
0
0
0
0.0007854173
0.0007701695
0.0007543775
0.000738038
0.0007210895
0
0
0
0
0
0
0
0
0
0
0.0007988194
0.0007840055
0.0007686556
0.0007527706
0.0007362924
0
0
0
0
0
0
0
0
0
0.0008123113
0.0007979473
0.0007830511
0.0007676288
0.000751628
0
0
0
0
0
0
0
0
0.0008257095
0.0008118148
0.0007973829
0.000782429
0.0007669074
0
0
0
0
0
0
0
0.0008388608
0.0008254635
0.0008115114
0.0007970322
0.0007819907
0
0
0
0
0
0
0.0008516552
0.0008388043
0.0008253581
0.000811367
0.0007968098
0
0
0
0
0
0.0008639978
0.0008517745
0.0008388828
0.0008254054
0.0008113452
0
0
0
0
0.000875776
0.0008643215
0.0008520664
0.0008391523
0.0008256154
0
0
0
0.0008868361
0.0008763792
0.0008649048
0.0008526386
0.0008396772
0
0
0.0008968812
0.0008878092
0.000877349
0.0008658792
0.0008535823
0
0.0009052952
0.0008982185
0.0008891633
0.0008787263
0.000867245
0.0009106716
0.0009065459
0.0008994898
0.0008904596
0.0008800118
0.0009116387
0.0009075212
0.0009004838
0.0008914366
0.0009122519
0.0009081376
0.0009010732
0.0009124942
0.0009083374
0
0
0
0
0
0
0
0
0
0
0.0007293768
0.0007123555
0.000694732
0.0006764956
0.0006575739
0
0
0
0
0
0
0
0
0
0
0.0007452459
0.000728728
0.0007116278
0.0006939361
0.0006755834
0
0
0
0
0
0
0
0
0
0
0.0007601102
0.0007440625
0.0007274497
0.0007102641
0.0006924391
0
0
0
0
0
0
0
0
0
0
0.0007740685
0.000758463
0.0007423062
0.000725593
0.0007082589
0
0
0
0
0
0
0
0
0
0
0.0007872995
0.0007721154
0.0007563909
0.0007401229
0.0007232504
0
0
0
0
0
0
0
0
0
0
0.0008001249
0.0007853557
0.0007700523
0.0007542157
0.0007377882
0
0
0
0
0
0
0
0
0
0.0008130954
0.0007987588
0.0007838909
0.0007684977
0.000752527
0
0
0
0
0
0
0
0
0.0008261315
0.0008122521
0.0007978358
0.0007828979
0.0007673927
0
0
0
0
0
0
0
0.0008390422
0.0008256517
0.0008117064
0.0007972343
0.0007822
0
0
0
0
0
0
0.0008516552
0.0008388043
0.0008253581
0.000811367
0.0007968098
0
0
0
0
0
0.0008638299
0.0008516
0.0008387016
0.0008252175
0.0008111506
0
0
0
0
0.0008754131
0.0008639438
0.0008516743
0.0008387458
0.0008251946
0
0
0
0.0008862066
0.0008757232
0.0008642235
0.0008519326
0.0008389465
0
0
0.0008959001
0.0008867845
0.0008762834
0.000864774
0.0008524377
0
0.0009039716
0.0008968309
0.000887716
0.000877222
0.000865684
0.0009094327
0.000905247
0.0008981293
0.0008890421
0.0008785398
0.0009106248
0.0009064596
0.0008993731
0.0008902801
0.0009115543
0.0009074076
0.0009003096
0.0009121403
0.0009079672
0.0009123262
0
0
0
0
0
0
0
0
0
0
0.0007458125
0.0007293131
0.0007122323
0.0006945612
0.00067623
0
0
0
0
0
0
0
0
0
0
0.0007611959
0.0007451836
0.0007286079
0.0007114615
0.0006936776
0
0
0
0
0
0
0
0
0
0
0.0007756045
0.0007600491
0.0007439451
0.0007272872
0.0007100117
0
0
0
0
0
0
0
0
0
0
0.0007891318
0.0007740082
0.0007583475
0.0007421467
0.0007253454
0
0
0
0
0
0
0
0
0
0
0.0008019475
0.0007872395
0.000772001
0.0007562331
0.0007398786
0
0
0
0
0
0
0
0
0
0.0008143582
0.0008000648
0.0007852416
0.0007698951
0.0007539729
0
0
0
0
0
0
0
0
0.000826889
0.0008130362
0.0007986472
0.0007837373
0.000768261
0
0
0
0
0
0
0
0.0008394492
0.0008260736
0.0008121435
0.0007976869
0.0007826684
0
0
0
0
0
0
0.0008518298
0.0008389857
0.0008255461
0.0008115619
0.0007970116
0
0
0
0
0
0.0008638299
0.0008516
0.0008387016
0.0008252175
0.0008111506
0
0
0
0
0.0008752521
0.0008637759
0.0008514998
0.0008385647
0.000825007
0
0
0
0.0008858592
0.0008753603
0.000863846
0.0008515408
0.0008385405
0
0
0.000895299
0.0008861549
0.0008756275
0.0008640931
0.0008517322
0
0.0009030381
0.0008958494
0.0008866908
0.0008761558
0.0008645782
0.0009081715
0.0009039221
0.0008967397
0.0008875919
0.0008770315
0.000909385
0.0009051592
0.0008980107
0.0008888599
0.0009105396
0.0009063449
0.0008991973
0.000911442
0.0009072363
0.0009119719
0
0
0
0
0
0
0
0
0
0
0.0007617448
0.0007457504
0.0007291934
0.0007120665
0.0006943033
0
0
0
0
0
0
0
0
0
0
0.0007766565
0.0007611351
0.0007450668
0.0007284464
0.0007112103
0
0
0
0
0
0
0
0
0
0
0.0007906202
0.0007755448
0.0007599347
0.0007437872
0.0007270419
0
0
0
0
0
0
0
0
0
0
0.0008037227
0.000789073
0.0007738958
0.0007581924
0.0007419062
0
0
0
0
0
0
0
0
0
0.0008161232
0.0008018889
0.0007871282
0.0007718477
0.0007559956
0
0
0
0
0
0
0
0
0.0008281107
0.0008142995
0.0007999537
0.0007850888
0.0007696591
0
0
0
0
0
0
0
0.0008401809
0.0008268312
0.0008129275
0.0007984979
0.0007835071
0
0
0
0
0
0
0.0008522221
0.0008393927
0.0008259679
0.0008119986
0.0007974636
0
0
0
0
0
0.0008639978
0.0008517745
0.0008388828
0.0008254054
0.0008113452
0
0
0
0
0.0008752521
0.0008637759
0.0008514998
0.0008385647
0.000825007
0
0
0
0.0008857054
0.0008751993
0.0008636782
0.0008513665
0.0008383597
0
0
0.0008949685
0.0008858075
0.0008752647
0.0008637158
0.0008513408
0
0.0009024688
0.0008952482
0.0008860613
0.0008755002
0.0008638977
0.000907286
0.0009029883
0.0008957577
0.0008865662
0.0008759648
0.0009081226
0.0009038324
0.0008966182
0.0008874058
0.0009092984
0.0009050426
0.0008978323
0.0009104263
0.0009061721
0.0009112729
0
0
0
0
0
0
0
0
0
0
0.0007771886
0.0007616843
0.0007456339
0.0007290322
0.0007118159
0
0
0
0
0
0
0
0
0
0
0.00079164
0.0007765973
0.0007610215
0.0007449098
0.0007282023
0
0
0
0
0
0
0
0
0
0
0.0008051653
0.000790562
0.0007754336
0.0007597812
0.0007435488
0
0
0
0
0
0
0
0
0
0.0008178434
0.0008036652
0.0007889635
0.0007737451
0.0007579586
0
0
0
0
0
0
0
0
0.00082982
0.0008160661
0.0008017805
0.000786979
0.0007716168
0
0
0
0
0
0
0
0.0008413625
0.0008280534
0.0008141914
0.000799805
0.0007848593
0
0
0
0
0
0
0.0008529285
0.0008401244
0.0008267253
0.0008127822
0.000798274
0
0
0
0
0
0.0008643755
0.0008521669
0.0008392896
0.0008258268
0.0008117814
0
0
0
0
0.0008754131
0.0008639438
0.0008516743
0.0008387458
0.0008251946
0
0
0
0.0008857054
0.0008751993
0.0008636782
0.0008513665
0.0008383597
0
0
0.0008948226
0.0008856536
0.0008751038
0.0008635482
0.0008511668
0
0.0009021574
0.0008949178
0.000885714
0.0008751378
0.0008635209
0.000906749
0.0009024188
0.0008951566
0.0008859369
0.0008753097
0.0009072367
0.0009028981
0.0008956357
0.0008863795
0.0009080341
0.000903713
0.0008964361
0.0009091832
0.0009048672
0.0009102557
0
0
0
0
0
0
0
0
0
0
0.0007921558
0.0007771295
0.0007615709
0.0007454773
0.0007287888
0
0
0
0
0
0
0
0
0
0
0.0008061539
0.0007915822
0.0007764866
0.0007608688
0.0007446726
0
0
0
0
0
0
0
0
0
0.0008192418
0.0008051085
0.0007904537
0.0007752843
0.0007595495
0
0
0
0
0
0
0
0
0.0008314869
0.0008177873
0.0008035586
0.000788817
0.0007735177
0
0
0
0
0
0
0
0.0008430178
0.0008297641
0.0008159605
0.0008016354
0.0007867545
0
0
0
0
0
0
0.0008540709
0.0008413065
0.000827948
0.0008140467
0.0007995819
0
0
0
0
0
0.0008650568
0.0008528733
0.0008400213
0.0008265839
0.0008125644
0
0
0
0
0.000875776
0.0008643215
0.0008520664
0.0008391523
0.0008256154
0
0
0
0.0008858592
0.0008753603
0.000863846
0.0008515408
0.0008385405
0
0
0.0008948226
0.0008856536
0.0008751038
0.0008635482
0.0008511668
0
0.0009020204
0.0008947718
0.0008855603
0.000874977
0.0008633536
0.0009064574
0.0009021073
0.0008948262
0.0008855899
0.0008749477
0.0009066996
0.0009023286
0.0008950349
0.0008857507
0.0009071478
0.0009027782
0.0008954531
0.0009079163
0.0009035341
0.0009090102
0
0
0
0
0
0
0
0
0
0
0.0008066541
0.0007920981
0.0007770192
0.0007614187
0.0007452407
0
0
0
0
0
0
0
0
0
0.0008202005
0.0008060975
0.0007914744
0.0007763382
0.0007606383
0
0
0
0
0
0
0
0
0.0008328427
0.0008191864
0.000805003
0.0007903086
0.000775059
0
0
0
0
0
0
0
0.000844633
0.0008314321
0.0008176835
0.000803416
0.0007885959
0
0
0
0
0
0
0.0008556733
0.0008429632
0.0008296613
0.0008158193
0.000801417
0
0
0
0
0
0.0008661605
0.0008540162
0.0008412039
0.0008278072
0.0008138296
0
0
0
0
0.0008764319
0.0008650029
0.0008527728
0.0008398836
0.000826372
0
0
0
0.0008862066
0.0008757232
0.0008642235
0.0008519326
0.0008389465
0
0
0.0008949685
0.0008858075
0.0008752647
0.0008637158
0.0008513408
0
0.0009020204
0.0008947718
0.0008855603
0.000874977
0.0008633536
0.0009063299
0.0009019704
0.0008946804
0.0008854363
0.0008747871
0.000906408
0.0009020173
0.0008947048
0.0008854042
0.0009066107
0.000902209
0.0008948527
0.0009070295
0.0009025987
0.0009077399
0
0
0
0
0
0
0
0
0
0.0008206856
0.0008065978
0.0007919907
0.0007768711
0.0007611886
0
0
0
0
0
0
0
0
0.0008337723
0.0008201454
0.0008059926
0.0007913301
0.0007761141
0
0
0
0
0
0
0
0.0008459473
0.0008327885
0.0008190837
0.0008048618
0.0007900895
0
0
0
0
0
0
0.000857238
0.0008445795
0.000831331
0.0008175447
0.000803201
0
0
0
0
0
0.0008677107
0.0008556201
0.000842863
0.0008295239
0.0008156068
0
0
0
0
0.0008774966
0.000866107
0.0008539162
0.0008410668
0.0008275959
0
0
0
0.0008868361
0.0008763792
0.0008649048
0.0008526386
0.0008396772
0
0
0.000895299
0.0008861549
0.0008756275
0.0008640931
0.0008517322
0
0.0009021574
0.0008949178
0.000885714
0.0008751378
0.0008635209
0.0009063299
0.0009019704
0.0008946804
0.0008854363
0.0008747871
0.0009062805
0.0009018805
0.0008945591
0.0008852508
0.0009063192
0.000901898
0.000894523
0.0009064927
0.00090203
0.0009068526
0
0
0
0
0
0
0
0
0.0008342428
0.0008206306
0.0008064932
0.0007918467
0.0007766475
0
0
0
0
0
0
0
0.0008468488
0.0008337185
0.0008200433
0.0008058522
0.0007911121
0
0
0
0
0
0
0.0008585118
0.0008458944
0.0008326884
0.0008189463
0.0008046487
0
0
0
0
0
0.0008692255
0.0008571857
0.0008444809
0.0008311959
0.0008173355
0
0
0
0
0.0008789944
0.0008676586
0.0008555223
0.0008427292
0.0008293171
0
0
0
0.0008878605
0.0008774443
0.0008660094
0.0008537826
0.0008408611
0
0
0.0008959001
0.0008867845
0.0008762834
0.000864774
0.0008524377
0
0.0009024688
0.0008952482
0.0008860613
0.0008755002
0.0008638977
0.0009064574
0.0009021073
0.0008948262
0.0008855899
0.0008749477
0.0009062805
0.0009018805
0.0008945591
0.0008852508
0.0009061918
0.0009017612
0.0008943775
0.0009062015
0.0009017194
0.0009063162
0
0
0
0
0
0
0
0.000847305
0.0008341891
0.0008205287
0.0008063531
0.0007916292
0
0
0
0
0
0
0.0008593857
0.0008467962
0.000833619
0.0008199066
0.0008056401
0
0
0
0
0
0.0008704593
0.0008584601
0.0008457969
0.0008325547
0.0008187389
0
0
0
0
0.000880459
0.0008691744
0.0008570896
0.0008443494
0.0008309923
0
0
0
0.0008893043
0.0008789434
0.0008675633
0.0008553919
0.0008425278
0
0
0.0008968812
0.0008878092
0.000877349
0.0008658792
0.0008535823
0
0.0009030381
0.0008958494
0.0008866908
0.0008761558
0.0008645782
0.000906749
0.0009024188
0.0008951566
0.0008859369
0.0008753097
0.000906408
0.0009020173
0.0008947048
0.0008854042
0.0009061918
0.0009017612
0.0008943775
0.0009060742
0.0009015828
0.0009060254
0
0
0
0
0
0
0.0008598281
0.0008472527
0.0008340899
0.0008203924
0.0008061416
0
0
0
0
0
0.000871306
0.0008593344
0.0008466992
0.000833486
0.0008197003
0
0
0
0
0.0008816526
0.0008704088
0.000858365
0.0008456666
0.0008323528
0
0
0
0.0008907173
0.000880409
0.0008690806
0.0008569615
0.0008441511
0
0
0.0008982675
0.0008892544
0.0008788503
0.0008674361
0.0008551958
0
0.0009039716
0.0008968309
0.000887716
0.000877222
0.000865684
0.000907286
0.0009029883
0.0008957577
0.0008865662
0.0008759648
0.0009066996
0.0009023286
0.0008950349
0.0008857507
0.0009063192
0.000901898
0.000894523
0.0009060742
0.0009015828
0.0009058983
0
0
0
0
0
0.0008717347
0.000859777
0.0008471559
0.0008339572
0.0008201866
0
0
0
0
0.0008824719
0.0008712558
0.0008592398
0.0008465697
0.0008332851
0
0
0
0.0008918696
0.0008816032
0.0008703159
0.0008582381
0.0008454701
0
0
0.0008996255
0.0008906684
0.0008803174
0.0008689556
0.0008567683
0
0.0009052952
0.0008982185
0.0008891633
0.0008787263
0.000867245
0.0009081715
0.0009039221
0.0008967397
0.0008875919
0.0008770315
0.0009072367
0.0009028981
0.0008956357
0.0008863795
0.0009066107
0.000902209
0.0008948527
0.0009062015
0.0009017194
0.0009058983
0
0
0
0
0.0008828869
0.0008716847
0.0008596826
0.0008470267
0.0008337568
0
0
0
0.0008926608
0.0008824229
0.0008711635
0.0008591136
0.0008463741
0
0
0.0009007337
0.0008918212
0.0008815125
0.0008701922
0.0008580467
0
0.0009065932
0.0008995775
0.0008905788
0.0008801955
0.0008687674
0.0009094327
0.000905247
0.0008981293
0.0008890421
0.0008785398
0.0009081226
0.0009038324
0.0008966182
0.0008874058
0.0009071478
0.0009027782
0.0008954531
0.0009064927
0.00090203
0.0009060254
0
0
0
0.0008930616
0.0008828379
0.0008715926
0.0008595567
0.0008468316
0
0
0.000901495
0.0008926127
0.0008823327
0.0008710405
0.0008589231
0
0.0009076534
0.0009006862
0.0008917325
0.0008813918
0.0008700056
0.0009106716
0.0009065459
0.0008994898
0.0008904596
0.0008800118
0.000909385
0.0009051592
0.0008980107
0.0008888599
0.0009080341
0.000903713
0.0008964361
0.0009070295
0.0009025987
0.0009063162
0
0
0.0009018807
0.0008930137
0.0008827481
0.0008714698
0.0008593667
0
0.000908382
0.0009014478
0.0008925246
0.0008822127
0.0008708548
0.0009116849
0.0009076067
0.0009005994
0.0008916145
0.0008812097
0.0009106248
0.0009064596
0.0008993731
0.0008902801
0.0009092984
0.0009050426
0.0008978323
0.0009079163
0.0009035341
0.0009068526
0
0.0009087513
0.0009018336
0.0008929257
0.0008826283
0.0008712846
0.0009123819
0.0009083356
0.0009013614
0.0008924072
0.0008820315
0.0009116387
0.0009075212
0.0009004838
0.0008914366
0.0009105396
0.0009063449
0.0008991973
0.0009091832
0.0009048672
0.0009077399
0.0009127352
0.0009087049
0.0009017475
0.0008928087
0.0008824475
0.0009123359
0.0009082506
0.0009012465
0.0008922302
0.0009115543
0.0009074076
0.0009003096
0.0009104263
0.0009061721
0.0009090102
0.0009126894
0.0009086202
0.0009016328
0.000892632
0.0009122519
0.0009081376
0.0009010732
0.000911442
0.0009072363
0.0009102557
0.0009126056
0.0009085074
0.0009014599
0.0009121403
0.0009079672
0.0009112729
0.0009124942
0.0009083374
0.0009119719
0.0009123262
)
;

boundaryField
{
    cathodeSides
    {
        type            zeroGradient;
    }
    electrolyteSides
    {
        type            zeroGradient;
    }
    anodeSides
    {
        type            zeroGradient;
    }
    phiI_to_phiI0
    {
        type            zeroGradient;
    }
}


// ************************************************************************* //
