/*--------------------------------*- C++ -*----------------------------------*\
| =========                 |                                                 |
| \\      /  F ield         | OpenFOAM: The Open Source CFD Toolbox           |
|  \\    /   O peration     | Version:  2306                                  |
|   \\  /    A nd           | Website:  www.openfoam.com                      |
|    \\/     M anipulation  |                                                 |
\*---------------------------------------------------------------------------*/
FoamFile
{
    version     2.0;
    format      ascii;
    arch        "LSB;label=32;scalar=64";
    class       cellSet;
    location    "constant/phiEC/polyMesh/sets";
    object      cathode;
}
// * * * * * * * * * * * * * * * * * * * * * * * * * * * * * * * * * * * * * //


4000
(
16385
16386
16387
16388
8196
16389
8197
8198
8199
8200
16400
16401
16402
16403
16404
8213
8214
8215
8216
8217
16415
16416
16417
16418
16419
8231
8232
8233
8234
8235
16430
16431
16432
16433
16434
8250
8251
8252
16445
8253
16446
8254
16447
16448
16459
16460
16461
8270
8271
8272
8273
8274
16472
16473
8290
8291
16484
8292
8293
8294
8310
8311
8312
8313
8314
8330
8331
8332
8333
16526
8334
16527
16528
16529
16530
8350
8351
8352
8353
8354
16552
16553
16554
16555
16556
8370
8371
8372
8373
8374
16577
16578
16579
16580
16581
8390
8391
8392
8393
8394
16601
16602
16603
16604
16605
8420
8421
8422
8423
8424
16624
16625
16626
16627
16628
16639
16640
16641
16642
8450
16643
8451
8452
8453
8454
16654
16655
16656
16657
16658
16669
16670
16671
16672
8480
16673
8481
8482
8483
8484
16684
16685
16686
16687
16688
16699
16700
16701
8509
16702
8510
16703
8511
8512
8513
16714
16715
16716
16717
16718
16729
8537
16730
8538
16731
8539
16732
8540
16733
8541
16744
16745
16746
16747
16748
16759
8567
16760
8568
16761
8569
16762
8570
8571
16773
16774
16775
8591
8592
8593
16786
8594
16787
8595
16798
8616
8617
8618
8619
8620
8642
8643
8644
8645
8646
16847
16848
16849
16850
16851
8669
8670
8671
8672
8673
16872
16873
16874
16875
16876
8687
8688
8689
8690
8691
16896
16897
16898
8706
16899
8707
16900
8708
8709
8710
8726
16919
8727
16920
8728
16921
8729
16922
8730
16923
8746
8747
8748
16941
8749
16942
8750
16943
16944
16945
16956
16957
16958
8766
16959
8767
16960
8768
8769
8770
16971
16972
16973
16974
16975
8786
8787
8788
8789
8790
16986
16987
16988
16989
16990
8806
8807
8808
17001
8809
17002
8810
17003
17004
17005
17016
17017
17018
8826
17019
8827
17020
8828
8829
8830
17031
17032
17033
17034
17035
8846
8847
8848
8849
8850
17046
17047
17048
17049
17050
8866
8867
8868
17061
8869
17062
8870
17063
17064
17075
17076
17077
17088
8896
17089
8897
8898
8899
8900
17100
8926
8927
8928
8929
8930
759
8955
8956
8957
8958
8959
17155
17156
17157
17158
17159
8983
8984
8985
8986
17179
8987
17180
17181
17182
17183
17202
9010
17203
9011
17204
9012
17205
9013
17206
9014
17224
17225
17226
17227
17228
9040
9041
9042
9043
9044
17245
17246
17247
17248
17249
867
9065
9066
9067
17260
9068
17261
9069
17262
17263
17264
883
884
17275
17276
17277
17278
17279
9091
9092
9093
9094
9095
17290
17291
17292
17293
17294
17305
17306
17307
17308
17309
9118
9119
9120
9121
9122
17320
17321
17322
17323
17324
17335
17336
17337
17338
9146
17339
9147
9148
9149
9150
17350
17351
17352
17353
9165
9166
9167
9168
9169
17364
17365
17366
984
17377
9185
17378
9186
9187
9188
9189
1000
1001
17389
9205
9206
9207
9208
9209
1017
1018
1019
9225
9226
9227
9228
9229
9245
9246
9247
9248
9249
17449
17450
17451
17452
17453
9265
9266
9267
9268
9269
17472
17473
17474
17475
17476
9285
9286
9287
9288
9289
17494
1110
17495
17496
17497
9305
17498
9306
9307
9308
9309
1126
1127
17515
17516
17517
9325
17518
9326
17519
9327
9328
9329
1143
1144
1145
17535
17536
17537
9345
17538
9346
17539
9347
9348
9349
1161
1162
1163
1164
17550
17551
17552
17553
17554
17565
17566
17567
9375
17568
9376
17569
9377
9378
9379
17580
17581
17582
17583
17584
17595
17596
9404
17597
9405
17598
9406
17599
9407
9408
17610
17611
17612
17613
17614
9432
17625
9433
17626
9434
17627
9435
17628
9436
1245
17639
17640
17641
1261
1262
9459
17652
9460
17653
9461
9462
9463
1278
1279
17664
1280
9485
9486
9487
9488
1296
9489
1297
1298
1299
1315
1316
1317
1318
1319
9515
9516
9517
9518
9519
17728
17729
17730
17731
17732
9541
9542
9543
9544
9545
17750
17751
17752
17753
17754
9568
9569
9570
9571
9572
17771
17772
17773
17774
1390
17775
9596
9597
9598
1406
17791
9599
1407
17792
9600
17793
17794
17795
1423
1424
1425
17810
17811
17812
17813
17814
9625
9626
9627
9628
9629
17825
1441
17826
1442
17827
1443
17828
1444
17829
9645
9646
9647
17840
9648
17841
9649
17842
17843
17844
1460
1461
1462
1463
1464
17855
17856
17857
9665
17858
9666
17859
9667
9668
9669
1480
1481
1482
1483
1484
17870
17871
17872
17873
17874
9685
9686
9687
9688
9689
17885
17886
17887
17888
9705
9706
17899
9707
17900
9708
17901
9709
17912
17913
9725
9726
9727
9728
9729
17924
9745
9746
9747
9748
1556
9749
1562
1563
9765
9766
9767
9768
9769
1579
1580
1581
9785
9786
9787
9788
9789
1597
1598
1599
1600
17991
17992
17993
17994
17995
9805
9806
9807
9808
1616
9809
1617
1618
1619
1620
18012
18013
18014
18015
18016
9825
9826
9827
9828
1636
9829
1637
1638
1639
1640
18032
18033
18034
18035
18036
1657
1658
1659
1660
1661
9854
9855
9856
9857
9858
18051
18052
18053
18054
18055
18069
18070
18071
18072
18073
9882
9883
9884
9885
9886
18084
18085
18086
18087
18088
18099
18100
18101
9909
18102
9910
18103
9911
9912
9913
18114
18115
18116
18117
18118
1734
1740
1741
9935
9936
18129
9937
18130
9938
18131
9939
1747
18132
1748
1749
18143
18144
18145
1765
1766
1767
9960
1768
9961
9962
9963
18156
9964
18157
18168
1784
1785
1786
1787
1788
9990
9991
9992
9993
9994
1804
1805
1806
1807
1808
10017
1825
10018
1826
10019
1827
10020
1828
10021
1829
1847
1848
1849
1850
1851
18237
10045
18238
10046
18239
10047
18240
10048
18241
10049
18257
18258
18259
18260
18261
10074
10075
10076
10077
10078
18276
18277
18278
18279
18280
18294
18295
18296
10104
18297
10105
18298
10106
10107
10108
1925
18311
18312
18313
18314
18315
1931
10124
1932
10125
10126
10127
10128
1938
1939
1940
18326
18327
18328
18329
18330
1946
1947
1948
1949
10144
10145
10146
10147
10148
18341
18342
18343
18344
18345
1965
1966
1967
1968
1969
18356
10164
18357
10165
18358
10166
18359
10167
10168
1985
18370
1986
18371
1987
18372
1988
1989
10184
10185
10186
10187
10188
18383
18384
2006
2007
2008
2009
2010
18395
10204
10205
10206
10207
10208
2028
2029
2030
2031
10224
2032
10225
10226
10227
10228
2051
10244
2052
10245
2053
10246
2054
10247
2055
10248
10264
10265
10266
10267
10268
18465
18466
18467
18468
18469
10284
10285
10286
10287
10288
18484
18485
18486
18487
18488
10303
10304
10305
10306
10307
18502
18503
18504
18505
18506
2130
18519
18520
2136
18521
2137
18522
18523
10331
10332
10333
10334
10335
2143
2144
2145
18535
2151
18536
2152
18537
2153
18538
2154
18539
2160
2161
2162
2163
2164
18550
10358
18551
10359
18552
10360
18553
10361
18554
10362
2180
18565
2181
18566
2182
18567
2183
18568
2184
10384
10385
10386
18579
10387
18580
10388
18581
2201
2202
2203
2204
2205
18592
18593
10409
10410
10411
18604
10412
10413
2223
2224
2225
2226
2227
10433
10434
10435
10436
10437
2246
2247
2248
2249
2250
2270
10463
2271
10464
2272
10465
2273
10466
2274
10467
18674
18675
18676
18677
18678
10491
10492
10493
10494
10495
18692
18693
18694
18695
18696
18709
18710
18711
18712
10520
18713
10521
10522
10523
10524
18725
18726
18727
18728
18729
2350
18740
2356
18741
2357
18742
10550
18743
10551
18744
10552
10553
10554
2363
2364
2365
18755
2371
18756
2372
18757
2373
18758
2374
2380
2381
2382
2383
2384
18769
18770
18771
10580
10581
10582
2390
10583
2391
10584
2392
2393
2394
18782
18783
10600
10601
18794
10602
10603
2411
10604
2412
2413
2414
2415
10620
10621
10622
10623
10624
2433
2434
2435
2436
2437
10640
10641
10642
10643
10644
2456
2457
2458
2459
2460
10660
10661
10662
10663
10664
18863
18864
2480
18865
2481
18866
2482
18867
2483
2484
10680
10681
10682
10683
10684
18880
18881
18882
18883
18884
2505
2506
2507
10700
2508
10701
2509
10702
10703
18896
10704
18897
18898
18899
18900
18911
18912
10720
18913
10721
18914
10722
18915
10723
10724
18926
18927
18928
18929
10740
10741
10742
10743
10744
18940
18941
18942
10759
10760
18953
10761
18954
10762
10763
18965
10777
10778
2586
10779
10780
10781
2592
2593
2599
2600
2601
2607
2608
2609
2610
10804
10805
10806
10807
10808
2616
2617
2618
2619
2620
2626
2627
2628
2629
2630
2637
10830
2638
10831
2639
10832
2640
10833
2641
10834
19033
19034
19035
19036
19037
2659
2660
2661
2662
10855
2663
10856
19049
10857
19050
10858
19051
10859
19052
19053
19064
19065
19066
2682
19067
2683
19068
2684
2685
2686
10879
10880
10881
10882
10883
19079
19080
19081
19082
2706
2707
2708
19093
2709
19094
10902
2710
19095
10903
10904
10905
10906
19106
19107
2731
2732
2733
19118
2734
2735
10932
10933
10934
10935
10936
2757
2758
2759
2760
2761
10961
10962
10963
10964
10965
10991
10992
19185
10993
19186
10994
19187
10995
19188
19189
19200
19201
19202
19203
19204
11021
11022
19215
11023
19216
11024
19217
11025
19218
2839
19229
2845
19230
2846
19231
2852
2853
2854
19242
19243
11051
11052
2860
11053
2861
11054
2862
11055
2863
2869
19254
2870
2871
2872
2873
11071
2879
11072
2880
11073
2881
11074
2882
11075
2883
2890
2891
2892
2893
2894
11091
11092
11093
11094
2902
11095
2903
2904
2905
2906
11111
11112
11113
11114
11115
2925
2926
2927
2928
2929
19320
19321
19322
19323
11131
19324
11132
11133
11134
11135
2949
2950
19335
2951
19336
2952
19337
2953
19338
11151
11152
11153
11154
11155
19349
19350
19351
2974
2975
2976
2977
19362
2978
19363
11171
11172
11173
11174
11175
19374
11191
11192
3000
11193
3001
11194
3002
11195
3003
3004
11210
11211
11212
11213
11214
3027
3028
3029
3030
3031
11228
11229
11230
11231
11232
11245
11246
11247
19440
11248
19441
11249
19442
19443
19454
19455
19456
11271
11272
11273
11274
19467
11275
19468
19479
11296
11297
11298
11299
11300
3110
3116
3117
3123
3124
3125
11320
11321
11322
11323
3131
11324
3132
3133
3134
3140
3141
3142
3143
3144
3150
11343
3151
11344
3152
11345
3153
11346
3154
11347
19545
3161
19546
3162
19547
3163
3164
3165
11365
3173
19558
11366
3174
19559
11367
3175
11368
3176
11369
3177
19570
3186
3187
3188
3189
3190
11395
11396
11397
11398
11399
3210
3211
3212
3213
3214
11425
11426
11427
3235
11428
3236
11429
3237
3238
3239
19636
19637
3261
3262
11455
3263
19648
11456
3264
11457
3265
11458
11459
3288
3289
3290
3291
3292
11485
11486
11487
11488
11489
3316
3317
3318
3319
3320
11515
11516
11517
11518
11519
19714
11535
11536
11537
11538
11539
11555
11556
11557
11558
11559
11575
11576
11577
11578
11579
3400
11595
11596
11597
11598
3406
11599
3407
3413
3414
3415
3421
3422
11615
3423
11616
3424
11617
11618
11619
3430
3431
3432
3433
3434
3440
3441
3442
11635
3443
11636
3444
11637
11638
11639
3451
3452
3453
3454
3455
11654
11655
3463
11656
3464
11657
3465
11658
3466
3467
3476
3477
3478
3479
11672
3480
11673
11674
11675
11676
3490
3491
3492
3493
3494
11689
11690
11691
11692
11693
11705
11706
11707
3515
11708
3516
11709
3517
3518
3519
11730
11731
11732
11733
3541
11734
3542
3543
3544
3545
11754
11755
11756
11757
11758
3568
3569
3570
3571
3572
11777
11778
11779
11780
11781
3596
3597
3598
3599
3600
11799
11800
11801
11802
11803
3625
3626
3627
11820
3628
11821
3629
11822
11823
11824
11850
11851
11852
11853
11854
11880
11881
11882
11883
11884
3709
3715
3716
11910
11911
11912
11913
11914
3722
3723
3724
3730
3731
3732
3733
3739
3740
3741
3742
3743
11940
11941
3749
11942
3750
11943
3751
11944
3752
3753
3760
3761
3762
3763
3764
3772
3773
3774
3775
3776
11970
11971
11972
11973
11974
3785
3786
3787
3788
3789
11990
11991
3799
11992
3800
11993
3801
11994
3802
3803
3814
3815
3816
3817
12010
3818
12011
12012
12013
12014
12030
12031
12032
3840
12033
3841
12034
3842
3843
3844
12050
12051
12052
12053
12054
3867
3868
3869
3870
3871
12070
12071
12072
12073
12074
3895
3896
12089
3897
12090
3898
12091
3899
12092
12093
12107
12108
12109
12110
12111
3924
3925
3926
3927
3928
12124
12125
12126
12127
12128
12140
12141
12142
12143
12144
3954
3955
3956
3957
3958
12155
12156
12157
12158
12159
12179
12180
12181
12182
12183
12202
12203
12204
12205
12206
4026
12224
12225
12226
12227
12228
4042
4043
4049
4050
4051
12245
12246
12247
12248
12249
4057
4058
4059
4060
4066
4067
4068
4069
4070
12265
12266
12267
12268
4076
12269
4077
4078
4079
4080
4087
4088
4089
4090
4091
4099
4100
4101
4102
12295
4103
12296
12297
12298
12299
4112
4113
4114
4115
4116
4126
4127
4128
4129
4130
12325
12326
12327
12328
12329
4141
4142
4143
4144
4145
4157
4158
4159
4160
4161
12355
12356
12357
12358
12359
4184
4185
4186
4187
4188
12385
12386
12387
12388
12389
4212
4213
4214
4215
4216
12415
12416
12417
12418
12419
4241
4242
12435
4243
12436
4244
12437
4245
12438
12439
12455
12456
12457
12458
12459
4271
4272
4273
4274
4275
12475
12476
12477
12478
12479
4301
4302
12495
4303
12496
4304
12497
4305
12498
12499
12514
12515
12516
12517
12518
12532
12533
12534
12535
12536
12549
12550
12551
12552
4360
12553
12565
12566
12567
12568
4376
12569
4377
12580
12581
12582
12583
12584
4393
4394
4395
4401
4402
12595
4403
12596
4404
12597
12598
12599
4410
4411
4412
4413
4414
4420
4421
4422
4423
4424
12618
12619
12620
12621
12622
4431
4432
4433
4434
4435
4443
4444
4445
4446
4447
12640
12641
12642
12643
12644
4456
4457
4458
4459
4460
12661
12662
4470
12663
4471
12664
4472
12665
4473
4474
4485
4486
4487
4488
12681
4489
12682
12683
12684
12685
4501
4502
4503
4504
4505
12700
12701
12702
12703
12704
4518
4519
4520
4521
4522
12730
12731
12732
12733
12734
4546
4547
4548
4549
4550
12760
12761
12762
12763
12764
4575
4576
4577
4578
4579
12790
12791
12792
12793
12794
4605
4606
4607
4608
4609
12820
12821
12822
12823
12824
4635
4636
4637
4638
4639
12850
12851
12852
12853
12854
4665
4666
4667
4668
4669
12870
12871
12872
12873
12874
12890
12891
12892
12893
12894
4710
12910
12911
12912
12913
12914
4726
4727
12929
12930
12931
12932
12933
4743
4744
4745
12947
12948
12949
12950
12951
4761
4762
4763
4764
4770
4771
12964
4772
12965
4773
12966
4774
12967
12968
4780
4781
4782
4783
4784
12980
12981
12982
12983
4791
12984
4792
4793
4794
4795
12995
4803
12996
4804
12997
4805
12998
4806
12999
4807
4816
4817
13010
4818
13011
4819
13012
4820
13013
13014
4830
4831
4832
13025
4833
13026
4834
13027
13028
13029
4845
4846
4847
4848
4849
13047
13048
13049
13050
13051
4861
4862
4863
4864
4865
13068
13069
13070
4878
13071
4879
13072
4880
4881
4882
13088
4896
13089
4897
13090
4898
13091
4899
13092
4900
13107
13108
13109
13110
13111
4925
4926
4927
4928
4929
13125
13126
13127
13128
13129
4955
4956
4957
4958
4959
13155
13156
13157
13158
13159
4985
4986
4987
4988
4989
13185
13186
13187
13188
13189
5015
5016
5017
5018
5019
13215
13216
13217
13218
13219
5045
5046
5047
5048
5049
13245
13246
13247
13248
13249
5075
13275
13276
13277
13278
13279
5091
5092
13295
13296
13297
13298
13299
5108
5109
5110
13315
13316
13317
13318
5126
13319
5127
5128
5129
13334
13335
13336
13337
5145
13338
5146
5147
5148
5149
5155
5156
5157
5158
5159
13352
13353
13354
13355
13356
5166
5167
5168
5169
5170
13369
13370
5178
13371
5179
13372
5180
13373
5181
5182
5191
5192
13385
5193
13386
5194
13387
5195
13388
13389
5205
5206
5207
13400
5208
13401
5209
13402
13403
13404
5220
5221
5222
13415
5223
13416
5224
13417
13418
13419
5236
5237
13430
5238
13431
5239
13432
5240
13433
13434
13445
5253
13446
5254
13447
5255
13448
5256
13449
5257
5271
5272
5273
13466
5274
13467
5275
13468
13469
13470
5290
5291
5292
5293
13486
5294
13487
13488
13489
13490
13505
13506
13507
13508
13509
5320
5321
5322
5323
5324
13523
13524
13525
13526
13527
13540
13541
13542
5350
13543
5351
13544
5352
5353
5354
13570
13571
13572
5380
13573
5381
13574
5382
5383
5384
13600
13601
13602
5410
13603
5411
13604
5412
5413
5414
13630
13631
13632
5440
13633
5441
13634
5442
5443
5444
13660
13661
13662
5470
13663
5471
13664
5487
5488
5489
13690
13691
13692
13693
13694
5505
5506
5507
5508
13710
13711
13712
13713
13714
5524
5525
5526
5527
5528
13729
13730
13731
13732
13733
5544
5545
5546
5547
5548
13747
5555
13748
5556
13749
5557
13750
5558
13751
5559
5567
5568
5569
5570
5571
13764
13765
13766
13767
13768
5580
5581
5582
5583
5584
13780
13781
13782
13783
13784
5594
5595
5596
5597
5598
13795
13796
13797
13798
13799
5609
5610
5611
5612
5613
13810
13811
13812
13813
13814
5625
5626
5627
5628
5629
13825
13826
13827
13828
13829
5642
5643
5644
5645
5646
13840
13841
13842
13843
13844
5660
5661
5662
13855
5663
13856
5664
13857
13858
13859
5679
5680
5681
5682
13875
5683
13876
13877
13878
13879
5699
5700
5701
13894
5702
13895
5703
13896
13897
13898
13912
13913
13914
13915
13916
5729
5730
5731
5732
5733
13929
13930
13931
13932
13933
13945
13946
13947
13948
13949
5759
5760
5761
5762
5763
13975
13976
13977
13978
13979
5789
5790
5791
5792
5793
14005
14006
14007
14008
14009
5819
5820
5821
5822
5823
14035
14036
14037
14038
14039
5849
5850
5851
5852
5853
14065
14066
14067
14068
14069
5879
5880
5881
5897
5898
5899
5900
14095
14096
14097
14098
14099
5916
5917
5918
5919
5920
14114
14115
14116
14117
14118
5936
5937
5938
5939
14132
5940
14133
14134
14135
14136
14149
5957
14150
5958
14151
5959
14152
5960
14153
5961
5969
5970
5971
5972
14165
5973
14166
14167
14168
14169
5982
5983
5984
5985
5986
14180
14181
14182
14183
14184
5996
5997
5998
5999
6000
14195
14196
14197
14198
14199
6011
6012
6013
6014
6015
14210
14211
14212
14213
14214
6027
6028
6029
6030
6031
14225
14226
14227
14228
14229
6044
6045
6046
6047
14240
6048
14241
14242
14243
14244
6062
14255
6063
14256
6064
14257
6065
14258
6066
14259
6081
14274
6082
14275
6083
14276
6084
14277
6085
14278
14292
14293
6101
14294
6102
14295
6103
14296
6104
6105
14309
14310
14311
14312
14313
6121
6122
6123
6124
6125
14325
14326
14327
14328
14329
14340
14341
14342
14343
6151
14344
6152
6153
6154
6155
14370
14371
14372
14373
6181
14374
6182
6183
6184
6185
14400
14401
14402
14403
6211
14404
6212
6213
6214
6215
14430
14431
14432
14433
6241
14434
6242
6243
6244
6245
14460
14461
14462
14463
6271
14464
6272
6273
6274
6275
14489
14490
14491
14492
14493
6301
6302
6303
6304
14507
14508
14509
14510
14511
6320
6321
6322
6323
6324
14524
14525
14526
14527
14528
6340
6341
6342
6343
6344
14540
14541
14542
14543
14544
6361
6362
14555
6363
14556
6364
14557
6365
14558
14559
14570
14571
14572
14573
14574
6383
6384
6385
6386
6387
14585
14586
14587
14588
6396
14589
6397
6398
6399
6400
14600
14601
14602
6410
14603
6411
14604
6412
6413
6414
14615
14616
14617
6425
14618
6426
14619
6427
6428
6429
14630
14631
14632
14633
6441
14634
6442
6443
6444
6445
14645
14646
14647
14648
14649
6458
6459
6460
6461
6462
14663
14664
14665
14666
14667
6476
6477
6478
6479
6480
14680
14681
14682
14683
14684
6495
6496
6497
6498
6499
14696
14697
14698
14699
14700
6515
6516
6517
6518
14711
6519
14712
14713
14714
14715
14726
14727
6535
14728
6536
14729
6537
6538
6539
6555
6556
6557
6558
6559
14755
14756
14757
14758
14759
6585
6586
6587
6588
6589
14785
14786
14787
14788
14789
6615
6616
6617
6618
6619
14815
14816
14817
14818
14819
6645
6646
6647
6648
6649
14844
14845
14846
14847
14848
6675
6676
6677
6678
6679
14872
14873
14874
14875
14876
14889
14890
14891
14892
14893
6705
6706
6707
6708
6709
14905
14906
14907
14908
14909
14920
14921
14922
14923
14924
6735
6736
6737
6738
6739
14935
14936
14937
14938
14939
6755
6756
6757
14950
6758
14951
6759
14952
14953
14954
14965
14966
14967
14968
6776
14969
6777
6778
6779
6780
14980
14981
14982
14983
14984
6798
6799
6800
6801
6802
14995
14996
14997
14998
14999
15010
15011
15012
15013
6821
15014
6822
6823
6824
6825
15025
15026
15027
6835
15028
6836
15029
6837
6838
6839
15042
6850
15043
6851
15044
6852
15045
6853
15046
6854
15058
6866
15059
6867
15060
6868
15061
6869
15062
6870
15073
15074
15075
6883
15076
6884
15077
6885
6886
6887
15088
15089
15090
15091
6901
6902
6903
6904
6905
15102
15103
15104
6920
6921
6922
6923
6924
15130
15131
15132
6940
15133
6941
15134
6942
6943
6944
6960
6961
6962
6963
6964
15160
15161
15162
15163
15164
6980
6981
6982
6983
6984
15189
15190
15191
15192
7000
15193
7001
7002
7003
7004
15217
15218
15219
15220
15221
7030
7031
7032
7033
7034
15244
15245
15246
15247
15248
7060
7061
7062
7063
7064
15260
15261
15262
15263
15264
15275
15276
15277
15278
15279
7090
7091
7092
7093
7094
15290
15291
15292
15293
15294
15305
15306
15307
15308
15309
7120
7121
7122
7123
7124
15320
15321
15322
15323
15324
15335
15336
15337
15338
15339
7150
7151
7152
7153
7154
15350
15351
15352
15353
15354
15365
15366
15367
15368
15369
7180
7181
7182
7183
7184
15380
15381
15382
15383
15384
7201
7202
15395
7203
15396
7204
15397
7205
15398
15399
15411
15412
15413
15414
15415
7223
7224
7225
7226
7227
15426
15427
15428
15429
15430
7246
7247
7248
15441
7249
15442
7250
15443
15444
15455
15456
15457
7270
7271
7272
7273
7274
15468
15469
7285
7286
7287
7288
7289
7301
7302
15495
7303
15496
7304
15497
7305
15498
15499
7318
7319
7320
7321
7322
15524
15525
15526
15527
15528
7336
7337
7338
7339
7340
7355
7356
7357
7358
7359
15552
15553
15554
15555
15556
7375
7376
7377
7378
7379
15579
15580
15581
15582
15583
7395
7396
7397
7398
7399
15605
15606
15607
7415
15608
7416
15609
7417
7418
7419
15620
15621
15622
15623
15624
7435
7436
7437
7438
7439
15635
15636
15637
15638
15639
7455
7456
7457
15650
7458
15651
7459
15652
15653
15654
15665
15666
15667
15668
15669
7485
7486
7487
15680
7488
15681
7489
15682
15683
15684
15695
15696
15697
15698
15699
7515
7516
7517
15710
7518
15711
7519
15712
15713
15714
15725
15726
15727
15728
15729
7545
7546
7547
15740
7548
15741
7549
15742
15743
15744
15755
15756
15757
15758
15759
7575
7576
7577
15770
7578
15771
7579
15772
15773
15774
15785
15786
15787
15788
7605
7606
15799
7607
15800
7608
15801
7609
15812
15813
15824
7635
7636
7637
7638
7639
15849
7657
15850
7658
15851
7659
15852
7660
15853
7661
7680
7681
7682
7683
7684
15877
15878
15879
15880
15881
7704
7705
7706
7707
7708
15904
15905
15906
15907
15908
7729
7730
7731
7732
7733
15930
15931
15932
15933
15934
7745
7746
7747
7748
7749
7762
15955
7763
15956
7764
15957
7765
15958
7766
15959
15970
15971
15972
7780
15973
7781
15974
7782
7783
7784
15985
15986
15987
15988
15989
7799
7800
7801
7802
7803
16000
16001
16002
16003
16004
7819
7820
7821
7822
16015
7823
16016
16017
16018
16019
16030
16031
7839
16032
7840
16033
7841
16034
7842
7843
16045
16046
16047
16048
16049
7859
7860
7861
7862
7863
16060
16061
16062
16063
16064
7879
7880
7881
7882
16075
7883
16076
16077
16078
16079
16090
16091
7899
16092
7900
16093
7901
16094
7902
7903
16105
16106
16107
16108
16109
7919
7920
7921
7922
7923
16120
16121
16122
16123
16134
16135
16136
7949
7950
7951
7952
7953
16147
16148
16159
7979
7980
7981
7982
7983
16193
16194
16195
16196
16197
8009
8010
8011
8012
8013
16220
16221
16222
16223
16224
8039
8040
8041
8042
8043
16246
16247
16248
16249
16250
8068
8069
8070
8071
8072
16271
16272
16273
16274
16275
8098
8099
8100
8101
8102
16295
16296
16297
16298
16299
16310
16311
16312
16313
8121
16314
8122
8123
8124
8125
16325
16326
16327
16328
16329
8145
8146
8147
16340
8148
16341
8149
16342
16343
16344
16355
16356
16357
16358
16359
8170
8171
8172
8173
8174
16370
16371
16372
16373
16374
)


// ************************************************************************* //
