/*--------------------------------*- C++ -*----------------------------------*\
| =========                 |                                                 |
| \\      /  F ield         | OpenFOAM: The Open Source CFD Toolbox           |
|  \\    /   O peration     | Version:  2306                                  |
|   \\  /    A nd           | Website:  www.openfoam.com                      |
|    \\/     M anipulation  |                                                 |
\*---------------------------------------------------------------------------*/
FoamFile
{
    version     2.0;
    format      ascii;
    arch        "LSB;label=32;scalar=64";
    class       cellSet;
    location    "constant/phiEC/polyMesh/sets";
    object      cmpl;
}
// * * * * * * * * * * * * * * * * * * * * * * * * * * * * * * * * * * * * * //


4000
(
16390
16391
16392
16393
8201
16394
8202
8203
8204
8205
16405
16406
16407
16408
16409
8218
8219
8220
8221
8222
16420
16421
16422
16423
16424
8236
8237
8238
8239
8240
16435
16436
16437
16438
16439
8255
8256
16449
8257
16450
8258
16451
8259
16452
16453
16462
16463
16464
16465
16466
8275
8276
8277
8278
8279
16474
16475
16476
16477
16478
16485
16486
16487
8295
16488
8296
16489
8297
8298
8299
16495
16496
16497
16498
16499
16505
16506
16507
8315
16508
8316
8317
8318
8319
8335
8336
8337
8338
16531
8339
16532
16533
16534
16535
8355
8356
8357
8358
8359
16557
16558
16559
16560
16561
8375
8376
8377
8378
8379
16582
16583
16584
16585
16586
8395
8396
8397
8398
8399
16606
16607
16608
16609
16610
8425
8426
8427
8428
8429
16629
16630
16631
16632
16633
16644
16645
16646
16647
8455
16648
8456
8457
8458
8459
16659
16660
16661
16662
16663
16674
16675
16676
16677
8485
16678
8486
8487
8488
8489
16689
16690
16691
16692
16693
16704
16705
16706
8514
16707
8515
16708
8516
8517
8518
16719
16720
16721
16722
16723
16734
8542
16735
8543
16736
8544
16737
8545
16738
8546
16749
16750
16751
16752
16753
16763
16764
8572
16765
8573
16766
8574
16767
8575
16776
16777
16778
16779
16780
16788
8596
16789
8597
16790
8598
16791
8599
16792
8600
16799
16800
16801
16802
16803
16809
16810
16811
16812
16813
8621
8622
8623
8624
8625
16819
16820
16821
16822
16828
16829
16830
8647
8648
8649
8650
8651
16852
16853
16854
16855
16856
8674
8675
8676
8677
8678
16877
16878
16879
16880
16881
8692
8693
8694
8695
8696
16901
16902
16903
8711
16904
8712
16905
8713
8714
8715
8731
16924
8732
16925
8733
16926
8734
16927
8735
16928
8751
8752
8753
16946
8754
16947
8755
16948
16949
16950
16961
16962
16963
8771
16964
8772
16965
8773
8774
8775
16976
16977
16978
16979
16980
8791
8792
8793
8794
8795
16991
16992
16993
16994
16995
8811
8812
8813
17006
8814
17007
8815
17008
17009
17010
17021
17022
17023
8831
17024
8832
17025
8833
8834
8835
17036
17037
17038
17039
17040
8851
8852
8853
8854
8855
17051
17052
17053
17054
17055
8871
8872
17065
8873
17066
8874
17067
8875
17068
17069
17078
17079
17080
17081
17082
17090
17091
17092
17093
8901
17094
8902
8903
8904
8905
17101
17102
17103
17104
17105
17111
17112
17113
17114
17115
17121
17122
17123
8931
17124
8932
8933
8934
8935
17130
17131
17132
17138
17139
8960
8961
8962
8963
8964
17160
17161
17162
17163
17164
8988
8989
8990
8991
17184
8992
17185
17186
17187
17188
17207
9015
17208
9016
17209
9017
17210
9018
17211
9019
17229
17230
17231
17232
17233
9045
9046
9047
9048
9049
17250
17251
17252
17253
17254
9070
9071
9072
17265
9073
17266
9074
17267
17268
17269
17280
17281
17282
17283
17284
9096
9097
9098
9099
9100
17295
17296
17297
17298
17299
17310
17311
17312
17313
17314
9123
9124
9125
9126
9127
17325
17326
17327
17328
17329
17340
17341
17342
17343
9151
17344
9152
9153
9154
9155
17354
17355
17356
17357
17358
9170
9171
9172
9173
9174
17367
17368
17369
17370
17371
17379
17380
17381
17382
9190
17383
9191
9192
9193
9194
17390
17391
17392
17393
17394
17400
17401
17402
9210
17403
9211
17404
9212
9213
9214
17410
17411
17412
17413
17419
17420
17421
9230
9231
9232
9233
9234
17427
17428
17434
9250
9251
9252
9253
9254
17454
17455
17456
17457
17458
9270
9271
9272
9273
9274
17477
17478
17479
17480
17481
9290
9291
9292
9293
9294
17499
17500
17501
17502
9310
17503
9311
9312
9313
9314
17520
17521
17522
9330
17523
9331
17524
9332
9333
9334
17540
17541
17542
9350
17543
9351
17544
9352
9353
9354
17555
17556
17557
17558
17559
17570
17571
17572
9380
17573
9381
17574
9382
9383
9384
17585
17586
17587
17588
17589
17600
17601
9409
17602
9410
17603
9411
17604
9412
9413
17615
17616
17617
17618
17619
17629
9437
17630
9438
17631
9439
17632
9440
17633
9441
17642
17643
17644
17645
17646
17654
17655
17656
9464
17657
9465
17658
9466
9467
9468
17665
17666
17667
17668
17669
17675
17676
17677
17678
17679
9490
9491
9492
17685
9493
17686
9494
17687
17688
17694
17695
17696
17702
17703
17709
9520
9521
9522
9523
9524
17733
17734
17735
17736
17737
9546
9547
9548
9549
9550
17755
17756
17757
17758
17759
9573
9574
9575
9576
9577
17776
17777
17778
17779
17780
9601
9602
9603
17796
9604
17797
9605
17798
17799
17800
17815
17816
17817
17818
17819
9630
9631
9632
9633
9634
17830
17831
17832
17833
17834
9650
9651
9652
17845
9653
17846
9654
17847
17848
17849
17860
17861
17862
9670
17863
9671
17864
9672
9673
9674
1485
17875
17876
17877
17878
17879
9690
9691
9692
9693
9694
17889
17890
17891
17892
17893
17902
9710
17903
9711
17904
9712
17905
9713
17906
9714
17914
17915
17916
17917
17918
9730
9731
9732
17925
9733
17926
9734
17927
17928
17929
17935
17936
17937
17938
17939
9750
9751
9752
17945
9753
17946
9754
17947
17948
17954
17955
17956
17962
9770
17963
9771
9772
9773
9774
17969
9790
9791
9792
9793
9794
17996
17997
17998
17999
18000
9810
9811
9812
9813
9814
18017
18018
18019
18020
18021
9830
9831
9832
9833
1641
9834
18037
18038
18039
18040
18041
1662
1663
9859
9860
9861
9862
9863
18056
18057
18058
18059
18060
18074
18075
18076
18077
18078
9887
9888
9889
9890
9891
18089
18090
18091
18092
18093
18104
18105
18106
9914
18107
9915
18108
9916
9917
9918
18119
18120
18121
18122
18123
9940
18133
9941
18134
9942
18135
9943
18136
9944
18137
18146
18147
18148
18149
18150
9965
18158
9966
18159
9967
18160
9968
18161
9969
18162
18169
18170
18171
18172
18173
18179
18180
18181
18182
18183
9995
9996
18189
9997
18190
9998
18191
9999
18192
1809
18198
18199
18200
18206
18207
18213
10022
1830
10023
1831
10024
10025
10026
1852
1853
1854
18242
10050
18243
10051
18244
10052
18245
10053
18246
10054
18262
18263
18264
18265
18266
10079
10080
10081
10082
10083
18281
18282
18283
18284
18285
18299
18300
18301
10109
18302
10110
18303
10111
10112
10113
18316
18317
18318
18319
18320
10129
10130
10131
10132
10133
18331
18332
18333
18334
18335
10149
10150
10151
10152
10153
18346
18347
18348
18349
18350
18360
18361
10169
18362
10170
18363
10171
18364
10172
10173
18373
18374
1990
18375
18376
18377
10189
10190
10191
10192
18385
10193
18386
18387
18388
18389
2011
18396
2012
18397
18398
18399
18400
10209
10210
10211
10212
10213
18406
18407
18408
18409
18410
18416
18417
2033
18418
2034
18419
2035
10229
10230
10231
10232
18425
10233
18426
18427
18433
18434
18440
2056
10249
2057
10250
2058
10251
2059
10252
10253
10269
10270
10271
10272
10273
18470
18471
18472
18473
18474
10289
10290
10291
10292
10293
18489
18490
18491
18492
18493
10308
10309
10310
10311
10312
18507
18508
18509
18510
18511
18524
18525
18526
18527
18528
10336
10337
10338
10339
10340
18540
18541
18542
18543
18544
18555
10363
18556
10364
18557
10365
18558
10366
18559
10367
18569
2185
18570
18571
18572
18573
10389
18582
10390
18583
10391
18584
10392
18585
10393
18586
2206
2207
18594
18595
18596
18597
18598
18605
18606
10414
18607
10415
18608
10416
18609
10417
10418
2228
2229
2230
18615
18616
18617
18618
18619
18625
18626
18627
18628
10438
10439
10440
10441
18634
10442
18635
2251
18636
2252
2253
2254
18642
18643
18649
2275
10468
2276
10469
2277
10470
2278
10471
2279
10472
18679
18680
18681
18682
18683
10496
10497
10498
10499
10500
18697
18698
18699
18700
18701
18714
18715
18716
18717
10525
18718
10526
10527
10528
10529
18730
18731
18732
18733
18734
18745
18746
18747
10555
18748
10556
18749
10557
10558
10559
18759
18760
18761
18762
18763
18772
18773
18774
18775
18776
10585
10586
10587
2395
10588
10589
18784
18785
18786
18787
18788
18795
18796
18797
10605
18798
10606
18799
10607
10608
2416
10609
2417
18805
18806
18807
18808
18809
18815
18816
18817
10625
18818
10626
10627
10628
10629
2438
2439
18824
2440
18825
18826
18832
18833
10645
10646
18839
10647
10648
10649
2461
2462
2463
2464
10665
10666
10667
10668
10669
18868
18869
2485
18870
2486
18871
2487
18872
2488
2489
10685
10686
10687
10688
10689
18885
18886
18887
18888
18889
2510
2511
2512
10705
2513
10706
2514
10707
10708
18901
10709
18902
18903
18904
18905
18916
18917
10725
18918
10726
18919
10727
18920
10728
10729
18930
18931
18932
18933
18934
10745
10746
10747
10748
10749
18943
18944
18945
18946
18947
18955
18956
10764
18957
10765
18958
10766
18959
10767
10768
18966
18967
18968
18969
18970
10782
10783
18976
10784
18977
10785
18978
10786
18979
18980
18986
18987
18988
18989
18995
18996
18997
10809
10810
19003
10811
19004
10812
10813
19010
2631
2642
10835
2643
10836
10837
10838
10839
19038
19039
19040
19041
19042
2664
2665
2666
10860
10861
19054
10862
19055
10863
19056
10864
19057
19058
19069
19070
19071
2687
19072
2688
19073
2689
2690
10884
10885
10886
10887
10888
19083
19084
19085
19086
19087
2711
19096
2712
19097
2713
19098
2714
19099
10907
2715
19100
10908
10909
10910
10911
19108
19109
19110
19111
19112
19119
19120
2736
19121
2737
19122
2738
19123
2739
2740
19129
10937
19130
10938
19131
10939
19132
10940
19133
10941
19139
19140
19141
19142
2762
2763
19148
2764
19149
2765
19150
2766
19156
19157
10966
10967
10968
10969
10970
19163
10996
10997
19190
10998
19191
10999
19192
11000
19193
19194
19205
19206
19207
19208
19209
11026
19219
11027
19220
11028
19221
11029
19222
11030
19223
19232
19233
19234
19235
19236
19244
19245
19246
19247
19248
11056
11057
11058
11059
11060
19255
19256
19257
19258
19259
19265
19266
19267
19268
11076
2884
19269
11077
11078
11079
11080
19275
19276
19277
19278
2895
2896
19284
19285
19286
11096
11097
11098
11099
2907
19292
11100
2908
19293
2909
19299
11116
11117
11118
11119
11120
2930
2931
2932
2933
19325
19326
19327
19328
11136
19329
11137
11138
11139
11140
2954
19339
2955
19340
2956
19341
2957
19342
2958
19343
11156
11157
11158
11159
19352
11160
19353
19354
19355
19356
2979
19364
2980
19365
2981
19366
2982
19367
2983
19368
11176
11177
11178
11179
11180
19375
19376
19377
19378
19379
19385
19386
19387
19388
11196
19389
11197
3005
11198
3006
11199
3007
11200
3008
3009
19395
19396
19397
19398
19404
19405
19406
11215
11216
11217
11218
11219
19412
19413
3032
3033
3034
19419
3035
3036
11233
11234
11235
11236
11237
11250
11251
19444
11252
19445
11253
19446
11254
19447
19448
19457
19458
19459
19460
19461
11276
19469
11277
19470
11278
19471
11279
19472
11280
19473
19480
19481
19482
19483
19484
19490
19491
19492
19493
11301
19494
11302
11303
11304
11305
19500
19501
19502
19503
19509
19510
19511
19517
11325
19518
11326
11327
11328
11329
19524
3155
11348
11349
11350
11351
11352
19548
19549
19550
3166
19551
3167
19552
19560
19561
19562
11370
3178
19563
11371
3179
19564
11372
3180
11373
11374
19571
19572
19573
19574
19575
3191
3192
3193
3194
19581
19582
19583
19584
19585
19591
19592
11400
19593
11401
19594
11402
11403
11404
3215
19600
3216
19601
3217
19602
3218
3219
19608
19609
19615
11430
11431
11432
3240
11433
3241
11434
3242
3243
3244
19638
19639
19640
19641
19642
19649
19650
3266
19651
3267
19652
11460
3268
19653
11461
3269
11462
3270
11463
11464
19659
19660
19661
19662
19663
19669
19670
19671
19672
3293
19678
3294
19679
3295
19680
3296
3297
11490
11491
11492
11493
19686
11494
19687
19693
3321
3322
3323
3324
3325
11520
11521
11522
19715
11523
19716
11524
19717
19718
19719
19725
19726
19727
19728
19729
11540
11541
11542
19735
11543
19736
11544
19737
19738
19744
19745
19746
19752
11560
19753
11561
11562
11563
11564
19759
11580
11581
11582
11583
11584
19780
19781
19782
19783
19784
19790
19791
19792
11600
19793
11601
11602
11603
11604
19799
19800
19801
19807
19808
11620
11621
19814
11622
11623
11624
3445
11640
11641
11642
19835
11643
19836
11644
19837
19838
3456
3457
19844
19845
19846
11659
19852
11660
3468
19853
11661
3469
11662
3470
11663
19859
3481
3482
3483
3484
11677
11678
11679
11680
11681
3495
19880
3496
19881
3497
19882
3498
3499
11694
11695
19888
11696
19889
11697
11698
19895
11710
11711
11712
3520
11713
3521
11714
3522
3523
3524
19916
19917
19923
11735
11736
11737
11738
3546
11739
3547
3548
3549
3550
19944
11759
11760
11761
11762
11763
3573
3574
3575
3576
3577
11782
11783
11784
11785
11786
3601
3602
3603
3604
3605
11804
11805
11806
11807
11808
3630
3631
3632
11825
3633
11826
3634
11827
11828
11829
11855
11856
11857
11858
11859
11885
11886
11887
11888
11889
11915
11916
11917
11918
11919
11945
11946
3754
11947
11948
11949
3765
3766
3777
3778
3779
11975
11976
11977
11978
11979
3790
3791
3792
3793
11995
11996
3804
11997
3805
11998
3806
11999
3807
3808
3819
3820
3821
3822
12015
3823
12016
12017
12018
12019
12035
12036
12037
3845
12038
3846
12039
3847
3848
3849
12055
12056
12057
12058
12059
3872
3873
3874
3875
3876
12075
12076
12077
12078
12079
3900
3901
12094
3902
12095
3903
12096
3904
12097
12098
12112
12113
12114
12115
12116
3929
3930
3931
3932
3933
12129
12130
12131
12132
12133
12145
12146
12147
12148
12149
3959
3960
3961
3962
3963
12160
12161
12162
12163
12164
12184
12185
12186
12187
12188
12207
12208
12209
12210
12211
12229
12230
12231
12232
12233
12250
12251
12252
12253
12254
12270
12271
12272
12273
4081
12274
4092
4093
4104
4105
4106
12300
12301
12302
12303
12304
4117
4118
4119
4120
4131
4132
4133
4134
4135
12330
12331
12332
12333
12334
4146
4147
4148
4149
4150
4162
4163
4164
4165
4166
12360
12361
12362
12363
12364
4189
4190
4191
4192
4193
12390
12391
12392
12393
12394
4217
4218
4219
4220
4221
12420
12421
12422
12423
12424
4246
4247
12440
4248
12441
4249
12442
4250
12443
12444
12460
12461
12462
12463
12464
4276
4277
4278
4279
4280
12480
12481
12482
12483
12484
4306
4307
12500
4308
12501
4309
12502
4310
12503
12504
12519
12520
12521
12522
12523
12537
12538
12539
12540
12541
12554
12555
12556
12557
12558
12570
12571
12572
12573
12574
12585
12586
12587
12588
12589
12600
12601
12602
12603
12604
4425
12623
12624
12625
12626
12627
4436
4437
4448
4449
4450
12645
12646
12647
12648
12649
4461
4462
4463
4464
12666
12667
4475
12668
4476
12669
4477
12670
4478
4479
4490
4491
4492
4493
12686
4494
12687
12688
12689
12690
4506
4507
4508
4509
4510
12705
12706
12707
12708
12709
4523
4524
4525
4526
4527
12735
12736
12737
12738
12739
4551
4552
4553
4554
4555
12765
12766
12767
12768
12769
4580
4581
4582
4583
4584
12795
12796
12797
12798
12799
4610
4611
4612
4613
4614
12825
12826
12827
12828
12829
4640
4641
4642
4643
4644
12855
12856
12857
12858
12859
4670
4671
4672
4673
4674
12875
12876
12877
12878
12879
12895
12896
12897
12898
12899
12915
12916
12917
12918
12919
12934
12935
12936
12937
12938
12952
12953
12954
12955
12956
12969
12970
12971
12972
12973
4785
12985
12986
12987
12988
4796
12989
4797
13000
4808
13001
4809
13002
4810
13003
13004
4821
4822
13015
4823
13016
4824
13017
13018
13019
4835
4836
4837
13030
4838
13031
4839
13032
13033
13034
4850
4851
4852
4853
4854
13052
13053
13054
13055
13056
4866
4867
4868
4869
4870
13073
13074
13075
4883
13076
4884
13077
4885
4886
4887
13093
4901
13094
4902
13095
4903
13096
4904
13097
4905
13112
13113
13114
13115
13116
4930
4931
4932
4933
4934
13130
13131
13132
13133
13134
4960
4961
4962
4963
4964
13160
13161
13162
13163
13164
4990
4991
4992
4993
4994
13190
13191
13192
13193
13194
5020
5021
5022
5023
5024
13220
13221
13222
13223
13224
5050
5051
5052
5053
5054
13250
13251
13252
13253
13254
13280
13281
13282
13283
13284
13300
13301
13302
13303
13304
13320
13321
13322
13323
13324
13339
13340
13341
13342
13343
5160
13357
13358
13359
13360
13361
5171
5172
13374
13375
5183
13376
5184
13377
5185
13378
5196
5197
13390
5198
13391
5199
13392
13393
13394
5210
5211
5212
13405
5213
13406
5214
13407
13408
13409
5225
5226
5227
13420
5228
13421
5229
13422
13423
13424
5241
5242
13435
5243
13436
5244
13437
5245
13438
13439
13450
5258
13451
5259
13452
5260
13453
5261
13454
5262
5276
5277
5278
13471
5279
13472
5280
13473
13474
13475
5295
5296
5297
5298
13491
5299
13492
13493
13494
13495
13510
13511
13512
13513
13514
5325
5326
5327
5328
5329
13528
13529
13530
13531
13532
13545
13546
13547
5355
13548
5356
13549
5357
5358
5359
13575
13576
13577
5385
13578
5386
13579
5387
5388
5389
13605
13606
13607
5415
13608
5416
13609
5417
5418
5419
13635
13636
13637
5445
13638
5446
13639
5447
5448
5449
13665
13666
13667
13668
13669
13695
13696
13697
13698
13699
13715
13716
13717
13718
13719
13734
13735
13736
13737
13738
5549
13752
5560
13753
5561
13754
13755
13756
5572
5573
5574
13769
13770
13771
13772
13773
5585
5586
5587
5588
13785
13786
13787
13788
13789
5599
5600
5601
5602
5603
13800
13801
13802
13803
13804
5614
5615
5616
5617
5618
13815
13816
13817
13818
13819
5630
5631
5632
5633
5634
13830
13831
13832
13833
13834
5647
5648
5649
5650
5651
13845
13846
13847
13848
13849
5665
5666
5667
13860
5668
13861
5669
13862
13863
13864
5684
5685
5686
5687
13880
5688
13881
13882
13883
13884
5704
5705
5706
13899
5707
13900
5708
13901
13902
13903
13917
13918
13919
13920
13921
5734
5735
5736
5737
5738
13934
13935
13936
13937
13938
13950
13951
13952
13953
13954
5764
5765
5766
5767
5768
13980
13981
13982
13983
13984
5794
5795
5796
5797
5798
14010
14011
14012
14013
14014
5824
5825
5826
5827
5828
14040
14041
14042
14043
14044
5854
5855
5856
5857
5858
14070
14071
14072
14073
14074
14100
14101
14102
14103
14104
14119
14120
14121
14122
14123
5941
14137
14138
14139
14140
14141
14154
5962
14155
5963
14156
14157
14158
5974
5975
5976
14170
14171
14172
14173
14174
5987
5988
5989
5990
14185
14186
14187
14188
14189
6001
6002
6003
6004
6005
14200
14201
14202
14203
14204
6016
6017
6018
6019
6020
14215
14216
14217
14218
14219
6032
6033
6034
6035
6036
14230
14231
14232
14233
14234
6049
6050
6051
6052
14245
6053
14246
14247
14248
14249
6067
14260
6068
14261
6069
14262
6070
14263
6071
14264
6086
14279
6087
14280
6088
14281
6089
14282
6090
14283
14297
14298
6106
14299
6107
14300
6108
14301
6109
6110
14314
14315
14316
14317
14318
6126
6127
6128
6129
6130
14330
14331
14332
14333
14334
14345
14346
14347
14348
6156
14349
6157
6158
6159
6160
14375
14376
14377
14378
6186
14379
6187
6188
6189
6190
14405
14406
14407
14408
6216
14409
6217
6218
6219
6220
14435
14436
14437
14438
6246
14439
6247
6248
6249
6250
14465
14466
14467
14468
6276
14469
6277
6278
6279
6280
14494
14495
14496
14497
14498
14512
14513
14514
14515
14516
14529
14530
14531
14532
14533
6345
14545
14546
14547
14548
14549
6366
6367
14560
14561
14562
14563
14564
14575
14576
14577
14578
14579
6388
6389
6390
14590
14591
14592
14593
6401
14594
6402
6403
6404
14605
14606
14607
6415
14608
6416
14609
6417
6418
6419
14620
14621
14622
6430
14623
6431
14624
6432
6433
6434
14635
14636
14637
14638
6446
14639
6447
6448
6449
6450
14650
14651
14652
14653
14654
6463
6464
6465
6466
6467
14668
14669
14670
14671
14672
6481
6482
6483
6484
6485
14685
14686
14687
14688
14689
6500
6501
6502
6503
6504
14701
14702
14703
14704
14705
6520
6521
6522
6523
14716
6524
14717
14718
14719
14720
14730
14731
14732
6540
14733
6541
14734
6542
6543
6544
6560
6561
6562
6563
6564
14760
14761
14762
14763
14764
6590
6591
6592
6593
6594
14790
14791
14792
14793
14794
6620
6621
6622
6623
6624
14820
14821
14822
14823
14824
6650
6651
6652
6653
6654
14849
14850
14851
14852
14853
6680
6681
6682
6683
6684
14877
14878
14879
14880
14881
14894
14895
14896
14897
14898
6710
6711
6712
6713
6714
14910
14911
14912
14913
14914
14925
14926
14927
14928
14929
14940
14941
14942
14943
14944
6760
14955
14956
14957
14958
14959
14970
14971
14972
14973
6781
14974
6782
14985
14986
14987
14988
14989
6803
6804
6805
15000
15001
15002
15003
15004
15015
15016
15017
15018
6826
15019
6827
6828
6829
15030
15031
15032
6840
15033
6841
15034
6842
6843
6844
15047
6855
15048
6856
15049
6857
15050
6858
15051
6859
15063
6871
15064
6872
15065
6873
15066
6874
15067
6875
15078
15079
15080
6888
15081
6889
15082
6890
6891
6892
15092
15093
15094
15095
15096
6906
6907
6908
6909
6910
15105
15106
15107
15108
15109
6925
6926
6927
6928
6929
15135
15136
15137
6945
15138
6946
15139
6947
6948
6949
6965
6966
6967
6968
6969
15165
15166
15167
15168
15169
6985
6986
6987
6988
6989
15194
15195
15196
15197
7005
15198
7006
7007
7008
7009
15222
15223
15224
15225
15226
7035
7036
7037
7038
7039
15249
15250
15251
15252
15253
7065
7066
7067
7068
7069
15265
15266
15267
15268
15269
15280
15281
15282
15283
15284
7095
7096
7097
7098
7099
15295
15296
15297
15298
15299
15310
15311
15312
15313
15314
7125
7126
7127
7128
7129
15325
15326
15327
15328
15329
15340
15341
15342
15343
15344
7155
7156
7157
7158
7159
15355
15356
15357
15358
15359
15370
15371
15372
15373
15374
7185
15385
15386
15387
15388
15389
7206
7207
15400
15401
15402
15403
15404
15416
15417
15418
15419
15420
7228
7229
7230
15431
15432
15433
15434
15435
7251
7252
15445
7253
15446
7254
15447
15448
15449
15458
15459
15460
15461
15462
7275
7276
7277
15470
7278
15471
7279
15472
15473
15474
7290
7291
7292
7293
7294
7306
7307
15500
7308
15501
7309
15502
7310
15503
15504
7323
7324
7325
7326
7327
15529
15530
15531
15532
15533
7341
7342
7343
7344
7345
7360
7361
7362
7363
7364
15557
15558
15559
15560
15561
7380
7381
7382
7383
7384
15584
15585
15586
15587
15588
7400
7401
7402
7403
7404
15610
15611
15612
7420
15613
7421
15614
7422
7423
7424
15625
15626
15627
15628
15629
7440
7441
7442
7443
7444
15640
15641
15642
15643
15644
7460
7461
7462
15655
7463
15656
7464
15657
15658
15659
15670
15671
15672
15673
15674
7490
7491
7492
15685
7493
15686
7494
15687
15688
15689
15700
15701
15702
15703
15704
7520
7521
7522
15715
7523
15716
7524
15717
15718
15719
15730
15731
15732
15733
15734
7550
7551
7552
15745
7553
15746
7554
15747
15748
15749
15760
15761
15762
15763
15764
7580
7581
7582
15775
7583
15776
7584
15777
15778
15779
15789
15790
15791
15792
15793
15802
7610
15803
7611
15804
7612
15805
7613
15806
7614
15814
15815
15816
15817
15818
15825
15826
15827
15828
15829
7640
7641
15854
7662
15855
7663
15856
7664
15857
15858
7685
7686
7687
7688
15882
15883
15884
15885
15886
7709
7710
7711
7712
7713
15909
15910
15911
15912
15913
7734
7735
7736
7737
7738
15935
15936
15937
15938
15939
7750
7751
7752
7753
7754
7767
15960
7768
15961
7769
15962
7770
15963
7771
15964
15975
15976
15977
7785
15978
7786
15979
7787
7788
7789
15990
15991
15992
15993
15994
7804
7805
7806
7807
7808
16005
16006
16007
16008
16009
7824
7825
7826
7827
16020
7828
16021
16022
16023
16024
16035
16036
7844
16037
7845
16038
7846
16039
7847
7848
16050
16051
16052
16053
16054
7864
7865
7866
7867
7868
16065
16066
16067
16068
16069
7884
7885
7886
7887
16080
7888
16081
16082
16083
16084
16095
16096
7904
16097
7905
16098
7906
16099
7907
7908
16110
16111
16112
16113
16114
7924
7925
7926
7927
7928
16124
16125
16126
16127
16128
16137
16138
16139
16140
16141
7954
7955
7956
16149
7957
16150
7958
16151
16152
16153
16160
16161
16162
16163
16164
16170
16171
16172
16173
16174
7984
7985
7986
7987
7988
16198
16199
16200
16201
16202
8014
8015
8016
8017
8018
16225
16226
16227
16228
16229
8044
8045
8046
8047
8048
16251
16252
16253
16254
16255
8073
8074
8075
8076
8077
16276
16277
16278
16279
16280
8103
8104
8105
16300
16301
16302
16303
16304
16315
16316
16317
16318
8126
16319
8127
8128
8129
16330
16331
16332
16333
16334
8150
8151
8152
16345
8153
16346
8154
16347
16348
16349
16360
16361
16362
16363
16364
8175
8176
8177
8178
8179
16375
16376
16377
16378
16379
)


// ************************************************************************* //
