/*--------------------------------*- C++ -*----------------------------------*\
| =========                 |                                                 |
| \\      /  F ield         | OpenFOAM: The Open Source CFD Toolbox           |
|  \\    /   O peration     | Version:  2306                                  |
|   \\  /    A nd           | Website:  www.openfoam.com                      |
|    \\/     M anipulation  |                                                 |
\*---------------------------------------------------------------------------*/
FoamFile
{
    version     2.0;
    format      ascii;
    arch        "LSB;label=32;scalar=64";
    class       volScalarField;
    location    "0.6/fuel";
    object      j;
}
// * * * * * * * * * * * * * * * * * * * * * * * * * * * * * * * * * * * * * //

dimensions      [0 -3 0 0 0 1 0];

internalField   nonuniform List<scalar> 
16000
(
9.833134e+08
9.910841e+08
8.969838e+08
9.373778e+08
1.006645e+09
9.019864e+08
9.445407e+08
8.219929e+08
8.573923e+08
9.049851e+08
1.029988e+09
9.11752e+08
9.588716e+08
8.257929e+08
8.620286e+08
9.117454e+08
7.613681e+08
7.875974e+08
8.29246e+08
8.850274e+08
1.06015e+09
9.257976e+08
9.803488e+08
8.331243e+08
8.710728e+08
9.252662e+08
7.644693e+08
7.911354e+08
8.336338e+08
8.915652e+08
7.109097e+08
7.309691e+08
7.629983e+08
8.116767e+08
8.76391e+08
1.092307e+09
9.427868e+08
1.00807e+09
8.434604e+08
8.84073e+08
9.455271e+08
7.704091e+08
7.97957e+08
8.421902e+08
9.046448e+08
7.135389e+08
7.338675e+08
7.663558e+08
8.159203e+08
8.828632e+08
6.676106e+08
6.836953e+08
7.091362e+08
7.475043e+08
8.038118e+08
0
1.115837e+09
9.592484e+08
1.037584e+09
8.555512e+08
8.997874e+08
9.716853e+08
7.786742e+08
8.075701e+08
8.544877e+08
9.2426e+08
7.185498e+08
7.394152e+08
7.728271e+08
8.241957e+08
8.958223e+08
6.698926e+08
6.861604e+08
7.118934e+08
7.507541e+08
8.080024e+08
0
6.296878e+08
6.430227e+08
6.640875e+08
6.953027e+08
7.404253e+08
0
0
1.130017e+09
9.70106e+08
1.059082e+09
8.666517e+08
9.150003e+08
9.995509e+08
7.881243e+08
8.18809e+08
8.693534e+08
9.496267e+08
7.254559e+08
7.471314e+08
7.81945e+08
8.360937e+08
9.152881e+08
6.742263e+08
6.908554e+08
7.171689e+08
7.570171e+08
8.161777e+08
0
6.31703e+08
6.45168e+08
6.664376e+08
6.979741e+08
7.436314e+08
0
0
5.959333e+08
6.073159e+08
6.252627e+08
6.516117e+08
6.889069e+08
0
0
0
1.137648e+09
9.758983e+08
1.071974e+09
8.734234e+08
9.249996e+08
1.019782e+09
7.964744e+08
8.291191e+08
8.837453e+08
9.767166e+08
7.332179e+08
7.55949e+08
7.926042e+08
8.504884e+08
9.405364e+08
6.801547e+08
6.973233e+08
7.24505e+08
7.658433e+08
8.279411e+08
0
6.355201e+08
6.492399e+08
6.709117e+08
7.030849e+08
7.498115e+08
0
0
5.977358e+08
6.092151e+08
6.273119e+08
6.538911e+08
6.91542e+08
0
0
0
5.655379e+08
5.754646e+08
5.911233e+08
6.139271e+08
6.458008e+08
0
0
0
0
1.14093e+09
9.786588e+08
1.078885e+09
8.766018e+08
9.303143e+08
1.03188e+09
8.012616e+08
8.353899e+08
8.931753e+08
9.963512e+08
7.398753e+08
7.637331e+08
8.023796e+08
8.644386e+08
9.676145e+08
6.867277e+08
7.045883e+08
7.328864e+08
7.761657e+08
8.421944e+08
0
6.407108e+08
6.548074e+08
6.770739e+08
7.101924e+08
7.585249e+08
0
0
6.01144e+08
6.128104e+08
6.311996e+08
6.582302e+08
6.965836e+08
0
0
0
5.671665e+08
5.771672e+08
5.929405e+08
6.159169e+08
6.480495e+08
0
0
0
0
5.379155e+08
5.467251e+08
5.60624e+08
5.807631e+08
6.086213e+08
0
0
0
0
0
1.14093e+09
9.797344e+08
1.081848e+09
8.77855e+08
9.328381e+08
1.03835e+09
8.032424e+08
8.383232e+08
8.981741e+08
1.008084e+09
7.434958e+08
7.681821e+08
8.08306e+08
8.73555e+08
9.872391e+08
6.922292e+08
7.108123e+08
7.402807e+08
7.856352e+08
8.560339e+08
0
6.464021e+08
6.609758e+08
6.83993e+08
7.18314e+08
7.687242e+08
0
0
6.057558e+08
6.176972e+08
6.36514e+08
6.642061e+08
7.035971e+08
0
0
0
5.702418e+08
5.803846e+08
5.963794e+08
6.196912e+08
6.523302e+08
0
0
0
0
5.393989e+08
5.482666e+08
5.622558e+08
5.825294e+08
6.105848e+08
0
0
0
0
0
5.126282e+08
5.205583e+08
5.330649e+08
5.511104e+08
5.758974e+08
0
0
0
0
0
0
1.137648e+09
9.797344e+08
1.081848e+09
8.782447e+08
9.338184e+08
1.041121e+09
8.038376e+08
8.394746e+08
9.005434e+08
1.01436e+09
7.448117e+08
7.700154e+08
8.110692e+08
8.783805e+08
9.989817e+08
6.950834e+08
7.141855e+08
7.444917e+08
7.913566e+08
8.650585e+08
0
6.510689e+08
6.661315e+08
6.89915e+08
7.254774e+08
7.780879e+08
0
0
6.107652e+08
6.230506e+08
6.423991e+08
6.709161e+08
7.116153e+08
0
0
0
5.743863e+08
5.847361e+08
6.010518e+08
6.2485e+08
6.582269e+08
0
0
0
0
5.421976e+08
5.511758e+08
5.653381e+08
5.858712e+08
6.143093e+08
0
0
0
0
0
5.139883e+08
5.219649e+08
5.345444e+08
5.52698e+08
5.77641e+08
0
0
0
0
0
0
4.893366e+08
4.96561e+08
5.079388e+08
5.242942e+08
5.466319e+08
0
0
0
0
0
0
0
1.130017e+09
9.786588e+08
1.078885e+09
8.782447e+08
9.338184e+08
1.041121e+09
8.039375e+08
8.398307e+08
9.014625e+08
1.017049e+09
7.450618e+08
7.705615e+08
8.121504e+08
8.806681e+08
1.005279e+09
6.959856e+08
7.154041e+08
7.462188e+08
7.940169e+08
8.698345e+08
0
6.533892e+08
6.687956e+08
6.931112e+08
7.295402e+08
7.837257e+08
0
0
6.148014e+08
6.274332e+08
6.473118e+08
6.766553e+08
7.186877e+08
0
0
0
5.788523e+08
5.894583e+08
6.061677e+08
6.305621e+08
6.648498e+08
0
0
0
0
5.459561e+08
5.550942e+08
5.695054e+08
5.904114e+08
6.194008e+08
0
0
0
0
0
5.165533e+08
5.246175e+08
5.373357e+08
5.556962e+08
5.809398e+08
0
0
0
0
0
0
4.905908e+08
4.97853e+08
5.092908e+08
5.25735e+08
5.481996e+08
0
0
0
0
0
0
0
4.677754e+08
4.744205e+08
4.848663e+08
4.998258e+08
5.201587e+08
0
0
0
0
0
0
0
0
1.115837e+09
9.758983e+08
1.071974e+09
8.77855e+08
9.328381e+08
1.03835e+09
8.039375e+08
8.398307e+08
9.014625e+08
1.017049e+09
7.450164e+08
7.706506e+08
8.124836e+08
8.815565e+08
1.007984e+09
6.96034e+08
7.1563e+08
7.467289e+08
7.950562e+08
8.721037e+08
0
6.540184e+08
6.696299e+08
6.942578e+08
7.311986e+08
7.86341e+08
0
0
6.167316e+08
6.296021e+08
6.498383e+08
6.797381e+08
7.226807e+08
0
0
0
5.823965e+08
5.932558e+08
6.103494e+08
6.353257e+08
6.70512e+08
0
0
0
0
5.499786e+08
5.593124e+08
5.740248e+08
5.953811e+08
6.25039e+08
0
0
0
0
0
5.199878e+08
5.281778e+08
5.410938e+08
5.597493e+08
5.854219e+08
0
0
0
0
0
0
4.929555e+08
5.002885e+08
5.118394e+08
5.284526e+08
5.511603e+08
0
0
0
0
0
0
0
4.689374e+08
4.756139e+08
4.861097e+08
5.011435e+08
5.215819e+08
0
0
0
0
0
0
0
0
4.477276e+08
4.538925e+08
4.635529e+08
4.773396e+08
4.959961e+08
0
0
0
0
0
0
0
0
0
1.092307e+09
9.70106e+08
1.059082e+09
8.766018e+08
9.303143e+08
1.03188e+09
8.038376e+08
8.394746e+08
9.005434e+08
1.01436e+09
7.450164e+08
7.706506e+08
8.124836e+08
8.815565e+08
1.007984e+09
6.959082e+08
7.155837e+08
7.468098e+08
7.953761e+08
8.729877e+08
0
6.539429e+08
6.696674e+08
6.944646e+08
7.316846e+08
7.873624e+08
0
0
6.17172e+08
6.301819e+08
6.50621e+08
6.808355e+08
7.243025e+08
0
0
0
5.840318e+08
5.950621e+08
6.124077e+08
6.377621e+08
6.735371e+08
0
0
0
0
5.531287e+08
5.626529e+08
5.776529e+08
5.994383e+08
6.297372e+08
0
0
0
0
0
5.236416e+08
5.319841e+08
5.451366e+08
5.641434e+08
5.903284e+08
0
0
0
0
0
0
4.961137e+08
5.035475e+08
5.152588e+08
5.32111e+08
5.551629e+08
0
0
0
0
0
0
0
4.711285e+08
4.778629e+08
4.884528e+08
5.03627e+08
5.242665e+08
0
0
0
0
0
0
0
0
4.488089e+08
4.549999e+08
4.647029e+08
4.785526e+08
4.972983e+08
0
0
0
0
0
0
0
0
0
4.29023e+08
4.347767e+08
4.437688e+08
4.565523e+08
4.737842e+08
0
0
0
0
0
0
0
0
0
0
1.06015e+09
9.592484e+08
1.037584e+09
8.734234e+08
9.249996e+08
1.019782e+09
8.032424e+08
8.383232e+08
8.981741e+08
1.008084e+09
7.450618e+08
7.705615e+08
8.121504e+08
8.806681e+08
1.005279e+09
6.959082e+08
7.155837e+08
7.468098e+08
7.953761e+08
8.729877e+08
0
6.537711e+08
6.695455e+08
6.944168e+08
7.317597e+08
7.876774e+08
0
0
6.170177e+08
6.301028e+08
6.506485e+08
6.810277e+08
7.247743e+08
0
0
0
5.843378e+08
5.954655e+08
6.129491e+08
6.385082e+08
6.746052e+08
0
0
0
0
5.54535e+08
5.641848e+08
5.793681e+08
6.01423e+08
6.321257e+08
0
0
0
0
0
5.264701e+08
5.34958e+08
5.483319e+08
5.676657e+08
5.943297e+08
0
0
0
0
0
0
4.994564e+08
5.070109e+08
5.189116e+08
5.360449e+08
5.595022e+08
0
0
0
0
0
0
0
4.740485e+08
4.808649e+08
4.915869e+08
5.069585e+08
5.278807e+08
0
0
0
0
0
0
0
0
4.508483e+08
4.570871e+08
4.668693e+08
4.808377e+08
4.997526e+08
0
0
0
0
0
0
0
0
0
4.300326e+08
4.358087e+08
4.448371e+08
4.576748e+08
4.749833e+08
0
0
0
0
0
0
0
0
0
0
4.115106e+08
4.169162e+08
4.253253e+08
4.372424e+08
4.532441e+08
0
0
0
0
0
0
0
0
0
0
1.029988e+09
9.427868e+08
1.00807e+09
8.666517e+08
9.150003e+08
9.995509e+08
8.012616e+08
8.353899e+08
8.931753e+08
9.963512e+08
7.448117e+08
7.700154e+08
8.110692e+08
8.783805e+08
9.989817e+08
6.96034e+08
7.1563e+08
7.467289e+08
7.950562e+08
8.721037e+08
0
6.537711e+08
6.695455e+08
6.944168e+08
7.317597e+08
7.876774e+08
0
0
6.168192e+08
6.299372e+08
6.505285e+08
6.809779e+08
7.248455e+08
0
0
0
5.841327e+08
5.953119e+08
6.128655e+08
6.385269e+08
6.747865e+08
0
0
0
0
5.547428e+08
5.644623e+08
5.797421e+08
6.019363e+08
6.328481e+08
0
0
0
0
0
5.27695e+08
5.362766e+08
5.497874e+08
5.693197e+08
5.962741e+08
0
0
0
0
0
0
5.020179e+08
5.096853e+08
5.217597e+08
5.391492e+08
5.629764e+08
0
0
0
0
0
0
0
4.771251e+08
4.840384e+08
4.949149e+08
5.105159e+08
5.317668e+08
0
0
0
0
0
0
0
0
4.535609e+08
4.598669e+08
4.697597e+08
4.838937e+08
5.03045e+08
0
0
0
0
0
0
0
0
0
4.319378e+08
4.377543e+08
4.4685e+08
4.597893e+08
4.772423e+08
0
0
0
0
0
0
0
0
0
0
4.124565e+08
4.178811e+08
4.263218e+08
4.38286e+08
4.543542e+08
0
0
0
0
0
0
0
0
0
0
3.950766e+08
4.001714e+08
4.080745e+08
4.192283e+08
4.341578e+08
0
0
0
0
0
0
0
0
0
0
1.006645e+09
9.257976e+08
9.803488e+08
8.555512e+08
8.997874e+08
9.716853e+08
7.964744e+08
8.291191e+08
8.837453e+08
9.767166e+08
7.434958e+08
7.681821e+08
8.08306e+08
8.73555e+08
9.872391e+08
6.959856e+08
7.154041e+08
7.462188e+08
7.940169e+08
8.698345e+08
0
6.539429e+08
6.696674e+08
6.944646e+08
7.316846e+08
7.873624e+08
0
0
6.168192e+08
6.299372e+08
6.505285e+08
6.809779e+08
7.248455e+08
0
0
0
5.839195e+08
5.951208e+08
6.127034e+08
6.384068e+08
6.74734e+08
0
0
0
0
5.54505e+08
5.642606e+08
5.795872e+08
6.018473e+08
6.328584e+08
0
0
0
0
0
5.278301e+08
5.36462e+08
5.500419e+08
5.696715e+08
5.96768e+08
0
0
0
0
0
0
5.03097e+08
5.108349e+08
5.230131e+08
5.405528e+08
5.64596e+08
0
0
0
0
0
0
0
4.794621e+08
4.864641e+08
4.97479e+08
5.132846e+08
5.348291e+08
0
0
0
0
0
0
0
0
4.564078e+08
4.627924e+08
4.728128e+08
4.871372e+08
5.065602e+08
0
0
0
0
0
0
0
0
0
4.34468e+08
4.403405e+08
4.495297e+08
4.6261e+08
4.802636e+08
0
0
0
0
0
0
0
0
0
0
4.142426e+08
4.197013e+08
4.282002e+08
4.402521e+08
4.564453e+08
0
0
0
0
0
0
0
0
0
0
3.959651e+08
4.010766e+08
4.090074e+08
4.202026e+08
4.351903e+08
0
0
0
0
0
0
0
0
0
0
3.796089e+08
3.844374e+08
3.918851e+08
4.023679e+08
4.163469e+08
0
0
0
0
0
0
0
0
0
0
9.910841e+08
9.11752e+08
9.588716e+08
8.434604e+08
8.84073e+08
9.455271e+08
7.881243e+08
8.18809e+08
8.693534e+08
9.496267e+08
7.398753e+08
7.637331e+08
8.023796e+08
8.644386e+08
9.676145e+08
6.950834e+08
7.141855e+08
7.444917e+08
7.913566e+08
8.650585e+08
0
6.540184e+08
6.696299e+08
6.942578e+08
7.311986e+08
7.86341e+08
0
0
6.170177e+08
6.301028e+08
6.506485e+08
6.810277e+08
7.247743e+08
0
0
0
5.839195e+08
5.951208e+08
6.127034e+08
6.384068e+08
6.74734e+08
0
0
0
0
5.542844e+08
5.640551e+08
5.794005e+08
6.016865e+08
6.327366e+08
0
0
0
0
0
5.275721e+08
5.362291e+08
5.498408e+08
5.695135e+08
5.966727e+08
0
0
0
0
0
0
5.031778e+08
5.109522e+08
5.231801e+08
5.407894e+08
5.649318e+08
0
0
0
0
0
0
0
4.80422e+08
4.874776e+08
4.985723e+08
5.144936e+08
5.362033e+08
0
0
0
0
0
0
0
0
4.585537e+08
4.650086e+08
4.751409e+08
4.896316e+08
5.092922e+08
0
0
0
0
0
0
0
0
0
4.371144e+08
4.430515e+08
4.523473e+08
4.655878e+08
4.834698e+08
0
0
0
0
0
0
0
0
0
0
4.166113e+08
4.221169e+08
4.30696e+08
4.42869e+08
4.592347e+08
0
0
0
0
0
0
0
0
0
0
3.976441e+08
4.027852e+08
4.107665e+08
4.220386e+08
4.371353e+08
0
0
0
0
0
0
0
0
0
0
3.804459e+08
3.852887e+08
3.92761e+08
4.032804e+08
4.17311e+08
0
0
0
0
0
0
0
0
0
0
3.650245e+08
3.696102e+08
3.766582e+08
3.865345e+08
3.996716e+08
0
0
0
0
0
0
0
0
0
0
9.833134e+08
9.019864e+08
9.445407e+08
8.331243e+08
8.710728e+08
9.252662e+08
7.786742e+08
8.075701e+08
8.544877e+08
9.2426e+08
7.332179e+08
7.55949e+08
7.926042e+08
8.504884e+08
9.405364e+08
6.922292e+08
7.108123e+08
7.402807e+08
7.856352e+08
8.560339e+08
0
6.533892e+08
6.687956e+08
6.931112e+08
7.295402e+08
7.837257e+08
0
0
6.17172e+08
6.301819e+08
6.50621e+08
6.808355e+08
7.243025e+08
0
0
0
5.841327e+08
5.953119e+08
6.128655e+08
6.385269e+08
6.747865e+08
0
0
0
0
5.542844e+08
5.640551e+08
5.794005e+08
6.016865e+08
6.327366e+08
0
0
0
0
0
5.27349e+08
5.360164e+08
5.496403e+08
5.693287e+08
5.965106e+08
0
0
0
0
0
0
5.029082e+08
5.106999e+08
5.229493e+08
5.405868e+08
5.647689e+08
0
0
0
0
0
0
0
4.804623e+08
4.875441e+08
4.986747e+08
5.14646e+08
5.364264e+08
0
0
0
0
0
0
0
0
4.594156e+08
4.65911e+08
4.761054e+08
4.906864e+08
5.104756e+08
0
0
0
0
0
0
0
0
0
4.39096e+08
4.450893e+08
4.544766e+08
4.678542e+08
4.859318e+08
0
0
0
0
0
0
0
0
0
0
4.190817e+08
4.246404e+08
4.333099e+08
4.456192e+08
4.621793e+08
0
0
0
0
0
0
0
0
0
0
3.998683e+08
4.050497e+08
4.131001e+08
4.244776e+08
4.397241e+08
0
0
0
0
0
0
0
0
0
0
3.820291e+08
3.868969e+08
3.944139e+08
4.05001e+08
4.191279e+08
0
0
0
0
0
0
0
0
0
0
3.658149e+08
3.704131e+08
3.774827e+08
3.873919e+08
4.005749e+08
0
0
0
0
0
0
0
0
0
0
3.512468e+08
3.556133e+08
3.622956e+08
3.716333e+08
3.840074e+08
0
0
0
0
0
0
0
0
0
0
8.969838e+08
9.373778e+08
8.257929e+08
8.620286e+08
9.117454e+08
7.704091e+08
7.97957e+08
8.421902e+08
9.046448e+08
7.254559e+08
7.471314e+08
7.81945e+08
8.360937e+08
9.152881e+08
6.867277e+08
7.045883e+08
7.328864e+08
7.761657e+08
8.421944e+08
0
6.510689e+08
6.661315e+08
6.89915e+08
7.254774e+08
7.780879e+08
0
0
6.167316e+08
6.296021e+08
6.498383e+08
6.797381e+08
7.226807e+08
0
0
0
5.843378e+08
5.954655e+08
6.129491e+08
6.385082e+08
6.746052e+08
0
0
0
0
5.54505e+08
5.642606e+08
5.795872e+08
6.018473e+08
6.328584e+08
0
0
0
0
0
5.27349e+08
5.360164e+08
5.496403e+08
5.693287e+08
5.965106e+08
0
0
0
0
0
0
5.02686e+08
5.104845e+08
5.227415e+08
5.403884e+08
5.645834e+08
0
0
0
0
0
0
0
4.801872e+08
4.872806e+08
4.984252e+08
5.144146e+08
5.3622e+08
0
0
0
0
0
0
0
0
4.594257e+08
4.659395e+08
4.761596e+08
4.907766e+08
5.106166e+08
0
0
0
0
0
0
0
0
0
4.398761e+08
4.459003e+08
4.553359e+08
4.687848e+08
4.869641e+08
0
0
0
0
0
0
0
0
0
0
4.209212e+08
4.265247e+08
4.352698e+08
4.476933e+08
4.644169e+08
0
0
0
0
0
0
0
0
0
0
0
4.021822e+08
4.074085e+08
4.155357e+08
4.270307e+08
4.424444e+08
0
0
0
0
0
0
0
0
0
0
3.841242e+08
3.890259e+08
3.966037e+08
4.072831e+08
4.215416e+08
0
0
0
0
0
0
0
0
0
0
3.673114e+08
3.719313e+08
3.7904e+08
3.890097e+08
4.022781e+08
0
0
0
0
0
0
0
0
0
0
3.519948e+08
3.563723e+08
3.630739e+08
3.724408e+08
3.848563e+08
0
0
0
0
0
0
0
0
0
0
3.382069e+08
3.423756e+08
3.487253e+08
3.575693e+08
3.692612e+08
0
0
0
0
0
0
0
0
0
0
8.219929e+08
8.573923e+08
9.049851e+08
7.644693e+08
7.911354e+08
8.336338e+08
8.915652e+08
7.185498e+08
7.394152e+08
7.728271e+08
8.241957e+08
8.958223e+08
6.801547e+08
6.973233e+08
7.24505e+08
7.658433e+08
8.279411e+08
0
6.464021e+08
6.609758e+08
6.83993e+08
7.18314e+08
7.687242e+08
0
0
6.148014e+08
6.274332e+08
6.473118e+08
6.766553e+08
7.186877e+08
0
0
0
5.840318e+08
5.950621e+08
6.124077e+08
6.377621e+08
6.735371e+08
0
0
0
0
5.547428e+08
5.644623e+08
5.797421e+08
6.019363e+08
6.328481e+08
0
0
0
0
0
5.275721e+08
5.362291e+08
5.498408e+08
5.695135e+08
5.966727e+08
0
0
0
0
0
0
5.02686e+08
5.104845e+08
5.227415e+08
5.403884e+08
5.645834e+08
0
0
0
0
0
0
0
4.799681e+08
4.870658e+08
4.982148e+08
5.142092e+08
5.360213e+08
0
0
0
0
0
0
0
0
4.591495e+08
4.656707e+08
4.758994e+08
4.905272e+08
5.103822e+08
0
0
0
0
0
0
0
0
0
4.398636e+08
4.459005e+08
4.553541e+08
4.688288e+08
4.870445e+08
0
0
0
0
0
0
0
0
0
0
4.21633e+08
4.272594e+08
4.360425e+08
4.485227e+08
4.653277e+08
0
0
0
0
0
0
0
0
0
0
0
4.03897e+08
4.091599e+08
4.173498e+08
4.289411e+08
4.444929e+08
0
0
0
0
0
0
0
0
0
0
0
0
3.862992e+08
3.912381e+08
3.988827e+08
4.096637e+08
4.240677e+08
0
0
0
0
0
0
0
0
0
0
3.692902e+08
3.739393e+08
3.811008e+08
3.911525e+08
4.045372e+08
0
0
0
0
0
0
0
0
0
0
3.534125e+08
3.57809e+08
3.645454e+08
3.739659e+08
3.864582e+08
0
0
0
0
0
0
0
0
0
0
3.38916e+08
3.430946e+08
3.494617e+08
3.583321e+08
3.70061e+08
0
0
0
0
0
0
0
0
0
0
3.258455e+08
3.298334e+08
3.358802e+08
3.442736e+08
3.553396e+08
0
0
0
0
0
0
0
0
0
0
7.613681e+08
7.875974e+08
8.29246e+08
8.850274e+08
7.135389e+08
7.338675e+08
7.663558e+08
8.159203e+08
8.828632e+08
6.742263e+08
6.908554e+08
7.171689e+08
7.570171e+08
8.161777e+08
0
6.407108e+08
6.548074e+08
6.770739e+08
7.101924e+08
7.585249e+08
0
0
6.107652e+08
6.230506e+08
6.423991e+08
6.709161e+08
7.116153e+08
0
0
0
5.823965e+08
5.932558e+08
6.103494e+08
6.353257e+08
6.70512e+08
0
0
0
0
5.54535e+08
5.641848e+08
5.793681e+08
6.01423e+08
6.321257e+08
0
0
0
0
0
5.278301e+08
5.36462e+08
5.500419e+08
5.696715e+08
5.96768e+08
0
0
0
0
0
0
5.029082e+08
5.106999e+08
5.229493e+08
5.405868e+08
5.647689e+08
0
0
0
0
0
0
0
4.799681e+08
4.870658e+08
4.982148e+08
5.142092e+08
5.360213e+08
0
0
0
0
0
0
0
0
4.58935e+08
4.654587e+08
4.756894e+08
4.903192e+08
5.101767e+08
0
0
0
0
0
0
0
0
0
4.395895e+08
4.456306e+08
4.550888e+08
4.685692e+08
4.867928e+08
0
0
0
0
0
0
0
0
0
0
4.216043e+08
4.272387e+08
4.36034e+08
4.485322e+08
4.653632e+08
0
0
0
0
0
0
0
0
0
0
0
4.045506e+08
4.09831e+08
4.180503e+08
4.296872e+08
4.453047e+08
0
0
0
0
0
0
0
0
0
0
0
0
3.879046e+08
3.928728e+08
4.005705e+08
4.114331e+08
4.259551e+08
0
0
0
0
0
0
0
0
0
0
0
0
0
3.713405e+08
3.760211e+08
3.8324e+08
3.933813e+08
4.068934e+08
0
0
0
0
0
0
0
0
0
0
3.55286e+08
3.597076e+08
3.664907e+08
3.759837e+08
3.885801e+08
0
0
0
0
0
0
0
0
0
0
3.402617e+08
3.444573e+08
3.508554e+08
3.59774e+08
3.715715e+08
0
0
0
0
0
0
0
0
0
0
3.265189e+08
3.305157e+08
3.365783e+08
3.449956e+08
3.560953e+08
0
0
0
0
0
0
0
0
0
0
3.141141e+08
3.179313e+08
3.237e+08
3.316815e+08
3.421749e+08
0
0
0
0
0
0
0
0
0
0
7.109097e+08
7.309691e+08
7.629983e+08
8.116767e+08
8.76391e+08
6.698926e+08
6.861604e+08
7.118934e+08
7.507541e+08
8.080024e+08
0
6.355201e+08
6.492399e+08
6.709117e+08
7.030849e+08
7.498115e+08
0
0
6.057558e+08
6.176972e+08
6.36514e+08
6.642061e+08
7.035971e+08
0
0
0
5.788523e+08
5.894583e+08
6.061677e+08
6.305621e+08
6.648498e+08
0
0
0
0
5.531287e+08
5.626529e+08
5.776529e+08
5.994383e+08
6.297372e+08
0
0
0
0
0
5.27695e+08
5.362766e+08
5.497874e+08
5.693197e+08
5.962741e+08
0
0
0
0
0
0
5.031778e+08
5.109522e+08
5.231801e+08
5.407894e+08
5.649318e+08
0
0
0
0
0
0
0
4.801872e+08
4.872806e+08
4.984252e+08
5.144146e+08
5.3622e+08
0
0
0
0
0
0
0
0
4.58935e+08
4.654587e+08
4.756894e+08
4.903192e+08
5.101767e+08
0
0
0
0
0
0
0
0
0
4.393807e+08
4.454229e+08
4.548814e+08
4.683616e+08
4.865848e+08
0
0
0
0
0
0
0
0
0
0
4.213348e+08
4.269708e+08
4.357678e+08
4.482679e+08
4.651017e+08
0
0
0
0
0
0
0
0
0
0
0
4.045101e+08
4.097953e+08
4.180221e+08
4.296712e+08
4.453067e+08
0
0
0
0
0
0
0
0
0
0
0
0
3.88509e+08
3.934896e+08
4.012107e+08
4.121097e+08
4.266854e+08
0
0
0
0
0
0
0
0
0
0
0
0
0
3.728491e+08
3.775535e+08
3.848169e+08
3.950286e+08
4.08642e+08
0
0
0
0
0
0
0
0
0
0
0
0
0
0
3.572244e+08
3.616725e+08
3.685058e+08
3.780772e+08
3.907868e+08
0
0
0
0
0
0
0
0
0
0
3.420392e+08
3.462569e+08
3.526963e+08
3.616798e+08
3.735701e+08
0
0
0
0
0
0
0
0
0
0
3.277986e+08
3.318104e+08
3.379012e+08
3.463621e+08
3.575238e+08
0
0
0
0
0
0
0
0
0
0
3.147548e+08
3.1858e+08
3.24363e+08
3.323664e+08
3.428904e+08
0
0
0
0
0
0
0
0
0
0
3.029656e+08
3.066249e+08
3.121326e+08
3.197349e+08
3.297037e+08
0
0
0
0
0
0
0
0
0
0
6.676106e+08
6.836953e+08
7.091362e+08
7.475043e+08
8.038118e+08
0
6.31703e+08
6.45168e+08
6.664376e+08
6.979741e+08
7.436314e+08
0
0
6.01144e+08
6.128104e+08
6.311996e+08
6.582302e+08
6.965836e+08
0
0
0
5.743863e+08
5.847361e+08
6.010518e+08
6.2485e+08
6.582269e+08
0
0
0
0
5.499786e+08
5.593124e+08
5.740248e+08
5.953811e+08
6.25039e+08
0
0
0
0
0
5.264701e+08
5.34958e+08
5.483319e+08
5.676657e+08
5.943297e+08
0
0
0
0
0
0
5.03097e+08
5.108349e+08
5.230131e+08
5.405528e+08
5.64596e+08
0
0
0
0
0
0
0
4.804623e+08
4.875441e+08
4.986747e+08
5.14646e+08
5.364264e+08
0
0
0
0
0
0
0
0
4.591495e+08
4.656707e+08
4.758994e+08
4.905272e+08
5.103822e+08
0
0
0
0
0
0
0
0
0
4.393807e+08
4.454229e+08
4.548814e+08
4.683616e+08
4.865848e+08
0
0
0
0
0
0
0
0
0
0
4.211325e+08
4.267683e+08
4.355644e+08
4.480628e+08
4.648943e+08
0
0
0
0
0
0
0
0
0
0
0
4.042467e+08
4.095318e+08
4.177578e+08
4.29406e+08
4.450408e+08
0
0
0
0
0
0
0
0
0
0
0
0
3.884604e+08
3.934431e+08
4.011686e+08
4.12075e+08
4.266628e+08
0
0
0
0
0
0
0
0
0
0
0
0
0
3.734111e+08
3.781244e+08
3.854058e+08
3.956473e+08
4.093044e+08
0
0
0
0
0
0
0
0
0
0
0
0
0
0
3.586469e+08
3.631141e+08
3.699853e+08
3.796171e+08
3.924152e+08
0
0
0
0
0
0
0
0
0
0
0
0
0
0
0
3.438759e+08
3.481165e+08
3.545999e+08
3.63653e+08
3.756435e+08
0
0
0
0
0
0
0
0
0
0
3.294883e+08
3.335196e+08
3.396477e+08
3.481667e+08
3.594121e+08
0
0
0
0
0
0
0
0
0
0
3.159741e+08
3.198125e+08
3.25621e+08
3.336641e+08
3.442446e+08
0
0
0
0
0
0
0
0
0
0
3.03576e+08
3.072426e+08
3.127633e+08
3.203856e+08
3.303826e+08
0
0
0
0
0
0
0
0
0
0
2.923545e+08
2.958699e+08
3.011358e+08
3.083834e+08
3.178688e+08
0
0
0
0
0
0
0
0
0
0
6.296878e+08
6.430227e+08
6.640875e+08
6.953027e+08
7.404253e+08
0
0
5.977358e+08
6.092151e+08
6.273119e+08
6.538911e+08
6.91542e+08
0
0
0
5.702418e+08
5.803846e+08
5.963794e+08
6.196912e+08
6.523302e+08
0
0
0
0
5.459561e+08
5.550942e+08
5.695054e+08
5.904114e+08
6.194008e+08
0
0
0
0
0
5.236416e+08
5.319841e+08
5.451366e+08
5.641434e+08
5.903284e+08
0
0
0
0
0
0
5.020179e+08
5.096853e+08
5.217597e+08
5.391492e+08
5.629764e+08
0
0
0
0
0
0
0
4.80422e+08
4.874776e+08
4.985723e+08
5.144936e+08
5.362033e+08
0
0
0
0
0
0
0
0
4.594257e+08
4.659395e+08
4.761596e+08
4.907766e+08
5.106166e+08
0
0
0
0
0
0
0
0
0
4.395895e+08
4.456306e+08
4.550888e+08
4.685692e+08
4.867928e+08
0
0
0
0
0
0
0
0
0
0
4.211325e+08
4.267683e+08
4.355644e+08
4.480628e+08
4.648943e+08
0
0
0
0
0
0
0
0
0
0
0
4.040512e+08
4.093353e+08
4.175595e+08
4.292049e+08
4.448359e+08
0
0
0
0
0
0
0
0
0
0
0
0
3.882043e+08
3.931854e+08
4.009086e+08
4.118119e+08
4.263964e+08
0
0
0
0
0
0
0
0
0
0
0
0
0
3.733574e+08
3.780705e+08
3.853536e+08
3.955994e+08
4.092638e+08
0
0
0
0
0
0
0
0
0
0
0
0
0
0
3.591727e+08
3.636456e+08
3.705308e+08
3.801865e+08
3.93021e+08
0
0
0
0
0
0
0
0
0
0
0
0
0
0
0
3.452213e+08
3.494774e+08
3.559929e+08
3.650987e+08
3.771662e+08
0
0
0
0
0
0
0
0
0
0
0
0
0
0
0
0
3.312325e+08
3.352836e+08
3.414508e+08
3.500317e+08
3.613667e+08
0
0
0
0
0
0
0
0
0
0
3.175834e+08
3.214388e+08
3.272809e+08
3.35377e+08
3.46033e+08
0
0
0
0
0
0
0
0
0
0
3.047394e+08
3.084179e+08
3.139617e+08
3.216203e+08
3.316689e+08
0
0
0
0
0
0
0
0
0
0
2.929373e+08
2.964589e+08
3.017368e+08
3.090028e+08
3.185139e+08
0
0
0
0
0
0
0
0
0
0
2.822468e+08
2.856241e+08
2.90668e+08
2.975867e+08
3.066207e+08
0
0
0
0
0
0
0
0
0
0
5.959333e+08
6.073159e+08
6.252627e+08
6.516117e+08
6.889069e+08
0
0
0
5.671665e+08
5.771672e+08
5.929405e+08
6.159169e+08
6.480495e+08
0
0
0
0
5.421976e+08
5.511758e+08
5.653381e+08
5.858712e+08
6.143093e+08
0
0
0
0
0
5.199878e+08
5.281778e+08
5.410938e+08
5.597493e+08
5.854219e+08
0
0
0
0
0
0
4.994564e+08
5.070109e+08
5.189116e+08
5.360449e+08
5.595022e+08
0
0
0
0
0
0
0
4.794621e+08
4.864641e+08
4.97479e+08
5.132846e+08
5.348291e+08
0
0
0
0
0
0
0
0
4.594156e+08
4.65911e+08
4.761054e+08
4.906864e+08
5.104756e+08
0
0
0
0
0
0
0
0
0
4.398636e+08
4.459005e+08
4.553541e+08
4.688288e+08
4.870445e+08
0
0
0
0
0
0
0
0
0
0
4.213348e+08
4.269708e+08
4.357678e+08
4.482679e+08
4.651017e+08
0
0
0
0
0
0
0
0
0
0
0
4.040512e+08
4.093353e+08
4.175595e+08
4.292049e+08
4.448359e+08
0
0
0
0
0
0
0
0
0
0
0
0
3.880158e+08
3.929954e+08
4.007161e+08
4.116157e+08
4.261955e+08
0
0
0
0
0
0
0
0
0
0
0
0
0
3.731096e+08
3.778198e+08
3.850994e+08
3.953406e+08
4.089996e+08
0
0
0
0
0
0
0
0
0
0
0
0
0
0
3.59116e+08
3.635872e+08
3.704719e+08
3.801292e+08
3.929678e+08
0
0
0
0
0
0
0
0
0
0
0
0
0
0
0
3.457156e+08
3.499752e+08
3.565012e+08
3.656264e+08
3.777239e+08
0
0
0
0
0
0
0
0
0
0
0
0
0
0
0
0
3.325082e+08
3.365721e+08
3.42767e+08
3.513937e+08
3.627967e+08
0
0
0
0
0
0
0
0
0
0
0
0
0
0
0
0
0
3.192435e+08
3.231157e+08
3.289927e+08
3.371445e+08
3.47881e+08
0
0
0
0
0
0
0
0
0
0
3.062746e+08
3.099684e+08
3.155424e+08
3.232491e+08
3.333668e+08
0
0
0
0
0
0
0
0
0
0
2.940494e+08
2.975814e+08
3.028805e+08
3.101795e+08
3.19738e+08
0
0
0
0
0
0
0
0
0
0
2.828037e+08
2.861868e+08
2.912415e+08
2.981771e+08
3.072348e+08
0
0
0
0
0
0
0
0
0
0
2.726133e+08
2.758558e+08
2.806888e+08
2.873044e+08
2.959197e+08
0
0
0
0
0
0
0
0
0
0
5.655379e+08
5.754646e+08
5.911233e+08
6.139271e+08
6.458008e+08
0
0
0
0
5.393989e+08
5.482666e+08
5.622558e+08
5.825294e+08
6.105848e+08
0
0
0
0
0
5.165533e+08
5.246175e+08
5.373357e+08
5.556962e+08
5.809398e+08
0
0
0
0
0
0
4.961137e+08
5.035475e+08
5.152588e+08
5.32111e+08
5.551629e+08
0
0
0
0
0
0
0
4.771251e+08
4.840384e+08
4.949149e+08
5.105159e+08
5.317668e+08
0
0
0
0
0
0
0
0
4.585537e+08
4.650086e+08
4.751409e+08
4.896316e+08
5.092922e+08
0
0
0
0
0
0
0
0
0
4.398761e+08
4.459003e+08
4.553359e+08
4.687848e+08
4.869641e+08
0
0
0
0
0
0
0
0
0
0
4.216043e+08
4.272387e+08
4.36034e+08
4.485322e+08
4.653632e+08
0
0
0
0
0
0
0
0
0
0
0
4.042467e+08
4.095318e+08
4.177578e+08
4.29406e+08
4.450408e+08
0
0
0
0
0
0
0
0
0
0
0
0
3.880158e+08
3.929954e+08
4.007161e+08
4.116157e+08
4.261955e+08
0
0
0
0
0
0
0
0
0
0
0
0
0
3.729284e+08
3.776365e+08
3.849131e+08
3.951502e+08
4.088038e+08
0
0
0
0
0
0
0
0
0
0
0
0
0
0
3.588768e+08
3.633445e+08
3.702245e+08
3.798762e+08
3.927082e+08
0
0
0
0
0
0
0
0
0
0
0
0
0
0
0
3.456578e+08
3.499144e+08
3.564384e+08
3.655629e+08
3.776618e+08
0
0
0
0
0
0
0
0
0
0
0
0
0
0
0
0
3.329749e+08
3.370407e+08
3.432435e+08
3.518858e+08
3.633137e+08
0
0
0
0
0
0
0
0
0
0
0
0
0
0
0
0
0
3.204566e+08
3.243387e+08
3.302399e+08
3.384322e+08
3.492286e+08
0
0
0
0
0
0
0
0
0
0
0
0
0
0
0
0
0
0
3.078572e+08
3.11566e+08
3.171708e+08
3.24928e+08
3.351187e+08
0
0
0
0
0
0
0
0
0
0
2.955169e+08
2.990619e+08
3.043885e+08
3.117313e+08
3.21353e+08
0
0
0
0
0
0
0
0
0
0
2.838682e+08
2.872608e+08
2.923344e+08
2.993006e+08
3.084018e+08
0
0
0
0
0
0
0
0
0
0
2.731464e+08
2.76394e+08
2.81237e+08
2.878681e+08
2.965053e+08
0
0
0
0
0
0
0
0
0
0
2.634221e+08
2.665379e+08
2.711683e+08
2.774977e+08
2.857263e+08
0
0
0
0
0
0
0
0
0
0
5.379155e+08
5.467251e+08
5.60624e+08
5.807631e+08
6.086213e+08
0
0
0
0
0
5.139883e+08
5.219649e+08
5.345444e+08
5.52698e+08
5.77641e+08
0
0
0
0
0
0
4.929555e+08
5.002885e+08
5.118394e+08
5.284526e+08
5.511603e+08
0
0
0
0
0
0
0
4.740485e+08
4.808649e+08
4.915869e+08
5.069585e+08
5.278807e+08
0
0
0
0
0
0
0
0
4.564078e+08
4.627924e+08
4.728128e+08
4.871372e+08
5.065602e+08
0
0
0
0
0
0
0
0
0
4.39096e+08
4.450893e+08
4.544766e+08
4.678542e+08
4.859318e+08
0
0
0
0
0
0
0
0
0
0
4.21633e+08
4.272594e+08
4.360425e+08
4.485227e+08
4.653277e+08
0
0
0
0
0
0
0
0
0
0
0
4.045101e+08
4.097953e+08
4.180221e+08
4.296712e+08
4.453067e+08
0
0
0
0
0
0
0
0
0
0
0
0
3.882043e+08
3.931854e+08
4.009086e+08
4.118119e+08
4.263964e+08
0
0
0
0
0
0
0
0
0
0
0
0
0
3.729284e+08
3.776365e+08
3.849131e+08
3.951502e+08
4.088038e+08
0
0
0
0
0
0
0
0
0
0
0
0
0
0
3.587028e+08
3.631682e+08
3.700447e+08
3.796918e+08
3.92518e+08
0
0
0
0
0
0
0
0
0
0
0
0
0
0
0
3.454276e+08
3.4968e+08
3.561988e+08
3.653168e+08
3.77408e+08
0
0
0
0
0
0
0
0
0
0
0
0
0
0
0
0
3.329172e+08
3.369791e+08
3.431787e+08
3.518188e+08
3.632459e+08
0
0
0
0
0
0
0
0
0
0
0
0
0
0
0
0
0
3.208994e+08
3.247817e+08
3.306889e+08
3.388937e+08
3.497109e+08
0
0
0
0
0
0
0
0
0
0
0
0
0
0
0
0
0
0
3.09013e+08
3.127302e+08
3.183557e+08
3.261489e+08
3.363931e+08
0
0
0
0
0
0
0
0
0
0
0
0
0
0
0
0
0
0
0
2.970291e+08
3.005863e+08
3.059411e+08
3.133292e+08
3.230174e+08
0
0
0
0
0
0
0
0
0
0
2.852729e+08
2.886772e+08
2.937753e+08
3.007819e+08
3.099408e+08
0
0
0
0
0
0
0
0
0
0
2.74167e+08
2.774228e+08
2.822834e+08
2.889422e+08
2.976197e+08
0
0
0
0
0
0
0
0
0
0
2.639328e+08
2.670535e+08
2.716929e+08
2.780367e+08
2.862855e+08
0
0
0
0
0
0
0
0
0
0
2.546535e+08
2.576407e+08
2.620812e+08
2.681377e+08
2.760022e+08
0
0
0
0
0
0
0
0
0
0
5.126282e+08
5.205583e+08
5.330649e+08
5.511104e+08
5.758974e+08
0
0
0
0
0
0
4.905908e+08
4.97853e+08
5.092908e+08
5.25735e+08
5.481996e+08
0
0
0
0
0
0
0
4.711285e+08
4.778629e+08
4.884528e+08
5.03627e+08
5.242665e+08
0
0
0
0
0
0
0
0
4.535609e+08
4.598669e+08
4.697597e+08
4.838937e+08
5.03045e+08
0
0
0
0
0
0
0
0
0
4.371144e+08
4.430515e+08
4.523473e+08
4.655878e+08
4.834698e+08
0
0
0
0
0
0
0
0
0
0
4.209212e+08
4.265247e+08
4.352698e+08
4.476933e+08
4.644169e+08
0
0
0
0
0
0
0
0
0
0
0
4.045506e+08
4.09831e+08
4.180503e+08
4.296872e+08
4.453047e+08
0
0
0
0
0
0
0
0
0
0
0
0
3.884604e+08
3.934431e+08
4.011686e+08
4.12075e+08
4.266628e+08
0
0
0
0
0
0
0
0
0
0
0
0
0
3.731096e+08
3.778198e+08
3.850994e+08
3.953406e+08
4.089996e+08
0
0
0
0
0
0
0
0
0
0
0
0
0
0
3.587028e+08
3.631682e+08
3.700447e+08
3.796918e+08
3.92518e+08
0
0
0
0
0
0
0
0
0
0
0
0
0
0
0
3.452608e+08
3.495106e+08
3.560257e+08
3.651388e+08
3.77224e+08
0
0
0
0
0
0
0
0
0
0
0
0
0
0
0
0
3.326963e+08
3.367535e+08
3.429473e+08
3.515804e+08
3.629991e+08
0
0
0
0
0
0
0
0
0
0
0
0
0
0
0
0
0
3.208431e+08
3.247206e+08
3.306237e+08
3.388251e+08
3.496399e+08
0
0
0
0
0
0
0
0
0
0
0
0
0
0
0
0
0
0
3.094344e+08
3.131511e+08
3.187805e+08
3.26584e+08
3.368456e+08
0
0
0
0
0
0
0
0
0
0
0
0
0
0
0
0
0
0
0
2.981335e+08
3.016967e+08
3.070699e+08
3.144897e+08
3.242261e+08
0
0
0
0
0
0
0
0
0
0
0
0
0
0
0
0
0
0
0
0
2.867202e+08
2.901352e+08
2.952579e+08
3.023061e+08
3.115253e+08
0
0
0
0
0
0
0
0
0
0
2.75514e+08
2.787797e+08
2.836629e+08
2.903582e+08
2.990891e+08
0
0
0
0
0
0
0
0
0
0
2.649123e+08
2.680407e+08
2.726959e+08
2.790656e+08
2.873512e+08
0
0
0
0
0
0
0
0
0
0
2.551435e+08
2.58135e+08
2.62584e+08
2.686537e+08
2.765371e+08
0
0
0
0
0
0
0
0
0
0
2.46279e+08
2.491462e+08
2.53399e+08
2.592e+08
2.667191e+08
0
0
0
0
0
0
0
0
0
0
4.893366e+08
4.96561e+08
5.079388e+08
5.242942e+08
5.466319e+08
0
0
0
0
0
0
0
4.689374e+08
4.756139e+08
4.861097e+08
5.011435e+08
5.215819e+08
0
0
0
0
0
0
0
0
4.508483e+08
4.570871e+08
4.668693e+08
4.808377e+08
4.997526e+08
0
0
0
0
0
0
0
0
0
4.34468e+08
4.403405e+08
4.495297e+08
4.6261e+08
4.802636e+08
0
0
0
0
0
0
0
0
0
0
4.190817e+08
4.246405e+08
4.333099e+08
4.456192e+08
4.621793e+08
0
0
0
0
0
0
0
0
0
0
4.03897e+08
4.0916e+08
4.173498e+08
4.289411e+08
4.444929e+08
0
0
0
0
0
0
0
0
0
0
0
0
3.88509e+08
3.934896e+08
4.012107e+08
4.121097e+08
4.266854e+08
0
0
0
0
0
0
0
0
0
0
0
0
0
3.733574e+08
3.780705e+08
3.853536e+08
3.955994e+08
4.092638e+08
0
0
0
0
0
0
0
0
0
0
0
0
0
0
3.588768e+08
3.633445e+08
3.702245e+08
3.798762e+08
3.927082e+08
0
0
0
0
0
0
0
0
0
0
0
0
0
0
0
3.452608e+08
3.495105e+08
3.560257e+08
3.651388e+08
3.77224e+08
0
0
0
0
0
0
0
0
0
0
0
0
0
0
0
0
3.325365e+08
3.365909e+08
3.427808e+08
3.51409e+08
3.628214e+08
0
0
0
0
0
0
0
0
0
0
0
0
0
0
0
0
0
3.206315e+08
3.245039e+08
3.304009e+08
3.385948e+08
3.494009e+08
0
0
0
0
0
0
0
0
0
0
0
0
0
0
0
0
0
0
3.093798e+08
3.130916e+08
3.187161e+08
3.265153e+08
3.367734e+08
0
0
0
0
0
0
0
0
0
0
0
0
0
0
0
0
0
0
0
2.985366e+08
3.020976e+08
3.074739e+08
3.149018e+08
3.246529e+08
0
0
0
0
0
0
0
0
0
0
0
0
0
0
0
0
0
0
0
0
2.877777e+08
2.911972e+08
2.963352e+08
3.034122e+08
3.126745e+08
0
0
0
0
0
0
0
0
0
0
0
0
0
0
0
0
0
0
0
0
2.769018e+08
2.801763e+08
2.850817e+08
2.918143e+08
3.006008e+08
0
0
0
0
0
0
0
0
0
0
2.662053e+08
2.693429e+08
2.740184e+08
2.804217e+08
2.88756e+08
0
0
0
0
0
0
0
0
0
0
2.560848e+08
2.590832e+08
2.63547e+08
2.696403e+08
2.77558e+08
0
0
0
0
0
0
0
0
0
0
2.467496e+08
2.496207e+08
2.538814e+08
2.596947e+08
2.672312e+08
0
0
0
0
0
0
0
0
0
0
2.382851e+08
2.410273e+08
2.451049e+08
2.506571e+08
2.57853e+08
0
0
0
0
0
0
0
0
0
0
4.677754e+08
4.744205e+08
4.848663e+08
4.998258e+08
5.201587e+08
0
0
0
0
0
0
0
0
4.488089e+08
4.549999e+08
4.647029e+08
4.785526e+08
4.972983e+08
0
0
0
0
0
0
0
0
0
4.319378e+08
4.377543e+08
4.4685e+08
4.597893e+08
4.772423e+08
0
0
0
0
0
0
0
0
0
0
4.166113e+08
4.221169e+08
4.30696e+08
4.42869e+08
4.592347e+08
0
0
0
0
0
0
0
0
0
0
4.021822e+08
4.074085e+08
4.155358e+08
4.270307e+08
4.424444e+08
0
0
0
0
0
0
0
0
0
0
3.879046e+08
3.928728e+08
4.005705e+08
4.114331e+08
4.259551e+08
0
0
0
0
0
0
0
0
0
0
0
0
0
3.734111e+08
3.781244e+08
3.854058e+08
3.956473e+08
4.093044e+08
0
0
0
0
0
0
0
0
0
0
0
0
0
0
3.59116e+08
3.635872e+08
3.704719e+08
3.801292e+08
3.929678e+08
0
0
0
0
0
0
0
0
0
0
0
0
0
0
0
3.454276e+08
3.4968e+08
3.561988e+08
3.653168e+08
3.77408e+08
0
0
0
0
0
0
0
0
0
0
0
0
0
0
0
0
3.325365e+08
3.365909e+08
3.427808e+08
3.51409e+08
3.628214e+08
0
0
0
0
0
0
0
0
0
0
0
0
0
0
0
0
0
3.204786e+08
3.243481e+08
3.302411e+08
3.3843e+08
3.492298e+08
0
0
0
0
0
0
0
0
0
0
0
0
0
0
0
0
0
0
3.091772e+08
3.12884e+08
3.18502e+08
3.262936e+08
3.365425e+08
0
0
0
0
0
0
0
0
0
0
0
0
0
0
0
0
0
0
0
2.98485e+08
3.020401e+08
3.074114e+08
3.148341e+08
3.245808e+08
0
0
0
0
0
0
0
0
0
0
0
0
0
0
0
0
0
0
0
0
2.881648e+08
2.915813e+08
2.967205e+08
3.038044e+08
3.130787e+08
0
0
0
0
0
0
0
0
0
0
0
0
0
0
0
0
0
0
0
0
2.779166e+08
2.811942e+08
2.861129e+08
2.928706e+08
3.016964e+08
0
0
0
0
0
0
0
0
0
0
0
0
0
0
0
0
0
0
0
0
2.675375e+08
2.706832e+08
2.753784e+08
2.818159e+08
2.902006e+08
0
0
0
0
0
0
0
0
0
0
2.573275e+08
2.603342e+08
2.648169e+08
2.709409e+08
2.789038e+08
0
0
0
0
0
0
0
0
0
0
2.476552e+08
2.505325e+08
2.548068e+08
2.606424e+08
2.682104e+08
0
0
0
0
0
0
0
0
0
0
2.387376e+08
2.414834e+08
2.455683e+08
2.511319e+08
2.583442e+08
0
0
0
0
0
0
0
0
0
0
2.306474e+08
2.33272e+08
2.371733e+08
2.42493e+08
2.49377e+08
0
0
0
0
0
0
0
0
0
0
4.477276e+08
4.538925e+08
4.635529e+08
4.773396e+08
4.959961e+08
0
0
0
0
0
0
0
0
0
4.300326e+08
4.358087e+08
4.448371e+08
4.576748e+08
4.749833e+08
0
0
0
0
0
0
0
0
0
0
4.142426e+08
4.197013e+08
4.282002e+08
4.402521e+08
4.564453e+08
0
0
0
0
0
0
0
0
0
0
3.998683e+08
4.050497e+08
4.131001e+08
4.244776e+08
4.397241e+08
0
0
0
0
0
0
0
0
0
0
3.862992e+08
3.912381e+08
3.988827e+08
4.096637e+08
4.240677e+08
0
0
0
0
0
0
0
0
0
0
3.728491e+08
3.775535e+08
3.848169e+08
3.950286e+08
4.08642e+08
0
0
0
0
0
0
0
0
0
0
0
0
0
0
3.591726e+08
3.636456e+08
3.705308e+08
3.801865e+08
3.93021e+08
0
0
0
0
0
0
0
0
0
0
0
0
0
0
0
3.456578e+08
3.499144e+08
3.564384e+08
3.655629e+08
3.776618e+08
0
0
0
0
0
0
0
0
0
0
0
0
0
0
0
0
3.326963e+08
3.367535e+08
3.429473e+08
3.515804e+08
3.629991e+08
0
0
0
0
0
0
0
0
0
0
0
0
0
0
0
0
0
3.204786e+08
3.243481e+08
3.302411e+08
3.3843e+08
3.492298e+08
0
0
0
0
0
0
0
0
0
0
0
0
0
0
0
0
0
0
3.090309e+08
3.127348e+08
3.183488e+08
3.261353e+08
3.36378e+08
0
0
0
0
0
0
0
0
0
0
0
0
0
0
0
0
0
0
0
2.982916e+08
3.018412e+08
3.072062e+08
3.146211e+08
3.243586e+08
0
0
0
0
0
0
0
0
0
0
0
0
0
0
0
0
0
0
0
0
2.881168e+08
2.915269e+08
2.966602e+08
3.037388e+08
3.13008e+08
0
0
0
0
0
0
0
0
0
0
0
0
0
0
0
0
0
0
0
0
2.782895e+08
2.815635e+08
2.864824e+08
2.932448e+08
3.020814e+08
0
0
0
0
0
0
0
0
0
0
0
0
0
0
0
0
0
0
0
0
2.685122e+08
2.716609e+08
2.763675e+08
2.828275e+08
2.912471e+08
0
0
0
0
0
0
0
0
0
0
0
0
0
0
0
0
0
0
0
0
2.58608e+08
2.616218e+08
2.661229e+08
2.722778e+08
2.802871e+08
0
0
0
0
0
0
0
0
0
0
2.488509e+08
2.517358e+08
2.560274e+08
2.618917e+08
2.695013e+08
0
0
0
0
0
0
0
0
0
0
2.396099e+08
2.423613e+08
2.464587e+08
2.520429e+08
2.592848e+08
0
0
0
0
0
0
0
0
0
0
2.310827e+08
2.337108e+08
2.376189e+08
2.429492e+08
2.498484e+08
0
0
0
0
0
0
0
0
0
0
2.233781e+08
2.258573e+08
2.295927e+08
2.346828e+08
2.412752e+08
0
0
0
0
0
0
0
0
0
0
4.29023e+08
4.347768e+08
4.437688e+08
4.565523e+08
4.737842e+08
0
0
0
0
0
0
0
0
0
0
4.124565e+08
4.178811e+08
4.263218e+08
4.38286e+08
4.543542e+08
0
0
0
0
0
0
0
0
0
0
3.976441e+08
4.027852e+08
4.107665e+08
4.220386e+08
4.371353e+08
0
0
0
0
0
0
0
0
0
0
3.841242e+08
3.890259e+08
3.966037e+08
4.072831e+08
4.215416e+08
0
0
0
0
0
0
0
0
0
0
3.713405e+08
3.760211e+08
3.8324e+08
3.933813e+08
4.068934e+08
0
0
0
0
0
0
0
0
0
0
3.586469e+08
3.631141e+08
3.699853e+08
3.796171e+08
3.924152e+08
0
0
0
0
0
0
0
0
0
0
0
0
0
0
0
3.457156e+08
3.499752e+08
3.565012e+08
3.656264e+08
3.777239e+08
0
0
0
0
0
0
0
0
0
0
0
0
0
0
0
0
3.329172e+08
3.369791e+08
3.431786e+08
3.518188e+08
3.632459e+08
0
0
0
0
0
0
0
0
0
0
0
0
0
0
0
0
0
3.206315e+08
3.245039e+08
3.304009e+08
3.385948e+08
3.494009e+08
0
0
0
0
0
0
0
0
0
0
0
0
0
0
0
0
0
0
3.090308e+08
3.127348e+08
3.183488e+08
3.261353e+08
3.363779e+08
0
0
0
0
0
0
0
0
0
0
0
0
0
0
0
0
0
0
0
2.981519e+08
3.016983e+08
3.070595e+08
3.144693e+08
3.242005e+08
0
0
0
0
0
0
0
0
0
0
0
0
0
0
0
0
0
0
0
0
2.879326e+08
2.913371e+08
2.964636e+08
3.035346e+08
3.127945e+08
0
0
0
0
0
0
0
0
0
0
0
0
0
0
0
0
0
0
0
0
2.782451e+08
2.815129e+08
2.864255e+08
2.931817e+08
3.02013e+08
0
0
0
0
0
0
0
0
0
0
0
0
0
0
0
0
0
0
0
0
2.688714e+08
2.720172e+08
2.767232e+08
2.831866e+08
2.916146e+08
0
0
0
0
0
0
0
0
0
0
0
0
0
0
0
0
0
0
0
0
2.595457e+08
2.625618e+08
2.670737e+08
2.732486e+08
2.812896e+08
0
0
0
0
0
0
0
0
0
0
0
0
0
0
0
0
0
0
0
0
2.500828e+08
2.529743e+08
2.572829e+08
2.631761e+08
2.708282e+08
0
0
0
0
0
0
0
0
0
0
2.407618e+08
2.435198e+08
2.476334e+08
2.532443e+08
2.605251e+08
0
0
0
0
0
0
0
0
0
0
2.319234e+08
2.34557e+08
2.384767e+08
2.438261e+08
2.507529e+08
0
0
0
0
0
0
0
0
0
0
2.237979e+08
2.262796e+08
2.300216e+08
2.351217e+08
2.417282e+08
0
0
0
0
0
0
0
0
0
0
2.164547e+08
2.187955e+08
2.223413e+08
2.272156e+08
2.335233e+08
0
0
0
0
0
0
0
0
0
0
4.115106e+08
4.169162e+08
4.253253e+08
4.372424e+08
4.532441e+08
0
0
0
0
0
0
0
0
0
0
3.959651e+08
4.010766e+08
4.090074e+08
4.202026e+08
4.351903e+08
0
0
0
0
0
0
0
0
0
0
3.820291e+08
3.868969e+08
3.944139e+08
4.05001e+08
4.191279e+08
0
0
0
0
0
0
0
0
0
0
3.692902e+08
3.739392e+08
3.811008e+08
3.911525e+08
4.045372e+08
0
0
0
0
0
0
0
0
0
0
3.572244e+08
3.616725e+08
3.685058e+08
3.780772e+08
3.907868e+08
0
0
0
0
0
0
0
0
0
0
3.452213e+08
3.494774e+08
3.559929e+08
3.650987e+08
3.771662e+08
0
0
0
0
0
0
0
0
0
0
0
0
0
0
0
0
3.329748e+08
3.370407e+08
3.432435e+08
3.518858e+08
3.633137e+08
0
0
0
0
0
0
0
0
0
0
0
0
0
0
0
0
0
3.208431e+08
3.247206e+08
3.306237e+08
3.388251e+08
3.496399e+08
0
0
0
0
0
0
0
0
0
0
0
0
0
0
0
0
0
0
3.091771e+08
3.12884e+08
3.18502e+08
3.262936e+08
3.365425e+08
0
0
0
0
0
0
0
0
0
0
0
0
0
0
0
0
0
0
0
2.981519e+08
3.016983e+08
3.070595e+08
3.144693e+08
3.242005e+08
0
0
0
0
0
0
0
0
0
0
0
0
0
0
0
0
0
0
0
0
2.877994e+08
2.912006e+08
2.96323e+08
3.033892e+08
3.126429e+08
0
0
0
0
0
0
0
0
0
0
0
0
0
0
0
0
0
0
0
0
2.780695e+08
2.81332e+08
2.862377e+08
2.92986e+08
3.018083e+08
0
0
0
0
0
0
0
0
0
0
0
0
0
0
0
0
0
0
0
0
2.688298e+08
2.719703e+08
2.766701e+08
2.83127e+08
2.915488e+08
0
0
0
0
0
0
0
0
0
0
0
0
0
0
0
0
0
0
0
0
2.598929e+08
2.629053e+08
2.674171e+08
2.735945e+08
2.816425e+08
0
0
0
0
0
0
0
0
0
0
0
0
0
0
0
0
0
0
0
0
2.509859e+08
2.538794e+08
2.581976e+08
2.641097e+08
2.717904e+08
0
0
0
0
0
0
0
0
0
0
0
0
0
0
0
0
0
0
0
0
2.419492e+08
2.447123e+08
2.488417e+08
2.544794e+08
2.618001e+08
0
0
0
0
0
0
0
0
0
0
2.330338e+08
2.356738e+08
2.396082e+08
2.449827e+08
2.519457e+08
0
0
0
0
0
0
0
0
0
0
2.246099e+08
2.270956e+08
2.308488e+08
2.359666e+08
2.42599e+08
0
0
0
0
0
0
0
0
0
0
2.168591e+08
2.19203e+08
2.227543e+08
2.276382e+08
2.339591e+08
0
0
0
0
0
0
0
0
0
0
2.099313e+08
2.120656e+08
2.154317e+08
2.200702e+08
2.261104e+08
0
0
0
0
0
0
0
0
0
0
3.950766e+08
4.001714e+08
4.080746e+08
4.192283e+08
4.341578e+08
0
0
0
0
0
0
0
0
0
0
3.804459e+08
3.852887e+08
3.92761e+08
4.032804e+08
4.17311e+08
0
0
0
0
0
0
0
0
0
0
3.673114e+08
3.719313e+08
3.7904e+08
3.890097e+08
4.022781e+08
0
0
0
0
0
0
0
0
0
0
3.55286e+08
3.597076e+08
3.664907e+08
3.759837e+08
3.885801e+08
0
0
0
0
0
0
0
0
0
0
3.438759e+08
3.481165e+08
3.545998e+08
3.63653e+08
3.756434e+08
0
0
0
0
0
0
0
0
0
0
3.325081e+08
3.365721e+08
3.427669e+08
3.513937e+08
3.627967e+08
0
0
0
0
0
0
0
0
0
0
0
0
0
0
0
0
0
3.208994e+08
3.247816e+08
3.306889e+08
3.388937e+08
3.497109e+08
0
0
0
0
0
0
0
0
0
0
0
0
0
0
0
0
0
0
3.093798e+08
3.130916e+08
3.187161e+08
3.265153e+08
3.367733e+08
0
0
0
0
0
0
0
0
0
0
0
0
0
0
0
0
0
0
0
2.982916e+08
3.018412e+08
3.072062e+08
3.146211e+08
3.243586e+08
0
0
0
0
0
0
0
0
0
0
0
0
0
0
0
0
0
0
0
0
2.877994e+08
2.912006e+08
2.96323e+08
3.033892e+08
3.126429e+08
0
0
0
0
0
0
0
0
0
0
0
0
0
0
0
0
0
0
0
0
2.779422e+08
2.812018e+08
2.861033e+08
2.928466e+08
3.016631e+08
0
0
0
0
0
0
0
0
0
0
0
0
0
0
0
0
0
0
0
0
2.68662e+08
2.717978e+08
2.764912e+08
2.829401e+08
2.913526e+08
0
0
0
0
0
0
0
0
0
0
0
0
0
0
0
0
0
0
0
0
2.598555e+08
2.628614e+08
2.673679e+08
2.73539e+08
2.815804e+08
0
0
0
0
0
0
0
0
0
0
0
0
0
0
0
0
0
0
0
0
2.513224e+08
2.542119e+08
2.585291e+08
2.64444e+08
2.721305e+08
0
0
0
0
0
0
0
0
0
0
0
0
0
0
0
0
0
0
0
0
2.428215e+08
2.455847e+08
2.49723e+08
2.553779e+08
2.627256e+08
0
0
0
0
0
0
0
0
0
0
0
0
0
0
0
0
0
0
0
0
2.341787e+08
2.36824e+08
2.407722e+08
2.461719e+08
2.531719e+08
0
0
0
0
0
0
0
0
0
0
2.25683e+08
2.281729e+08
2.319402e+08
2.370812e+08
2.437475e+08
0
0
0
0
0
0
0
0
0
0
2.176428e+08
2.199917e+08
2.235523e+08
2.284532e+08
2.347983e+08
0
0
0
0
0
0
0
0
0
0
2.103221e+08
2.124584e+08
2.158304e+08
2.204772e+08
2.265301e+08
0
0
0
0
0
0
0
0
0
0
2.038022e+08
2.057208e+08
2.088437e+08
2.132594e+08
2.190158e+08
0
0
0
0
0
0
0
0
0
0
3.796089e+08
3.844374e+08
3.918851e+08
4.023679e+08
4.163469e+08
0
0
0
0
0
0
0
0
0
0
3.658149e+08
3.704131e+08
3.774827e+08
3.873918e+08
4.005749e+08
0
0
0
0
0
0
0
0
0
0
3.534125e+08
3.57809e+08
3.645454e+08
3.739659e+08
3.864582e+08
0
0
0
0
0
0
0
0
0
0
3.420391e+08
3.462569e+08
3.526963e+08
3.616798e+08
3.735701e+08
0
0
0
0
0
0
0
0
0
0
3.312324e+08
3.352836e+08
3.414507e+08
3.500317e+08
3.613667e+08
0
0
0
0
0
0
0
0
0
0
3.204566e+08
3.243387e+08
3.302399e+08
3.384321e+08
3.492286e+08
0
0
0
0
0
0
0
0
0
0
0
0
0
0
0
0
0
0
3.094344e+08
3.131511e+08
3.187805e+08
3.26584e+08
3.368456e+08
0
0
0
0
0
0
0
0
0
0
0
0
0
0
0
0
0
0
0
2.98485e+08
3.020401e+08
3.074114e+08
3.148341e+08
3.245808e+08
0
0
0
0
0
0
0
0
0
0
0
0
0
0
0
0
0
0
0
0
2.879326e+08
2.913371e+08
2.964636e+08
3.035346e+08
3.127945e+08
0
0
0
0
0
0
0
0
0
0
0
0
0
0
0
0
0
0
0
0
2.779422e+08
2.812018e+08
2.861033e+08
2.928466e+08
3.016631e+08
0
0
0
0
0
0
0
0
0
0
0
0
0
0
0
0
0
0
0
0
2.685401e+08
2.716733e+08
2.763629e+08
2.828069e+08
2.912134e+08
0
0
0
0
0
0
0
0
0
0
0
0
0
0
0
0
0
0
0
0
2.596961e+08
2.626964e+08
2.671972e+08
2.733609e+08
2.81393e+08
0
0
0
0
0
0
0
0
0
0
0
0
0
0
0
0
0
0
0
0
2.512889e+08
2.541723e+08
2.58483e+08
2.643925e+08
2.720725e+08
0
0
0
0
0
0
0
0
0
0
0
0
0
0
0
0
0
0
0
0
2.431492e+08
2.459073e+08
2.500442e+08
2.557009e+08
2.630544e+08
0
0
0
0
0
0
0
0
0
0
0
0
0
0
0
0
0
0
0
0
2.350212e+08
2.376673e+08
2.416222e+08
2.47038e+08
2.54063e+08
0
0
0
0
0
0
0
0
0
0
0
0
0
0
0
0
0
0
0
0
2.267903e+08
2.292827e+08
2.330636e+08
2.382272e+08
2.449284e+08
0
0
0
0
0
0
0
0
0
0
2.186788e+08
2.210335e+08
2.246056e+08
2.295286e+08
2.359052e+08
0
0
0
0
0
0
0
0
0
0
2.110809e+08
2.1322e+08
2.16602e+08
2.212638e+08
2.273397e+08
0
0
0
0
0
0
0
0
0
0
2.041789e+08
2.061005e+08
2.092281e+08
2.136524e+08
2.194201e+08
0
0
0
0
0
0
0
0
0
0
1.982391e+08
1.99756e+08
2.026299e+08
2.067635e+08
2.122524e+08
0
0
0
0
0
0
0
0
0
0
3.650245e+08
3.696102e+08
3.766582e+08
3.865345e+08
3.996716e+08
0
0
0
0
0
0
0
0
0
0
3.519947e+08
3.563723e+08
3.630739e+08
3.724408e+08
3.848563e+08
0
0
0
0
0
0
0
0
0
0
3.402617e+08
3.444572e+08
3.508554e+08
3.59774e+08
3.715715e+08
0
0
0
0
0
0
0
0
0
0
3.294882e+08
3.335195e+08
3.396476e+08
3.481667e+08
3.59412e+08
0
0
0
0
0
0
0
0
0
0
3.192435e+08
3.231156e+08
3.289927e+08
3.371445e+08
3.47881e+08
0
0
0
0
0
0
0
0
0
0
3.09013e+08
3.127302e+08
3.183556e+08
3.261489e+08
3.363931e+08
0
0
0
0
0
0
0
0
0
0
0
0
0
0
0
0
0
0
0
2.985366e+08
3.020976e+08
3.074739e+08
3.149017e+08
3.246529e+08
0
0
0
0
0
0
0
0
0
0
0
0
0
0
0
0
0
0
0
0
2.881168e+08
2.915269e+08
2.966602e+08
3.037388e+08
3.13008e+08
0
0
0
0
0
0
0
0
0
0
0
0
0
0
0
0
0
0
0
0
2.780695e+08
2.81332e+08
2.862377e+08
2.92986e+08
3.018083e+08
0
0
0
0
0
0
0
0
0
0
0
0
0
0
0
0
0
0
0
0
2.685401e+08
2.716733e+08
2.763629e+08
2.828069e+08
2.912134e+08
0
0
0
0
0
0
0
0
0
0
0
0
0
0
0
0
0
0
0
0
2.5958e+08
2.625772e+08
2.670746e+08
2.732336e+08
2.8126e+08
0
0
0
0
0
0
0
0
0
0
0
0
0
0
0
0
0
0
0
0
2.511374e+08
2.540155e+08
2.583197e+08
2.642225e+08
2.71894e+08
0
0
0
0
0
0
0
0
0
0
0
0
0
0
0
0
0
0
0
0
2.431203e+08
2.458717e+08
2.500024e+08
2.556527e+08
2.630007e+08
0
0
0
0
0
0
0
0
0
0
0
0
0
0
0
0
0
0
0
0
2.353398e+08
2.379819e+08
2.419341e+08
2.473511e+08
2.543807e+08
0
0
0
0
0
0
0
0
0
0
0
0
0
0
0
0
0
0
0
0
2.276067e+08
2.300978e+08
2.338857e+08
2.390628e+08
2.457874e+08
0
0
0
0
0
0
0
0
0
0
0
0
0
0
0
0
0
0
0
0
2.197481e+08
2.221075e+08
2.256901e+08
2.306349e+08
2.370433e+08
0
0
0
0
0
0
0
0
0
0
2.120845e+08
2.142263e+08
2.176211e+08
2.223019e+08
2.284079e+08
0
0
0
0
0
0
0
0
0
0
2.049116e+08
2.068383e+08
2.099736e+08
2.144132e+08
2.202015e+08
0
0
0
0
0
0
0
0
0
0
1.98604e+08
2.001223e+08
2.030017e+08
2.071426e+08
2.126428e+08
0
0
0
0
0
0
0
0
0
0
1.932839e+08
1.943396e+08
1.967858e+08
2.006348e+08
2.058007e+08
0
0
0
0
0
0
0
0
0
0
3.512467e+08
3.556132e+08
3.622956e+08
3.716333e+08
3.840074e+08
0
0
0
0
0
0
0
0
0
0
3.38916e+08
3.430946e+08
3.494616e+08
3.583321e+08
3.70061e+08
0
0
0
0
0
0
0
0
0
0
3.277986e+08
3.318104e+08
3.379012e+08
3.463621e+08
3.575238e+08
0
0
0
0
0
0
0
0
0
0
3.175834e+08
3.214388e+08
3.272809e+08
3.353769e+08
3.46033e+08
0
0
0
0
0
0
0
0
0
0
3.078572e+08
3.11566e+08
3.171708e+08
3.249279e+08
3.351187e+08
0
0
0
0
0
0
0
0
0
0
2.981334e+08
3.016967e+08
3.070699e+08
3.144897e+08
3.242261e+08
0
0
0
0
0
0
0
0
0
0
0
0
0
0
0
0
0
0
0
0
2.881648e+08
2.915813e+08
2.967205e+08
3.038043e+08
3.130787e+08
0
0
0
0
0
0
0
0
0
0
0
0
0
0
0
0
0
0
0
0
2.782451e+08
2.815129e+08
2.864254e+08
2.931817e+08
3.02013e+08
0
0
0
0
0
0
0
0
0
0
0
0
0
0
0
0
0
0
0
0
2.686619e+08
2.717978e+08
2.764912e+08
2.829401e+08
2.913526e+08
0
0
0
0
0
0
0
0
0
0
0
0
0
0
0
0
0
0
0
0
2.5958e+08
2.625771e+08
2.670746e+08
2.732336e+08
2.8126e+08
0
0
0
0
0
0
0
0
0
0
0
0
0
0
0
0
0
0
0
0
2.510266e+08
2.539019e+08
2.582022e+08
2.641009e+08
2.717669e+08
0
0
0
0
0
0
0
0
0
0
0
0
0
0
0
0
0
0
0
0
2.429768e+08
2.457227e+08
2.498473e+08
2.5549e+08
2.628303e+08
0
0
0
0
0
0
0
0
0
0
0
0
0
0
0
0
0
0
0
0
2.353146e+08
2.37951e+08
2.418966e+08
2.473073e+08
2.543304e+08
0
0
0
0
0
0
0
0
0
0
0
0
0
0
0
0
0
0
0
0
2.279181e+08
2.30404e+08
2.341901e+08
2.393671e+08
2.460957e+08
0
0
0
0
0
0
0
0
0
0
0
0
0
0
0
0
0
0
0
0
2.205374e+08
2.228979e+08
2.264852e+08
2.314436e+08
2.378724e+08
0
0
0
0
0
0
0
0
0
0
0
0
0
0
0
0
0
0
0
0
2.13121e+08
2.152641e+08
2.18671e+08
2.233703e+08
2.295068e+08
0
0
0
0
0
0
0
0
0
0
2.058808e+08
2.078137e+08
2.109584e+08
2.154179e+08
2.212329e+08
0
0
0
0
0
0
0
0
0
0
1.993149e+08
2.008351e+08
2.037241e+08
2.078778e+08
2.133987e+08
0
0
0
0
0
0
0
0
0
0
1.936347e+08
1.946945e+08
1.971445e+08
2.010015e+08
2.061773e+08
0
0
0
0
0
0
0
0
0
0
1.893806e+08
1.895128e+08
1.91477e+08
1.948691e+08
1.997127e+08
0
0
0
0
0
0
0
0
0
0
3.382069e+08
3.423756e+08
3.487252e+08
3.575693e+08
3.692612e+08
0
0
0
0
0
0
0
0
0
0
3.265189e+08
3.305156e+08
3.365783e+08
3.449956e+08
3.560953e+08
0
0
0
0
0
0
0
0
0
0
3.15974e+08
3.198124e+08
3.25621e+08
3.336641e+08
3.442446e+08
0
0
0
0
0
0
0
0
0
0
3.062746e+08
3.099684e+08
3.155424e+08
3.232491e+08
3.333668e+08
0
0
0
0
0
0
0
0
0
0
2.970291e+08
3.005863e+08
3.059411e+08
3.133292e+08
3.230174e+08
0
0
0
0
0
0
0
0
0
0
2.877777e+08
2.911972e+08
2.963352e+08
3.034122e+08
3.126744e+08
0
0
0
0
0
0
0
0
0
0
0
0
0
0
0
0
0
0
0
0
2.782896e+08
2.815635e+08
2.864824e+08
2.932448e+08
3.020814e+08
0
0
0
0
0
0
0
0
0
0
0
0
0
0
0
0
0
0
0
0
2.688298e+08
2.719704e+08
2.766701e+08
2.83127e+08
2.915488e+08
0
0
0
0
0
0
0
0
0
0
0
0
0
0
0
0
0
0
0
0
2.59696e+08
2.626964e+08
2.671973e+08
2.733609e+08
2.81393e+08
0
0
0
0
0
0
0
0
0
0
0
0
0
0
0
0
0
0
0
0
2.510266e+08
2.539019e+08
2.582022e+08
2.641009e+08
2.717669e+08
0
0
0
0
0
0
0
0
0
0
0
0
0
0
0
0
0
0
0
0
2.428713e+08
2.456142e+08
2.497353e+08
2.553734e+08
2.627088e+08
0
0
0
0
0
0
0
0
0
0
0
0
0
0
0
0
0
0
0
0
2.351782e+08
2.378099e+08
2.417491e+08
2.471528e+08
2.541674e+08
0
0
0
0
0
0
0
0
0
0
0
0
0
0
0
0
0
0
0
0
2.278973e+08
2.303769e+08
2.341574e+08
2.393276e+08
2.460498e+08
0
0
0
0
0
0
0
0
0
0
0
0
0
0
0
0
0
0
0
0
2.2084e+08
2.231976e+08
2.267818e+08
2.317408e+08
2.381721e+08
0
0
0
0
0
0
0
0
0
0
0
0
0
0
0
0
0
0
0
0
2.13888e+08
2.160289e+08
2.194426e+08
2.241527e+08
2.303093e+08
0
0
0
0
0
0
0
0
0
0
0
0
0
0
0
0
0
0
0
0
2.068821e+08
2.088204e+08
2.119734e+08
2.164526e+08
2.222943e+08
0
0
0
0
0
0
0
0
0
0
2.002556e+08
2.017776e+08
2.04679e+08
2.08849e+08
2.14397e+08
0
0
0
0
0
0
0
0
0
0
1.943189e+08
1.953864e+08
1.978428e+08
2.017142e+08
2.069079e+08
0
0
0
0
0
0
0
0
0
0
1.897213e+08
1.898541e+08
1.918247e+08
1.95223e+08
2.000771e+08
0
0
0
0
0
0
0
0
0
0
1.867463e+08
1.857093e+08
1.867445e+08
1.896302e+08
1.939846e+08
0
0
0
0
0
0
0
0
0
0
3.258454e+08
3.298333e+08
3.358802e+08
3.442736e+08
3.553396e+08
0
0
0
0
0
0
0
0
0
0
3.147548e+08
3.1858e+08
3.24363e+08
3.323663e+08
3.428904e+08
0
0
0
0
0
0
0
0
0
0
3.047394e+08
3.084179e+08
3.139617e+08
3.216202e+08
3.316689e+08
0
0
0
0
0
0
0
0
0
0
2.955169e+08
2.990619e+08
3.043885e+08
3.117313e+08
3.21353e+08
0
0
0
0
0
0
0
0
0
0
2.867202e+08
2.901351e+08
2.952579e+08
3.02306e+08
3.115253e+08
0
0
0
0
0
0
0
0
0
0
2.779167e+08
2.811942e+08
2.861129e+08
2.928706e+08
3.016964e+08
0
0
0
0
0
0
0
0
0
0
0
0
0
0
0
0
0
0
0
0
2.688714e+08
2.720173e+08
2.767232e+08
2.831866e+08
2.916146e+08
0
0
0
0
0
0
0
0
0
0
0
0
0
0
0
0
0
0
0
0
2.598554e+08
2.628614e+08
2.67368e+08
2.73539e+08
2.815804e+08
0
0
0
0
0
0
0
0
0
0
0
0
0
0
0
0
0
0
0
0
2.511374e+08
2.540155e+08
2.583197e+08
2.642226e+08
2.71894e+08
0
0
0
0
0
0
0
0
0
0
0
0
0
0
0
0
0
0
0
0
2.428713e+08
2.456142e+08
2.497353e+08
2.553734e+08
2.627088e+08
0
0
0
0
0
0
0
0
0
0
0
0
0
0
0
0
0
0
0
0
2.350775e+08
2.377065e+08
2.416421e+08
2.470416e+08
2.540509e+08
0
0
0
0
0
0
0
0
0
0
0
0
0
0
0
0
0
0
0
0
2.27768e+08
2.302427e+08
2.340176e+08
2.391807e+08
2.458949e+08
0
0
0
0
0
0
0
0
0
0
0
0
0
0
0
0
0
0
0
0
2.208219e+08
2.23175e+08
2.267529e+08
2.317062e+08
2.381307e+08
0
0
0
0
0
0
0
0
0
0
0
0
0
0
0
0
0
0
0
0
2.141848e+08
2.163204e+08
2.197331e+08
2.244424e+08
2.306021e+08
0
0
0
0
0
0
0
0
0
0
0
0
0
0
0
0
0
0
0
0
2.076232e+08
2.09564e+08
2.127203e+08
2.17212e+08
2.230708e+08
0
0
0
0
0
0
0
0
0
0
0
0
0
0
0
0
0
0
0
0
2.012279e+08
2.027505e+08
2.056641e+08
2.098496e+08
2.154251e+08
0
0
0
0
0
0
0
0
0
0
1.952235e+08
1.963016e+08
1.987659e+08
2.026561e+08
2.07873e+08
0
0
0
0
0
0
0
0
0
0
1.90387e+08
1.905203e+08
1.925027e+08
1.95912e+08
2.007854e+08
0
0
0
0
0
0
0
0
0
0
1.870682e+08
1.86041e+08
1.87079e+08
1.899733e+08
1.943362e+08
0
0
0
0
0
0
0
0
0
0
1.831419e+08
1.830143e+08
1.84959e+08
1.887792e+08
0
0
0
0
0
0
0
0
0
0
3.141141e+08
3.179313e+08
3.237e+08
3.316815e+08
3.421749e+08
0
0
0
0
0
0
0
0
0
0
3.03576e+08
3.072425e+08
3.127633e+08
3.203856e+08
3.303825e+08
0
0
0
0
0
0
0
0
0
0
2.940494e+08
2.975814e+08
3.028804e+08
3.101795e+08
3.19738e+08
0
0
0
0
0
0
0
0
0
0
2.852729e+08
2.886772e+08
2.937753e+08
3.007819e+08
3.099408e+08
0
0
0
0
0
0
0
0
0
0
2.76902e+08
2.801763e+08
2.850817e+08
2.918143e+08
3.006008e+08
0
0
0
0
0
0
0
0
0
0
2.685123e+08
2.716611e+08
2.763675e+08
2.828274e+08
2.912471e+08
0
0
0
0
0
0
0
0
0
0
0
0
0
0
0
0
0
0
0
0
2.598929e+08
2.629053e+08
2.674172e+08
2.735945e+08
2.816425e+08
0
0
0
0
0
0
0
0
0
0
0
0
0
0
0
0
0
0
0
0
2.512888e+08
2.541722e+08
2.584829e+08
2.643926e+08
2.720725e+08
0
0
0
0
0
0
0
0
0
0
0
0
0
0
0
0
0
0
0
0
2.429768e+08
2.457227e+08
2.498473e+08
2.5549e+08
2.628304e+08
0
0
0
0
0
0
0
0
0
0
0
0
0
0
0
0
0
0
0
0
2.350775e+08
2.377065e+08
2.416421e+08
2.470416e+08
2.540509e+08
0
0
0
0
0
0
0
0
0
0
0
0
0
0
0
0
0
0
0
0
2.276721e+08
2.30144e+08
2.339157e+08
2.390746e+08
2.457839e+08
0
0
0
0
0
0
0
0
0
0
0
0
0
0
0
0
0
0
0
0
2.206986e+08
2.230477e+08
2.2662e+08
2.315669e+08
2.379834e+08
0
0
0
0
0
0
0
0
0
0
0
0
0
0
0
0
0
0
0
0
2.141709e+08
2.163006e+08
2.197088e+08
2.244118e+08
2.305657e+08
0
0
0
0
0
0
0
0
0
0
0
0
0
0
0
0
0
0
0
0
2.079105e+08
2.098502e+08
2.130032e+08
2.174961e+08
2.233564e+08
0
0
0
0
0
0
0
0
0
0
0
0
0
0
0
0
0
0
0
0
2.019487e+08
2.034696e+08
2.063906e+08
2.10585e+08
2.16179e+08
0
0
0
0
0
0
0
0
0
0
0
0
0
0
0
0
0
0
0
0
1.961564e+08
1.972468e+08
1.997182e+08
2.036274e+08
2.088673e+08
0
0
0
0
0
0
0
0
0
0
1.912667e+08
1.914008e+08
1.933994e+08
1.968228e+08
2.017216e+08
0
0
0
0
0
0
0
0
0
0
1.876969e+08
1.866892e+08
1.87732e+08
1.906424e+08
1.950211e+08
0
0
0
0
0
0
0
0
0
0
1.834553e+08
1.833394e+08
1.85289e+08
1.891201e+08
0
0
0
0
0
0
0
0
0
0
1.80496e+08
1.812764e+08
1.841373e+08
0
0
0
0
0
0
0
0
0
0
3.029655e+08
3.066249e+08
3.121326e+08
3.197348e+08
3.297037e+08
0
0
0
0
0
0
0
0
0
0
2.929372e+08
2.964589e+08
3.017368e+08
3.090027e+08
3.185139e+08
0
0
0
0
0
0
0
0
0
0
2.838682e+08
2.872608e+08
2.923344e+08
2.993006e+08
3.084017e+08
0
0
0
0
0
0
0
0
0
0
2.755142e+08
2.787797e+08
2.836629e+08
2.903582e+08
2.99089e+08
0
0
0
0
0
0
0
0
0
0
2.675377e+08
2.706834e+08
2.753784e+08
2.818159e+08
2.902006e+08
0
0
0
0
0
0
0
0
0
0
2.595457e+08
2.625619e+08
2.670738e+08
2.732485e+08
2.812896e+08
0
0
0
0
0
0
0
0
0
0
0
0
0
0
0
0
0
0
0
0
2.513223e+08
2.542119e+08
2.585291e+08
2.644441e+08
2.721305e+08
0
0
0
0
0
0
0
0
0
0
0
0
0
0
0
0
0
0
0
0
2.431203e+08
2.458717e+08
2.500024e+08
2.556526e+08
2.630008e+08
0
0
0
0
0
0
0
0
0
0
0
0
0
0
0
0
0
0
0
0
2.351782e+08
2.378098e+08
2.41749e+08
2.471527e+08
2.541673e+08
0
0
0
0
0
0
0
0
0
0
0
0
0
0
0
0
0
0
0
0
2.276721e+08
2.30144e+08
2.339157e+08
2.390745e+08
2.457839e+08
0
0
0
0
0
0
0
0
0
0
0
0
0
0
0
0
0
0
0
0
2.206066e+08
2.229537e+08
2.265226e+08
2.314657e+08
2.378773e+08
0
0
0
0
0
0
0
0
0
0
0
0
0
0
0
0
0
0
0
0
2.140541e+08
2.161791e+08
2.195828e+08
2.242793e+08
2.30426e+08
0
0
0
0
0
0
0
0
0
0
0
0
0
0
0
0
0
0
0
0
2.078976e+08
2.098346e+08
2.129818e+08
2.174701e+08
2.23324e+08
0
0
0
0
0
0
0
0
0
0
0
0
0
0
0
0
0
0
0
0
2.022302e+08
2.037468e+08
2.066686e+08
2.108618e+08
2.164591e+08
0
0
0
0
0
0
0
0
0
0
0
0
0
0
0
0
0
0
0
0
1.968449e+08
1.979465e+08
2.004212e+08
2.043431e+08
2.095975e+08
0
0
0
0
0
0
0
0
0
0
0
0
0
0
0
0
0
0
0
0
1.921732e+08
1.92308e+08
1.94325e+08
1.977621e+08
2.026869e+08
0
0
0
0
0
0
0
0
0
0
1.885239e+08
1.875457e+08
1.885949e+08
1.915274e+08
1.959264e+08
0
0
0
0
0
0
0
0
0
0
1.840676e+08
1.83975e+08
1.859337e+08
1.897853e+08
0
0
0
0
0
0
0
0
0
0
1.808031e+08
1.815972e+08
1.844653e+08
0
0
0
0
0
0
0
0
0
0
1.787898e+08
1.804774e+08
0
0
0
0
0
0
0
0
0
0
2.923545e+08
2.958699e+08
3.011358e+08
3.083834e+08
3.178687e+08
0
0
0
0
0
0
0
0
0
0
2.828037e+08
2.861868e+08
2.912415e+08
2.981771e+08
3.072348e+08
0
0
0
0
0
0
0
0
0
0
2.741674e+08
2.774228e+08
2.822834e+08
2.889422e+08
2.976197e+08
0
0
0
0
0
0
0
0
0
0
2.662056e+08
2.693432e+08
2.740184e+08
2.804217e+08
2.88756e+08
0
0
0
0
0
0
0
0
0
0
2.58608e+08
2.61622e+08
2.661231e+08
2.722778e+08
2.802871e+08
0
0
0
0
0
0
0
0
0
0
2.509858e+08
2.538794e+08
2.581977e+08
2.641098e+08
2.717904e+08
0
0
0
0
0
0
0
0
0
0
0
0
0
0
0
0
0
0
0
0
2.431492e+08
2.459072e+08
2.500442e+08
2.557009e+08
2.630545e+08
0
0
0
0
0
0
0
0
0
0
0
0
0
0
0
0
0
0
0
0
2.353146e+08
2.37951e+08
2.418965e+08
2.473073e+08
2.543303e+08
0
0
0
0
0
0
0
0
0
0
0
0
0
0
0
0
0
0
0
0
2.27768e+08
2.302426e+08
2.340176e+08
2.391807e+08
2.458949e+08
0
0
0
0
0
0
0
0
0
0
0
0
0
0
0
0
0
0
0
0
2.206066e+08
2.229537e+08
2.265226e+08
2.314657e+08
2.378773e+08
0
0
0
0
0
0
0
0
0
0
0
0
0
0
0
0
0
0
0
0
2.139664e+08
2.16089e+08
2.194899e+08
2.241827e+08
2.30325e+08
0
0
0
0
0
0
0
0
0
0
0
0
0
0
0
0
0
0
0
0
2.077849e+08
2.097196e+08
2.128614e+08
2.173445e+08
2.231912e+08
0
0
0
0
0
0
0
0
0
0
0
0
0
0
0
0
0
0
0
0
2.022199e+08
2.037323e+08
2.066515e+08
2.108387e+08
2.164314e+08
0
0
0
0
0
0
0
0
0
0
0
0
0
0
0
0
0
0
0
0
1.971097e+08
1.982184e+08
2.006907e+08
2.046153e+08
2.098706e+08
0
0
0
0
0
0
0
0
0
0
0
0
0
0
0
0
0
0
0
0
1.928412e+08
1.929767e+08
1.950093e+08
1.984547e+08
2.033976e+08
0
0
0
0
0
0
0
0
0
0
0
0
0
0
0
0
0
0
0
0
1.893679e+08
1.884276e+08
1.894836e+08
1.924405e+08
1.968601e+08
0
0
0
0
0
0
0
0
0
0
1.84873e+08
1.848146e+08
1.867854e+08
1.906651e+08
0
0
0
0
0
0
0
0
0
0
1.814036e+08
1.822247e+08
1.851062e+08
0
0
0
0
0
0
0
0
0
0
1.79093e+08
1.807963e+08
0
0
0
0
0
0
0
0
0
0
1.780058e+08
0
0
0
0
0
0
0
0
0
0
2.822468e+08
2.856241e+08
2.90668e+08
2.975867e+08
3.066206e+08
0
0
0
0
0
0
0
0
0
0
2.731468e+08
2.763939e+08
2.81237e+08
2.878681e+08
2.965053e+08
0
0
0
0
0
0
0
0
0
0
2.649128e+08
2.68041e+08
2.726959e+08
2.790655e+08
2.873512e+08
0
0
0
0
0
0
0
0
0
0
2.573275e+08
2.603345e+08
2.648172e+08
2.709409e+08
2.789038e+08
0
0
0
0
0
0
0
0
0
0
2.500826e+08
2.529744e+08
2.572831e+08
2.631763e+08
2.708281e+08
0
0
0
0
0
0
0
0
0
0
2.428215e+08
2.455846e+08
2.49723e+08
2.55378e+08
2.627258e+08
0
0
0
0
0
0
0
0
0
0
0
0
0
0
0
0
0
0
0
0
2.353397e+08
2.379818e+08
2.41934e+08
2.473511e+08
2.543808e+08
0
0
0
0
0
0
0
0
0
0
0
0
0
0
0
0
0
0
0
0
2.278973e+08
2.303769e+08
2.341574e+08
2.393276e+08
2.460498e+08
0
0
0
0
0
0
0
0
0
0
0
0
0
0
0
0
0
0
0
0
2.206986e+08
2.230477e+08
2.2662e+08
2.315669e+08
2.379834e+08
0
0
0
0
0
0
0
0
0
0
0
0
0
0
0
0
0
0
0
0
2.139665e+08
2.16089e+08
2.194899e+08
2.241827e+08
2.30325e+08
0
0
0
0
0
0
0
0
0
0
0
0
0
0
0
0
0
0
0
0
2.077003e+08
2.096336e+08
2.127725e+08
2.172523e+08
2.230947e+08
0
0
0
0
0
0
0
0
0
0
0
0
0
0
0
0
0
0
0
0
2.021122e+08
2.036214e+08
2.065376e+08
2.107188e+08
2.163055e+08
0
0
0
0
0
0
0
0
0
0
0
0
0
0
0
0
0
0
0
0
1.970941e+08
1.982067e+08
2.006748e+08
2.045966e+08
2.098459e+08
0
0
0
0
0
0
0
0
0
0
0
0
0
0
0
0
0
0
0
0
1.93098e+08
1.932327e+08
1.952738e+08
1.987188e+08
2.036662e+08
0
0
0
0
0
0
0
0
0
0
0
0
0
0
0
0
0
0
0
0
1.899754e+08
1.890766e+08
1.901377e+08
1.93115e+08
1.97548e+08
0
0
0
0
0
0
0
0
0
0
0
0
0
0
0
0
0
0
0
0
1.856941e+08
1.856786e+08
1.876624e+08
1.915728e+08
0
0
0
0
0
0
0
0
0
0
1.821931e+08
1.830536e+08
1.859529e+08
0
0
0
0
0
0
0
0
0
0
1.796859e+08
1.814202e+08
0
0
0
0
0
0
0
0
0
0
1.783072e+08
0
0
0
0
0
0
0
0
0
0
0
0
0
0
0
0
0
0
0
0
2.726138e+08
2.758558e+08
2.806887e+08
2.873044e+08
2.959197e+08
0
0
0
0
0
0
0
0
0
0
2.639334e+08
2.670539e+08
2.716929e+08
2.780367e+08
2.862855e+08
0
0
0
0
0
0
0
0
0
0
2.560846e+08
2.590836e+08
2.635474e+08
2.696403e+08
2.77558e+08
0
0
0
0
0
0
0
0
0
0
2.488507e+08
2.517358e+08
2.560277e+08
2.61892e+08
2.695013e+08
0
0
0
0
0
0
0
0
0
0
2.419492e+08
2.447122e+08
2.488417e+08
2.544796e+08
2.618003e+08
0
0
0
0
0
0
0
0
0
0
2.350212e+08
2.376673e+08
2.416221e+08
2.47038e+08
2.540631e+08
0
0
0
0
0
0
0
0
0
0
0
0
0
0
0
0
0
0
0
0
2.279181e+08
2.304039e+08
2.341901e+08
2.393671e+08
2.460956e+08
0
0
0
0
0
0
0
0
0
0
0
0
0
0
0
0
0
0
0
0
2.20822e+08
2.23175e+08
2.267529e+08
2.317062e+08
2.381306e+08
0
0
0
0
0
0
0
0
0
0
0
0
0
0
0
0
0
0
0
0
2.140541e+08
2.161791e+08
2.195828e+08
2.242793e+08
2.30426e+08
0
0
0
0
0
0
0
0
0
0
0
0
0
0
0
0
0
0
0
0
2.077003e+08
2.096336e+08
2.127725e+08
2.172523e+08
2.230947e+08
0
0
0
0
0
0
0
0
0
0
0
0
0
0
0
0
0
0
0
0
2.020309e+08
2.035384e+08
2.064527e+08
2.106305e+08
2.162134e+08
0
0
0
0
0
0
0
0
0
0
0
0
0
0
0
0
0
0
0
0
1.969857e+08
1.981007e+08
2.005649e+08
2.04483e+08
2.097257e+08
0
0
0
0
0
0
0
0
0
0
0
0
0
0
0
0
0
0
0
0
1.930821e+08
1.932158e+08
1.952606e+08
1.987013e+08
2.03646e+08
0
0
0
0
0
0
0
0
0
0
0
0
0
0
0
0
0
0
0
0
1.901894e+08
1.893248e+08
1.903869e+08
1.933742e+08
1.978086e+08
0
0
0
0
0
0
0
0
0
0
0
0
0
0
0
0
0
0
0
0
1.862843e+08
1.863136e+08
1.883072e+08
1.922427e+08
0
0
0
0
0
0
0
0
0
0
0
0
0
0
0
0
0
0
0
0
1.829977e+08
1.839063e+08
1.868248e+08
0
0
0
0
0
0
0
0
0
0
1.804654e+08
1.822443e+08
0
0
0
0
0
0
0
0
0
0
1.788967e+08
0
0
0
0
0
0
0
0
0
0
0
0
0
0
0
0
0
0
0
0
0
0
0
0
0
0
0
0
0
2.634228e+08
2.665384e+08
2.711683e+08
2.774977e+08
2.857263e+08
0
0
0
0
0
0
0
0
0
0
2.551431e+08
2.581356e+08
2.625844e+08
2.686537e+08
2.76537e+08
0
0
0
0
0
0
0
0
0
0
2.47655e+08
2.505324e+08
2.548073e+08
2.606427e+08
2.682104e+08
0
0
0
0
0
0
0
0
0
0
2.407618e+08
2.435196e+08
2.476334e+08
2.532446e+08
2.605254e+08
0
0
0
0
0
0
0
0
0
0
2.341787e+08
2.36824e+08
2.407721e+08
2.461719e+08
2.531721e+08
0
0
0
0
0
0
0
0
0
0
2.276067e+08
2.300978e+08
2.338857e+08
2.390627e+08
2.457874e+08
0
0
0
0
0
0
0
0
0
0
0
0
0
0
0
0
0
0
0
0
2.2084e+08
2.231975e+08
2.267818e+08
2.317408e+08
2.38172e+08
0
0
0
0
0
0
0
0
0
0
0
0
0
0
0
0
0
0
0
0
2.14171e+08
2.163006e+08
2.197088e+08
2.244118e+08
2.305657e+08
0
0
0
0
0
0
0
0
0
0
0
0
0
0
0
0
0
0
0
0
2.077849e+08
2.097196e+08
2.128615e+08
2.173445e+08
2.231912e+08
0
0
0
0
0
0
0
0
0
0
0
0
0
0
0
0
0
0
0
0
2.020309e+08
2.035384e+08
2.064527e+08
2.106305e+08
2.162134e+08
0
0
0
0
0
0
0
0
0
0
0
0
0
0
0
0
0
0
0
0
1.969049e+08
1.980209e+08
2.00483e+08
2.043987e+08
2.096374e+08
0
0
0
0
0
0
0
0
0
0
0
0
0
0
0
0
0
0
0
0
1.929761e+08
1.931092e+08
1.951556e+08
1.985918e+08
2.035321e+08
0
0
0
0
0
0
0
0
0
0
0
0
0
0
0
0
0
0
0
0
1.901475e+08
1.893079e+08
1.903688e+08
1.933597e+08
1.977898e+08
0
0
0
0
0
0
0
0
0
0
0
0
0
0
0
0
0
0
0
0
1.864911e+08
1.865553e+08
1.885514e+08
1.924987e+08
0
0
0
0
0
0
0
0
0
0
0
0
0
0
0
0
0
0
0
0
1.835753e+08
1.845324e+08
1.874653e+08
0
0
0
0
0
0
0
0
0
0
0
0
0
0
0
0
0
0
0
0
1.812595e+08
1.83092e+08
0
0
0
0
0
0
0
0
0
0
1.796717e+08
0
0
0
0
0
0
0
0
0
0
0
0
0
0
0
0
0
0
0
0
0
0
0
0
0
0
0
0
0
0
0
0
0
0
0
0
0
2.54653e+08
2.576414e+08
2.620816e+08
2.681377e+08
2.760022e+08
0
0
0
0
0
0
0
0
0
0
2.467493e+08
2.496203e+08
2.538819e+08
2.596952e+08
2.672312e+08
0
0
0
0
0
0
0
0
0
0
2.396099e+08
2.423611e+08
2.464586e+08
2.520434e+08
2.592852e+08
0
0
0
0
0
0
0
0
0
0
2.330337e+08
2.356739e+08
2.39608e+08
2.449827e+08
2.51946e+08
0
0
0
0
0
0
0
0
0
0
2.267902e+08
2.292827e+08
2.330636e+08
2.38227e+08
2.449284e+08
0
0
0
0
0
0
0
0
0
0
2.205374e+08
2.228979e+08
2.264852e+08
2.314435e+08
2.378723e+08
0
0
0
0
0
0
0
0
0
0
0
0
0
0
0
0
0
0
0
0
2.141848e+08
2.163204e+08
2.197331e+08
2.244424e+08
2.306021e+08
0
0
0
0
0
0
0
0
0
0
0
0
0
0
0
0
0
0
0
0
2.078976e+08
2.098346e+08
2.129818e+08
2.174701e+08
2.23324e+08
0
0
0
0
0
0
0
0
0
0
0
0
0
0
0
0
0
0
0
0
2.021122e+08
2.036214e+08
2.065376e+08
2.107188e+08
2.163055e+08
0
0
0
0
0
0
0
0
0
0
0
0
0
0
0
0
0
0
0
0
1.969049e+08
1.980209e+08
2.00483e+08
2.043987e+08
2.096374e+08
0
0
0
0
0
0
0
0
0
0
0
0
0
0
0
0
0
0
0
0
1.928969e+08
1.930299e+08
1.950769e+08
1.985105e+08
2.034479e+08
0
0
0
0
0
0
0
0
0
0
0
0
0
0
0
0
0
0
0
0
1.900269e+08
1.892035e+08
1.902632e+08
1.93255e+08
1.9768e+08
0
0
0
0
0
0
0
0
0
0
0
0
0
0
0
0
0
0
0
0
1.864488e+08
1.865372e+08
1.885321e+08
1.924828e+08
0
0
0
0
0
0
0
0
0
0
0
0
0
0
0
0
0
0
0
0
1.837764e+08
1.847694e+08
1.877065e+08
0
0
0
0
0
0
0
0
0
0
0
0
0
0
0
0
0
0
0
0
1.818288e+08
1.83714e+08
0
0
0
0
0
0
0
0
0
0
0
0
0
0
0
0
0
0
0
0
1.804612e+08
0
0
0
0
0
0
0
0
0
0
0
0
0
0
0
0
0
0
0
0
0
0
0
0
0
0
0
0
0
0
0
0
0
0
0
0
0
0
0
0
0
0
0
0
2.462787e+08
2.491456e+08
2.533996e+08
2.592004e+08
2.667191e+08
0
0
0
0
0
0
0
0
0
0
2.387377e+08
2.414832e+08
2.455679e+08
2.511325e+08
2.583446e+08
0
0
0
0
0
0
0
0
0
0
2.319233e+08
2.34557e+08
2.384764e+08
2.43826e+08
2.507533e+08
0
0
0
0
0
0
0
0
0
0
2.25683e+08
2.281728e+08
2.319403e+08
2.37081e+08
2.437475e+08
0
0
0
0
0
0
0
0
0
0
2.197481e+08
2.221074e+08
2.2569e+08
2.306349e+08
2.370432e+08
0
0
0
0
0
0
0
0
0
0
2.13888e+08
2.160289e+08
2.194426e+08
2.241526e+08
2.303092e+08
0
0
0
0
0
0
0
0
0
0
0
0
0
0
0
0
0
0
0
0
2.079105e+08
2.098502e+08
2.130032e+08
2.174961e+08
2.233564e+08
0
0
0
0
0
0
0
0
0
0
0
0
0
0
0
0
0
0
0
0
2.022199e+08
2.037324e+08
2.066515e+08
2.108387e+08
2.164314e+08
0
0
0
0
0
0
0
0
0
0
0
0
0
0
0
0
0
0
0
0
1.969857e+08
1.981007e+08
2.005649e+08
2.04483e+08
2.097257e+08
0
0
0
0
0
0
0
0
0
0
0
0
0
0
0
0
0
0
0
0
1.928969e+08
1.930299e+08
1.950769e+08
1.985105e+08
2.034479e+08
0
0
0
0
0
0
0
0
0
0
0
0
0
0
0
0
0
0
0
0
1.899412e+08
1.891259e+08
1.901849e+08
1.931768e+08
1.975986e+08
0
0
0
0
0
0
0
0
0
0
0
0
0
0
0
0
0
0
0
0
1.863303e+08
1.864339e+08
1.884269e+08
1.923778e+08
0
0
0
0
0
0
0
0
0
0
0
0
0
0
0
0
0
0
0
0
1.837335e+08
1.847501e+08
1.876858e+08
0
0
0
0
0
0
0
0
0
0
0
0
0
0
0
0
0
0
0
0
1.820258e+08
1.83948e+08
0
0
0
0
0
0
0
0
0
0
0
0
0
0
0
0
0
0
0
0
1.810267e+08
0
0
0
0
0
0
0
0
0
0
0
0
0
0
0
0
0
0
0
0
0
0
0
0
0
0
0
0
0
0
0
0
0
0
0
0
0
0
0
0
0
0
0
0
0
0
0
0
0
0
0
0
0
0
0
0
0
0
0
0
2.382852e+08
2.41027e+08
2.451044e+08
2.506578e+08
2.578535e+08
0
0
0
0
0
0
0
0
0
0
2.310826e+08
2.337109e+08
2.376186e+08
2.429488e+08
2.498489e+08
0
0
0
0
0
0
0
0
0
0
2.246099e+08
2.270955e+08
2.308488e+08
2.359664e+08
2.425988e+08
0
0
0
0
0
0
0
0
0
0
2.186788e+08
2.210334e+08
2.246055e+08
2.295286e+08
2.35905e+08
0
0
0
0
0
0
0
0
0
0
2.131211e+08
2.152641e+08
2.18671e+08
2.233702e+08
2.295068e+08
0
0
0
0
0
0
0
0
0
0
2.076232e+08
2.09564e+08
2.127203e+08
2.17212e+08
2.230708e+08
0
0
0
0
0
0
0
0
0
0
0
0
0
0
0
0
0
0
0
0
2.022302e+08
2.037468e+08
2.066687e+08
2.108618e+08
2.164591e+08
0
0
0
0
0
0
0
0
0
0
0
0
0
0
0
0
0
0
0
0
1.970941e+08
1.982067e+08
2.006748e+08
2.045966e+08
2.098459e+08
0
0
0
0
0
0
0
0
0
0
0
0
0
0
0
0
0
0
0
0
1.929761e+08
1.931092e+08
1.951556e+08
1.985918e+08
2.035321e+08
0
0
0
0
0
0
0
0
0
0
0
0
0
0
0
0
0
0
0
0
1.899412e+08
1.891259e+08
1.901849e+08
1.931768e+08
1.975986e+08
0
0
0
0
0
0
0
0
0
0
0
0
0
0
0
0
0
0
0
0
1.862464e+08
1.863573e+08
1.883491e+08
1.922996e+08
0
0
0
0
0
0
0
0
0
0
0
0
0
0
0
0
0
0
0
0
1.836163e+08
1.846472e+08
1.875804e+08
0
0
0
0
0
0
0
0
0
0
0
0
0
0
0
0
0
0
0
0
1.819821e+08
1.839275e+08
0
0
0
0
0
0
0
0
0
0
0
0
0
0
0
0
0
0
0
0
1.81221e+08
0
0
0
0
0
0
0
0
0
0
0
0
0
0
0
0
0
0
0
0
0
0
0
0
0
0
0
0
0
0
0
0
0
0
0
0
0
0
0
0
0
0
0
0
0
0
0
0
0
0
0
0
0
0
0
0
0
0
0
0
0
0
0
0
0
0
0
0
0
0
0
0
0
0
0
2.306473e+08
2.332721e+08
2.37173e+08
2.424925e+08
2.493776e+08
0
0
0
0
0
0
0
0
0
0
2.237978e+08
2.262795e+08
2.300217e+08
2.351214e+08
2.417278e+08
0
0
0
0
0
0
0
0
0
0
2.176428e+08
2.199916e+08
2.235522e+08
2.284533e+08
2.34798e+08
0
0
0
0
0
0
0
0
0
0
2.120845e+08
2.142263e+08
2.176211e+08
2.223018e+08
2.284079e+08
0
0
0
0
0
0
0
0
0
0
2.068821e+08
2.088204e+08
2.119735e+08
2.164526e+08
2.222942e+08
0
0
0
0
0
0
0
0
0
0
2.019487e+08
2.034696e+08
2.063906e+08
2.10585e+08
2.16179e+08
0
0
0
0
0
0
0
0
0
0
0
0
0
0
0
0
0
0
0
0
1.971097e+08
1.982184e+08
2.006907e+08
2.046153e+08
2.098706e+08
0
0
0
0
0
0
0
0
0
0
0
0
0
0
0
0
0
0
0
0
1.930821e+08
1.932158e+08
1.952606e+08
1.987013e+08
2.03646e+08
0
0
0
0
0
0
0
0
0
0
0
0
0
0
0
0
0
0
0
0
1.900269e+08
1.892035e+08
1.902632e+08
1.93255e+08
1.9768e+08
0
0
0
0
0
0
0
0
0
0
0
0
0
0
0
0
0
0
0
0
1.862464e+08
1.863573e+08
1.883491e+08
1.922996e+08
0
0
0
0
0
0
0
0
0
0
0
0
0
0
0
0
0
0
0
0
1.835335e+08
1.845711e+08
1.875027e+08
0
0
0
0
0
0
0
0
0
0
0
0
0
0
0
0
0
0
0
0
1.818655e+08
1.838244e+08
0
0
0
0
0
0
0
0
0
0
0
0
0
0
0
0
0
0
0
0
1.811763e+08
0
0
0
0
0
0
0
0
0
0
0
0
0
0
0
0
0
0
0
0
0
0
0
0
0
0
0
0
0
0
0
0
0
0
0
0
0
0
0
0
0
0
0
0
0
0
0
0
0
0
0
0
0
0
0
0
0
0
0
0
0
0
0
0
0
0
0
0
0
0
0
0
0
0
0
0
0
0
0
0
0
0
0
0
0
0
0
0
0
2.23378e+08
2.258571e+08
2.295928e+08
2.346825e+08
2.412747e+08
0
0
0
0
0
0
0
0
0
0
2.168591e+08
2.19203e+08
2.227542e+08
2.276383e+08
2.339588e+08
0
0
0
0
0
0
0
0
0
0
2.110809e+08
2.1322e+08
2.16602e+08
2.212637e+08
2.273397e+08
0
0
0
0
0
0
0
0
0
0
2.058808e+08
2.078137e+08
2.109584e+08
2.154178e+08
2.212328e+08
0
0
0
0
0
0
0
0
0
0
2.012279e+08
2.027505e+08
2.056641e+08
2.098496e+08
2.154251e+08
0
0
0
0
0
0
0
0
0
0
1.968449e+08
1.979465e+08
2.004212e+08
2.043431e+08
2.095975e+08
0
0
0
0
0
0
0
0
0
0
0
0
0
0
0
0
0
0
0
0
1.93098e+08
1.932327e+08
1.952738e+08
1.987188e+08
2.036662e+08
0
0
0
0
0
0
0
0
0
0
0
0
0
0
0
0
0
0
0
0
1.901475e+08
1.893079e+08
1.903688e+08
1.933597e+08
1.977898e+08
0
0
0
0
0
0
0
0
0
0
0
0
0
0
0
0
0
0
0
0
1.863303e+08
1.864339e+08
1.884269e+08
1.923778e+08
0
0
0
0
0
0
0
0
0
0
0
0
0
0
0
0
0
0
0
0
1.835335e+08
1.845711e+08
1.875027e+08
0
0
0
0
0
0
0
0
0
0
0
0
0
0
0
0
0
0
0
0
1.817833e+08
1.837483e+08
0
0
0
0
0
0
0
0
0
0
0
0
0
0
0
0
0
0
0
0
1.810595e+08
0
0
0
0
0
0
0
0
0
0
0
0
0
0
0
0
0
0
0
0
0
0
0
0
0
0
0
0
0
0
0
0
0
0
0
0
0
0
0
0
0
0
0
0
0
0
0
0
0
0
0
0
0
0
0
0
0
0
0
0
0
0
0
0
0
0
0
0
0
0
0
0
0
0
0
0
0
0
0
0
0
0
0
0
0
0
0
0
0
0
0
0
0
0
0
0
0
0
0
0
0
0
2.164547e+08
2.187954e+08
2.223412e+08
2.272157e+08
2.33523e+08
0
0
0
0
0
0
0
0
0
0
2.103221e+08
2.124584e+08
2.158303e+08
2.204771e+08
2.265302e+08
0
0
0
0
0
0
0
0
0
0
2.049116e+08
2.068383e+08
2.099736e+08
2.144132e+08
2.202014e+08
0
0
0
0
0
0
0
0
0
0
2.002556e+08
2.017776e+08
2.046791e+08
2.08849e+08
2.14397e+08
0
0
0
0
0
0
0
0
0
0
1.961564e+08
1.972468e+08
1.997182e+08
2.036275e+08
2.088674e+08
0
0
0
0
0
0
0
0
0
0
1.928412e+08
1.929767e+08
1.950093e+08
1.984547e+08
2.033976e+08
0
0
0
0
0
0
0
0
0
0
0
0
0
0
0
0
0
0
0
0
1.901894e+08
1.893248e+08
1.903869e+08
1.933742e+08
1.978086e+08
0
0
0
0
0
0
0
0
0
0
0
0
0
0
0
0
0
0
0
0
1.864488e+08
1.865372e+08
1.885321e+08
1.924828e+08
0
0
0
0
0
0
0
0
0
0
0
0
0
0
0
0
0
0
0
0
1.836163e+08
1.846472e+08
1.875804e+08
0
0
0
0
0
0
0
0
0
0
0
0
0
0
0
0
0
0
0
0
1.817833e+08
1.837483e+08
0
0
0
0
0
0
0
0
0
0
0
0
0
0
0
0
0
0
0
0
1.809774e+08
0
0
0
0
0
0
0
0
0
0
0
0
0
0
0
0
0
0
0
0
0
0
0
0
0
0
0
0
0
0
0
0
0
0
0
0
0
0
0
0
0
0
0
0
0
0
0
0
0
0
0
0
0
0
0
0
0
0
0
0
0
0
0
0
0
0
0
0
0
0
0
0
0
0
0
0
0
0
0
0
0
0
0
0
0
0
0
0
0
0
0
0
0
0
0
0
0
0
0
0
0
0
0
0
0
0
0
0
0
0
0
0
0
0
2.099314e+08
2.120656e+08
2.154317e+08
2.200701e+08
2.261105e+08
0
0
0
0
0
0
0
0
0
0
2.041789e+08
2.061006e+08
2.092281e+08
2.136523e+08
2.1942e+08
0
0
0
0
0
0
0
0
0
0
1.993149e+08
2.008351e+08
2.037242e+08
2.078778e+08
2.133987e+08
0
0
0
0
0
0
0
0
0
0
1.952235e+08
1.963016e+08
1.987659e+08
2.026561e+08
2.07873e+08
0
0
0
0
0
0
0
0
0
0
1.921732e+08
1.92308e+08
1.94325e+08
1.977621e+08
2.026869e+08
0
0
0
0
0
0
0
0
0
0
1.899754e+08
1.890766e+08
1.901377e+08
1.93115e+08
1.97548e+08
0
0
0
0
0
0
0
0
0
0
0
0
0
0
0
0
0
0
0
0
1.864911e+08
1.865553e+08
1.885514e+08
1.924987e+08
0
0
0
0
0
0
0
0
0
0
0
0
0
0
0
0
0
0
0
0
1.837335e+08
1.847501e+08
1.876858e+08
0
0
0
0
0
0
0
0
0
0
0
0
0
0
0
0
0
0
0
0
1.818655e+08
1.838244e+08
0
0
0
0
0
0
0
0
0
0
0
0
0
0
0
0
0
0
0
0
1.809774e+08
0
0
0
0
0
0
0
0
0
0
0
0
0
0
0
0
0
0
0
0
0
0
0
0
0
0
0
0
0
0
0
0
0
0
0
0
0
0
0
0
0
0
0
0
0
0
0
0
0
0
0
0
0
0
0
0
0
0
0
0
0
0
0
0
0
0
0
0
0
0
0
0
0
0
0
0
0
0
0
0
0
0
0
0
0
0
0
0
0
0
0
0
0
0
0
0
0
0
0
0
0
0
0
0
0
0
0
0
0
0
0
0
0
0
0
0
0
0
0
0
0
0
0
0
0
2.038022e+08
2.057208e+08
2.088437e+08
2.132593e+08
2.190157e+08
0
0
0
0
0
0
0
0
0
0
1.98604e+08
2.001223e+08
2.030017e+08
2.071426e+08
2.126427e+08
0
0
0
0
0
0
0
0
0
0
1.943189e+08
1.953864e+08
1.978428e+08
2.017142e+08
2.069079e+08
0
0
0
0
0
0
0
0
0
0
1.912667e+08
1.914008e+08
1.933994e+08
1.968228e+08
2.017216e+08
0
0
0
0
0
0
0
0
0
0
1.893679e+08
1.884276e+08
1.894836e+08
1.924405e+08
1.968601e+08
0
0
0
0
0
0
0
0
0
0
1.862843e+08
1.863136e+08
1.883072e+08
1.922427e+08
0
0
0
0
0
0
0
0
0
0
0
0
0
0
0
0
0
0
0
0
1.837764e+08
1.847694e+08
1.877065e+08
0
0
0
0
0
0
0
0
0
0
0
0
0
0
0
0
0
0
0
0
1.819821e+08
1.839275e+08
0
0
0
0
0
0
0
0
0
0
0
0
0
0
0
0
0
0
0
0
1.810595e+08
0
0
0
0
0
0
0
0
0
0
0
0
0
0
0
0
0
0
0
0
0
0
0
0
0
0
0
0
0
0
0
0
0
0
0
0
0
0
0
0
0
0
0
0
0
0
0
0
0
0
0
0
0
0
0
0
0
0
0
0
0
0
0
0
0
0
0
0
0
0
0
0
0
0
0
0
0
0
0
0
0
0
0
0
0
0
0
0
0
0
0
0
0
0
0
0
0
0
0
0
0
0
0
0
0
0
0
0
0
0
0
0
0
0
0
0
0
0
0
0
0
0
0
0
0
0
0
0
0
0
0
0
0
0
0
1.982391e+08
1.99756e+08
2.026299e+08
2.067635e+08
2.122523e+08
0
0
0
0
0
0
0
0
0
0
1.936347e+08
1.946945e+08
1.971445e+08
2.010015e+08
2.061773e+08
0
0
0
0
0
0
0
0
0
0
1.90387e+08
1.905203e+08
1.925027e+08
1.95912e+08
2.007854e+08
0
0
0
0
0
0
0
0
0
0
1.885239e+08
1.875457e+08
1.885949e+08
1.915274e+08
1.959264e+08
0
0
0
0
0
0
0
0
0
0
1.856941e+08
1.856786e+08
1.876624e+08
1.915728e+08
0
0
0
0
0
0
0
0
0
0
1.835752e+08
1.845324e+08
1.874653e+08
0
0
0
0
0
0
0
0
0
0
0
0
0
0
0
0
0
0
0
0
1.820258e+08
1.83948e+08
0
0
0
0
0
0
0
0
0
0
0
0
0
0
0
0
0
0
0
0
1.811763e+08
0
0
0
0
0
0
0
0
0
0
0
0
0
0
0
0
0
0
0
0
0
0
0
0
0
0
0
0
0
0
0
0
0
0
0
0
0
0
0
0
0
0
0
0
0
0
0
0
0
0
0
0
0
0
0
0
0
0
0
0
0
0
0
0
0
0
0
0
0
0
0
0
0
0
0
0
0
0
0
0
0
0
0
0
0
0
0
0
0
0
0
0
0
0
0
0
0
0
0
0
0
0
0
0
0
0
0
0
0
0
0
0
0
0
0
0
0
0
0
0
0
0
0
0
0
0
0
0
0
0
0
0
0
0
0
0
0
0
0
0
0
0
0
0
0
1.932839e+08
1.943396e+08
1.967858e+08
2.006348e+08
2.058007e+08
0
0
0
0
0
0
0
0
0
0
1.897213e+08
1.898541e+08
1.918247e+08
1.95223e+08
2.000771e+08
0
0
0
0
0
0
0
0
0
0
1.876968e+08
1.866892e+08
1.87732e+08
1.906425e+08
1.950211e+08
0
0
0
0
0
0
0
0
0
0
1.84873e+08
1.848145e+08
1.867854e+08
1.906651e+08
0
0
0
0
0
0
0
0
0
0
1.829977e+08
1.839063e+08
1.868248e+08
0
0
0
0
0
0
0
0
0
0
1.818288e+08
1.83714e+08
0
0
0
0
0
0
0
0
0
0
0
0
0
0
0
0
0
0
0
0
1.81221e+08
0
0
0
0
0
0
0
0
0
0
0
0
0
0
0
0
0
0
0
0
0
0
0
0
0
0
0
0
0
0
0
0
0
0
0
0
0
0
0
0
0
0
0
0
0
0
0
0
0
0
0
0
0
0
0
0
0
0
0
0
0
0
0
0
0
0
0
0
0
0
0
0
0
0
0
0
0
0
0
0
0
0
0
0
0
0
0
0
0
0
0
0
0
0
0
0
0
0
0
0
0
0
0
0
0
0
0
0
0
0
0
0
0
0
0
0
0
0
0
0
0
0
0
0
0
0
0
0
0
0
0
0
0
0
0
0
0
0
0
0
0
0
0
0
0
0
0
0
0
0
0
0
0
0
0
1.893806e+08
1.895128e+08
1.91477e+08
1.948691e+08
1.997127e+08
0
0
0
0
0
0
0
0
0
0
1.870682e+08
1.86041e+08
1.87079e+08
1.899733e+08
1.943363e+08
0
0
0
0
0
0
0
0
0
0
1.840676e+08
1.83975e+08
1.859337e+08
1.897854e+08
0
0
0
0
0
0
0
0
0
0
1.821931e+08
1.830536e+08
1.859529e+08
0
0
0
0
0
0
0
0
0
0
1.812595e+08
1.83092e+08
0
0
0
0
0
0
0
0
0
0
1.810267e+08
0
0
0
0
0
0
0
0
0
0
0
0
0
0
0
0
0
0
0
0
0
0
0
0
0
0
0
0
0
0
0
0
0
0
0
0
0
0
0
0
0
0
0
0
0
0
0
0
0
0
0
0
0
0
0
0
0
0
0
0
0
0
0
0
0
0
0
0
0
0
0
0
0
0
0
0
0
0
0
0
0
0
0
0
0
0
0
0
0
0
0
0
0
0
0
0
0
0
0
0
0
0
0
0
0
0
0
0
0
0
0
0
0
0
0
0
0
0
0
0
0
0
0
0
0
0
0
0
0
0
0
0
0
0
0
0
0
0
0
0
0
0
0
0
0
0
0
0
0
0
0
0
0
0
0
0
0
0
0
0
0
0
0
0
0
1.867463e+08
1.857093e+08
1.867445e+08
1.896302e+08
1.939846e+08
0
0
0
0
0
0
0
0
0
0
1.834553e+08
1.833394e+08
1.852891e+08
1.891201e+08
0
0
0
0
0
0
0
0
0
0
1.814036e+08
1.822247e+08
1.851062e+08
0
0
0
0
0
0
0
0
0
0
1.804654e+08
1.822442e+08
0
0
0
0
0
0
0
0
0
0
1.804612e+08
0
0
0
0
0
0
0
0
0
0
0
0
0
0
0
0
0
0
0
0
0
0
0
0
0
0
0
0
0
0
0
0
0
0
0
0
0
0
0
0
0
0
0
0
0
0
0
0
0
0
0
0
0
0
0
0
0
0
0
0
0
0
0
0
0
0
0
0
0
0
0
0
0
0
0
0
0
0
0
0
0
0
0
0
0
0
0
0
0
0
0
0
0
0
0
0
0
0
0
0
0
0
0
0
0
0
0
0
0
0
0
0
0
0
0
0
0
0
0
0
0
0
0
0
0
0
0
0
0
0
0
0
0
0
0
0
0
0
0
0
0
0
0
0
0
0
0
0
0
0
0
0
0
0
0
0
0
0
0
0
0
0
0
0
0
1.831419e+08
1.830143e+08
1.84959e+08
1.887792e+08
0
0
0
0
0
0
0
0
0
0
1.808031e+08
1.815972e+08
1.844653e+08
0
0
0
0
0
0
0
0
0
0
1.796859e+08
1.814202e+08
0
0
0
0
0
0
0
0
0
0
1.796717e+08
0
0
0
0
0
0
0
0
0
0
0
0
0
0
0
0
0
0
0
0
0
0
0
0
0
0
0
0
0
0
0
0
0
0
0
0
0
0
0
0
0
0
0
0
0
0
0
0
0
0
0
0
0
0
0
0
0
0
0
0
0
0
0
0
0
0
0
0
0
0
0
0
0
0
0
0
0
0
0
0
0
0
0
0
0
0
0
0
0
0
0
0
0
0
0
0
0
0
0
0
0
0
0
0
0
0
0
0
0
0
0
0
0
0
0
0
0
0
0
0
0
0
0
0
0
0
0
0
0
0
0
0
0
0
0
0
0
0
0
0
0
0
0
0
0
0
0
0
0
0
0
0
0
0
0
0
0
0
0
0
0
0
0
0
0
1.80496e+08
1.812764e+08
1.841373e+08
0
0
0
0
0
0
0
0
0
0
1.79093e+08
1.807963e+08
0
0
0
0
0
0
0
0
0
0
1.788967e+08
0
0
0
0
0
0
0
0
0
0
0
0
0
0
0
0
0
0
0
0
0
0
0
0
0
0
0
0
0
0
0
0
0
0
0
0
0
0
0
0
0
0
0
0
0
0
0
0
0
0
0
0
0
0
0
0
0
0
0
0
0
0
0
0
0
0
0
0
0
0
0
0
0
0
0
0
0
0
0
0
0
0
0
0
0
0
0
0
0
0
0
0
0
0
0
0
0
0
0
0
0
0
0
0
0
0
0
0
0
0
0
0
0
0
0
0
0
0
0
0
0
0
0
0
0
0
0
0
0
0
0
0
0
0
0
0
0
0
0
0
0
0
0
0
0
0
0
0
0
0
0
0
0
0
0
0
0
0
0
0
0
0
0
0
1.787898e+08
1.804774e+08
0
0
0
0
0
0
0
0
0
0
1.783072e+08
0
0
0
0
0
0
0
0
0
0
0
0
0
0
0
0
0
0
0
0
0
0
0
0
0
0
0
0
0
0
0
0
0
0
0
0
0
0
0
0
0
0
0
0
0
0
0
0
0
0
0
0
0
0
0
0
0
0
0
0
0
0
0
0
0
0
0
0
0
0
0
0
0
0
0
0
0
0
0
0
0
0
0
0
0
0
0
0
0
0
0
0
0
0
0
0
0
0
0
0
0
0
0
0
0
0
0
0
0
0
0
0
0
0
0
0
0
0
0
0
0
0
0
0
0
0
0
0
0
0
0
0
0
0
0
0
0
0
0
0
0
0
0
0
0
0
0
0
0
0
0
0
0
0
0
0
0
0
0
0
0
0
1.780058e+08
0
0
0
0
0
0
0
0
0
0
0
0
0
0
0
0
0
0
0
0
0
0
0
0
0
0
0
0
0
0
0
0
0
0
0
0
0
0
0
0
0
0
0
0
0
0
0
0
0
0
0
0
0
0
0
0
0
0
0
0
0
0
0
0
0
0
0
0
0
0
0
0
0
0
0
0
0
0
0
0
0
0
0
0
0
0
0
0
0
0
0
0
0
0
0
0
0
0
0
0
0
0
0
0
0
0
0
0
0
0
0
0
0
0
0
0
0
0
0
0
0
0
0
0
0
0
0
0
0
0
0
0
0
0
0
0
0
0
0
0
0
0
0
0
0
0
0
0
0
0
0
0
0
0
0
0
0
0
0
0
0
0
0
0
0
0
0
0
0
0
0
0
0
0
0
0
0
0
0
0
0
0
0
0
0
0
0
0
0
0
0
0
0
0
0
0
0
0
0
0
0
0
0
0
0
0
0
0
0
0
0
0
0
0
0
0
0
0
0
0
0
0
0
0
0
0
0
0
0
0
0
0
0
0
0
0
0
0
0
0
0
0
0
0
0
0
0
0
0
0
0
0
0
0
0
0
0
0
0
0
0
0
0
0
0
0
0
0
0
0
0
0
0
0
0
0
0
0
0
0
0
0
0
0
0
0
0
0
0
0
0
0
0
0
0
0
0
0
0
0
0
0
0
0
0
0
0
0
0
0
0
0
0
0
0
0
0
0
0
0
0
0
0
0
0
0
0
0
0
0
0
0
0
0
0
0
0
0
0
0
0
0
0
0
0
0
0
0
0
0
0
0
0
0
0
0
0
0
0
0
0
0
0
0
0
0
0
0
0
0
0
0
0
0
0
0
0
0
0
0
0
0
0
0
0
0
0
0
0
0
0
0
0
0
0
0
0
0
0
0
0
0
0
0
0
0
0
0
0
0
0
0
0
0
0
0
0
0
0
0
0
0
0
0
0
0
0
0
0
0
0
0
0
0
0
0
0
0
0
0
0
0
0
0
0
0
0
0
0
0
0
0
0
0
0
0
0
0
0
0
0
0
0
0
0
0
0
0
0
0
0
0
0
0
0
0
0
0
0
0
0
0
0
0
0
0
0
0
0
0
0
0
0
0
0
0
0
0
0
0
0
0
0
0
0
0
0
0
0
0
0
0
0
0
0
0
0
0
0
0
0
0
0
0
0
0
0
0
0
0
0
0
0
0
0
0
0
0
0
0
0
0
0
0
0
0
0
0
0
0
0
0
0
0
0
0
0
0
0
0
0
0
0
0
0
0
0
0
0
0
0
0
0
0
0
0
0
0
0
0
0
0
0
0
0
0
0
0
0
0
0
0
0
0
0
0
0
0
0
0
0
0
0
0
0
0
0
0
0
0
0
0
0
0
0
0
0
0
0
0
0
0
0
0
0
0
0
0
0
0
0
0
0
0
0
0
0
0
0
0
0
0
0
0
0
0
0
0
0
0
0
0
0
0
0
0
0
0
0
0
0
0
0
0
0
0
0
0
0
0
0
0
0
0
0
0
0
0
0
0
0
0
0
0
0
0
0
0
0
0
0
0
0
0
0
0
0
0
0
0
0
0
0
0
0
0
0
0
0
0
0
0
0
0
0
0
0
0
0
0
0
0
0
0
0
0
0
0
0
0
0
0
0
0
0
0
0
0
0
0
0
0
0
0
0
0
0
0
0
0
0
0
0
0
0
0
0
0
0
0
0
0
0
0
0
0
0
0
0
0
0
0
0
0
0
0
0
0
0
0
0
0
0
0
0
0
0
0
0
0
0
0
0
0
0
0
0
0
0
0
0
0
0
0
0
0
0
0
0
0
0
0
0
0
0
0
0
0
0
0
0
0
0
0
0
0
0
0
0
0
0
0
0
0
0
0
0
0
0
0
0
0
0
0
0
0
0
0
0
0
0
0
0
0
0
0
0
0
0
0
0
0
0
0
0
0
0
0
0
0
0
0
0
0
0
0
0
0
0
0
0
0
0
0
0
0
0
0
0
0
0
0
0
0
0
0
0
0
0
0
0
0
0
0
0
0
0
0
0
0
0
0
0
0
0
0
0
0
0
0
0
0
0
0
0
0
0
0
0
0
0
0
0
0
0
0
0
0
0
0
0
0
0
0
0
0
0
0
0
0
0
0
0
0
0
0
0
0
0
0
0
0
0
0
0
0
0
0
0
0
0
0
0
0
0
0
0
0
0
0
0
0
0
0
0
0
0
0
0
)
;

boundaryField
{
    anodeSides
    {
        type            calculated;
        value           uniform 0;
    }
    fuelInlet
    {
        type            calculated;
        value           uniform 0;
    }
    fuelOutlet
    {
        type            calculated;
        value           uniform 0;
    }
    fuel_to_electrolyte
    {
        type            calculated;
        value           uniform 0;
    }
    fuel_to_interconnect
    {
        type            calculated;
        value           uniform 0;
    }
}


// ************************************************************************* //
