/*--------------------------------*- C++ -*----------------------------------*\
| =========                 |                                                 |
| \\      /  F ield         | OpenFOAM: The Open Source CFD Toolbox           |
|  \\    /   O peration     | Version:  2306                                  |
|   \\  /    A nd           | Website:  www.openfoam.com                      |
|    \\/     M anipulation  |                                                 |
\*---------------------------------------------------------------------------*/
FoamFile
{
    version     2.0;
    format      ascii;
    arch        "LSB;label=32;scalar=64";
    class       volScalarField;
    location    "1.5/fuel";
    object      j;
}
// * * * * * * * * * * * * * * * * * * * * * * * * * * * * * * * * * * * * * //

dimensions      [0 -3 0 0 0 1 0];

internalField   nonuniform List<scalar> 
16000
(
9.435283e+08
9.517473e+08
8.607558e+08
9.05675e+08
9.68379e+08
8.659389e+08
9.133455e+08
7.905576e+08
8.283002e+08
8.78893e+08
9.935038e+08
8.761407e+08
9.288579e+08
7.944576e+08
8.331607e+08
8.861962e+08
7.342432e+08
7.624381e+08
8.051492e+08
8.624325e+08
1.026301e+09
8.908129e+08
9.522704e+08
8.020391e+08
8.427234e+08
9.009629e+08
7.374151e+08
7.661105e+08
8.097885e+08
8.695312e+08
6.874267e+08
7.094357e+08
7.422624e+08
7.907194e+08
8.553083e+08
1.061818e+09
9.085814e+08
9.827992e+08
8.127021e+08
8.564676e+08
9.232463e+08
7.435369e+08
7.732464e+08
8.189142e+08
8.838882e+08
6.901122e+08
7.124323e+08
7.457762e+08
7.952292e+08
8.623426e+08
6.472065e+08
6.652534e+08
6.915639e+08
7.295668e+08
7.842462e+08
0
1.088952e+09
9.258976e+08
1.015817e+09
8.251493e+08
8.730991e+08
9.523051e+08
7.52038e+08
7.832772e+08
8.320269e+08
9.055659e+08
6.952713e+08
7.182136e+08
7.526026e+08
8.041004e+08
8.765789e+08
6.495361e+08
6.677976e+08
6.944374e+08
7.329851e+08
7.887056e+08
0
6.119227e+08
6.272049e+08
6.492311e+08
6.802481e+08
7.237503e+08
0
0
1.106351e+09
9.376491e+08
1.040957e+09
8.365904e+08
8.892922e+08
9.837416e+08
7.617469e+08
7.949779e+08
8.478919e+08
9.338708e+08
7.023772e+08
7.262375e+08
7.621956e+08
8.168499e+08
8.981017e+08
6.539971e+08
6.726835e+08
6.999798e+08
7.396257e+08
7.974806e+08
0
6.139788e+08
6.294174e+08
6.516755e+08
6.830461e+08
7.27128e+08
0
0
5.804662e+08
5.937535e+08
6.127177e+08
6.390421e+08
6.750013e+08
0
0
0
1.116381e+09
9.442381e+08
1.05703e+09
8.436936e+08
9.002536e+08
1.007617e+09
7.703545e+08
8.057228e+08
8.633359e+08
9.645489e+08
7.103771e+08
7.353946e+08
7.733821e+08
8.322834e+08
9.262707e+08
6.601064e+08
6.794095e+08
7.076697e+08
7.489576e+08
8.100987e+08
0
6.179066e+08
6.336526e+08
6.563685e+08
6.884427e+08
7.336908e+08
0
0
5.823037e+08
5.957105e+08
6.148471e+08
6.414247e+08
6.77766e+08
0
0
0
5.520992e+08
5.638707e+08
5.80568e+08
6.034748e+08
6.342828e+08
0
0
0
0
1.120936e+09
9.476079e+08
1.066278e+09
8.471379e+08
9.063869e+08
1.022856e+09
7.753917e+08
8.123774e+08
8.73765e+08
9.878137e+08
7.17301e+08
7.435044e+08
7.836496e+08
8.473173e+08
9.569021e+08
6.669143e+08
6.869758e+08
7.164421e+08
7.598415e+08
8.2539e+08
0
6.232628e+08
6.394495e+08
6.628268e+08
6.959297e+08
7.429158e+08
0
0
5.858072e+08
5.994477e+08
6.189221e+08
6.459987e+08
6.830987e+08
0
0
0
5.537575e+08
5.656231e+08
5.824545e+08
6.055525e+08
6.366375e+08
0
0
0
0
5.262781e+08
5.368726e+08
5.518077e+08
5.721345e+08
5.991365e+08
0
0
0
0
0
1.120936e+09
9.490142e+08
1.070473e+09
8.485827e+08
9.095194e+08
1.031614e+09
7.775613e+08
8.155962e+08
8.79591e+08
1.002652e+09
7.211934e+08
7.48238e+08
7.89991e+08
8.574463e+08
9.801203e+08
6.727054e+08
6.935166e+08
7.24205e+08
7.698313e+08
8.403052e+08
0
6.291854e+08
6.459041e+08
6.700884e+08
7.044701e+08
7.536811e+08
0
0
5.905689e+08
6.045412e+08
6.244979e+08
6.522924e+08
6.90498e+08
0
0
0
5.569146e+08
5.689632e+08
5.86056e+08
6.09528e+08
6.411582e+08
0
0
0
0
5.277863e+08
5.38457e+08
5.534994e+08
5.739768e+08
6.011905e+08
0
0
0
0
0
5.026032e+08
5.122546e+08
5.257893e+08
5.440765e+08
5.681626e+08
0
0
0
0
0
0
1.116381e+09
9.490142e+08
1.070473e+09
8.490735e+08
9.10826e+08
1.035586e+09
7.78283e+08
8.169431e+08
8.825652e+08
1.011182e+09
7.227215e+08
7.5027e+08
7.930504e+08
8.63099e+08
9.949361e+08
6.758675e+08
6.971835e+08
7.287218e+08
7.759824e+08
8.503338e+08
0
6.341582e+08
6.513876e+08
6.763595e+08
7.120245e+08
7.635658e+08
0
0
5.95802e+08
6.101689e+08
6.307029e+08
6.593677e+08
6.989406e+08
0
0
0
5.611941e+08
5.735006e+08
5.90963e+08
6.149668e+08
6.473788e+08
0
0
0
0
5.306544e+08
5.414724e+08
5.56723e+08
5.774936e+08
6.051208e+08
0
0
0
0
0
5.039838e+08
5.136981e+08
5.273208e+08
5.457301e+08
5.699847e+08
0
0
0
0
0
0
4.807632e+08
4.896458e+08
5.020348e+08
5.186741e+08
5.404269e+08
0
0
0
0
0
0
0
1.106351e+09
9.476079e+08
1.066278e+09
8.490735e+08
9.10826e+08
1.035586e+09
7.784464e+08
8.173997e+08
8.838059e+08
1.015051e+09
7.231139e+08
7.509421e+08
7.943281e+08
8.65986e+08
1.003463e+09
6.770191e+08
6.986165e+08
7.306531e+08
7.789428e+08
8.559275e+08
0
6.368136e+08
6.543728e+08
6.798629e+08
7.164039e+08
7.696323e+08
0
0
6.001506e+08
6.148874e+08
6.359682e+08
6.654735e+08
7.064071e+08
0
0
0
5.658737e+08
5.784829e+08
5.963813e+08
6.210178e+08
6.543727e+08
0
0
0
0
5.345332e+08
5.455577e+08
5.611004e+08
5.822844e+08
6.104979e+08
0
0
0
0
0
5.066067e+08
5.16442e+08
5.302349e+08
5.488806e+08
5.734627e+08
0
0
0
0
0
0
4.820339e+08
4.909692e+08
5.034318e+08
5.201724e+08
5.420628e+08
0
0
0
0
0
0
0
4.605137e+08
4.687571e+08
4.80193e+08
4.954649e+08
5.153096e+08
0
0
0
0
0
0
0
0
1.088952e+09
9.442381e+08
1.05703e+09
8.485827e+08
9.095194e+08
1.031614e+09
7.784464e+08
8.173997e+08
8.838059e+08
1.015051e+09
7.231393e+08
7.510923e+08
7.947605e+08
8.671915e+08
1.007335e+09
6.772378e+08
6.989802e+08
7.31288e+08
7.801773e+08
8.587882e+08
0
6.377218e+08
6.554539e+08
6.812248e+08
7.182684e+08
7.725447e+08
0
0
6.02431e+08
6.17399e+08
6.38824e+08
6.688706e+08
7.107176e+08
0
0
0
5.697297e+08
5.82617e+08
6.009185e+08
6.261478e+08
6.60405e+08
0
0
0
0
5.38757e+08
5.500211e+08
5.659042e+08
5.875728e+08
6.164804e+08
0
0
0
0
0
5.101473e+08
5.201511e+08
5.341815e+08
5.531581e+08
5.782008e+08
0
0
0
0
0
0
4.844461e+08
4.934826e+08
5.060868e+08
5.230228e+08
5.451797e+08
0
0
0
0
0
0
0
4.616885e+08
4.699769e+08
4.814753e+08
4.968326e+08
5.167925e+08
0
0
0
0
0
0
0
0
4.416582e+08
4.493612e+08
4.599901e+08
4.741092e+08
4.923545e+08
0
0
0
0
0
0
0
0
0
1.061818e+09
9.376491e+08
1.040957e+09
8.471379e+08
9.063869e+08
1.022856e+09
7.78283e+08
8.169431e+08
8.825652e+08
1.011182e+09
7.231393e+08
7.510923e+08
7.947605e+08
8.671915e+08
1.007335e+09
6.771972e+08
6.990007e+08
7.31428e+08
7.805949e+08
8.599848e+08
0
6.378395e+08
6.556543e+08
6.815656e+08
7.188776e+08
7.737582e+08
0
0
6.031691e+08
6.182523e+08
6.398512e+08
6.701833e+08
7.125441e+08
0
0
0
5.717214e+08
5.847778e+08
6.033244e+08
6.289181e+08
6.637456e+08
0
0
0
0
5.422129e+08
5.536934e+08
5.698849e+08
5.919967e+08
6.215485e+08
0
0
0
0
0
5.139889e+08
5.241866e+08
5.384907e+08
5.578507e+08
5.834308e+08
0
0
0
0
0
0
4.876969e+08
4.968735e+08
5.096745e+08
5.268825e+08
5.494117e+08
0
0
0
0
0
0
0
4.639176e+08
4.722917e+08
4.8391e+08
4.994317e+08
5.196136e+08
0
0
0
0
0
0
0
0
4.427489e+08
4.504906e+08
4.611733e+08
4.753655e+08
4.937087e+08
0
0
0
0
0
0
0
0
0
4.240366e+08
4.312756e+08
4.412108e+08
4.543421e+08
4.712265e+08
0
0
0
0
0
0
0
0
0
0
1.026301e+09
9.258976e+08
1.015817e+09
8.436936e+08
9.002536e+08
1.007617e+09
7.775613e+08
8.155962e+08
8.79591e+08
1.002652e+09
7.231139e+08
7.509421e+08
7.943281e+08
8.65986e+08
1.003463e+09
6.771972e+08
6.990007e+08
7.31428e+08
7.805949e+08
8.599848e+08
0
6.37765e+08
6.556127e+08
6.815816e+08
7.190103e+08
7.741687e+08
0
0
6.032229e+08
6.183577e+08
6.400365e+08
6.705069e+08
7.13137e+08
0
0
0
5.723349e+08
5.854716e+08
6.041351e+08
6.299071e+08
6.650276e+08
0
0
0
0
5.43975e+08
5.555838e+08
5.719572e+08
5.943318e+08
6.242716e+08
0
0
0
0
0
5.171136e+08
5.274833e+08
5.420313e+08
5.61735e+08
5.87802e+08
0
0
0
0
0
0
4.912133e+08
5.005497e+08
5.135754e+08
5.310954e+08
5.54054e+08
0
0
0
0
0
0
0
4.669174e+08
4.754097e+08
4.871937e+08
5.02943e+08
5.234335e+08
0
0
0
0
0
0
0
0
4.448173e+08
4.526326e+08
4.634181e+08
4.777506e+08
4.962819e+08
0
0
0
0
0
0
0
0
0
4.250527e+08
4.323254e+08
4.423074e+08
4.555021e+08
4.724708e+08
0
0
0
0
0
0
0
0
0
0
4.075154e+08
4.143512e+08
4.236821e+08
4.359556e+08
4.516645e+08
0
0
0
0
0
0
0
0
0
0
9.935038e+08
9.085814e+08
9.827992e+08
8.365904e+08
8.892922e+08
9.837416e+08
7.753917e+08
8.123774e+08
8.73765e+08
9.878137e+08
7.227215e+08
7.5027e+08
7.930504e+08
8.63099e+08
9.949361e+08
6.772378e+08
6.989802e+08
7.31288e+08
7.801773e+08
8.587882e+08
0
6.37765e+08
6.556127e+08
6.815816e+08
7.190103e+08
7.741687e+08
0
0
6.031301e+08
6.18284e+08
6.399931e+08
6.705189e+08
7.132644e+08
0
0
0
5.723467e+08
5.855171e+08
6.042299e+08
6.3008e+08
6.653385e+08
0
0
0
0
5.444937e+08
5.561609e+08
5.726166e+08
5.951118e+08
6.252356e+08
0
0
0
0
0
5.186889e+08
5.291584e+08
5.438464e+08
5.637476e+08
5.900974e+08
0
0
0
0
0
0
4.94059e+08
5.03535e+08
5.167577e+08
5.345528e+08
5.578931e+08
0
0
0
0
0
0
0
4.701538e+08
4.787796e+08
4.907515e+08
5.067597e+08
5.276028e+08
0
0
0
0
0
0
0
0
4.475976e+08
4.555139e+08
4.664408e+08
4.809669e+08
4.997584e+08
0
0
0
0
0
0
0
0
0
4.269791e+08
4.343156e+08
4.443868e+08
4.577027e+08
4.74833e+08
0
0
0
0
0
0
0
0
0
0
4.08465e+08
4.153304e+08
4.247024e+08
4.370314e+08
4.528138e+08
0
0
0
0
0
0
0
0
0
0
3.91983e+08
3.984638e+08
4.072629e+08
4.187825e+08
4.334635e+08
0
0
0
0
0
0
0
0
0
0
9.68379e+08
8.908129e+08
9.522704e+08
8.251493e+08
8.730991e+08
9.523051e+08
7.703545e+08
8.057228e+08
8.633359e+08
9.645489e+08
7.211934e+08
7.48238e+08
7.89991e+08
8.574463e+08
9.801203e+08
6.770191e+08
6.986165e+08
7.306531e+08
7.789428e+08
8.559275e+08
0
6.378395e+08
6.556543e+08
6.815656e+08
7.188776e+08
7.737582e+08
0
0
6.031301e+08
6.18284e+08
6.399931e+08
6.705189e+08
7.132644e+08
0
0
0
5.72244e+08
5.854259e+08
6.041558e+08
6.300343e+08
6.653466e+08
0
0
0
0
5.444767e+08
5.561668e+08
5.726542e+08
5.951973e+08
6.253984e+08
0
0
0
0
0
5.191337e+08
5.296465e+08
5.443948e+08
5.643815e+08
5.908565e+08
0
0
0
0
0
0
4.954797e+08
5.050348e+08
5.183679e+08
5.363169e+08
5.598718e+08
0
0
0
0
0
0
0
4.727615e+08
4.815024e+08
4.936365e+08
5.098697e+08
5.31021e+08
0
0
0
0
0
0
0
0
4.505901e+08
4.586196e+08
4.697057e+08
4.844503e+08
5.035369e+08
0
0
0
0
0
0
0
0
0
4.295656e+08
4.369894e+08
4.471828e+08
4.606654e+08
4.780185e+08
0
0
0
0
0
0
0
0
0
0
4.102648e+08
4.171862e+08
4.266363e+08
4.390712e+08
4.54994e+08
0
0
0
0
0
0
0
0
0
0
3.92873e+08
3.993799e+08
4.082154e+08
4.197841e+08
4.345297e+08
0
0
0
0
0
0
0
0
0
0
3.773451e+08
3.835094e+08
3.918353e+08
4.026865e+08
4.164588e+08
0
0
0
0
0
0
0
0
0
0
9.517473e+08
8.761407e+08
9.288579e+08
8.127021e+08
8.564676e+08
9.232463e+08
7.617469e+08
7.949779e+08
8.478919e+08
9.338708e+08
7.17301e+08
7.435044e+08
7.836496e+08
8.473173e+08
9.569021e+08
6.758675e+08
6.971835e+08
7.287218e+08
7.759824e+08
8.503338e+08
0
6.377218e+08
6.554539e+08
6.812248e+08
7.182684e+08
7.725447e+08
0
0
6.032229e+08
6.183577e+08
6.400365e+08
6.705069e+08
7.13137e+08
0
0
0
5.72244e+08
5.854259e+08
6.041558e+08
6.300343e+08
6.653466e+08
0
0
0
0
5.44369e+08
5.560661e+08
5.725634e+08
5.951219e+08
6.253496e+08
0
0
0
0
0
5.190968e+08
5.296252e+08
5.443948e+08
5.644121e+08
5.909338e+08
0
0
0
0
0
0
4.958656e+08
5.054534e+08
5.188318e+08
5.36844e+08
5.604881e+08
0
0
0
0
0
0
0
4.740523e+08
4.828568e+08
4.950797e+08
5.114357e+08
5.327559e+08
0
0
0
0
0
0
0
0
4.529924e+08
4.611181e+08
4.723399e+08
4.872718e+08
5.066126e+08
0
0
0
0
0
0
0
0
0
4.323439e+08
4.398649e+08
4.501949e+08
4.638644e+08
4.814683e+08
0
0
0
0
0
0
0
0
0
0
4.126792e+08
4.196768e+08
4.292336e+08
4.418135e+08
4.579293e+08
0
0
0
0
0
0
0
0
0
0
3.945596e+08
4.011158e+08
4.100204e+08
4.216824e+08
4.365512e+08
0
0
0
0
0
0
0
0
0
0
3.781813e+08
3.843689e+08
3.927272e+08
4.036221e+08
4.174517e+08
0
0
0
0
0
0
0
0
0
0
3.635204e+08
3.694001e+08
3.773008e+08
3.875536e+08
4.005161e+08
0
0
0
0
0
0
0
0
0
0
9.435283e+08
8.659389e+08
9.133455e+08
8.020391e+08
8.427234e+08
9.009629e+08
7.52038e+08
7.832772e+08
8.320269e+08
9.055659e+08
7.103771e+08
7.353946e+08
7.733821e+08
8.322834e+08
9.262707e+08
6.727054e+08
6.935166e+08
7.24205e+08
7.698313e+08
8.403052e+08
0
6.368136e+08
6.543728e+08
6.798629e+08
7.164039e+08
7.696323e+08
0
0
6.031691e+08
6.182523e+08
6.398512e+08
6.701833e+08
7.125441e+08
0
0
0
5.723467e+08
5.855171e+08
6.042299e+08
6.3008e+08
6.653385e+08
0
0
0
0
5.44369e+08
5.560661e+08
5.725634e+08
5.951219e+08
6.253496e+08
0
0
0
0
0
5.189871e+08
5.295198e+08
5.44295e+08
5.643205e+08
5.90856e+08
0
0
0
0
0
0
4.958149e+08
5.054134e+08
5.18806e+08
5.368383e+08
5.605118e+08
0
0
0
0
0
0
0
4.743906e+08
4.832202e+08
4.954777e+08
5.118813e+08
5.332679e+08
0
0
0
0
0
0
0
0
4.541726e+08
4.623503e+08
4.736446e+08
4.886764e+08
5.081531e+08
0
0
0
0
0
0
0
0
0
4.345672e+08
4.421696e+08
4.526146e+08
4.664423e+08
4.842597e+08
0
0
0
0
0
0
0
0
0
0
4.152681e+08
4.223497e+08
4.320251e+08
4.447668e+08
4.610984e+08
0
0
0
0
0
0
0
0
0
0
3.968204e+08
4.034433e+08
4.124418e+08
4.242313e+08
4.39269e+08
0
0
0
0
0
0
0
0
0
0
3.797661e+08
3.859974e+08
3.94417e+08
4.053948e+08
4.193336e+08
0
0
0
0
0
0
0
0
0
0
3.643079e+08
3.702085e+08
3.781383e+08
3.884301e+08
4.014439e+08
0
0
0
0
0
0
0
0
0
0
3.504382e+08
3.560603e+08
3.63576e+08
3.732885e+08
3.855233e+08
0
0
0
0
0
0
0
0
0
0
8.607558e+08
9.05675e+08
7.944576e+08
8.331607e+08
8.861962e+08
7.435369e+08
7.732464e+08
8.189142e+08
8.838882e+08
7.023772e+08
7.262375e+08
7.621956e+08
8.168499e+08
8.981017e+08
6.669143e+08
6.869758e+08
7.164421e+08
7.598415e+08
8.2539e+08
0
6.341582e+08
6.513876e+08
6.763595e+08
7.120245e+08
7.635658e+08
0
0
6.02431e+08
6.17399e+08
6.38824e+08
6.688706e+08
7.107176e+08
0
0
0
5.723349e+08
5.854716e+08
6.041351e+08
6.299071e+08
6.650276e+08
0
0
0
0
5.444767e+08
5.561668e+08
5.726542e+08
5.951973e+08
6.253984e+08
0
0
0
0
0
5.189871e+08
5.295198e+08
5.44295e+08
5.643205e+08
5.90856e+08
0
0
0
0
0
0
4.957051e+08
5.053061e+08
5.187016e+08
5.367381e+08
5.604184e+08
0
0
0
0
0
0
0
4.743304e+08
4.831672e+08
4.954342e+08
5.11851e+08
5.332565e+08
0
0
0
0
0
0
0
0
4.54472e+08
4.626691e+08
4.7399e+08
4.890586e+08
5.085858e+08
0
0
0
0
0
0
0
0
0
4.356522e+08
4.432976e+08
4.538027e+08
4.67713e+08
4.856419e+08
0
0
0
0
0
0
0
0
0
0
4.173342e+08
4.244852e+08
4.342593e+08
4.471364e+08
4.636498e+08
0
0
0
0
0
0
0
0
0
0
0
3.992408e+08
4.059369e+08
4.15039e+08
4.2697e+08
4.421957e+08
0
0
0
0
0
0
0
0
0
0
3.818888e+08
3.881792e+08
3.966819e+08
4.077726e+08
4.218605e+08
0
0
0
0
0
0
0
0
0
0
3.658004e+08
3.717403e+08
3.797248e+08
3.900906e+08
4.032017e+08
0
0
0
0
0
0
0
0
0
0
3.511813e+08
3.568223e+08
3.643643e+08
3.74112e+08
3.863927e+08
0
0
0
0
0
0
0
0
0
0
3.380371e+08
3.434236e+08
3.505891e+08
3.598107e+08
3.713866e+08
0
0
0
0
0
0
0
0
0
0
7.905576e+08
8.283002e+08
8.78893e+08
7.374151e+08
7.661105e+08
8.097885e+08
8.695312e+08
6.952713e+08
7.182136e+08
7.526026e+08
8.041004e+08
8.765789e+08
6.601064e+08
6.794095e+08
7.076697e+08
7.489576e+08
8.100987e+08
0
6.291854e+08
6.459041e+08
6.700884e+08
7.044701e+08
7.536811e+08
0
0
6.001506e+08
6.148874e+08
6.359682e+08
6.654735e+08
7.064071e+08
0
0
0
5.717214e+08
5.847778e+08
6.033244e+08
6.289181e+08
6.637456e+08
0
0
0
0
5.444937e+08
5.561609e+08
5.726166e+08
5.951118e+08
6.252356e+08
0
0
0
0
0
5.190968e+08
5.296252e+08
5.443948e+08
5.644121e+08
5.909338e+08
0
0
0
0
0
0
4.957051e+08
5.053061e+08
5.187016e+08
5.367381e+08
5.604184e+08
0
0
0
0
0
0
0
4.74222e+08
4.830598e+08
4.95328e+08
5.117465e+08
5.331549e+08
0
0
0
0
0
0
0
0
4.544054e+08
4.626071e+08
4.739342e+08
4.890114e+08
5.085507e+08
0
0
0
0
0
0
0
0
0
4.359193e+08
4.435798e+08
4.541057e+08
4.680447e+08
4.860128e+08
0
0
0
0
0
0
0
0
0
0
4.183369e+08
4.255235e+08
4.35348e+08
4.482943e+08
4.649007e+08
0
0
0
0
0
0
0
0
0
0
0
4.01168e+08
4.079238e+08
4.171111e+08
4.291594e+08
4.445417e+08
0
0
0
0
0
0
0
0
0
0
0
0
3.841582e+08
3.905131e+08
3.99107e+08
4.103222e+08
4.245753e+08
0
0
0
0
0
0
0
0
0
0
3.677983e+08
3.73791e+08
3.818497e+08
3.923159e+08
4.055597e+08
0
0
0
0
0
0
0
0
0
0
3.525902e+08
3.582663e+08
3.658578e+08
3.756719e+08
3.880398e+08
0
0
0
0
0
0
0
0
0
0
3.387398e+08
3.441435e+08
3.513327e+08
3.605863e+08
3.722036e+08
0
0
0
0
0
0
0
0
0
0
3.262635e+08
3.314331e+08
3.382772e+08
3.470509e+08
3.580266e+08
0
0
0
0
0
0
0
0
0
0
7.342432e+08
7.624381e+08
8.051492e+08
8.624325e+08
6.901122e+08
7.124323e+08
7.457762e+08
7.952292e+08
8.623426e+08
6.539971e+08
6.726835e+08
6.999798e+08
7.396257e+08
7.974806e+08
0
6.232628e+08
6.394495e+08
6.628268e+08
6.959297e+08
7.429158e+08
0
0
5.95802e+08
6.101689e+08
6.307029e+08
6.593677e+08
6.989406e+08
0
0
0
5.697297e+08
5.82617e+08
6.009185e+08
6.261478e+08
6.60405e+08
0
0
0
0
5.43975e+08
5.555838e+08
5.719572e+08
5.943318e+08
6.242716e+08
0
0
0
0
0
5.191337e+08
5.296465e+08
5.443948e+08
5.643815e+08
5.908565e+08
0
0
0
0
0
0
4.958149e+08
5.054134e+08
5.18806e+08
5.368383e+08
5.605118e+08
0
0
0
0
0
0
0
4.74222e+08
4.830598e+08
4.95328e+08
5.117465e+08
5.331549e+08
0
0
0
0
0
0
0
0
4.54299e+08
4.62501e+08
4.73828e+08
4.889052e+08
5.084449e+08
0
0
0
0
0
0
0
0
0
4.358486e+08
4.435119e+08
4.540416e+08
4.679857e+08
4.859614e+08
0
0
0
0
0
0
0
0
0
0
4.185772e+08
4.257753e+08
4.356162e+08
4.485852e+08
4.652224e+08
0
0
0
0
0
0
0
0
0
0
0
4.020988e+08
4.088844e+08
4.181142e+08
4.302211e+08
4.45682e+08
0
0
0
0
0
0
0
0
0
0
0
0
3.859618e+08
3.923685e+08
4.010366e+08
4.12354e+08
4.267437e+08
0
0
0
0
0
0
0
0
0
0
0
0
0
3.699319e+08
3.759816e+08
3.841213e+08
3.946979e+08
4.080879e+08
0
0
0
0
0
0
0
0
0
0
3.544751e+08
3.601984e+08
3.678565e+08
3.777607e+08
3.902471e+08
0
0
0
0
0
0
0
0
0
0
3.400724e+08
3.455078e+08
3.527416e+08
3.620553e+08
3.737512e+08
0
0
0
0
0
0
0
0
0
0
3.269292e+08
3.321143e+08
3.389802e+08
3.477828e+08
3.587962e+08
0
0
0
0
0
0
0
0
0
0
3.150716e+08
3.200384e+08
3.265861e+08
3.349481e+08
3.453752e+08
0
0
0
0
0
0
0
0
0
0
6.874267e+08
7.094357e+08
7.422624e+08
7.907194e+08
8.553083e+08
6.495361e+08
6.677976e+08
6.944374e+08
7.329851e+08
7.887056e+08
0
6.179066e+08
6.336526e+08
6.563685e+08
6.884427e+08
7.336908e+08
0
0
5.905689e+08
6.045412e+08
6.244979e+08
6.522924e+08
6.90498e+08
0
0
0
5.658737e+08
5.784829e+08
5.963813e+08
6.210178e+08
6.543727e+08
0
0
0
0
5.422129e+08
5.536934e+08
5.698849e+08
5.919967e+08
6.215485e+08
0
0
0
0
0
5.186889e+08
5.291584e+08
5.438464e+08
5.637476e+08
5.900974e+08
0
0
0
0
0
0
4.958656e+08
5.054534e+08
5.188318e+08
5.36844e+08
5.604881e+08
0
0
0
0
0
0
0
4.743304e+08
4.831672e+08
4.954342e+08
5.11851e+08
5.332565e+08
0
0
0
0
0
0
0
0
4.54299e+08
4.62501e+08
4.73828e+08
4.889052e+08
5.084449e+08
0
0
0
0
0
0
0
0
0
4.35745e+08
4.434077e+08
4.539366e+08
4.678797e+08
4.858543e+08
0
0
0
0
0
0
0
0
0
0
4.185042e+08
4.257037e+08
4.355465e+08
4.485184e+08
4.651599e+08
0
0
0
0
0
0
0
0
0
0
0
4.023167e+08
4.09111e+08
4.183537e+08
4.304786e+08
4.459641e+08
0
0
0
0
0
0
0
0
0
0
0
0
3.868292e+08
3.932612e+08
4.019654e+08
4.133328e+08
4.277896e+08
0
0
0
0
0
0
0
0
0
0
0
0
0
3.716247e+08
3.777198e+08
3.859248e+08
3.965911e+08
4.101008e+08
0
0
0
0
0
0
0
0
0
0
0
0
0
0
3.564859e+08
3.622599e+08
3.699904e+08
3.799932e+08
3.926098e+08
0
0
0
0
0
0
0
0
0
0
3.418544e+08
3.473323e+08
3.546261e+08
3.640212e+08
3.758237e+08
0
0
0
0
0
0
0
0
0
0
3.281921e+08
3.334059e+08
3.403123e+08
3.491694e+08
3.602541e+08
0
0
0
0
0
0
0
0
0
0
3.157034e+08
3.206844e+08
3.272518e+08
3.356403e+08
3.461017e+08
0
0
0
0
0
0
0
0
0
0
3.044195e+08
3.091968e+08
3.15468e+08
3.2345e+08
3.333723e+08
0
0
0
0
0
0
0
0
0
0
6.472065e+08
6.652534e+08
6.915639e+08
7.295668e+08
7.842462e+08
0
6.139788e+08
6.294174e+08
6.516755e+08
6.830461e+08
7.27128e+08
0
0
5.858072e+08
5.994477e+08
6.189221e+08
6.459987e+08
6.830987e+08
0
0
0
5.611941e+08
5.735006e+08
5.90963e+08
6.149668e+08
6.473788e+08
0
0
0
0
5.38757e+08
5.500211e+08
5.659042e+08
5.875728e+08
6.164804e+08
0
0
0
0
0
5.171136e+08
5.274833e+08
5.420313e+08
5.61735e+08
5.87802e+08
0
0
0
0
0
0
4.954797e+08
5.050348e+08
5.183679e+08
5.363169e+08
5.598718e+08
0
0
0
0
0
0
0
4.743906e+08
4.832202e+08
4.954777e+08
5.118813e+08
5.332679e+08
0
0
0
0
0
0
0
0
4.544054e+08
4.626071e+08
4.739342e+08
4.890114e+08
5.085507e+08
0
0
0
0
0
0
0
0
0
4.35745e+08
4.434077e+08
4.539366e+08
4.678797e+08
4.858543e+08
0
0
0
0
0
0
0
0
0
0
4.184037e+08
4.256021e+08
4.354435e+08
4.484137e+08
4.65053e+08
0
0
0
0
0
0
0
0
0
0
0
4.022427e+08
4.090373e+08
4.182805e+08
4.304066e+08
4.458942e+08
0
0
0
0
0
0
0
0
0
0
0
0
3.870279e+08
3.934668e+08
4.02181e+08
4.135627e+08
4.280392e+08
0
0
0
0
0
0
0
0
0
0
0
0
0
3.724361e+08
3.785526e+08
3.867887e+08
3.97498e+08
4.110654e+08
0
0
0
0
0
0
0
0
0
0
0
0
0
0
3.580792e+08
3.63893e+08
3.716812e+08
3.817636e+08
3.944859e+08
0
0
0
0
0
0
0
0
0
0
0
0
0
0
0
3.437538e+08
3.492771e+08
3.566358e+08
3.661194e+08
3.780387e+08
0
0
0
0
0
0
0
0
0
0
3.298804e+08
3.351324e+08
3.420931e+08
3.510238e+08
3.622051e+08
0
0
0
0
0
0
0
0
0
0
3.169024e+08
3.219095e+08
3.285138e+08
3.369519e+08
3.47478e+08
0
0
0
0
0
0
0
0
0
0
3.050201e+08
3.098104e+08
3.160996e+08
3.241058e+08
3.340596e+08
0
0
0
0
0
0
0
0
0
0
2.942723e+08
2.988692e+08
3.048824e+08
3.125104e+08
3.219665e+08
0
0
0
0
0
0
0
0
0
0
6.119227e+08
6.272049e+08
6.492311e+08
6.802481e+08
7.237503e+08
0
0
5.823037e+08
5.957105e+08
6.148471e+08
6.414247e+08
6.77766e+08
0
0
0
5.569146e+08
5.689632e+08
5.86056e+08
6.09528e+08
6.411582e+08
0
0
0
0
5.345332e+08
5.455577e+08
5.611004e+08
5.822844e+08
6.104979e+08
0
0
0
0
0
5.139889e+08
5.241866e+08
5.384907e+08
5.578507e+08
5.834308e+08
0
0
0
0
0
0
4.94059e+08
5.03535e+08
5.167577e+08
5.345528e+08
5.578931e+08
0
0
0
0
0
0
0
4.740523e+08
4.828568e+08
4.950797e+08
5.114357e+08
5.327559e+08
0
0
0
0
0
0
0
0
4.54472e+08
4.62669e+08
4.7399e+08
4.890586e+08
5.085858e+08
0
0
0
0
0
0
0
0
0
4.358486e+08
4.435119e+08
4.540416e+08
4.679857e+08
4.859614e+08
0
0
0
0
0
0
0
0
0
0
4.184037e+08
4.25602e+08
4.354435e+08
4.484137e+08
4.65053e+08
0
0
0
0
0
0
0
0
0
0
0
4.021454e+08
4.089386e+08
4.1818e+08
4.303038e+08
4.457887e+08
0
0
0
0
0
0
0
0
0
0
0
0
3.869538e+08
3.933922e+08
4.021059e+08
4.134875e+08
4.279645e+08
0
0
0
0
0
0
0
0
0
0
0
0
0
3.726187e+08
3.787402e+08
3.869842e+08
3.977049e+08
4.112882e+08
0
0
0
0
0
0
0
0
0
0
0
0
0
0
3.588409e+08
3.646728e+08
3.724878e+08
3.826076e+08
3.9538e+08
0
0
0
0
0
0
0
0
0
0
0
0
0
0
0
3.452573e+08
3.508157e+08
3.582257e+08
3.677801e+08
3.797937e+08
0
0
0
0
0
0
0
0
0
0
0
0
0
0
0
0
3.316783e+08
3.369711e+08
3.439903e+08
3.530008e+08
3.642874e+08
0
0
0
0
0
0
0
0
0
0
3.185047e+08
3.235465e+08
3.302001e+08
3.387052e+08
3.493188e+08
0
0
0
0
0
0
0
0
0
0
3.061603e+08
3.109745e+08
3.172974e+08
3.253489e+08
3.353618e+08
0
0
0
0
0
0
0
0
0
0
2.94844e+08
2.994529e+08
3.054827e+08
3.131328e+08
3.226178e+08
0
0
0
0
0
0
0
0
0
0
2.845956e+08
2.890229e+08
2.947919e+08
3.0209e+08
3.111123e+08
0
0
0
0
0
0
0
0
0
0
5.804662e+08
5.937535e+08
6.127177e+08
6.390421e+08
6.750013e+08
0
0
0
5.537575e+08
5.656231e+08
5.824545e+08
6.055525e+08
6.366375e+08
0
0
0
0
5.306544e+08
5.414724e+08
5.56723e+08
5.774936e+08
6.051208e+08
0
0
0
0
0
5.101473e+08
5.201511e+08
5.341815e+08
5.531581e+08
5.782008e+08
0
0
0
0
0
0
4.912133e+08
5.005497e+08
5.135754e+08
5.310954e+08
5.54054e+08
0
0
0
0
0
0
0
4.727615e+08
4.815024e+08
4.936365e+08
5.098697e+08
5.31021e+08
0
0
0
0
0
0
0
0
4.541726e+08
4.623503e+08
4.736446e+08
4.886764e+08
5.081531e+08
0
0
0
0
0
0
0
0
0
4.359193e+08
4.435798e+08
4.541057e+08
4.680447e+08
4.860128e+08
0
0
0
0
0
0
0
0
0
0
4.185042e+08
4.257036e+08
4.355465e+08
4.485184e+08
4.651599e+08
0
0
0
0
0
0
0
0
0
0
0
4.021454e+08
4.089386e+08
4.1818e+08
4.303038e+08
4.457887e+08
0
0
0
0
0
0
0
0
0
0
0
0
3.8686e+08
3.932967e+08
4.020084e+08
4.133873e+08
4.278611e+08
0
0
0
0
0
0
0
0
0
0
0
0
0
3.725454e+08
3.786656e+08
3.869085e+08
3.976281e+08
4.112105e+08
0
0
0
0
0
0
0
0
0
0
0
0
0
0
3.590096e+08
3.648453e+08
3.726664e+08
3.827953e+08
3.955806e+08
0
0
0
0
0
0
0
0
0
0
0
0
0
0
0
3.459745e+08
3.515484e+08
3.589816e+08
3.685686e+08
3.806261e+08
0
0
0
0
0
0
0
0
0
0
0
0
0
0
0
0
3.331006e+08
3.384244e+08
3.454893e+08
3.545632e+08
3.659342e+08
0
0
0
0
0
0
0
0
0
0
0
0
0
0
0
0
0
3.202102e+08
3.252885e+08
3.31995e+08
3.405724e+08
3.512813e+08
0
0
0
0
0
0
0
0
0
0
3.076838e+08
3.125295e+08
3.188973e+08
3.270098e+08
3.371025e+08
0
0
0
0
0
0
0
0
0
0
2.959301e+08
3.005608e+08
3.066214e+08
3.143132e+08
3.238522e+08
0
0
0
0
0
0
0
0
0
0
2.851406e+08
2.895789e+08
2.953633e+08
3.026818e+08
3.117305e+08
0
0
0
0
0
0
0
0
0
0
2.7536e+08
2.796255e+08
2.851657e+08
2.921527e+08
3.00771e+08
0
0
0
0
0
0
0
0
0
0
5.520992e+08
5.638707e+08
5.80568e+08
6.034748e+08
6.342828e+08
0
0
0
0
5.277863e+08
5.38457e+08
5.534994e+08
5.739768e+08
6.011905e+08
0
0
0
0
0
5.066067e+08
5.16442e+08
5.302349e+08
5.488806e+08
5.734627e+08
0
0
0
0
0
0
4.876969e+08
4.968735e+08
5.096745e+08
5.268825e+08
5.494117e+08
0
0
0
0
0
0
0
4.701538e+08
4.787796e+08
4.907515e+08
5.067597e+08
5.276028e+08
0
0
0
0
0
0
0
0
4.529924e+08
4.611181e+08
4.723399e+08
4.872718e+08
5.066126e+08
0
0
0
0
0
0
0
0
0
4.356522e+08
4.432976e+08
4.538027e+08
4.67713e+08
4.856419e+08
0
0
0
0
0
0
0
0
0
0
4.185772e+08
4.257753e+08
4.356162e+08
4.485852e+08
4.652224e+08
0
0
0
0
0
0
0
0
0
0
0
4.022427e+08
4.090373e+08
4.182805e+08
4.304066e+08
4.458942e+08
0
0
0
0
0
0
0
0
0
0
0
0
3.8686e+08
3.932967e+08
4.020084e+08
4.133873e+08
4.278611e+08
0
0
0
0
0
0
0
0
0
0
0
0
0
3.72455e+08
3.785734e+08
3.868141e+08
3.975308e+08
4.111098e+08
0
0
0
0
0
0
0
0
0
0
0
0
0
0
3.589376e+08
3.647716e+08
3.725909e+08
3.827181e+08
3.955015e+08
0
0
0
0
0
0
0
0
0
0
0
0
0
0
0
3.461314e+08
3.517079e+08
3.591458e+08
3.687401e+08
3.80808e+08
0
0
0
0
0
0
0
0
0
0
0
0
0
0
0
0
3.337779e+08
3.39115e+08
3.462001e+08
3.553025e+08
3.667121e+08
0
0
0
0
0
0
0
0
0
0
0
0
0
0
0
0
0
3.215585e+08
3.266645e+08
3.334118e+08
3.420463e+08
3.52831e+08
0
0
0
0
0
0
0
0
0
0
0
0
0
0
0
0
0
0
3.093044e+08
3.141832e+08
3.205991e+08
3.287772e+08
3.389565e+08
0
0
0
0
0
0
0
0
0
0
2.973808e+08
3.020404e+08
3.081422e+08
3.158897e+08
3.255016e+08
0
0
0
0
0
0
0
0
0
0
2.861765e+08
2.90635e+08
2.964477e+08
3.038045e+08
3.129029e+08
0
0
0
0
0
0
0
0
0
0
2.758803e+08
2.80156e+08
2.857103e+08
2.927163e+08
3.013589e+08
0
0
0
0
0
0
0
0
0
0
2.665402e+08
2.706498e+08
2.759729e+08
2.826688e+08
2.909072e+08
0
0
0
0
0
0
0
0
0
0
5.262781e+08
5.368726e+08
5.518077e+08
5.721345e+08
5.991365e+08
0
0
0
0
0
5.039838e+08
5.136981e+08
5.273208e+08
5.457301e+08
5.699847e+08
0
0
0
0
0
0
4.844461e+08
4.934826e+08
5.060868e+08
5.230228e+08
5.451797e+08
0
0
0
0
0
0
0
4.669174e+08
4.754097e+08
4.871937e+08
5.02943e+08
5.234335e+08
0
0
0
0
0
0
0
0
4.505901e+08
4.586196e+08
4.697057e+08
4.844503e+08
5.035369e+08
0
0
0
0
0
0
0
0
0
4.345671e+08
4.421697e+08
4.526146e+08
4.664423e+08
4.842597e+08
0
0
0
0
0
0
0
0
0
0
4.183369e+08
4.255235e+08
4.35348e+08
4.482943e+08
4.649007e+08
0
0
0
0
0
0
0
0
0
0
0
4.023167e+08
4.09111e+08
4.183537e+08
4.304786e+08
4.459641e+08
0
0
0
0
0
0
0
0
0
0
0
0
3.869538e+08
3.933922e+08
4.021059e+08
4.134875e+08
4.279645e+08
0
0
0
0
0
0
0
0
0
0
0
0
0
3.72455e+08
3.785734e+08
3.868141e+08
3.975308e+08
4.111098e+08
0
0
0
0
0
0
0
0
0
0
0
0
0
0
3.588507e+08
3.646828e+08
3.724996e+08
3.826239e+08
3.954037e+08
0
0
0
0
0
0
0
0
0
0
0
0
0
0
0
3.460611e+08
3.516355e+08
3.590712e+08
3.686631e+08
3.807287e+08
0
0
0
0
0
0
0
0
0
0
0
0
0
0
0
0
3.339248e+08
3.392634e+08
3.46352e+08
3.554602e+08
3.668782e+08
0
0
0
0
0
0
0
0
0
0
0
0
0
0
0
0
0
3.222e+08
3.273174e+08
3.340823e+08
3.427418e+08
3.535606e+08
0
0
0
0
0
0
0
0
0
0
0
0
0
0
0
0
0
0
3.105852e+08
3.154888e+08
3.219414e+08
3.301709e+08
3.404188e+08
0
0
0
0
0
0
0
0
0
0
0
0
0
0
0
0
0
0
0
2.989234e+08
3.036131e+08
3.097587e+08
3.17566e+08
3.272568e+08
0
0
0
0
0
0
0
0
0
0
2.875601e+08
2.92045e+08
2.978956e+08
3.053035e+08
3.144688e+08
0
0
0
0
0
0
0
0
0
0
2.768699e+08
2.81164e+08
2.867446e+08
2.937858e+08
3.024742e+08
0
0
0
0
0
0
0
0
0
0
2.670375e+08
2.711565e+08
2.764927e+08
2.832062e+08
2.914671e+08
0
0
0
0
0
0
0
0
0
0
2.581152e+08
2.620719e+08
2.671874e+08
2.736083e+08
2.814914e+08
0
0
0
0
0
0
0
0
0
0
5.026032e+08
5.122546e+08
5.257893e+08
5.440765e+08
5.681626e+08
0
0
0
0
0
0
4.820339e+08
4.909692e+08
5.034318e+08
5.201724e+08
5.420628e+08
0
0
0
0
0
0
0
4.639176e+08
4.722917e+08
4.8391e+08
4.994317e+08
5.196136e+08
0
0
0
0
0
0
0
0
4.475976e+08
4.555139e+08
4.664408e+08
4.809669e+08
4.997584e+08
0
0
0
0
0
0
0
0
0
4.323439e+08
4.398649e+08
4.501949e+08
4.638644e+08
4.814683e+08
0
0
0
0
0
0
0
0
0
0
4.173342e+08
4.244852e+08
4.342593e+08
4.471364e+08
4.636498e+08
0
0
0
0
0
0
0
0
0
0
0
4.020988e+08
4.088844e+08
4.181142e+08
4.302211e+08
4.45682e+08
0
0
0
0
0
0
0
0
0
0
0
0
3.870279e+08
3.934668e+08
4.02181e+08
4.135626e+08
4.280392e+08
0
0
0
0
0
0
0
0
0
0
0
0
0
3.725454e+08
3.786656e+08
3.869085e+08
3.976281e+08
4.112105e+08
0
0
0
0
0
0
0
0
0
0
0
0
0
0
3.588507e+08
3.646828e+08
3.724996e+08
3.826239e+08
3.954037e+08
0
0
0
0
0
0
0
0
0
0
0
0
0
0
0
3.459777e+08
3.515501e+08
3.589833e+08
3.685721e+08
3.806341e+08
0
0
0
0
0
0
0
0
0
0
0
0
0
0
0
0
3.338567e+08
3.391928e+08
3.462789e+08
3.553844e+08
3.667994e+08
0
0
0
0
0
0
0
0
0
0
0
0
0
0
0
0
0
3.223383e+08
3.274564e+08
3.342238e+08
3.428878e+08
3.537135e+08
0
0
0
0
0
0
0
0
0
0
0
0
0
0
0
0
0
0
3.111944e+08
3.161077e+08
3.225757e+08
3.308273e+08
3.411054e+08
0
0
0
0
0
0
0
0
0
0
0
0
0
0
0
0
0
0
0
3.001424e+08
3.048544e+08
3.110332e+08
3.188871e+08
3.286399e+08
0
0
0
0
0
0
0
0
0
0
0
0
0
0
0
0
0
0
0
0
2.890308e+08
2.935432e+08
2.994339e+08
3.068965e+08
3.16134e+08
0
0
0
0
0
0
0
0
0
0
2.781915e+08
2.825098e+08
2.881252e+08
2.952136e+08
3.039635e+08
0
0
0
0
0
0
0
0
0
0
2.67984e+08
2.721201e+08
2.774805e+08
2.842266e+08
2.925298e+08
0
0
0
0
0
0
0
0
0
0
2.585911e+08
2.625565e+08
2.676843e+08
2.741214e+08
2.820254e+08
0
0
0
0
0
0
0
0
0
0
2.500648e+08
2.538721e+08
2.587867e+08
2.64946e+08
2.724943e+08
0
0
0
0
0
0
0
0
0
0
4.807632e+08
4.896458e+08
5.020348e+08
5.186741e+08
5.404269e+08
0
0
0
0
0
0
0
4.616885e+08
4.699769e+08
4.814753e+08
4.968326e+08
5.167925e+08
0
0
0
0
0
0
0
0
4.448173e+08
4.526326e+08
4.634181e+08
4.777506e+08
4.962819e+08
0
0
0
0
0
0
0
0
0
4.295656e+08
4.369894e+08
4.471828e+08
4.606654e+08
4.780185e+08
0
0
0
0
0
0
0
0
0
0
4.152681e+08
4.223497e+08
4.320251e+08
4.447668e+08
4.610984e+08
0
0
0
0
0
0
0
0
0
0
4.01168e+08
4.079238e+08
4.171111e+08
4.291594e+08
4.445417e+08
0
0
0
0
0
0
0
0
0
0
0
0
3.868292e+08
3.932612e+08
4.019654e+08
4.133328e+08
4.277896e+08
0
0
0
0
0
0
0
0
0
0
0
0
0
3.726187e+08
3.787402e+08
3.869842e+08
3.977049e+08
4.112882e+08
0
0
0
0
0
0
0
0
0
0
0
0
0
0
3.589376e+08
3.647716e+08
3.725909e+08
3.827181e+08
3.955015e+08
0
0
0
0
0
0
0
0
0
0
0
0
0
0
0
3.459777e+08
3.515501e+08
3.589833e+08
3.685721e+08
3.806341e+08
0
0
0
0
0
0
0
0
0
0
0
0
0
0
0
0
3.337767e+08
3.391107e+08
3.461942e+08
3.552967e+08
3.66708e+08
0
0
0
0
0
0
0
0
0
0
0
0
0
0
0
0
0
3.222725e+08
3.27388e+08
3.341525e+08
3.428134e+08
3.536359e+08
0
0
0
0
0
0
0
0
0
0
0
0
0
0
0
0
0
0
3.113253e+08
3.162387e+08
3.227084e+08
3.309633e+08
3.412469e+08
0
0
0
0
0
0
0
0
0
0
0
0
0
0
0
0
0
0
0
3.007223e+08
3.054426e+08
3.116349e+08
3.195084e+08
3.292882e+08
0
0
0
0
0
0
0
0
0
0
0
0
0
0
0
0
0
0
0
0
2.901931e+08
2.947255e+08
3.006464e+08
3.081514e+08
3.174453e+08
0
0
0
0
0
0
0
0
0
0
0
0
0
0
0
0
0
0
0
0
2.795959e+08
2.839393e+08
2.895914e+08
2.967301e+08
3.055463e+08
0
0
0
0
0
0
0
0
0
0
2.69248e+08
2.734065e+08
2.787989e+08
2.855885e+08
2.939486e+08
0
0
0
0
0
0
0
0
0
0
2.594977e+08
2.634787e+08
2.68629e+08
2.750963e+08
2.830395e+08
0
0
0
0
0
0
0
0
0
0
2.505208e+08
2.543362e+08
2.592621e+08
2.654365e+08
2.730043e+08
0
0
0
0
0
0
0
0
0
0
2.423792e+08
2.460316e+08
2.50752e+08
2.5666e+08
2.63891e+08
0
0
0
0
0
0
0
0
0
0
4.605136e+08
4.687571e+08
4.80193e+08
4.954649e+08
5.153096e+08
0
0
0
0
0
0
0
0
4.427489e+08
4.504906e+08
4.611733e+08
4.753655e+08
4.937087e+08
0
0
0
0
0
0
0
0
0
4.269791e+08
4.343156e+08
4.443868e+08
4.577027e+08
4.74833e+08
0
0
0
0
0
0
0
0
0
0
4.126792e+08
4.196767e+08
4.292336e+08
4.418135e+08
4.579293e+08
0
0
0
0
0
0
0
0
0
0
3.992408e+08
4.059369e+08
4.15039e+08
4.2697e+08
4.421957e+08
0
0
0
0
0
0
0
0
0
0
3.859618e+08
3.923685e+08
4.010366e+08
4.12354e+08
4.267437e+08
0
0
0
0
0
0
0
0
0
0
0
0
0
3.724362e+08
3.785526e+08
3.867887e+08
3.97498e+08
4.110654e+08
0
0
0
0
0
0
0
0
0
0
0
0
0
0
3.590096e+08
3.648453e+08
3.726664e+08
3.827953e+08
3.955806e+08
0
0
0
0
0
0
0
0
0
0
0
0
0
0
0
3.460611e+08
3.516355e+08
3.590712e+08
3.686631e+08
3.807287e+08
0
0
0
0
0
0
0
0
0
0
0
0
0
0
0
0
3.337767e+08
3.391107e+08
3.461942e+08
3.552967e+08
3.66708e+08
0
0
0
0
0
0
0
0
0
0
0
0
0
0
0
0
0
3.22196e+08
3.273093e+08
3.340711e+08
3.42729e+08
3.535479e+08
0
0
0
0
0
0
0
0
0
0
0
0
0
0
0
0
0
0
3.11262e+08
3.161727e+08
3.226392e+08
3.308909e+08
3.41171e+08
0
0
0
0
0
0
0
0
0
0
0
0
0
0
0
0
0
0
0
3.008467e+08
3.055668e+08
3.1176e+08
3.19636e+08
3.2942e+08
0
0
0
0
0
0
0
0
0
0
0
0
0
0
0
0
0
0
0
0
2.907463e+08
2.952859e+08
3.012187e+08
3.087412e+08
3.180591e+08
0
0
0
0
0
0
0
0
0
0
0
0
0
0
0
0
0
0
0
0
2.80706e+08
2.850675e+08
2.90747e+08
2.979244e+08
3.067921e+08
0
0
0
0
0
0
0
0
0
0
0
0
0
0
0
0
0
0
0
0
2.705909e+08
2.747725e+08
2.801986e+08
2.870346e+08
2.954556e+08
0
0
0
0
0
0
0
0
0
0
2.607082e+08
2.647098e+08
2.698898e+08
2.763974e+08
2.843931e+08
0
0
0
0
0
0
0
0
0
0
2.5139e+08
2.552201e+08
2.601667e+08
2.663693e+08
2.739733e+08
0
0
0
0
0
0
0
0
0
0
2.428167e+08
2.464765e+08
2.512075e+08
2.571295e+08
2.643787e+08
0
0
0
0
0
0
0
0
0
0
2.350443e+08
2.385417e+08
2.430655e+08
2.487323e+08
2.5566e+08
0
0
0
0
0
0
0
0
0
0
4.416582e+08
4.493612e+08
4.599901e+08
4.741092e+08
4.923545e+08
0
0
0
0
0
0
0
0
0
4.250527e+08
4.323254e+08
4.423074e+08
4.555021e+08
4.724708e+08
0
0
0
0
0
0
0
0
0
0
4.102648e+08
4.171862e+08
4.266363e+08
4.390712e+08
4.54994e+08
0
0
0
0
0
0
0
0
0
0
3.968204e+08
4.034433e+08
4.124418e+08
4.242313e+08
4.39269e+08
0
0
0
0
0
0
0
0
0
0
3.841582e+08
3.905131e+08
3.99107e+08
4.103222e+08
4.245753e+08
0
0
0
0
0
0
0
0
0
0
3.716247e+08
3.777198e+08
3.859247e+08
3.965911e+08
4.101008e+08
0
0
0
0
0
0
0
0
0
0
0
0
0
0
3.588409e+08
3.646729e+08
3.724878e+08
3.826076e+08
3.9538e+08
0
0
0
0
0
0
0
0
0
0
0
0
0
0
0
3.461314e+08
3.517079e+08
3.591458e+08
3.687401e+08
3.80808e+08
0
0
0
0
0
0
0
0
0
0
0
0
0
0
0
0
3.338567e+08
3.391928e+08
3.462789e+08
3.553844e+08
3.667994e+08
0
0
0
0
0
0
0
0
0
0
0
0
0
0
0
0
0
3.22196e+08
3.273093e+08
3.340711e+08
3.42729e+08
3.535479e+08
0
0
0
0
0
0
0
0
0
0
0
0
0
0
0
0
0
0
3.111888e+08
3.160973e+08
3.225612e+08
3.308098e+08
3.410863e+08
0
0
0
0
0
0
0
0
0
0
0
0
0
0
0
0
0
0
0
3.007861e+08
3.055033e+08
3.116933e+08
3.195659e+08
3.293462e+08
0
0
0
0
0
0
0
0
0
0
0
0
0
0
0
0
0
0
0
0
2.908651e+08
2.954041e+08
3.013373e+08
3.088615e+08
3.181828e+08
0
0
0
0
0
0
0
0
0
0
0
0
0
0
0
0
0
0
0
0
2.812349e+08
2.856025e+08
2.912926e+08
2.984857e+08
3.073749e+08
0
0
0
0
0
0
0
0
0
0
0
0
0
0
0
0
0
0
0
0
2.716528e+08
2.758508e+08
2.81302e+08
2.881733e+08
2.966416e+08
0
0
0
0
0
0
0
0
0
0
0
0
0
0
0
0
0
0
0
0
2.619943e+08
2.660169e+08
2.712281e+08
2.777783e+08
2.858303e+08
0
0
0
0
0
0
0
0
0
0
2.525508e+08
2.563999e+08
2.61374e+08
2.676139e+08
2.752666e+08
0
0
0
0
0
0
0
0
0
0
2.436514e+08
2.473246e+08
2.520749e+08
2.58023e+08
2.653059e+08
0
0
0
0
0
0
0
0
0
0
2.354644e+08
2.389688e+08
2.435024e+08
2.491823e+08
2.561268e+08
0
0
0
0
0
0
0
0
0
0
2.280671e+08
2.31389e+08
2.357191e+08
2.411456e+08
2.477836e+08
0
0
0
0
0
0
0
0
0
0
4.240366e+08
4.312756e+08
4.412108e+08
4.543421e+08
4.712265e+08
0
0
0
0
0
0
0
0
0
0
4.084649e+08
4.153304e+08
4.247024e+08
4.370314e+08
4.528138e+08
0
0
0
0
0
0
0
0
0
0
3.945596e+08
4.011158e+08
4.100203e+08
4.216824e+08
4.365512e+08
0
0
0
0
0
0
0
0
0
0
3.818888e+08
3.881792e+08
3.966819e+08
4.077726e+08
4.218605e+08
0
0
0
0
0
0
0
0
0
0
3.699319e+08
3.759816e+08
3.841213e+08
3.946979e+08
4.080879e+08
0
0
0
0
0
0
0
0
0
0
3.580793e+08
3.63893e+08
3.716812e+08
3.817636e+08
3.944859e+08
0
0
0
0
0
0
0
0
0
0
0
0
0
0
0
3.459745e+08
3.515484e+08
3.589816e+08
3.685686e+08
3.806261e+08
0
0
0
0
0
0
0
0
0
0
0
0
0
0
0
0
3.339249e+08
3.392634e+08
3.463521e+08
3.554602e+08
3.668782e+08
0
0
0
0
0
0
0
0
0
0
0
0
0
0
0
0
0
3.222725e+08
3.27388e+08
3.341525e+08
3.428134e+08
3.536359e+08
0
0
0
0
0
0
0
0
0
0
0
0
0
0
0
0
0
0
3.111888e+08
3.160973e+08
3.225612e+08
3.308098e+08
3.410863e+08
0
0
0
0
0
0
0
0
0
0
0
0
0
0
0
0
0
0
0
3.007161e+08
3.054311e+08
3.116186e+08
3.19488e+08
3.292648e+08
0
0
0
0
0
0
0
0
0
0
0
0
0
0
0
0
0
0
0
0
2.908072e+08
2.953432e+08
3.012732e+08
3.087939e+08
3.181113e+08
0
0
0
0
0
0
0
0
0
0
0
0
0
0
0
0
0
0
0
0
2.813489e+08
2.857154e+08
2.914056e+08
2.985998e+08
3.074917e+08
0
0
0
0
0
0
0
0
0
0
0
0
0
0
0
0
0
0
0
0
2.721593e+08
2.763628e+08
2.818232e+08
2.887086e+08
2.971963e+08
0
0
0
0
0
0
0
0
0
0
0
0
0
0
0
0
0
0
0
0
2.630117e+08
2.670491e+08
2.722834e+08
2.78866e+08
2.869615e+08
0
0
0
0
0
0
0
0
0
0
0
0
0
0
0
0
0
0
0
0
2.537839e+08
2.576525e+08
2.626552e+08
2.689347e+08
2.766394e+08
0
0
0
0
0
0
0
0
0
0
2.44766e+08
2.484566e+08
2.532325e+08
2.592151e+08
2.665434e+08
0
0
0
0
0
0
0
0
0
0
2.362665e+08
2.397835e+08
2.44335e+08
2.500392e+08
2.570152e+08
0
0
0
0
0
0
0
0
0
0
2.284711e+08
2.317993e+08
2.361387e+08
2.415773e+08
2.482311e+08
0
0
0
0
0
0
0
0
0
0
2.214434e+08
2.245811e+08
2.287002e+08
2.338923e+08
2.402447e+08
0
0
0
0
0
0
0
0
0
0
4.075154e+08
4.143511e+08
4.236821e+08
4.359556e+08
4.516645e+08
0
0
0
0
0
0
0
0
0
0
3.928729e+08
3.993798e+08
4.082154e+08
4.197841e+08
4.345297e+08
0
0
0
0
0
0
0
0
0
0
3.797661e+08
3.859974e+08
3.94417e+08
4.053948e+08
4.193336e+08
0
0
0
0
0
0
0
0
0
0
3.677984e+08
3.73791e+08
3.818497e+08
3.923159e+08
4.055596e+08
0
0
0
0
0
0
0
0
0
0
3.564859e+08
3.622599e+08
3.699904e+08
3.799931e+08
3.926097e+08
0
0
0
0
0
0
0
0
0
0
3.452573e+08
3.508158e+08
3.582257e+08
3.677801e+08
3.797937e+08
0
0
0
0
0
0
0
0
0
0
0
0
0
0
0
0
3.33778e+08
3.39115e+08
3.462001e+08
3.553026e+08
3.667121e+08
0
0
0
0
0
0
0
0
0
0
0
0
0
0
0
0
0
3.223383e+08
3.274564e+08
3.342238e+08
3.428878e+08
3.537135e+08
0
0
0
0
0
0
0
0
0
0
0
0
0
0
0
0
0
0
3.11262e+08
3.161727e+08
3.226393e+08
3.308909e+08
3.41171e+08
0
0
0
0
0
0
0
0
0
0
0
0
0
0
0
0
0
0
0
3.007161e+08
3.054311e+08
3.116186e+08
3.19488e+08
3.292648e+08
0
0
0
0
0
0
0
0
0
0
0
0
0
0
0
0
0
0
0
0
2.907403e+08
2.952742e+08
3.012016e+08
3.087193e+08
3.180332e+08
0
0
0
0
0
0
0
0
0
0
0
0
0
0
0
0
0
0
0
0
2.812938e+08
2.856573e+08
2.913442e+08
2.985348e+08
3.074228e+08
0
0
0
0
0
0
0
0
0
0
0
0
0
0
0
0
0
0
0
0
2.72269e+08
2.764713e+08
2.819313e+08
2.888174e+08
2.973071e+08
0
0
0
0
0
0
0
0
0
0
0
0
0
0
0
0
0
0
0
0
2.634978e+08
2.675398e+08
2.727824e+08
2.793776e+08
2.874906e+08
0
0
0
0
0
0
0
0
0
0
0
0
0
0
0
0
0
0
0
0
2.5476e+08
2.586422e+08
2.636659e+08
2.699754e+08
2.7772e+08
0
0
0
0
0
0
0
0
0
0
0
0
0
0
0
0
0
0
0
0
2.4595e+08
2.496583e+08
2.544608e+08
2.6048e+08
2.678566e+08
0
0
0
0
0
0
0
0
0
0
2.373377e+08
2.408712e+08
2.454462e+08
2.511827e+08
2.582006e+08
0
0
0
0
0
0
0
0
0
0
2.292432e+08
2.325827e+08
2.36939e+08
2.424001e+08
2.490832e+08
0
0
0
0
0
0
0
0
0
0
2.21832e+08
2.249759e+08
2.291034e+08
2.34307e+08
2.406741e+08
0
0
0
0
0
0
0
0
0
0
2.152233e+08
2.181145e+08
2.220167e+08
2.269601e+08
2.33036e+08
0
0
0
0
0
0
0
0
0
0
3.91983e+08
3.984637e+08
4.072628e+08
4.187825e+08
4.334635e+08
0
0
0
0
0
0
0
0
0
0
3.781813e+08
3.843689e+08
3.927272e+08
4.036221e+08
4.174517e+08
0
0
0
0
0
0
0
0
0
0
3.658005e+08
3.717403e+08
3.797248e+08
3.900906e+08
4.032017e+08
0
0
0
0
0
0
0
0
0
0
3.544752e+08
3.601984e+08
3.678565e+08
3.777607e+08
3.902471e+08
0
0
0
0
0
0
0
0
0
0
3.437538e+08
3.492771e+08
3.566358e+08
3.661194e+08
3.780387e+08
0
0
0
0
0
0
0
0
0
0
3.331006e+08
3.384244e+08
3.454894e+08
3.545632e+08
3.659342e+08
0
0
0
0
0
0
0
0
0
0
0
0
0
0
0
0
0
3.222001e+08
3.273174e+08
3.340823e+08
3.427418e+08
3.535607e+08
0
0
0
0
0
0
0
0
0
0
0
0
0
0
0
0
0
0
3.113253e+08
3.162387e+08
3.227084e+08
3.309633e+08
3.412469e+08
0
0
0
0
0
0
0
0
0
0
0
0
0
0
0
0
0
0
0
3.007861e+08
3.055033e+08
3.116933e+08
3.195659e+08
3.293462e+08
0
0
0
0
0
0
0
0
0
0
0
0
0
0
0
0
0
0
0
0
2.907403e+08
2.952742e+08
3.012016e+08
3.087193e+08
3.180332e+08
0
0
0
0
0
0
0
0
0
0
0
0
0
0
0
0
0
0
0
0
2.812299e+08
2.855913e+08
2.912757e+08
2.984634e+08
3.073479e+08
0
0
0
0
0
0
0
0
0
0
0
0
0
0
0
0
0
0
0
0
2.722166e+08
2.764159e+08
2.818727e+08
2.887552e+08
2.97241e+08
0
0
0
0
0
0
0
0
0
0
0
0
0
0
0
0
0
0
0
0
2.636039e+08
2.676444e+08
2.728864e+08
2.794818e+08
2.875963e+08
0
0
0
0
0
0
0
0
0
0
0
0
0
0
0
0
0
0
0
0
2.552272e+08
2.591135e+08
2.641445e+08
2.704654e+08
2.782259e+08
0
0
0
0
0
0
0
0
0
0
0
0
0
0
0
0
0
0
0
0
2.468879e+08
2.506084e+08
2.554304e+08
2.614771e+08
2.688907e+08
0
0
0
0
0
0
0
0
0
0
0
0
0
0
0
0
0
0
0
0
2.384755e+08
2.420258e+08
2.466252e+08
2.523958e+08
2.594585e+08
0
0
0
0
0
0
0
0
0
0
2.302743e+08
2.336286e+08
2.380071e+08
2.434981e+08
2.502204e+08
0
0
0
0
0
0
0
0
0
0
2.225753e+08
2.257305e+08
2.298733e+08
2.350981e+08
2.414924e+08
0
0
0
0
0
0
0
0
0
0
2.155982e+08
2.184945e+08
2.224048e+08
2.273588e+08
2.334485e+08
0
0
0
0
0
0
0
0
0
0
2.09416e+08
2.120387e+08
2.156654e+08
2.203573e+08
2.261454e+08
0
0
0
0
0
0
0
0
0
0
3.773451e+08
3.835094e+08
3.918353e+08
4.026864e+08
4.164588e+08
0
0
0
0
0
0
0
0
0
0
3.643079e+08
3.702086e+08
3.781383e+08
3.884301e+08
4.014439e+08
0
0
0
0
0
0
0
0
0
0
3.525902e+08
3.582663e+08
3.658578e+08
3.756718e+08
3.880397e+08
0
0
0
0
0
0
0
0
0
0
3.418545e+08
3.473324e+08
3.546262e+08
3.640212e+08
3.758237e+08
0
0
0
0
0
0
0
0
0
0
3.316784e+08
3.369711e+08
3.439903e+08
3.530008e+08
3.642874e+08
0
0
0
0
0
0
0
0
0
0
3.215585e+08
3.266645e+08
3.334119e+08
3.420463e+08
3.52831e+08
0
0
0
0
0
0
0
0
0
0
0
0
0
0
0
0
0
0
3.111944e+08
3.161077e+08
3.225757e+08
3.308273e+08
3.411055e+08
0
0
0
0
0
0
0
0
0
0
0
0
0
0
0
0
0
0
0
3.008467e+08
3.055668e+08
3.1176e+08
3.19636e+08
3.2942e+08
0
0
0
0
0
0
0
0
0
0
0
0
0
0
0
0
0
0
0
0
2.908072e+08
2.953432e+08
3.012732e+08
3.087939e+08
3.181113e+08
0
0
0
0
0
0
0
0
0
0
0
0
0
0
0
0
0
0
0
0
2.812299e+08
2.855913e+08
2.912757e+08
2.984634e+08
3.073479e+08
0
0
0
0
0
0
0
0
0
0
0
0
0
0
0
0
0
0
0
0
2.721557e+08
2.763529e+08
2.818071e+08
2.886868e+08
2.971693e+08
0
0
0
0
0
0
0
0
0
0
0
0
0
0
0
0
0
0
0
0
2.635544e+08
2.675918e+08
2.728305e+08
2.794224e+08
2.87533e+08
0
0
0
0
0
0
0
0
0
0
0
0
0
0
0
0
0
0
0
0
2.553299e+08
2.592147e+08
2.642448e+08
2.705658e+08
2.783272e+08
0
0
0
0
0
0
0
0
0
0
0
0
0
0
0
0
0
0
0
0
2.473379e+08
2.510617e+08
2.558904e+08
2.619473e+08
2.693754e+08
0
0
0
0
0
0
0
0
0
0
0
0
0
0
0
0
0
0
0
0
2.393774e+08
2.429393e+08
2.475564e+08
2.533527e+08
2.604494e+08
0
0
0
0
0
0
0
0
0
0
0
0
0
0
0
0
0
0
0
0
2.313697e+08
2.347388e+08
2.391404e+08
2.446629e+08
2.51427e+08
0
0
0
0
0
0
0
0
0
0
2.23568e+08
2.267378e+08
2.309008e+08
2.361538e+08
2.425845e+08
0
0
0
0
0
0
0
0
0
0
2.163157e+08
2.192212e+08
2.231466e+08
2.2812e+08
2.342354e+08
0
0
0
0
0
0
0
0
0
0
2.097769e+08
2.124054e+08
2.160391e+08
2.207412e+08
2.26542e+08
0
0
0
0
0
0
0
0
0
0
2.041742e+08
2.063631e+08
2.096957e+08
2.140809e+08
2.195812e+08
0
0
0
0
0
0
0
0
0
0
3.635205e+08
3.694001e+08
3.773008e+08
3.875535e+08
4.005161e+08
0
0
0
0
0
0
0
0
0
0
3.511814e+08
3.568223e+08
3.643644e+08
3.74112e+08
3.863927e+08
0
0
0
0
0
0
0
0
0
0
3.400724e+08
3.455079e+08
3.527417e+08
3.620554e+08
3.737512e+08
0
0
0
0
0
0
0
0
0
0
3.298804e+08
3.351325e+08
3.420932e+08
3.510238e+08
3.622051e+08
0
0
0
0
0
0
0
0
0
0
3.202102e+08
3.252886e+08
3.31995e+08
3.405724e+08
3.512813e+08
0
0
0
0
0
0
0
0
0
0
3.105852e+08
3.154888e+08
3.219414e+08
3.301709e+08
3.404188e+08
0
0
0
0
0
0
0
0
0
0
0
0
0
0
0
0
0
0
0
3.007223e+08
3.054427e+08
3.11635e+08
3.195084e+08
3.292882e+08
0
0
0
0
0
0
0
0
0
0
0
0
0
0
0
0
0
0
0
0
2.908651e+08
2.954041e+08
3.013373e+08
3.088615e+08
3.181828e+08
0
0
0
0
0
0
0
0
0
0
0
0
0
0
0
0
0
0
0
0
2.812938e+08
2.856573e+08
2.913442e+08
2.985348e+08
3.074228e+08
0
0
0
0
0
0
0
0
0
0
0
0
0
0
0
0
0
0
0
0
2.721557e+08
2.763529e+08
2.818071e+08
2.886868e+08
2.971693e+08
0
0
0
0
0
0
0
0
0
0
0
0
0
0
0
0
0
0
0
0
2.634962e+08
2.675315e+08
2.727679e+08
2.79357e+08
2.874644e+08
0
0
0
0
0
0
0
0
0
0
0
0
0
0
0
0
0
0
0
0
2.552831e+08
2.591649e+08
2.641917e+08
2.705092e+08
2.782667e+08
0
0
0
0
0
0
0
0
0
0
0
0
0
0
0
0
0
0
0
0
2.47438e+08
2.511599e+08
2.559876e+08
2.620442e+08
2.69473e+08
0
0
0
0
0
0
0
0
0
0
0
0
0
0
0
0
0
0
0
0
2.398111e+08
2.433763e+08
2.479992e+08
2.538048e+08
2.609147e+08
0
0
0
0
0
0
0
0
0
0
0
0
0
0
0
0
0
0
0
0
2.322388e+08
2.356178e+08
2.400362e+08
2.455822e+08
2.523781e+08
0
0
0
0
0
0
0
0
0
0
0
0
0
0
0
0
0
0
0
0
2.246223e+08
2.278072e+08
2.31991e+08
2.372738e+08
2.437432e+08
0
0
0
0
0
0
0
0
0
0
2.172741e+08
2.201915e+08
2.241367e+08
2.291359e+08
2.352856e+08
0
0
0
0
0
0
0
0
0
0
2.104682e+08
2.131073e+08
2.167539e+08
2.214748e+08
2.272993e+08
0
0
0
0
0
0
0
0
0
0
2.045238e+08
2.067163e+08
2.100565e+08
2.144506e+08
2.199632e+08
0
0
0
0
0
0
0
0
0
0
1.995286e+08
2.012379e+08
2.04117e+08
2.0818e+08
2.133407e+08
0
0
0
0
0
0
0
0
0
0
3.504382e+08
3.560603e+08
3.63576e+08
3.732885e+08
3.855232e+08
0
0
0
0
0
0
0
0
0
0
3.387399e+08
3.441435e+08
3.513328e+08
3.605863e+08
3.722036e+08
0
0
0
0
0
0
0
0
0
0
3.281921e+08
3.33406e+08
3.403123e+08
3.491694e+08
3.602541e+08
0
0
0
0
0
0
0
0
0
0
3.185048e+08
3.235465e+08
3.302001e+08
3.387052e+08
3.493189e+08
0
0
0
0
0
0
0
0
0
0
3.093044e+08
3.141832e+08
3.205991e+08
3.287772e+08
3.389565e+08
0
0
0
0
0
0
0
0
0
0
3.001424e+08
3.048544e+08
3.110332e+08
3.188871e+08
3.2864e+08
0
0
0
0
0
0
0
0
0
0
0
0
0
0
0
0
0
0
0
0
2.907463e+08
2.952859e+08
3.012187e+08
3.087412e+08
3.180591e+08
0
0
0
0
0
0
0
0
0
0
0
0
0
0
0
0
0
0
0
0
2.813489e+08
2.857154e+08
2.914056e+08
2.985998e+08
3.074917e+08
0
0
0
0
0
0
0
0
0
0
0
0
0
0
0
0
0
0
0
0
2.722166e+08
2.764159e+08
2.818727e+08
2.887552e+08
2.97241e+08
0
0
0
0
0
0
0
0
0
0
0
0
0
0
0
0
0
0
0
0
2.634962e+08
2.675315e+08
2.727679e+08
2.79357e+08
2.874644e+08
0
0
0
0
0
0
0
0
0
0
0
0
0
0
0
0
0
0
0
0
2.552276e+08
2.591074e+08
2.641319e+08
2.704467e+08
2.782011e+08
0
0
0
0
0
0
0
0
0
0
0
0
0
0
0
0
0
0
0
0
2.473938e+08
2.511128e+08
2.559373e+08
2.619904e+08
2.694154e+08
0
0
0
0
0
0
0
0
0
0
0
0
0
0
0
0
0
0
0
0
2.399084e+08
2.43472e+08
2.480936e+08
2.538988e+08
2.61009e+08
0
0
0
0
0
0
0
0
0
0
0
0
0
0
0
0
0
0
0
0
2.326578e+08
2.360392e+08
2.404632e+08
2.460175e+08
2.528256e+08
0
0
0
0
0
0
0
0
0
0
0
0
0
0
0
0
0
0
0
0
2.254591e+08
2.286547e+08
2.328534e+08
2.381584e+08
2.446572e+08
0
0
0
0
0
0
0
0
0
0
0
0
0
0
0
0
0
0
0
0
2.182921e+08
2.212214e+08
2.251873e+08
2.302136e+08
2.363998e+08
0
0
0
0
0
0
0
0
0
0
2.113913e+08
2.140446e+08
2.177078e+08
2.224539e+08
2.2831e+08
0
0
0
0
0
0
0
0
0
0
2.051939e+08
2.073929e+08
2.10747e+08
2.151576e+08
2.206931e+08
0
0
0
0
0
0
0
0
0
0
1.998645e+08
2.015801e+08
2.044645e+08
2.08537e+08
2.137085e+08
0
0
0
0
0
0
0
0
0
0
1.959044e+08
1.966932e+08
1.990774e+08
2.026641e+08
2.074728e+08
0
0
0
0
0
0
0
0
0
0
3.380371e+08
3.434237e+08
3.505892e+08
3.598108e+08
3.713865e+08
0
0
0
0
0
0
0
0
0
0
3.269293e+08
3.321144e+08
3.389802e+08
3.477828e+08
3.587963e+08
0
0
0
0
0
0
0
0
0
0
3.169024e+08
3.219095e+08
3.285138e+08
3.36952e+08
3.474781e+08
0
0
0
0
0
0
0
0
0
0
3.076838e+08
3.125295e+08
3.188974e+08
3.270098e+08
3.371026e+08
0
0
0
0
0
0
0
0
0
0
2.989234e+08
3.036131e+08
3.097587e+08
3.17566e+08
3.272569e+08
0
0
0
0
0
0
0
0
0
0
2.901931e+08
2.947255e+08
3.006464e+08
3.081514e+08
3.174453e+08
0
0
0
0
0
0
0
0
0
0
0
0
0
0
0
0
0
0
0
0
2.812349e+08
2.856025e+08
2.912926e+08
2.984857e+08
3.073749e+08
0
0
0
0
0
0
0
0
0
0
0
0
0
0
0
0
0
0
0
0
2.72269e+08
2.764713e+08
2.819313e+08
2.888174e+08
2.973072e+08
0
0
0
0
0
0
0
0
0
0
0
0
0
0
0
0
0
0
0
0
2.635544e+08
2.675918e+08
2.728305e+08
2.794224e+08
2.87533e+08
0
0
0
0
0
0
0
0
0
0
0
0
0
0
0
0
0
0
0
0
2.552276e+08
2.591074e+08
2.641319e+08
2.704467e+08
2.782011e+08
0
0
0
0
0
0
0
0
0
0
0
0
0
0
0
0
0
0
0
0
2.473409e+08
2.510579e+08
2.558802e+08
2.619306e+08
2.693527e+08
0
0
0
0
0
0
0
0
0
0
0
0
0
0
0
0
0
0
0
0
2.398666e+08
2.434276e+08
2.48046e+08
2.538478e+08
2.609542e+08
0
0
0
0
0
0
0
0
0
0
0
0
0
0
0
0
0
0
0
0
2.32753e+08
2.361324e+08
2.405554e+08
2.461089e+08
2.529171e+08
0
0
0
0
0
0
0
0
0
0
0
0
0
0
0
0
0
0
0
0
2.258631e+08
2.290621e+08
2.332654e+08
2.385784e+08
2.450881e+08
0
0
0
0
0
0
0
0
0
0
0
0
0
0
0
0
0
0
0
0
2.191007e+08
2.220378e+08
2.260191e+08
2.310655e+08
2.372795e+08
0
0
0
0
0
0
0
0
0
0
0
0
0
0
0
0
0
0
0
0
2.123711e+08
2.150394e+08
2.1872e+08
2.234927e+08
2.293823e+08
0
0
0
0
0
0
0
0
0
0
2.060888e+08
2.08296e+08
2.116689e+08
2.161013e+08
2.216673e+08
0
0
0
0
0
0
0
0
0
0
2.005087e+08
2.022363e+08
2.051304e+08
2.092203e+08
2.144121e+08
0
0
0
0
0
0
0
0
0
0
1.962324e+08
1.970222e+08
1.994143e+08
2.030081e+08
2.07828e+08
0
0
0
0
0
0
0
0
0
0
1.933649e+08
1.931464e+08
1.946069e+08
1.976802e+08
2.019869e+08
0
0
0
0
0
0
0
0
0
0
3.262635e+08
3.314331e+08
3.382773e+08
3.470509e+08
3.580266e+08
0
0
0
0
0
0
0
0
0
0
3.157034e+08
3.206844e+08
3.272519e+08
3.356404e+08
3.461017e+08
0
0
0
0
0
0
0
0
0
0
3.061603e+08
3.109745e+08
3.172974e+08
3.253489e+08
3.353618e+08
0
0
0
0
0
0
0
0
0
0
2.973808e+08
3.020404e+08
3.081422e+08
3.158897e+08
3.255017e+08
0
0
0
0
0
0
0
0
0
0
2.890308e+08
2.935432e+08
2.994339e+08
3.068966e+08
3.16134e+08
0
0
0
0
0
0
0
0
0
0
2.80706e+08
2.850675e+08
2.90747e+08
2.979244e+08
3.067922e+08
0
0
0
0
0
0
0
0
0
0
0
0
0
0
0
0
0
0
0
0
2.721593e+08
2.763628e+08
2.818232e+08
2.887086e+08
2.971963e+08
0
0
0
0
0
0
0
0
0
0
0
0
0
0
0
0
0
0
0
0
2.636039e+08
2.676444e+08
2.728864e+08
2.794818e+08
2.875963e+08
0
0
0
0
0
0
0
0
0
0
0
0
0
0
0
0
0
0
0
0
2.552831e+08
2.591649e+08
2.641917e+08
2.705092e+08
2.782667e+08
0
0
0
0
0
0
0
0
0
0
0
0
0
0
0
0
0
0
0
0
2.473409e+08
2.510579e+08
2.558802e+08
2.619306e+08
2.693527e+08
0
0
0
0
0
0
0
0
0
0
0
0
0
0
0
0
0
0
0
0
2.398161e+08
2.433752e+08
2.479914e+08
2.537907e+08
2.608942e+08
0
0
0
0
0
0
0
0
0
0
0
0
0
0
0
0
0
0
0
0
2.327138e+08
2.360904e+08
2.405105e+08
2.460606e+08
2.528652e+08
0
0
0
0
0
0
0
0
0
0
0
0
0
0
0
0
0
0
0
0
2.259555e+08
2.291535e+08
2.333552e+08
2.386677e+08
2.451772e+08
0
0
0
0
0
0
0
0
0
0
0
0
0
0
0
0
0
0
0
0
2.194923e+08
2.22431e+08
2.264177e+08
2.314709e+08
2.376954e+08
0
0
0
0
0
0
0
0
0
0
0
0
0
0
0
0
0
0
0
0
2.131488e+08
2.158288e+08
2.195218e+08
2.243146e+08
2.302296e+08
0
0
0
0
0
0
0
0
0
0
0
0
0
0
0
0
0
0
0
0
2.070387e+08
2.09254e+08
2.12647e+08
2.171024e+08
2.227011e+08
0
0
0
0
0
0
0
0
0
0
2.01368e+08
2.031122e+08
2.06019e+08
2.101324e+08
2.153512e+08
0
0
0
0
0
0
0
0
0
0
1.968619e+08
1.976532e+08
2.000603e+08
2.036671e+08
2.08508e+08
0
0
0
0
0
0
0
0
0
0
1.936738e+08
1.934678e+08
1.949309e+08
1.980137e+08
2.023293e+08
0
0
0
0
0
0
0
0
0
0
1.906591e+08
1.91117e+08
1.932578e+08
1.970296e+08
0
0
0
0
0
0
0
0
0
0
3.150716e+08
3.200384e+08
3.265861e+08
3.349482e+08
3.453752e+08
0
0
0
0
0
0
0
0
0
0
3.050201e+08
3.098104e+08
3.160997e+08
3.241059e+08
3.340596e+08
0
0
0
0
0
0
0
0
0
0
2.959301e+08
3.005608e+08
3.066215e+08
3.143132e+08
3.238522e+08
0
0
0
0
0
0
0
0
0
0
2.875601e+08
2.92045e+08
2.978956e+08
3.053035e+08
3.144689e+08
0
0
0
0
0
0
0
0
0
0
2.795959e+08
2.839393e+08
2.895914e+08
2.967301e+08
3.055463e+08
0
0
0
0
0
0
0
0
0
0
2.716528e+08
2.758508e+08
2.81302e+08
2.881733e+08
2.966416e+08
0
0
0
0
0
0
0
0
0
0
0
0
0
0
0
0
0
0
0
0
2.634978e+08
2.675398e+08
2.727824e+08
2.793776e+08
2.874906e+08
0
0
0
0
0
0
0
0
0
0
0
0
0
0
0
0
0
0
0
0
2.553299e+08
2.592147e+08
2.642448e+08
2.705658e+08
2.783272e+08
0
0
0
0
0
0
0
0
0
0
0
0
0
0
0
0
0
0
0
0
2.473938e+08
2.511128e+08
2.559373e+08
2.619904e+08
2.694154e+08
0
0
0
0
0
0
0
0
0
0
0
0
0
0
0
0
0
0
0
0
2.398161e+08
2.433752e+08
2.479914e+08
2.537907e+08
2.608942e+08
0
0
0
0
0
0
0
0
0
0
0
0
0
0
0
0
0
0
0
0
2.326656e+08
2.360404e+08
2.404584e+08
2.460061e+08
2.52808e+08
0
0
0
0
0
0
0
0
0
0
0
0
0
0
0
0
0
0
0
0
2.259181e+08
2.29114e+08
2.333128e+08
2.386222e+08
2.45128e+08
0
0
0
0
0
0
0
0
0
0
0
0
0
0
0
0
0
0
0
0
2.195831e+08
2.225196e+08
2.265058e+08
2.31558e+08
2.377825e+08
0
0
0
0
0
0
0
0
0
0
0
0
0
0
0
0
0
0
0
0
2.135251e+08
2.162102e+08
2.199065e+08
2.24707e+08
2.306311e+08
0
0
0
0
0
0
0
0
0
0
0
0
0
0
0
0
0
0
0
0
2.07793e+08
2.100136e+08
2.134224e+08
2.178948e+08
2.235187e+08
0
0
0
0
0
0
0
0
0
0
0
0
0
0
0
0
0
0
0
0
2.022778e+08
2.040413e+08
2.069612e+08
2.111e+08
2.163475e+08
0
0
0
0
0
0
0
0
0
0
1.977014e+08
1.984945e+08
2.009224e+08
2.045465e+08
2.094158e+08
0
0
0
0
0
0
0
0
0
0
1.942656e+08
1.940845e+08
1.955522e+08
1.986531e+08
2.029852e+08
0
0
0
0
0
0
0
0
0
0
1.909617e+08
1.914336e+08
1.935786e+08
1.973616e+08
0
0
0
0
0
0
0
0
0
0
1.88668e+08
1.898049e+08
1.926303e+08
0
0
0
0
0
0
0
0
0
0
3.044195e+08
3.091969e+08
3.15468e+08
3.2345e+08
3.333724e+08
0
0
0
0
0
0
0
0
0
0
2.94844e+08
2.994529e+08
3.054827e+08
3.131329e+08
3.226178e+08
0
0
0
0
0
0
0
0
0
0
2.861765e+08
2.90635e+08
2.964478e+08
3.038045e+08
3.129029e+08
0
0
0
0
0
0
0
0
0
0
2.781914e+08
2.825098e+08
2.881252e+08
2.952136e+08
3.039635e+08
0
0
0
0
0
0
0
0
0
0
2.705909e+08
2.747725e+08
2.801986e+08
2.870346e+08
2.954556e+08
0
0
0
0
0
0
0
0
0
0
2.630117e+08
2.670491e+08
2.722834e+08
2.78866e+08
2.869615e+08
0
0
0
0
0
0
0
0
0
0
0
0
0
0
0
0
0
0
0
0
2.552272e+08
2.591135e+08
2.641445e+08
2.704654e+08
2.782259e+08
0
0
0
0
0
0
0
0
0
0
0
0
0
0
0
0
0
0
0
0
2.47438e+08
2.511599e+08
2.559876e+08
2.620442e+08
2.69473e+08
0
0
0
0
0
0
0
0
0
0
0
0
0
0
0
0
0
0
0
0
2.398666e+08
2.434276e+08
2.48046e+08
2.538478e+08
2.609542e+08
0
0
0
0
0
0
0
0
0
0
0
0
0
0
0
0
0
0
0
0
2.326656e+08
2.360404e+08
2.404584e+08
2.460061e+08
2.52808e+08
0
0
0
0
0
0
0
0
0
0
0
0
0
0
0
0
0
0
0
0
2.258718e+08
2.290663e+08
2.33263e+08
2.385702e+08
2.450733e+08
0
0
0
0
0
0
0
0
0
0
0
0
0
0
0
0
0
0
0
0
2.195482e+08
2.22482e+08
2.264659e+08
2.315149e+08
2.377362e+08
0
0
0
0
0
0
0
0
0
0
0
0
0
0
0
0
0
0
0
0
2.136115e+08
2.162975e+08
2.199922e+08
2.247926e+08
2.307162e+08
0
0
0
0
0
0
0
0
0
0
0
0
0
0
0
0
0
0
0
0
2.081593e+08
2.103801e+08
2.137959e+08
2.182737e+08
2.239074e+08
0
0
0
0
0
0
0
0
0
0
0
0
0
0
0
0
0
0
0
0
2.029972e+08
2.047784e+08
2.077076e+08
2.118666e+08
2.171359e+08
0
0
0
0
0
0
0
0
0
0
0
0
0
0
0
0
0
0
0
0
1.985901e+08
1.993848e+08
2.018365e+08
2.054788e+08
2.103789e+08
0
0
0
0
0
0
0
0
0
0
1.950514e+08
1.949068e+08
1.963804e+08
1.995065e+08
2.038605e+08
0
0
0
0
0
0
0
0
0
0
1.915417e+08
1.92041e+08
1.941938e+08
1.979981e+08
0
0
0
0
0
0
0
0
0
0
1.889661e+08
1.901183e+08
1.929496e+08
0
0
0
0
0
0
0
0
0
0
1.873807e+08
1.89195e+08
0
0
0
0
0
0
0
0
0
0
2.942723e+08
2.988692e+08
3.048824e+08
3.125104e+08
3.219666e+08
0
0
0
0
0
0
0
0
0
0
2.851406e+08
2.895789e+08
2.953633e+08
3.026818e+08
3.117306e+08
0
0
0
0
0
0
0
0
0
0
2.768699e+08
2.81164e+08
2.867446e+08
2.937858e+08
3.024742e+08
0
0
0
0
0
0
0
0
0
0
2.692479e+08
2.734065e+08
2.787989e+08
2.855885e+08
2.939486e+08
0
0
0
0
0
0
0
0
0
0
2.619943e+08
2.660169e+08
2.712281e+08
2.777783e+08
2.858303e+08
0
0
0
0
0
0
0
0
0
0
2.5476e+08
2.586422e+08
2.636659e+08
2.699754e+08
2.7772e+08
0
0
0
0
0
0
0
0
0
0
0
0
0
0
0
0
0
0
0
0
2.473379e+08
2.510617e+08
2.558904e+08
2.619473e+08
2.693754e+08
0
0
0
0
0
0
0
0
0
0
0
0
0
0
0
0
0
0
0
0
2.399084e+08
2.43472e+08
2.480936e+08
2.538988e+08
2.61009e+08
0
0
0
0
0
0
0
0
0
0
0
0
0
0
0
0
0
0
0
0
2.327138e+08
2.360904e+08
2.405105e+08
2.460606e+08
2.528652e+08
0
0
0
0
0
0
0
0
0
0
0
0
0
0
0
0
0
0
0
0
2.258718e+08
2.290663e+08
2.33263e+08
2.385702e+08
2.450733e+08
0
0
0
0
0
0
0
0
0
0
0
0
0
0
0
0
0
0
0
0
2.19504e+08
2.224362e+08
2.264185e+08
2.314652e+08
2.37684e+08
0
0
0
0
0
0
0
0
0
0
0
0
0
0
0
0
0
0
0
0
2.135769e+08
2.162622e+08
2.199541e+08
2.247521e+08
2.306723e+08
0
0
0
0
0
0
0
0
0
0
0
0
0
0
0
0
0
0
0
0
2.082449e+08
2.104633e+08
2.138803e+08
2.183569e+08
2.23991e+08
0
0
0
0
0
0
0
0
0
0
0
0
0
0
0
0
0
0
0
0
2.033431e+08
2.051355e+08
2.080667e+08
2.122346e+08
2.175114e+08
0
0
0
0
0
0
0
0
0
0
0
0
0
0
0
0
0
0
0
0
1.99293e+08
2.00088e+08
2.025611e+08
2.062169e+08
2.111417e+08
0
0
0
0
0
0
0
0
0
0
0
0
0
0
0
0
0
0
0
0
1.958758e+08
1.957767e+08
1.972566e+08
2.004111e+08
2.047886e+08
0
0
0
0
0
0
0
0
0
0
1.923114e+08
1.928507e+08
1.950137e+08
1.988475e+08
0
0
0
0
0
0
0
0
0
0
1.895374e+08
1.907198e+08
1.935619e+08
0
0
0
0
0
0
0
0
0
0
1.876759e+08
1.89507e+08
0
0
0
0
0
0
0
0
0
0
1.867826e+08
0
0
0
0
0
0
0
0
0
0
2.845956e+08
2.890229e+08
2.947919e+08
3.0209e+08
3.111123e+08
0
0
0
0
0
0
0
0
0
0
2.758803e+08
2.80156e+08
2.857103e+08
2.927163e+08
3.013589e+08
0
0
0
0
0
0
0
0
0
0
2.67984e+08
2.721201e+08
2.774805e+08
2.842266e+08
2.925298e+08
0
0
0
0
0
0
0
0
0
0
2.607082e+08
2.647098e+08
2.698898e+08
2.763974e+08
2.843931e+08
0
0
0
0
0
0
0
0
0
0
2.537839e+08
2.576525e+08
2.626552e+08
2.689347e+08
2.766394e+08
0
0
0
0
0
0
0
0
0
0
2.468879e+08
2.506084e+08
2.554304e+08
2.614771e+08
2.688907e+08
0
0
0
0
0
0
0
0
0
0
0
0
0
0
0
0
0
0
0
0
2.398111e+08
2.433763e+08
2.479992e+08
2.538048e+08
2.609147e+08
0
0
0
0
0
0
0
0
0
0
0
0
0
0
0
0
0
0
0
0
2.32753e+08
2.361324e+08
2.405554e+08
2.461089e+08
2.529171e+08
0
0
0
0
0
0
0
0
0
0
0
0
0
0
0
0
0
0
0
0
2.259181e+08
2.29114e+08
2.333128e+08
2.386222e+08
2.45128e+08
0
0
0
0
0
0
0
0
0
0
0
0
0
0
0
0
0
0
0
0
2.19504e+08
2.224362e+08
2.264185e+08
2.314652e+08
2.37684e+08
0
0
0
0
0
0
0
0
0
0
0
0
0
0
0
0
0
0
0
0
2.135338e+08
2.162185e+08
2.199085e+08
2.247047e+08
2.306224e+08
0
0
0
0
0
0
0
0
0
0
0
0
0
0
0
0
0
0
0
0
2.082126e+08
2.104285e+08
2.138447e+08
2.183183e+08
2.239497e+08
0
0
0
0
0
0
0
0
0
0
0
0
0
0
0
0
0
0
0
0
2.034194e+08
2.052179e+08
2.081472e+08
2.123166e+08
2.175927e+08
0
0
0
0
0
0
0
0
0
0
0
0
0
0
0
0
0
0
0
0
1.996327e+08
2.004252e+08
2.029111e+08
2.065708e+08
2.115064e+08
0
0
0
0
0
0
0
0
0
0
0
0
0
0
0
0
0
0
0
0
1.965151e+08
1.96464e+08
1.979481e+08
2.011279e+08
2.055231e+08
0
0
0
0
0
0
0
0
0
0
0
0
0
0
0
0
0
0
0
0
1.931184e+08
1.93707e+08
1.95881e+08
1.997482e+08
0
0
0
0
0
0
0
0
0
0
1.902954e+08
1.915216e+08
1.943783e+08
0
0
0
0
0
0
0
0
0
0
1.882417e+08
1.901058e+08
0
0
0
0
0
0
0
0
0
0
1.870765e+08
0
0
0
0
0
0
0
0
0
0
0
0
0
0
0
0
0
0
0
0
2.7536e+08
2.796255e+08
2.851657e+08
2.921527e+08
3.00771e+08
0
0
0
0
0
0
0
0
0
0
2.670375e+08
2.711565e+08
2.764927e+08
2.832062e+08
2.914671e+08
0
0
0
0
0
0
0
0
0
0
2.594977e+08
2.634787e+08
2.68629e+08
2.750963e+08
2.830395e+08
0
0
0
0
0
0
0
0
0
0
2.525508e+08
2.563999e+08
2.61374e+08
2.676139e+08
2.752666e+08
0
0
0
0
0
0
0
0
0
0
2.4595e+08
2.496583e+08
2.544608e+08
2.6048e+08
2.678566e+08
0
0
0
0
0
0
0
0
0
0
2.393774e+08
2.429393e+08
2.475564e+08
2.533527e+08
2.604494e+08
0
0
0
0
0
0
0
0
0
0
0
0
0
0
0
0
0
0
0
0
2.326578e+08
2.360392e+08
2.404632e+08
2.460175e+08
2.528256e+08
0
0
0
0
0
0
0
0
0
0
0
0
0
0
0
0
0
0
0
0
2.259555e+08
2.291535e+08
2.333552e+08
2.386677e+08
2.451772e+08
0
0
0
0
0
0
0
0
0
0
0
0
0
0
0
0
0
0
0
0
2.195482e+08
2.22482e+08
2.264659e+08
2.315149e+08
2.377362e+08
0
0
0
0
0
0
0
0
0
0
0
0
0
0
0
0
0
0
0
0
2.135338e+08
2.162185e+08
2.199085e+08
2.247047e+08
2.306224e+08
0
0
0
0
0
0
0
0
0
0
0
0
0
0
0
0
0
0
0
0
2.081714e+08
2.103858e+08
2.138012e+08
2.182727e+08
2.239021e+08
0
0
0
0
0
0
0
0
0
0
0
0
0
0
0
0
0
0
0
0
2.033837e+08
2.051854e+08
2.08112e+08
2.122804e+08
2.175533e+08
0
0
0
0
0
0
0
0
0
0
0
0
0
0
0
0
0
0
0
0
1.997095e+08
2.004987e+08
2.029909e+08
2.066491e+08
2.115867e+08
0
0
0
0
0
0
0
0
0
0
0
0
0
0
0
0
0
0
0
0
1.968075e+08
1.967954e+08
1.982787e+08
2.014729e+08
2.058739e+08
0
0
0
0
0
0
0
0
0
0
0
0
0
0
0
0
0
0
0
0
1.937435e+08
1.94383e+08
1.965651e+08
2.004615e+08
0
0
0
0
0
0
0
0
0
0
0
0
0
0
0
0
0
0
0
0
1.910898e+08
1.923693e+08
1.952417e+08
0
0
0
0
0
0
0
0
0
0
1.889923e+08
1.90904e+08
0
0
0
0
0
0
0
0
0
0
1.876397e+08
0
0
0
0
0
0
0
0
0
0
0
0
0
0
0
0
0
0
0
0
0
0
0
0
0
0
0
0
0
2.665402e+08
2.706498e+08
2.759729e+08
2.826688e+08
2.909072e+08
0
0
0
0
0
0
0
0
0
0
2.585911e+08
2.625565e+08
2.676843e+08
2.741214e+08
2.820254e+08
0
0
0
0
0
0
0
0
0
0
2.5139e+08
2.552201e+08
2.601667e+08
2.663693e+08
2.739733e+08
0
0
0
0
0
0
0
0
0
0
2.44766e+08
2.484566e+08
2.532325e+08
2.592151e+08
2.665434e+08
0
0
0
0
0
0
0
0
0
0
2.384755e+08
2.420258e+08
2.466252e+08
2.523958e+08
2.594585e+08
0
0
0
0
0
0
0
0
0
0
2.322388e+08
2.356178e+08
2.400362e+08
2.455822e+08
2.523781e+08
0
0
0
0
0
0
0
0
0
0
0
0
0
0
0
0
0
0
0
0
2.258631e+08
2.290621e+08
2.332654e+08
2.385784e+08
2.450881e+08
0
0
0
0
0
0
0
0
0
0
0
0
0
0
0
0
0
0
0
0
2.195831e+08
2.225196e+08
2.265058e+08
2.31558e+08
2.377825e+08
0
0
0
0
0
0
0
0
0
0
0
0
0
0
0
0
0
0
0
0
2.135769e+08
2.162622e+08
2.199541e+08
2.247521e+08
2.306723e+08
0
0
0
0
0
0
0
0
0
0
0
0
0
0
0
0
0
0
0
0
2.081714e+08
2.103858e+08
2.138012e+08
2.182727e+08
2.239021e+08
0
0
0
0
0
0
0
0
0
0
0
0
0
0
0
0
0
0
0
0
2.033416e+08
2.051446e+08
2.080695e+08
2.12237e+08
2.175076e+08
0
0
0
0
0
0
0
0
0
0
0
0
0
0
0
0
0
0
0
0
1.996764e+08
2.004629e+08
2.02958e+08
2.066134e+08
2.115498e+08
0
0
0
0
0
0
0
0
0
0
0
0
0
0
0
0
0
0
0
0
1.968536e+08
1.968695e+08
1.983498e+08
2.015507e+08
2.059505e+08
0
0
0
0
0
0
0
0
0
0
0
0
0
0
0
0
0
0
0
0
1.940286e+08
1.94708e+08
1.96891e+08
2.008035e+08
0
0
0
0
0
0
0
0
0
0
0
0
0
0
0
0
0
0
0
0
1.917047e+08
1.930382e+08
1.959226e+08
0
0
0
0
0
0
0
0
0
0
0
0
0
0
0
0
0
0
0
0
1.897788e+08
1.917481e+08
0
0
0
0
0
0
0
0
0
0
1.883871e+08
0
0
0
0
0
0
0
0
0
0
0
0
0
0
0
0
0
0
0
0
0
0
0
0
0
0
0
0
0
0
0
0
0
0
0
0
0
2.581152e+08
2.620719e+08
2.671874e+08
2.736083e+08
2.814914e+08
0
0
0
0
0
0
0
0
0
0
2.505208e+08
2.543362e+08
2.592621e+08
2.654365e+08
2.730043e+08
0
0
0
0
0
0
0
0
0
0
2.436514e+08
2.473246e+08
2.520749e+08
2.58023e+08
2.653059e+08
0
0
0
0
0
0
0
0
0
0
2.373377e+08
2.408712e+08
2.454462e+08
2.511827e+08
2.582006e+08
0
0
0
0
0
0
0
0
0
0
2.313697e+08
2.347388e+08
2.391404e+08
2.446629e+08
2.51427e+08
0
0
0
0
0
0
0
0
0
0
2.254591e+08
2.286547e+08
2.328534e+08
2.381584e+08
2.446572e+08
0
0
0
0
0
0
0
0
0
0
0
0
0
0
0
0
0
0
0
0
2.194923e+08
2.22431e+08
2.264177e+08
2.314709e+08
2.376954e+08
0
0
0
0
0
0
0
0
0
0
0
0
0
0
0
0
0
0
0
0
2.136115e+08
2.162974e+08
2.199922e+08
2.247926e+08
2.307162e+08
0
0
0
0
0
0
0
0
0
0
0
0
0
0
0
0
0
0
0
0
2.082126e+08
2.104285e+08
2.138447e+08
2.183183e+08
2.239497e+08
0
0
0
0
0
0
0
0
0
0
0
0
0
0
0
0
0
0
0
0
2.033416e+08
2.051446e+08
2.080695e+08
2.12237e+08
2.175076e+08
0
0
0
0
0
0
0
0
0
0
0
0
0
0
0
0
0
0
0
0
1.996361e+08
2.004212e+08
2.029175e+08
2.065709e+08
2.115061e+08
0
0
0
0
0
0
0
0
0
0
0
0
0
0
0
0
0
0
0
0
1.968024e+08
1.968362e+08
1.983137e+08
2.015172e+08
2.059141e+08
0
0
0
0
0
0
0
0
0
0
0
0
0
0
0
0
0
0
0
0
1.940726e+08
1.947798e+08
1.969602e+08
2.008797e+08
0
0
0
0
0
0
0
0
0
0
0
0
0
0
0
0
0
0
0
0
1.919841e+08
1.933587e+08
1.962458e+08
0
0
0
0
0
0
0
0
0
0
0
0
0
0
0
0
0
0
0
0
1.903871e+08
1.924138e+08
0
0
0
0
0
0
0
0
0
0
0
0
0
0
0
0
0
0
0
0
1.891701e+08
0
0
0
0
0
0
0
0
0
0
0
0
0
0
0
0
0
0
0
0
0
0
0
0
0
0
0
0
0
0
0
0
0
0
0
0
0
0
0
0
0
0
0
0
2.500648e+08
2.538721e+08
2.587867e+08
2.64946e+08
2.724943e+08
0
0
0
0
0
0
0
0
0
0
2.428167e+08
2.464765e+08
2.512075e+08
2.571295e+08
2.643787e+08
0
0
0
0
0
0
0
0
0
0
2.362665e+08
2.397835e+08
2.44335e+08
2.500392e+08
2.570152e+08
0
0
0
0
0
0
0
0
0
0
2.302743e+08
2.336286e+08
2.380071e+08
2.434981e+08
2.502204e+08
0
0
0
0
0
0
0
0
0
0
2.246223e+08
2.278072e+08
2.31991e+08
2.372738e+08
2.437432e+08
0
0
0
0
0
0
0
0
0
0
2.191006e+08
2.220378e+08
2.260191e+08
2.310655e+08
2.372795e+08
0
0
0
0
0
0
0
0
0
0
0
0
0
0
0
0
0
0
0
0
2.135251e+08
2.162101e+08
2.199065e+08
2.24707e+08
2.306311e+08
0
0
0
0
0
0
0
0
0
0
0
0
0
0
0
0
0
0
0
0
2.082449e+08
2.104633e+08
2.138803e+08
2.183569e+08
2.23991e+08
0
0
0
0
0
0
0
0
0
0
0
0
0
0
0
0
0
0
0
0
2.033837e+08
2.051854e+08
2.08112e+08
2.122804e+08
2.175533e+08
0
0
0
0
0
0
0
0
0
0
0
0
0
0
0
0
0
0
0
0
1.996361e+08
2.004212e+08
2.029175e+08
2.065709e+08
2.115061e+08
0
0
0
0
0
0
0
0
0
0
0
0
0
0
0
0
0
0
0
0
1.967537e+08
1.967964e+08
1.982723e+08
2.014767e+08
2.058715e+08
0
0
0
0
0
0
0
0
0
0
0
0
0
0
0
0
0
0
0
0
1.940216e+08
1.947463e+08
1.969237e+08
2.008456e+08
0
0
0
0
0
0
0
0
0
0
0
0
0
0
0
0
0
0
0
0
1.920263e+08
1.934286e+08
1.963134e+08
0
0
0
0
0
0
0
0
0
0
0
0
0
0
0
0
0
0
0
0
1.906625e+08
1.927316e+08
0
0
0
0
0
0
0
0
0
0
0
0
0
0
0
0
0
0
0
0
1.897756e+08
0
0
0
0
0
0
0
0
0
0
0
0
0
0
0
0
0
0
0
0
0
0
0
0
0
0
0
0
0
0
0
0
0
0
0
0
0
0
0
0
0
0
0
0
0
0
0
0
0
0
0
0
0
0
0
0
0
0
0
0
2.423792e+08
2.460316e+08
2.50752e+08
2.5666e+08
2.63891e+08
0
0
0
0
0
0
0
0
0
0
2.354644e+08
2.389688e+08
2.435024e+08
2.491823e+08
2.561268e+08
0
0
0
0
0
0
0
0
0
0
2.292432e+08
2.325827e+08
2.36939e+08
2.424001e+08
2.490832e+08
0
0
0
0
0
0
0
0
0
0
2.23568e+08
2.267378e+08
2.309008e+08
2.361538e+08
2.425845e+08
0
0
0
0
0
0
0
0
0
0
2.182921e+08
2.212214e+08
2.251873e+08
2.302136e+08
2.363998e+08
0
0
0
0
0
0
0
0
0
0
2.131488e+08
2.158288e+08
2.195218e+08
2.243146e+08
2.302296e+08
0
0
0
0
0
0
0
0
0
0
0
0
0
0
0
0
0
0
0
0
2.081593e+08
2.103801e+08
2.137959e+08
2.182737e+08
2.239074e+08
0
0
0
0
0
0
0
0
0
0
0
0
0
0
0
0
0
0
0
0
2.034194e+08
2.052179e+08
2.081472e+08
2.123166e+08
2.175927e+08
0
0
0
0
0
0
0
0
0
0
0
0
0
0
0
0
0
0
0
0
1.996764e+08
2.004629e+08
2.02958e+08
2.066134e+08
2.115498e+08
0
0
0
0
0
0
0
0
0
0
0
0
0
0
0
0
0
0
0
0
1.967537e+08
1.967964e+08
1.982723e+08
2.014767e+08
2.058715e+08
0
0
0
0
0
0
0
0
0
0
0
0
0
0
0
0
0
0
0
0
1.939736e+08
1.947066e+08
1.968823e+08
2.008049e+08
0
0
0
0
0
0
0
0
0
0
0
0
0
0
0
0
0
0
0
0
1.919753e+08
1.933947e+08
1.962763e+08
0
0
0
0
0
0
0
0
0
0
0
0
0
0
0
0
0
0
0
0
1.907032e+08
1.928001e+08
0
0
0
0
0
0
0
0
0
0
0
0
0
0
0
0
0
0
0
0
1.900485e+08
0
0
0
0
0
0
0
0
0
0
0
0
0
0
0
0
0
0
0
0
0
0
0
0
0
0
0
0
0
0
0
0
0
0
0
0
0
0
0
0
0
0
0
0
0
0
0
0
0
0
0
0
0
0
0
0
0
0
0
0
0
0
0
0
0
0
0
0
0
0
0
0
0
0
0
2.350443e+08
2.385417e+08
2.430655e+08
2.487323e+08
2.5566e+08
0
0
0
0
0
0
0
0
0
0
2.284711e+08
2.317993e+08
2.361386e+08
2.415773e+08
2.482311e+08
0
0
0
0
0
0
0
0
0
0
2.225753e+08
2.257305e+08
2.298733e+08
2.350981e+08
2.414924e+08
0
0
0
0
0
0
0
0
0
0
2.172741e+08
2.201915e+08
2.241367e+08
2.291359e+08
2.352856e+08
0
0
0
0
0
0
0
0
0
0
2.123711e+08
2.150394e+08
2.1872e+08
2.234927e+08
2.293823e+08
0
0
0
0
0
0
0
0
0
0
2.07793e+08
2.100136e+08
2.134224e+08
2.178948e+08
2.235187e+08
0
0
0
0
0
0
0
0
0
0
0
0
0
0
0
0
0
0
0
0
2.03343e+08
2.051355e+08
2.080667e+08
2.122346e+08
2.175114e+08
0
0
0
0
0
0
0
0
0
0
0
0
0
0
0
0
0
0
0
0
1.997095e+08
2.004987e+08
2.029909e+08
2.066491e+08
2.115867e+08
0
0
0
0
0
0
0
0
0
0
0
0
0
0
0
0
0
0
0
0
1.968024e+08
1.968362e+08
1.983137e+08
2.015172e+08
2.059141e+08
0
0
0
0
0
0
0
0
0
0
0
0
0
0
0
0
0
0
0
0
1.939736e+08
1.947066e+08
1.968823e+08
2.008049e+08
0
0
0
0
0
0
0
0
0
0
0
0
0
0
0
0
0
0
0
0
1.919276e+08
1.93355e+08
1.962347e+08
0
0
0
0
0
0
0
0
0
0
0
0
0
0
0
0
0
0
0
0
1.906519e+08
1.927656e+08
0
0
0
0
0
0
0
0
0
0
0
0
0
0
0
0
0
0
0
0
1.900879e+08
0
0
0
0
0
0
0
0
0
0
0
0
0
0
0
0
0
0
0
0
0
0
0
0
0
0
0
0
0
0
0
0
0
0
0
0
0
0
0
0
0
0
0
0
0
0
0
0
0
0
0
0
0
0
0
0
0
0
0
0
0
0
0
0
0
0
0
0
0
0
0
0
0
0
0
0
0
0
0
0
0
0
0
0
0
0
0
0
0
2.280671e+08
2.31389e+08
2.357191e+08
2.411456e+08
2.477836e+08
0
0
0
0
0
0
0
0
0
0
2.21832e+08
2.249759e+08
2.291034e+08
2.34307e+08
2.406741e+08
0
0
0
0
0
0
0
0
0
0
2.163157e+08
2.192212e+08
2.231466e+08
2.2812e+08
2.342354e+08
0
0
0
0
0
0
0
0
0
0
2.113913e+08
2.140445e+08
2.177078e+08
2.224539e+08
2.2831e+08
0
0
0
0
0
0
0
0
0
0
2.070387e+08
2.09254e+08
2.12647e+08
2.171024e+08
2.227011e+08
0
0
0
0
0
0
0
0
0
0
2.029972e+08
2.047784e+08
2.077076e+08
2.118666e+08
2.171359e+08
0
0
0
0
0
0
0
0
0
0
0
0
0
0
0
0
0
0
0
0
1.996327e+08
2.004252e+08
2.029111e+08
2.065708e+08
2.115064e+08
0
0
0
0
0
0
0
0
0
0
0
0
0
0
0
0
0
0
0
0
1.968536e+08
1.968695e+08
1.983498e+08
2.015506e+08
2.059505e+08
0
0
0
0
0
0
0
0
0
0
0
0
0
0
0
0
0
0
0
0
1.940216e+08
1.947463e+08
1.969237e+08
2.008456e+08
0
0
0
0
0
0
0
0
0
0
0
0
0
0
0
0
0
0
0
0
1.919276e+08
1.93355e+08
1.962347e+08
0
0
0
0
0
0
0
0
0
0
0
0
0
0
0
0
0
0
0
0
1.906043e+08
1.927258e+08
0
0
0
0
0
0
0
0
0
0
0
0
0
0
0
0
0
0
0
0
1.900362e+08
0
0
0
0
0
0
0
0
0
0
0
0
0
0
0
0
0
0
0
0
0
0
0
0
0
0
0
0
0
0
0
0
0
0
0
0
0
0
0
0
0
0
0
0
0
0
0
0
0
0
0
0
0
0
0
0
0
0
0
0
0
0
0
0
0
0
0
0
0
0
0
0
0
0
0
0
0
0
0
0
0
0
0
0
0
0
0
0
0
0
0
0
0
0
0
0
0
0
0
0
0
0
2.214434e+08
2.245811e+08
2.287002e+08
2.338923e+08
2.402447e+08
0
0
0
0
0
0
0
0
0
0
2.155981e+08
2.184945e+08
2.224048e+08
2.273588e+08
2.334485e+08
0
0
0
0
0
0
0
0
0
0
2.104682e+08
2.131073e+08
2.167539e+08
2.214748e+08
2.272993e+08
0
0
0
0
0
0
0
0
0
0
2.060888e+08
2.08296e+08
2.116689e+08
2.161013e+08
2.216673e+08
0
0
0
0
0
0
0
0
0
0
2.022778e+08
2.040413e+08
2.069612e+08
2.111e+08
2.163475e+08
0
0
0
0
0
0
0
0
0
0
1.99293e+08
2.00088e+08
2.025611e+08
2.062169e+08
2.111417e+08
0
0
0
0
0
0
0
0
0
0
0
0
0
0
0
0
0
0
0
0
1.968075e+08
1.967954e+08
1.982787e+08
2.014729e+08
2.058739e+08
0
0
0
0
0
0
0
0
0
0
0
0
0
0
0
0
0
0
0
0
1.940726e+08
1.947798e+08
1.969602e+08
2.008797e+08
0
0
0
0
0
0
0
0
0
0
0
0
0
0
0
0
0
0
0
0
1.919753e+08
1.933947e+08
1.962763e+08
0
0
0
0
0
0
0
0
0
0
0
0
0
0
0
0
0
0
0
0
1.906043e+08
1.927258e+08
0
0
0
0
0
0
0
0
0
0
0
0
0
0
0
0
0
0
0
0
1.899884e+08
0
0
0
0
0
0
0
0
0
0
0
0
0
0
0
0
0
0
0
0
0
0
0
0
0
0
0
0
0
0
0
0
0
0
0
0
0
0
0
0
0
0
0
0
0
0
0
0
0
0
0
0
0
0
0
0
0
0
0
0
0
0
0
0
0
0
0
0
0
0
0
0
0
0
0
0
0
0
0
0
0
0
0
0
0
0
0
0
0
0
0
0
0
0
0
0
0
0
0
0
0
0
0
0
0
0
0
0
0
0
0
0
0
0
2.152233e+08
2.181145e+08
2.220167e+08
2.269601e+08
2.33036e+08
0
0
0
0
0
0
0
0
0
0
2.097769e+08
2.124054e+08
2.160391e+08
2.207412e+08
2.26542e+08
0
0
0
0
0
0
0
0
0
0
2.051939e+08
2.073929e+08
2.10747e+08
2.151576e+08
2.206931e+08
0
0
0
0
0
0
0
0
0
0
2.013679e+08
2.031122e+08
2.06019e+08
2.101323e+08
2.153512e+08
0
0
0
0
0
0
0
0
0
0
1.985901e+08
1.993848e+08
2.018365e+08
2.054788e+08
2.103789e+08
0
0
0
0
0
0
0
0
0
0
1.965151e+08
1.96464e+08
1.979481e+08
2.011279e+08
2.055231e+08
0
0
0
0
0
0
0
0
0
0
0
0
0
0
0
0
0
0
0
0
1.940286e+08
1.94708e+08
1.96891e+08
2.008035e+08
0
0
0
0
0
0
0
0
0
0
0
0
0
0
0
0
0
0
0
0
1.920263e+08
1.934286e+08
1.963134e+08
0
0
0
0
0
0
0
0
0
0
0
0
0
0
0
0
0
0
0
0
1.906519e+08
1.927656e+08
0
0
0
0
0
0
0
0
0
0
0
0
0
0
0
0
0
0
0
0
1.899884e+08
0
0
0
0
0
0
0
0
0
0
0
0
0
0
0
0
0
0
0
0
0
0
0
0
0
0
0
0
0
0
0
0
0
0
0
0
0
0
0
0
0
0
0
0
0
0
0
0
0
0
0
0
0
0
0
0
0
0
0
0
0
0
0
0
0
0
0
0
0
0
0
0
0
0
0
0
0
0
0
0
0
0
0
0
0
0
0
0
0
0
0
0
0
0
0
0
0
0
0
0
0
0
0
0
0
0
0
0
0
0
0
0
0
0
0
0
0
0
0
0
0
0
0
0
0
2.09416e+08
2.120387e+08
2.156654e+08
2.203573e+08
2.261454e+08
0
0
0
0
0
0
0
0
0
0
2.045238e+08
2.067163e+08
2.100565e+08
2.144506e+08
2.199632e+08
0
0
0
0
0
0
0
0
0
0
2.005087e+08
2.022363e+08
2.051304e+08
2.092203e+08
2.144121e+08
0
0
0
0
0
0
0
0
0
0
1.977014e+08
1.984945e+08
2.009224e+08
2.045465e+08
2.094158e+08
0
0
0
0
0
0
0
0
0
0
1.958758e+08
1.957767e+08
1.972566e+08
2.004111e+08
2.047886e+08
0
0
0
0
0
0
0
0
0
0
1.937435e+08
1.94383e+08
1.965651e+08
2.004615e+08
0
0
0
0
0
0
0
0
0
0
0
0
0
0
0
0
0
0
0
0
1.919841e+08
1.933587e+08
1.962458e+08
0
0
0
0
0
0
0
0
0
0
0
0
0
0
0
0
0
0
0
0
1.907032e+08
1.928001e+08
0
0
0
0
0
0
0
0
0
0
0
0
0
0
0
0
0
0
0
0
1.900362e+08
0
0
0
0
0
0
0
0
0
0
0
0
0
0
0
0
0
0
0
0
0
0
0
0
0
0
0
0
0
0
0
0
0
0
0
0
0
0
0
0
0
0
0
0
0
0
0
0
0
0
0
0
0
0
0
0
0
0
0
0
0
0
0
0
0
0
0
0
0
0
0
0
0
0
0
0
0
0
0
0
0
0
0
0
0
0
0
0
0
0
0
0
0
0
0
0
0
0
0
0
0
0
0
0
0
0
0
0
0
0
0
0
0
0
0
0
0
0
0
0
0
0
0
0
0
0
0
0
0
0
0
0
0
0
0
2.041742e+08
2.063631e+08
2.096957e+08
2.140809e+08
2.195812e+08
0
0
0
0
0
0
0
0
0
0
1.998645e+08
2.015801e+08
2.044645e+08
2.08537e+08
2.137085e+08
0
0
0
0
0
0
0
0
0
0
1.968619e+08
1.976532e+08
2.000603e+08
2.036671e+08
2.08508e+08
0
0
0
0
0
0
0
0
0
0
1.950514e+08
1.949068e+08
1.963804e+08
1.995065e+08
2.038605e+08
0
0
0
0
0
0
0
0
0
0
1.931184e+08
1.93707e+08
1.95881e+08
1.997482e+08
0
0
0
0
0
0
0
0
0
0
1.917047e+08
1.930382e+08
1.959226e+08
0
0
0
0
0
0
0
0
0
0
0
0
0
0
0
0
0
0
0
0
1.906625e+08
1.927316e+08
0
0
0
0
0
0
0
0
0
0
0
0
0
0
0
0
0
0
0
0
1.900879e+08
0
0
0
0
0
0
0
0
0
0
0
0
0
0
0
0
0
0
0
0
0
0
0
0
0
0
0
0
0
0
0
0
0
0
0
0
0
0
0
0
0
0
0
0
0
0
0
0
0
0
0
0
0
0
0
0
0
0
0
0
0
0
0
0
0
0
0
0
0
0
0
0
0
0
0
0
0
0
0
0
0
0
0
0
0
0
0
0
0
0
0
0
0
0
0
0
0
0
0
0
0
0
0
0
0
0
0
0
0
0
0
0
0
0
0
0
0
0
0
0
0
0
0
0
0
0
0
0
0
0
0
0
0
0
0
0
0
0
0
0
0
0
0
0
0
1.995286e+08
2.012379e+08
2.041169e+08
2.0818e+08
2.133407e+08
0
0
0
0
0
0
0
0
0
0
1.962324e+08
1.970222e+08
1.994143e+08
2.030081e+08
2.07828e+08
0
0
0
0
0
0
0
0
0
0
1.942656e+08
1.940845e+08
1.955522e+08
1.986531e+08
2.029852e+08
0
0
0
0
0
0
0
0
0
0
1.923114e+08
1.928507e+08
1.950137e+08
1.988475e+08
0
0
0
0
0
0
0
0
0
0
1.910898e+08
1.923693e+08
1.952417e+08
0
0
0
0
0
0
0
0
0
0
1.903871e+08
1.924138e+08
0
0
0
0
0
0
0
0
0
0
0
0
0
0
0
0
0
0
0
0
1.900485e+08
0
0
0
0
0
0
0
0
0
0
0
0
0
0
0
0
0
0
0
0
0
0
0
0
0
0
0
0
0
0
0
0
0
0
0
0
0
0
0
0
0
0
0
0
0
0
0
0
0
0
0
0
0
0
0
0
0
0
0
0
0
0
0
0
0
0
0
0
0
0
0
0
0
0
0
0
0
0
0
0
0
0
0
0
0
0
0
0
0
0
0
0
0
0
0
0
0
0
0
0
0
0
0
0
0
0
0
0
0
0
0
0
0
0
0
0
0
0
0
0
0
0
0
0
0
0
0
0
0
0
0
0
0
0
0
0
0
0
0
0
0
0
0
0
0
0
0
0
0
0
0
0
0
0
0
1.959044e+08
1.966932e+08
1.990774e+08
2.026641e+08
2.074728e+08
0
0
0
0
0
0
0
0
0
0
1.936737e+08
1.934678e+08
1.949309e+08
1.980137e+08
2.023293e+08
0
0
0
0
0
0
0
0
0
0
1.915417e+08
1.92041e+08
1.941938e+08
1.979981e+08
0
0
0
0
0
0
0
0
0
0
1.902954e+08
1.915216e+08
1.943783e+08
0
0
0
0
0
0
0
0
0
0
1.897788e+08
1.917481e+08
0
0
0
0
0
0
0
0
0
0
1.897756e+08
0
0
0
0
0
0
0
0
0
0
0
0
0
0
0
0
0
0
0
0
0
0
0
0
0
0
0
0
0
0
0
0
0
0
0
0
0
0
0
0
0
0
0
0
0
0
0
0
0
0
0
0
0
0
0
0
0
0
0
0
0
0
0
0
0
0
0
0
0
0
0
0
0
0
0
0
0
0
0
0
0
0
0
0
0
0
0
0
0
0
0
0
0
0
0
0
0
0
0
0
0
0
0
0
0
0
0
0
0
0
0
0
0
0
0
0
0
0
0
0
0
0
0
0
0
0
0
0
0
0
0
0
0
0
0
0
0
0
0
0
0
0
0
0
0
0
0
0
0
0
0
0
0
0
0
0
0
0
0
0
0
0
0
0
0
1.933649e+08
1.931464e+08
1.946069e+08
1.976802e+08
2.019869e+08
0
0
0
0
0
0
0
0
0
0
1.909617e+08
1.914336e+08
1.935786e+08
1.973616e+08
0
0
0
0
0
0
0
0
0
0
1.895374e+08
1.907198e+08
1.935619e+08
0
0
0
0
0
0
0
0
0
0
1.889923e+08
1.90904e+08
0
0
0
0
0
0
0
0
0
0
1.891701e+08
0
0
0
0
0
0
0
0
0
0
0
0
0
0
0
0
0
0
0
0
0
0
0
0
0
0
0
0
0
0
0
0
0
0
0
0
0
0
0
0
0
0
0
0
0
0
0
0
0
0
0
0
0
0
0
0
0
0
0
0
0
0
0
0
0
0
0
0
0
0
0
0
0
0
0
0
0
0
0
0
0
0
0
0
0
0
0
0
0
0
0
0
0
0
0
0
0
0
0
0
0
0
0
0
0
0
0
0
0
0
0
0
0
0
0
0
0
0
0
0
0
0
0
0
0
0
0
0
0
0
0
0
0
0
0
0
0
0
0
0
0
0
0
0
0
0
0
0
0
0
0
0
0
0
0
0
0
0
0
0
0
0
0
0
0
1.906591e+08
1.91117e+08
1.932578e+08
1.970296e+08
0
0
0
0
0
0
0
0
0
0
1.889661e+08
1.901183e+08
1.929496e+08
0
0
0
0
0
0
0
0
0
0
1.882417e+08
1.901058e+08
0
0
0
0
0
0
0
0
0
0
1.883871e+08
0
0
0
0
0
0
0
0
0
0
0
0
0
0
0
0
0
0
0
0
0
0
0
0
0
0
0
0
0
0
0
0
0
0
0
0
0
0
0
0
0
0
0
0
0
0
0
0
0
0
0
0
0
0
0
0
0
0
0
0
0
0
0
0
0
0
0
0
0
0
0
0
0
0
0
0
0
0
0
0
0
0
0
0
0
0
0
0
0
0
0
0
0
0
0
0
0
0
0
0
0
0
0
0
0
0
0
0
0
0
0
0
0
0
0
0
0
0
0
0
0
0
0
0
0
0
0
0
0
0
0
0
0
0
0
0
0
0
0
0
0
0
0
0
0
0
0
0
0
0
0
0
0
0
0
0
0
0
0
0
0
0
0
0
0
1.88668e+08
1.898049e+08
1.926303e+08
0
0
0
0
0
0
0
0
0
0
1.876759e+08
1.89507e+08
0
0
0
0
0
0
0
0
0
0
1.876397e+08
0
0
0
0
0
0
0
0
0
0
0
0
0
0
0
0
0
0
0
0
0
0
0
0
0
0
0
0
0
0
0
0
0
0
0
0
0
0
0
0
0
0
0
0
0
0
0
0
0
0
0
0
0
0
0
0
0
0
0
0
0
0
0
0
0
0
0
0
0
0
0
0
0
0
0
0
0
0
0
0
0
0
0
0
0
0
0
0
0
0
0
0
0
0
0
0
0
0
0
0
0
0
0
0
0
0
0
0
0
0
0
0
0
0
0
0
0
0
0
0
0
0
0
0
0
0
0
0
0
0
0
0
0
0
0
0
0
0
0
0
0
0
0
0
0
0
0
0
0
0
0
0
0
0
0
0
0
0
0
0
0
0
0
0
1.873807e+08
1.89195e+08
0
0
0
0
0
0
0
0
0
0
1.870765e+08
0
0
0
0
0
0
0
0
0
0
0
0
0
0
0
0
0
0
0
0
0
0
0
0
0
0
0
0
0
0
0
0
0
0
0
0
0
0
0
0
0
0
0
0
0
0
0
0
0
0
0
0
0
0
0
0
0
0
0
0
0
0
0
0
0
0
0
0
0
0
0
0
0
0
0
0
0
0
0
0
0
0
0
0
0
0
0
0
0
0
0
0
0
0
0
0
0
0
0
0
0
0
0
0
0
0
0
0
0
0
0
0
0
0
0
0
0
0
0
0
0
0
0
0
0
0
0
0
0
0
0
0
0
0
0
0
0
0
0
0
0
0
0
0
0
0
0
0
0
0
0
0
0
0
0
0
0
0
0
0
0
0
1.867826e+08
0
0
0
0
0
0
0
0
0
0
0
0
0
0
0
0
0
0
0
0
0
0
0
0
0
0
0
0
0
0
0
0
0
0
0
0
0
0
0
0
0
0
0
0
0
0
0
0
0
0
0
0
0
0
0
0
0
0
0
0
0
0
0
0
0
0
0
0
0
0
0
0
0
0
0
0
0
0
0
0
0
0
0
0
0
0
0
0
0
0
0
0
0
0
0
0
0
0
0
0
0
0
0
0
0
0
0
0
0
0
0
0
0
0
0
0
0
0
0
0
0
0
0
0
0
0
0
0
0
0
0
0
0
0
0
0
0
0
0
0
0
0
0
0
0
0
0
0
0
0
0
0
0
0
0
0
0
0
0
0
0
0
0
0
0
0
0
0
0
0
0
0
0
0
0
0
0
0
0
0
0
0
0
0
0
0
0
0
0
0
0
0
0
0
0
0
0
0
0
0
0
0
0
0
0
0
0
0
0
0
0
0
0
0
0
0
0
0
0
0
0
0
0
0
0
0
0
0
0
0
0
0
0
0
0
0
0
0
0
0
0
0
0
0
0
0
0
0
0
0
0
0
0
0
0
0
0
0
0
0
0
0
0
0
0
0
0
0
0
0
0
0
0
0
0
0
0
0
0
0
0
0
0
0
0
0
0
0
0
0
0
0
0
0
0
0
0
0
0
0
0
0
0
0
0
0
0
0
0
0
0
0
0
0
0
0
0
0
0
0
0
0
0
0
0
0
0
0
0
0
0
0
0
0
0
0
0
0
0
0
0
0
0
0
0
0
0
0
0
0
0
0
0
0
0
0
0
0
0
0
0
0
0
0
0
0
0
0
0
0
0
0
0
0
0
0
0
0
0
0
0
0
0
0
0
0
0
0
0
0
0
0
0
0
0
0
0
0
0
0
0
0
0
0
0
0
0
0
0
0
0
0
0
0
0
0
0
0
0
0
0
0
0
0
0
0
0
0
0
0
0
0
0
0
0
0
0
0
0
0
0
0
0
0
0
0
0
0
0
0
0
0
0
0
0
0
0
0
0
0
0
0
0
0
0
0
0
0
0
0
0
0
0
0
0
0
0
0
0
0
0
0
0
0
0
0
0
0
0
0
0
0
0
0
0
0
0
0
0
0
0
0
0
0
0
0
0
0
0
0
0
0
0
0
0
0
0
0
0
0
0
0
0
0
0
0
0
0
0
0
0
0
0
0
0
0
0
0
0
0
0
0
0
0
0
0
0
0
0
0
0
0
0
0
0
0
0
0
0
0
0
0
0
0
0
0
0
0
0
0
0
0
0
0
0
0
0
0
0
0
0
0
0
0
0
0
0
0
0
0
0
0
0
0
0
0
0
0
0
0
0
0
0
0
0
0
0
0
0
0
0
0
0
0
0
0
0
0
0
0
0
0
0
0
0
0
0
0
0
0
0
0
0
0
0
0
0
0
0
0
0
0
0
0
0
0
0
0
0
0
0
0
0
0
0
0
0
0
0
0
0
0
0
0
0
0
0
0
0
0
0
0
0
0
0
0
0
0
0
0
0
0
0
0
0
0
0
0
0
0
0
0
0
0
0
0
0
0
0
0
0
0
0
0
0
0
0
0
0
0
0
0
0
0
0
0
0
0
0
0
0
0
0
0
0
0
0
0
0
0
0
0
0
0
0
0
0
0
0
0
0
0
0
0
0
0
0
0
0
0
0
0
0
0
0
0
0
0
0
0
0
0
0
0
0
0
0
0
0
0
0
0
0
0
0
0
0
0
0
0
0
0
0
0
0
0
0
0
0
0
0
0
0
0
0
0
0
0
0
0
0
0
0
0
0
0
0
0
0
0
0
0
0
0
0
0
0
0
0
0
0
0
0
0
0
0
0
0
0
0
0
0
0
0
0
0
0
0
0
0
0
0
0
0
0
0
0
0
0
0
0
0
0
0
0
0
0
0
0
0
0
0
0
0
0
0
0
0
0
0
0
0
0
0
0
0
0
0
0
0
0
0
0
0
0
0
0
0
0
0
0
0
0
0
0
0
0
0
0
0
0
0
0
0
0
0
0
0
0
0
0
0
0
0
0
0
0
0
0
0
0
0
0
0
0
0
0
0
0
0
0
0
0
0
0
0
0
0
0
0
0
0
0
0
0
0
0
0
0
0
0
0
0
0
0
0
0
0
0
0
0
0
0
0
0
0
0
0
0
0
0
0
0
0
0
0
0
0
0
0
0
0
0
0
0
0
0
0
0
)
;

boundaryField
{
    anodeSides
    {
        type            calculated;
        value           uniform 0;
    }
    fuelInlet
    {
        type            calculated;
        value           uniform 0;
    }
    fuelOutlet
    {
        type            calculated;
        value           uniform 0;
    }
    fuel_to_electrolyte
    {
        type            calculated;
        value           uniform 0;
    }
    fuel_to_interconnect
    {
        type            calculated;
        value           uniform 0;
    }
}


// ************************************************************************* //
