/*--------------------------------*- C++ -*----------------------------------*\
| =========                 |                                                 |
| \\      /  F ield         | OpenFOAM: The Open Source CFD Toolbox           |
|  \\    /   O peration     | Version:  2306                                  |
|   \\  /    A nd           | Website:  www.openfoam.com                      |
|    \\/     M anipulation  |                                                 |
\*---------------------------------------------------------------------------*/
FoamFile
{
    version     2.0;
    format      ascii;
    arch        "LSB;label=32;scalar=64";
    class       volScalarField;
    location    "1.5/phiI";
    object      act;
}
// * * * * * * * * * * * * * * * * * * * * * * * * * * * * * * * * * * * * * //

dimensions      [0 0 0 0 0 0 0];

internalField   nonuniform List<scalar> 
12000
(
0
0
0
0
0
0
0
0
0
0
0
0
0
0
0
0
0
0
0
0
0
0
0
0
0
0
0
0
0
0
0
0
0
0
0
0
0
0
0
0
0
0
0
0
0
0
0
0
0
0
0
0
0
0
0
0
0
0
0
0
0
0
0
0
0
0
0
0
0
0
0
0
0
0
0
0
0
0
0
0
0
0
0
0
0
0
0
0
0
0
0
0
0
0
0
0
0
0
0
0
0
0
0
0
0
0
0
0
0
0
0
0
0
0
0
0
0
0
0
0
0
0
0
0
0
0
0
0
0
0
0
0
0
0
0
0
0
0
0
0
0
0
0
0
0
0
0
0
0
0
0
0
0
0
0
0
0
0
0
0
0
0
0
0
0
0
0
0
0
0
0
0
0
0
0
0
0
0
0
0
0
0
0
0
0
0
0
0
0
0
0
0
0
0
0
0
0
0
0
0
0
0
0
0
0
0
0
0
0
0
0
0
0
0
0
0
0
0
0
0
0
0
0
0
0
0
0
0
0
0
0
0
0
0
0
0
0
0
0
0
0
0
0
0
0
0
0
0
0
0
0
0
0
0
0
0
0
0
0
0
0
0
0
0
0
0
0
0
0
0
0
0
0
0
0
0
0
0
0
0
0
0
0
0
0
0.0001050407
0
0
0
0
0
0
0
0
0
0
0
0
0
0
0
0
0
0
0
0
0
0
0
0
0
0
0
0
0
0
0
0
0
0
0
0
0
0
0
0
0
0
0
0
0
0
0
0
0
0
0
0
0
0
0
0
0
0
0
0
0
0
0
0
0
0.0001030577
0
0
0
0
0
0
0
0
0
0
0.0001358645
0.0001049087
0
0
0
0
0
0
0
0
0
0
0
0
0
0
0
0
0
0
0
0
0
0
0
0
0
0
0
0
0
0
0
0
0
0
0
0
0
0
0
0
0
0
0
0
0
0
0
0
0
0
0
0
0
0
0
0
0
0
0
0
0
0
0
0
0
9.910658e-05
0
0
0
0
0
0
0
0
0
0
0.0001343092
0.0001029248
0
0
0
0
0
0
0
0
0
0
0.0001704505
0.0001357407
0.000104646
0
0
0
0
0
0
0
0
0
0
0
0
0
0
0
0
0
0
0
0
0
0
0
0
0
0
0
0
0
0
0
0
0
0
0
0
0
0
0
0
0
0
0
0
0
0
0
0
0
0
0
0
0
0
0
0
0
0
0
0
0
0
0
0
0
9.32945e-05
0
0
0
0
0
0
0
0
0
0
0.0001312135
9.897167e-05
0
0
0
0
0
0
0
0
0
0
0.0001690526
0.0001341847
0.0001026603
0
0
0
0
0
0
0
0
0
0
0.0002041855
0.0001703337
0.0001354934
0.0001042726
0
0
0
0
0
0
0
0
0
0
0
0
0
0
0
0
0
0
0
0
0
0
0
0
0
0
0
0
0
0
0
0
0
0
0
0
0
0
0
0
0
0
0
0
0
0
0
0
0
0
0
0
0
0
0
0
0
0
0
0
0
0
0
0
0
8.604346e-05
0
0
0
0
0
0
0
0
0
0
0.0001266619
9.315625e-05
0
0
0
0
0
0
0
0
0
0
0.0001662701
0.0001310876
9.870334e-05
0
0
0
0
0
0
0
0
0
0
0.0002028804
0.0001689352
0.0001339361
0.0001022842
0
0
0
0
0
0
0
0
0
0
0.0002364945
0.0002040743
0.0001700997
0.0001351433
0.0001037449
0
0
0
0
0
0
0
0
0
0
0
0
0
0
0
0
0
0
0
0
0
0
0
0
0
0
0
0
0
0
0
0
0
0
0
0
0
0
0
0
0
0
0
0
0
0
0
0
0
0
0
0
0
0
0
0
0
0
0
0
0
0
0
0
0
7.853948e-05
0
0
0
0
0
0
0
0
0
0
0.0001209825
8.589989e-05
0
0
0
0
0
0
0
0
0
0
0.0001621757
0.0001265337
9.288146e-05
0
0
0
0
0
0
0
0
0
0
0.0002002838
0.0001661515
0.0001308363
9.832149e-05
0
0
0
0
0
0
0
0
0
0
0.0002352621
0.0002027687
0.0001687002
0.0001335842
0.0001017532
0
0
0
0
0
0
0
0
0
0
0.0002673836
0.0002363883
0.0002038515
0.0001697698
0.0001346428
0
0
0
0
0
0
0
0
0
0
0
0
0
0
0
0
0
0
0
0
0
0
0
0
0
0
0
0
0
0
0
0
0
0
0
0
0
0
0
0
0
0
0
0
0
0
0
0
0
0
0
0
0
0
0
0
0
0
0
0
0
0
0
0
0
7.305524e-05
0
0
0
0
0
0
0
0
0
0
0.000115076
7.838877e-05
0
0
0
0
0
0
0
0
0
0
0.0001570635
0.0001208506
8.561469e-05
0
0
0
0
0
0
0
0
0
0
0.0001964643
0.0001620551
0.000126278
9.248995e-05
0
0
0
0
0
0
0
0
0
0
0.0002328114
0.0002001711
0.0001659142
0.0001304805
9.778342e-05
0
0
0
0
0
0
0
0
0
0
0.0002662137
0.0002351554
0.000202545
0.0001683688
0.0001330813
0
0
0
0
0
0
0
0
0
0
0.0002969515
0.0002672817
0.0002361752
0.0002035385
0.0001692934
0
0
0
0
0
0
0
0
0
0
0
0
0
0
0
0
0
0
0
0
0
0
0
0
0
0
0
0
0
0
0
0
0
0
0
0
0
0
0
0
0
0
0
0
0
0
0
0
0
0
0
0
0
0
0
0
0
0
0
0
0
0
0
0
0
6.96201e-05
0
0
0
0
0
0
0
0
0
0
0.0001107055
7.290194e-05
0
0
0
0
0
0
0
0
0
0
0.0001517381
0.0001149391
7.808942e-05
0
0
0
0
0
0
0
0
0
0
0.0001916984
0.0001569397
0.0001205879
8.520751e-05
0
0
0
0
0
0
0
0
0
0
0.000229208
0.0001963499
0.0001618141
0.0001259156
9.193986e-05
0
0
0
0
0
0
0
0
0
0
0.0002638881
0.0002327038
0.0001999454
0.0001655796
0.0001299726
0
0
0
0
0
0
0
0
0
0
0.000295837
0.0002661113
0.0002349415
0.0002022306
0.0001678904
0
0
0
0
0
0
0
0
0
0
0.0003252981
0.0002968534
0.0002670773
0.0002358766
0.0002030828
0
0
0
0
0
0
0
0
0
0
0
0
0
0
0
0
0
0
0
0
0
0
0
0
0
0
0
0
0
0
0
0
0
0
0
0
0
0
0
0
0
0
0
0
0
0
0
0
0
0
0
0
0
0
0
0
0
0
0
0
0
0
0
0
0
6.768464e-05
0
0
0
0
0
0
0
0
0
0
0.0001079155
6.946625e-05
0
0
0
0
0
0
0
0
0
0
0.000147798
0.0001105672
7.259738e-05
0
0
0
0
0
0
0
0
0
0
0.0001867346
0.00015161
0.0001146669
7.766084e-05
0
0
0
0
0
0
0
0
0
0
0.0002247151
0.0001915811
0.0001566928
0.0001202151
8.463777e-05
0
0
0
0
0
0
0
0
0
0
0.0002604701
0.0002290988
0.0001961209
0.0001614742
0.0001253995
0
0
0
0
0
0
0
0
0
0
0.0002936223
0.0002637849
0.0002324881
0.0001996283
0.000165097
0
0
0
0
0
0
0
0
0
0
0.0003242336
0.0002957385
0.0002659061
0.0002346418
0.0002017732
0
0
0
0
0
0
0
0
0
0
0.0003525149
0.0003252035
0.0002966569
0.0002667916
0.0002354394
0
0
0
0
0
0
0
0
0
0
0
0
0
0
0
0
0
0
0
0
0
0
0
0
0
0
0
0
0
0
0
0
0
0
0
0
0
0
0
0
0
0
0
0
0
0
0
0
0
0
0
0
0
0
0
0
0
0
0
0
0
0
0
0
0
6.681776e-05
0
0
0
0
0
0
0
0
0
0
0.0001063142
6.753074e-05
0
0
0
0
0
0
0
0
0
0
0.0001452791
0.0001077773
6.91605e-05
0
0
0
0
0
0
0
0
0
0
0.0001830667
0.0001476687
0.0001102922
7.216071e-05
0
0
0
0
0
0
0
0
0
0
0.0002200373
0.0001866132
0.0001513549
0.00011428
7.706391e-05
0
0
0
0
0
0
0
0
0
0
0.0002562109
0.0002246031
0.0001913468
0.0001563442
0.0001196858
0
0
0
0
0
0
0
0
0
0
0.0002903684
0.0002603653
0.0002288801
0.0001957991
0.0001609847
0
0
0
0
0
0
0
0
0
0
0.000322119
0.0002935231
0.0002635781
0.0002321859
0.0001991672
0
0
0
0
0
0
0
0
0
0
0.0003514961
0.0003241387
0.0002955413
0.0002656194
0.000234203
0
0
0
0
0
0
0
0
0
0
0.0003786815
0.0003524236
0.0003250143
0.0002963829
0.0002663713
0
0
0
0
0
0
0
0
0
0
0
0
0
0
0
0
0
0
0
0
0
0
0
0
0
0
0
0
0
0
0
0
0
0
0
0
0
0
0
0
0
0
0
0
0
0
0
0
0
0
0
0
0
0
0
0
0
0
0
0
0
0
0
0
6.681776e-05
0
0
0
0
0
0
0
0
0
0
0.0001055868
6.666387e-05
0
0
0
0
0
0
0
0
0
0
0.0001438317
0.0001061763
6.722479e-05
0
0
0
0
0
0
0
0
0
0
0.0001807226
0.0001451499
0.0001075025
6.872178e-05
0
0
0
0
0
0
0
0
0
0
0.000216585
0.0001829441
0.0001474115
0.0001099014
7.155424e-05
0
0
0
0
0
0
0
0
0
0
0.0002517783
0.0002199215
0.0001863715
0.0001509943
0.0001137325
0
0
0
0
0
0
0
0
0
0
0.0002863159
0.0002561037
0.0002243795
0.0001910173
0.0001558435
0
0
0
0
0
0
0
0
0
0
0.000319013
0.0002902677
0.0002601558
0.0002285737
0.0001953319
0
0
0
0
0
0
0
0
0
0
0.0003494727
0.0003220234
0.0002933244
0.0002632891
0.0002317437
0
0
0
0
0
0
0
0
0
0
0.0003777047
0.0003514044
0.0003239488
0.0002952663
0.0002651977
0
0
0
0
0
0
0
0
0
0
0.0004038683
0.0003785932
0.0003522411
0.000324751
0.0002959782
0
0
0
0
0
0
0
0
0
0
0
0
0
0
0
0
0
0
0
0
0
0
0
0
0
0
0
0
0
0
0
0
0
0
0
0
0
0
0
0
0
0
0
0
0
0
0
0
0
0
0
0
0
0
0
0
0
0
0
0
0
0
6.768464e-05
0
0
0
0
0
0
0
0
0
0
0.0001055868
6.666387e-05
0
0
0
0
0
0
0
0
0
0
0.0001431733
0.0001054491
6.63579e-05
0
0
0
0
0
0
0
0
0
0
0.0001793762
0.0001437027
0.0001059021
6.678559e-05
0
0
0
0
0
0
0
0
0
0
0.0002143798
0.0001806001
0.0001448931
0.0001071117
6.811345e-05
0
0
0
0
0
0
0
0
0
0
0.0002485104
0.0002164681
0.0001827006
0.000147048
0.0001093491
0
0
0
0
0
0
0
0
0
0
0.0002820998
0.0002516674
0.0002196911
0.0001860312
0.0001504781
0
0
0
0
0
0
0
0
0
0
0.0003151465
0.0002862129
0.0002558896
0.0002240661
0.0001905399
0
0
0
0
0
0
0
0
0
0
0.0003465014
0.000318916
0.0002900665
0.000259863
0.000228126
0
0
0
0
0
0
0
0
0
0
0.0003757652
0.0003493803
0.0003218321
0.0002930474
0.0002628643
0
0
0
0
0
0
0
0
0
0
0.0004029304
0.000377616
0.0003512213
0.0003236846
0.0002948603
0
0
0
0
0
0
0
0
0
0
0.0004281371
0.0004037828
0.000378417
0.0003519877
0.0003243609
0
0
0
0
0
0
0
0
0
0
0
0
0
0
0
0
0
0
0
0
0
0
0
0
0
0
0
0
0
0
0
0
0
0
0
0
0
0
0
0
0
0
0
0
0
0
0
0
0
0
0
0
0
0
0
0
0
0
0
6.96201e-05
0
0
0
0
0
0
0
0
0
0
0.0001063142
6.753074e-05
0
0
0
0
0
0
0
0
0
0
0.0001431733
0.0001054491
6.63579e-05
0
0
0
0
0
0
0
0
0
0
0.0001787639
0.0001430445
0.0001051753
6.591857e-05
0
0
0
0
0
0
0
0
0
0
0.0002131139
0.000179254
0.0001434466
0.0001055121
6.617711e-05
0
0
0
0
0
0
0
0
0
0
0.0002464241
0.0002142629
0.0001803569
0.0001445302
0.0001065602
0
0
0
0
0
0
0
0
0
0
0.0002789945
0.0002483985
0.0002162359
0.0001823578
0.0001465283
0
0
0
0
0
0
0
0
0
0
0.0003111252
0.0002819934
0.0002514469
0.0002193677
0.0001855398
0
0
0
0
0
0
0
0
0
0
0.0003428043
0.0003150473
0.0002860074
0.0002555903
0.0002236092
0
0
0
0
0
0
0
0
0
0
0.0003729178
0.0003464078
0.0003187224
0.000289786
0.0002594331
0
0
0
0
0
0
0
0
0
0
0.0004010686
0.0003756759
0.000349196
0.000321566
0.0002926385
0
0
0
0
0
0
0
0
0
0
0.0004272354
0.0004028446
0.0003774393
0.0003509671
0.0003232932
0
0
0
0
0
0
0
0
0
0
0.0004515428
0.0004280541
0.0004036125
0.0003781728
0.0003516111
0
0
0
0
0
0
0
0
0
0
0
0
0
0
0
0
0
0
0
0
0
0
0
0
0
0
0
0
0
0
0
0
0
0
0
0
0
0
0
0
0
0
0
0
0
0
0
0
0
0
0
0
0
0
0
7.305524e-05
0
0
0
0
0
0
0
0
0
0
0.0001079155
6.946625e-05
0
0
0
0
0
0
0
0
0
0
0.0001438317
0.0001061763
6.722479e-05
0
0
0
0
0
0
0
0
0
0
0.0001787639
0.0001430445
0.0001051753
6.591857e-05
0
0
0
0
0
0
0
0
0
0
0.0002125384
0.0001786418
0.0001427888
0.0001047858
6.531014e-05
0
0
0
0
0
0
0
0
0
0
0.0002452273
0.0002129973
0.0001790115
0.0001430847
0.0001049618
0
0
0
0
0
0
0
0
0
0
0.0002770129
0.0002463122
0.0002140311
0.0001800149
0.0001440116
0
0
0
0
0
0
0
0
0
0
0.0003081658
0.000278887
0.0002481764
0.0002159105
0.0001818635
0
0
0
0
0
0
0
0
0
0
0.0003389601
0.0003110227
0.0002817818
0.0002511384
0.0002188977
0
0
0
0
0
0
0
0
0
0
0.0003693762
0.0003427086
0.0003148497
0.0002857209
0.0002551518
0
0
0
0
0
0
0
0
0
0
0.0003983357
0.0003728273
0.0003462213
0.000318453
0.0002893723
0
0
0
0
0
0
0
0
0
0
0.0004254458
0.0004009821
0.000375498
0.00034894
0.000321172
0
0
0
0
0
0
0
0
0
0
0.0004506749
0.0004271522
0.0004026738
0.0003771943
0.0003505894
0
0
0
0
0
0
0
0
0
0
0.0004741346
0.0004514624
0.0004278895
0.0004033769
0.0003778091
0
0
0
0
0
0
0
0
0
0
0
0
0
0
0
0
0
0
0
0
0
0
0
0
0
0
0
0
0
0
0
0
0
0
0
0
0
0
0
0
0
0
0
0
0
0
0
0
0
0
7.853948e-05
0
0
0
0
0
0
0
0
0
0
0.0001107055
7.290194e-05
0
0
0
0
0
0
0
0
0
0
0.0001452791
0.0001077773
6.91605e-05
0
0
0
0
0
0
0
0
0
0
0.0001793762
0.0001437027
0.0001059021
6.678559e-05
0
0
0
0
0
0
0
0
0
0
0.0002125384
0.0001786418
0.0001427888
0.0001047858
6.531014e-05
0
0
0
0
0
0
0
0
0
0
0.0002446833
0.0002124219
0.0001783997
0.0001424275
0.0001042362
0
0
0
0
0
0
0
0
0
0
0.0002758767
0.0002451155
0.0002127662
0.0001786705
0.0001425676
0
0
0
0
0
0
0
0
0
0
0.0003062782
0.0002769054
0.0002460905
0.0002137064
0.0001795218
0
0
0
0
0
0
0
0
0
0
0.0003361333
0.0003080623
0.000278674
0.000247866
0.0002154379
0
0
0
0
0
0
0
0
0
0
0.0003656947
0.0003388614
0.0003108194
0.0002814866
0.0002506877
0
0
0
0
0
0
0
0
0
0
0.0003949378
0.0003692837
0.0003425182
0.0003145747
0.0002852992
0
0
0
0
0
0
0
0
0
0
0.0004228194
0.0003982481
0.0003726473
0.0003459621
0.0003180545
0
0
0
0
0
0
0
0
0
0
0.0004489528
0.000425362
0.0004008102
0.0003752513
0.0003485598
0
0
0
0
0
0
0
0
0
0
0.0004732985
0.0004505943
0.000426987
0.0004024374
0.0003768296
0
0
0
0
0
0
0
0
0
0
0.0004959568
0.0004740566
0.000451303
0.0004276619
0.0004030253
0
0
0
0
0
0
0
0
0
0
0
0
0
0
0
0
0
0
0
0
0
0
0
0
0
0
0
0
0
0
0
0
0
0
0
0
0
0
0
0
0
0
0
0
8.604346e-05
0
0
0
0
0
0
0
0
0
0
0.000115076
7.838877e-05
0
0
0
0
0
0
0
0
0
0
0.000147798
0.0001105672
7.259738e-05
0
0
0
0
0
0
0
0
0
0
0.0001807226
0.0001451499
0.0001075025
6.872178e-05
0
0
0
0
0
0
0
0
0
0
0.0002131139
0.000179254
0.0001434466
0.0001055121
6.617711e-05
0
0
0
0
0
0
0
0
0
0
0.0002446833
0.0002124219
0.0001783997
0.0001424275
0.0001042362
0
0
0
0
0
0
0
0
0
0
0.0002753604
0.0002445716
0.0002121911
0.0001780592
0.0001419113
0
0
0
0
0
0
0
0
0
0
0.0003051964
0.0002757694
0.0002448945
0.0002124424
0.0001781789
0
0
0
0
0
0
0
0
0
0
0.0003343311
0.0003061747
0.0002766928
0.0002457808
0.0002132351
0
0
0
0
0
0
0
0
0
0
0.0003629895
0.0003360336
0.0003078577
0.000278377
0.0002474129
0
0
0
0
0
0
0
0
0
0
0.0003914068
0.0003655993
0.0003386656
0.0003105362
0.0002810534
0
0
0
0
0
0
0
0
0
0
0.0004195552
0.0003948484
0.0003691001
0.0003422538
0.0003141687
0
0
0
0
0
0
0
0
0
0
0.0004464261
0.0004227346
0.0003980743
0.0003723978
0.0003455778
0
0
0
0
0
0
0
0
0
0
0.0004716398
0.0004488716
0.0004251958
0.0004005723
0.0003748843
0
0
0
0
0
0
0
0
0
0
0.0004951506
0.0004732202
0.0004504344
0.0004267588
0.0004020849
0
0
0
0
0
0
0
0
0
0
0.0005170493
0.000495881
0.0004739022
0.000451083
0.0004273219
0
0
0
0
0
0
0
0
0
0
0
0
0
0
0
0
0
0
0
0
0
0
0
0
0
0
0
0
0
0
0
0
0
0
0
0
0
9.32945e-05
0
0
0
0
0
0
0
0
0
0
0.0001209825
8.589989e-05
0
0
0
0
0
0
0
0
0
0
0.0001517381
0.0001149391
7.808942e-05
0
0
0
0
0
0
0
0
0
0
0.0001830667
0.0001476687
0.0001102922
7.216071e-05
0
0
0
0
0
0
0
0
0
0
0.0002143798
0.0001806001
0.0001448931
0.0001071117
6.811345e-05
0
0
0
0
0
0
0
0
0
0
0.0002452273
0.0002129973
0.0001790115
0.0001430847
0.0001049618
0
0
0
0
0
0
0
0
0
0
0.0002753604
0.0002445716
0.0002121911
0.0001780592
0.0001419113
0
0
0
0
0
0
0
0
0
0
0.000304705
0.0002752532
0.0002443509
0.0002118679
0.0001775686
0
0
0
0
0
0
0
0
0
0
0.0003332988
0.0003050932
0.0002755574
0.0002445857
0.0002119726
0
0
0
0
0
0
0
0
0
0
0.0003612656
0.0003342314
0.0003059705
0.0002763965
0.000245329
0
0
0
0
0
0
0
0
0
0
0.0003888139
0.0003628933
0.0003358367
0.0003075729
0.0002779418
0
0
0
0
0
0
0
0
0
0
0.000416164
0.0003913146
0.0003654106
0.0003383935
0.0003101194
0
0
0
0
0
0
0
0
0
0
0.0004432866
0.0004194686
0.0003946711
0.0003688456
0.0003418624
0
0
0
0
0
0
0
0
0
0
0.0004692064
0.0004463439
0.0004225666
0.0003978336
0.0003720267
0
0
0
0
0
0
0
0
0
0
0.0004935514
0.0004715609
0.0004487108
0.0004249661
0.0004002176
0
0
0
0
0
0
0
0
0
0
0.0005162714
0.0004950746
0.0004730654
0.0004502138
0.0004264178
0
0
0
0
0
0
0
0
0
0
0.0005374486
0.0005169756
0.0004957314
0.0004736894
0.0004507539
0
0
0
0
0
0
0
0
0
0
0
0
0
0
0
0
0
0
0
0
0
0
0
0
0
0
0
0
0
9.910658e-05
0
0
0
0
0
0
0
0
0
0
0.0001266619
9.315625e-05
0
0
0
0
0
0
0
0
0
0
0.0001570635
0.0001208506
8.561469e-05
0
0
0
0
0
0
0
0
0
0
0.0001867346
0.00015161
0.0001146669
7.766084e-05
0
0
0
0
0
0
0
0
0
0
0.000216585
0.0001829441
0.0001474115
0.0001099014
7.155424e-05
0
0
0
0
0
0
0
0
0
0
0.0002464241
0.0002142629
0.0001803569
0.0001445302
0.0001065602
0
0
0
0
0
0
0
0
0
0
0.0002758767
0.0002451155
0.0002127662
0.0001786705
0.0001425676
0
0
0
0
0
0
0
0
0
0
0.000304705
0.0002752532
0.0002443509
0.0002118679
0.0001775686
0
0
0
0
0
0
0
0
0
0
0.0003328299
0.0003046018
0.0002750415
0.0002440427
0.0002113989
0
0
0
0
0
0
0
0
0
0
0.0003602787
0.0003331992
0.0003048894
0.000275262
0.0002441353
0
0
0
0
0
0
0
0
0
0
0.0003871623
0.0003611694
0.0003340348
0.0003056864
0.0002759625
0
0
0
0
0
0
0
0
0
0
0.0004136755
0.0003887209
0.0003627035
0.000335563
0.0003071541
0
0
0
0
0
0
0
0
0
0
0.000440026
0.0004160748
0.0003911324
0.0003651488
0.0003379918
0
0
0
0
0
0
0
0
0
0
0.0004661839
0.0004432027
0.0004192973
0.0003944257
0.0003684678
0
0
0
0
0
0
0
0
0
0
0.0004912059
0.0004691266
0.0004461813
0.0004223343
0.0003974752
0
0
0
0
0
0
0
0
0
0
0.0005147284
0.0004934749
0.0004714052
0.0004484888
0.000424623
0
0
0
0
0
0
0
0
0
0
0.0005366974
0.0005161975
0.0004949246
0.0004728521
0.0004498838
0
0
0
0
0
0
0
0
0
0
0.000557188
0.000537377
0.0005168306
0.0004955254
0.0004733707
0
0
0
0
0
0
0
0
0
0
0
0
0
0
0
0
0
0
0
0
0.0001030577
0
0
0
0
0
0
0
0
0
0
0.0001312135
9.897167e-05
0
0
0
0
0
0
0
0
0
0
0.0001621757
0.0001265337
9.288146e-05
0
0
0
0
0
0
0
0
0
0
0.0001916984
0.0001569397
0.0001205879
8.520751e-05
0
0
0
0
0
0
0
0
0
0
0.0002200373
0.0001866132
0.0001513549
0.00011428
7.706391e-05
0
0
0
0
0
0
0
0
0
0
0.0002485104
0.0002164681
0.0001827006
0.000147048
0.0001093491
0
0
0
0
0
0
0
0
0
0
0.0002770129
0.0002463122
0.0002140311
0.0001800149
0.0001440116
0
0
0
0
0
0
0
0
0
0
0.0003051964
0.0002757694
0.0002448945
0.0002124424
0.0001781789
0
0
0
0
0
0
0
0
0
0
0.0003328299
0.0003046018
0.0002750415
0.0002440427
0.0002113989
0
0
0
0
0
0
0
0
0
0
0.0003598305
0.0003327305
0.0003043984
0.0002747466
0.0002435931
0
0
0
0
0
0
0
0
0
0
0.0003862172
0.0003601826
0.0003330032
0.0003046063
0.0002748294
0
0
0
0
0
0
0
0
0
0
0.000412091
0.0003870693
0.0003609799
0.0003337619
0.0003052688
0
0
0
0
0
0
0
0
0
0
0.0004376348
0.0004135854
0.0003885377
0.0003624402
0.0003351596
0
0
0
0
0
0
0
0
0
0
0.0004630456
0.0004399395
0.0004158988
0.0003908801
0.0003647613
0
0
0
0
0
0
0
0
0
0
0.0004882934
0.0004661025
0.000443037
0.0004190605
0.0003940609
0
0
0
0
0
0
0
0
0
0
0.0005124657
0.0004911284
0.0004689692
0.0004459568
0.0004219877
0
0
0
0
0
0
0
0
0
0
0.0005352076
0.0005146541
0.000493324
0.0004711905
0.0004481568
0
0
0
0
0
0
0
0
0
0
0.0005564621
0.0005366256
0.0005160521
0.0004947181
0.0004725325
0
0
0
0
0
0
0
0
0
0
0.0005762982
0.0005571184
0.0005372363
0.0005166312
0.0004952166
0
0
0
0
0
0
0
0
0
0
0.0001050407
0
0
0
0
0
0
0
0
0
0
0.0001343092
0.0001029248
0
0
0
0
0
0
0
0
0
0
0.0001662701
0.0001310876
9.870334e-05
0
0
0
0
0
0
0
0
0
0
0.0001964643
0.0001620551
0.000126278
9.248995e-05
0
0
0
0
0
0
0
0
0
0
0.0002247151
0.0001915811
0.0001566928
0.0001202151
8.463777e-05
0
0
0
0
0
0
0
0
0
0
0.0002517783
0.0002199215
0.0001863715
0.0001509943
0.0001137325
0
0
0
0
0
0
0
0
0
0
0.0002789945
0.0002483985
0.0002162359
0.0001823578
0.0001465283
0
0
0
0
0
0
0
0
0
0
0.0003062782
0.0002769054
0.0002460905
0.0002137064
0.0001795218
0
0
0
0
0
0
0
0
0
0
0.0003332988
0.0003050932
0.0002755574
0.0002445857
0.0002119726
0
0
0
0
0
0
0
0
0
0
0.0003598305
0.0003327305
0.0003043984
0.0002747466
0.0002435931
0
0
0
0
0
0
0
0
0
0
0.0003857882
0.0003597345
0.0003325347
0.0003041157
0.0002743147
0
0
0
0
0
0
0
0
0
0
0.0004111848
0.0003861243
0.0003599936
0.0003327312
0.00030419
0
0
0
0
0
0
0
0
0
0
0.0004361131
0.0004120011
0.0003868865
0.0003607174
0.0003333597
0
0
0
0
0
0
0
0
0
0
0.0004607456
0.0004375476
0.0004134085
0.0003882841
0.0003620511
0
0
0
0
0
0
0
0
0
0
0.0004852702
0.0004629618
0.0004397694
0.0004156554
0.000390506
0
0
0
0
0
0
0
0
0
0
0.0005096569
0.0004882144
0.0004659421
0.0004428083
0.0004187079
0
0
0
0
0
0
0
0
0
0
0.0005330233
0.0005123905
0.0004909759
0.0004687522
0.0004456215
0
0
0
0
0
0
0
0
0
0
0.0005550228
0.0005351354
0.0005145078
0.0004931162
0.0004708691
0
0
0
0
0
0
0
0
0
0
0.0005755963
0.0005563923
0.0005364845
0.0005158521
0.0004944084
0
0
0
0
0
0
0
0
0
0
0.0005948072
0.0005762304
0.0005569819
0.0005370431
0.0005163318
0
0
0
0
0
0
0
0
0
0
0.0001358645
0.0001049087
0
0
0
0
0
0
0
0
0
0
0.0001690526
0.0001341847
0.0001026603
0
0
0
0
0
0
0
0
0
0
0.0002002838
0.0001661515
0.0001308363
9.832149e-05
0
0
0
0
0
0
0
0
0
0
0.000229208
0.0001963499
0.0001618141
0.0001259156
9.193986e-05
0
0
0
0
0
0
0
0
0
0
0.0002562109
0.0002246031
0.0001913468
0.0001563442
0.0001196858
0
0
0
0
0
0
0
0
0
0
0.0002820998
0.0002516674
0.0002196911
0.0001860312
0.0001504781
0
0
0
0
0
0
0
0
0
0
0.0003081658
0.000278887
0.0002481764
0.0002159105
0.0001818635
0
0
0
0
0
0
0
0
0
0
0.0003343311
0.0003061747
0.0002766928
0.0002457808
0.0002132351
0
0
0
0
0
0
0
0
0
0
0.0003602787
0.0003331992
0.0003048894
0.000275262
0.0002441353
0
0
0
0
0
0
0
0
0
0
0.0003857882
0.0003597345
0.0003325347
0.0003041157
0.0002743147
0
0
0
0
0
0
0
0
0
0
0.0004107735
0.0003856954
0.0003595458
0.0003322631
0.0003037002
0
0
0
0
0
0
0
0
0
0
0.0004352431
0.000411095
0.000385942
0.0003597319
0.0003323302
0
0
0
0
0
0
0
0
0
0
0.0004592826
0.0004360259
0.0004118245
0.0003866336
0.0003603295
0
0
0
0
0
0
0
0
0
0
0.0004830558
0.0004606611
0.0004373766
0.0004131639
0.0003879085
0
0
0
0
0
0
0
0
0
0
0.0005067423
0.0004851889
0.0004627972
0.0004395344
0.000415294
0
0
0
0
0
0
0
0
0
0
0.0005303126
0.0005095802
0.0004880591
0.000465721
0.0004424672
0
0
0
0
0
0
0
0
0
0
0.0005529128
0.0005329502
0.0005122427
0.000490766
0.0004684276
0
0
0
0
0
0
0
0
0
0
0.0005742049
0.0005549525
0.0005349935
0.0005143066
0.0004928049
0
0
0
0
0
0
0
0
0
0
0.0005941283
0.0005755284
0.0005562554
0.0005362907
0.0005155519
0
0
0
0
0
0
0
0
0
0
0.0006127413
0.0005947413
0.0005760979
0.0005567945
0.0005367528
0
0
0
0
0
0
0
0
0
0
0.0001704505
0.0001357407
0.000104646
0
0
0
0
0
0
0
0
0
0
0.0002028804
0.0001689352
0.0001339361
0.0001022842
0
0
0
0
0
0
0
0
0
0
0.0002328114
0.0002001711
0.0001659142
0.0001304805
9.778342e-05
0
0
0
0
0
0
0
0
0
0
0.0002604701
0.0002290988
0.0001961209
0.0001614742
0.0001253995
0
0
0
0
0
0
0
0
0
0
0.0002863159
0.0002561037
0.0002243795
0.0001910173
0.0001558435
0
0
0
0
0
0
0
0
0
0
0.0003111252
0.0002819934
0.0002514469
0.0002193677
0.0001855398
0
0
0
0
0
0
0
0
0
0
0.0003361333
0.0003080623
0.000278674
0.000247866
0.0002154379
0
0
0
0
0
0
0
0
0
0
0.0003612656
0.0003342314
0.0003059705
0.0002763965
0.000245329
0
0
0
0
0
0
0
0
0
0
0.0003862172
0.0003601826
0.0003330032
0.0003046063
0.0002748294
0
0
0
0
0
0
0
0
0
0
0.0004107735
0.0003856954
0.0003595458
0.0003322631
0.0003037002
0
0
0
0
0
0
0
0
0
0
0.0004348484
0.0004106838
0.0003855133
0.0003592846
0.0003318628
0
0
0
0
0
0
0
0
0
0
0.0004584466
0.0004351561
0.0004109189
0.00038569
0.0003593452
0
0
0
0
0
0
0
0
0
0
0.000481648
0.0004591981
0.0004358553
0.0004115807
0.0003862592
0
0
0
0
0
0
0
0
0
0
0.0005046087
0.0004829739
0.0004604956
0.0004371405
0.0004128011
0
0
0
0
0
0
0
0
0
0
0.0005275005
0.0005066633
0.0004850295
0.0004625701
0.0004391849
0
0
0
0
0
0
0
0
0
0
0.000550295
0.0005302381
0.0005094298
0.0004878452
0.0004653909
0
0
0
0
0
0
0
0
0
0
0.0005721654
0.0005528417
0.0005328069
0.0005120394
0.0004904516
0
0
0
0
0
0
0
0
0
0
0.0005927824
0.0005741366
0.0005548149
0.0005347986
0.0005140048
0
0
0
0
0
0
0
0
0
0
0.0006120841
0.0005940622
0.0005753955
0.0005560676
0.0005359997
0
0
0
0
0
0
0
0
0
0
0.0006301245
0.0006126771
0.0005946126
0.0005759162
0.0005565129
0
0
0
0
0
0
0
0
0
0
0.0002041855
0.0001703337
0.0001354934
0.0001042726
0
0
0
0
0
0
0
0
0
0
0.0002352621
0.0002027687
0.0001687002
0.0001335842
0.0001017532
0
0
0
0
0
0
0
0
0
0
0.0002638881
0.0002327038
0.0001999454
0.0001655796
0.0001299726
0
0
0
0
0
0
0
0
0
0
0.0002903684
0.0002603653
0.0002288801
0.0001957991
0.0001609847
0
0
0
0
0
0
0
0
0
0
0.0003151465
0.0002862129
0.0002558896
0.0002240661
0.0001905399
0
0
0
0
0
0
0
0
0
0
0.0003389601
0.0003110227
0.0002817818
0.0002511384
0.0002188977
0
0
0
0
0
0
0
0
0
0
0.0003629895
0.0003360336
0.0003078577
0.000278377
0.0002474129
0
0
0
0
0
0
0
0
0
0
0.0003871623
0.0003611694
0.0003340348
0.0003056864
0.0002759625
0
0
0
0
0
0
0
0
0
0
0.0004111848
0.0003861243
0.0003599936
0.0003327312
0.00030419
0
0
0
0
0
0
0
0
0
0
0.0004348484
0.0004106838
0.0003855133
0.0003592846
0.0003318628
0
0
0
0
0
0
0
0
0
0
0.0004580674
0.0004347615
0.000410508
0.0003852617
0.0003588985
0
0
0
0
0
0
0
0
0
0
0.000480844
0.0004583623
0.0004349859
0.0004106758
0.0003853167
0
0
0
0
0
0
0
0
0
0
0.000503253
0.0004815662
0.0004590331
0.0004356199
0.0004112189
0
0
0
0
0
0
0
0
0
0
0.0005254433
0.0005045292
0.0004828137
0.0004602675
0.0004367897
0
0
0
0
0
0
0
0
0
0
0.0005475801
0.0005274239
0.000506509
0.0004848099
0.0004622319
0
0
0
0
0
0
0
0
0
0
0.0005696359
0.0005502226
0.0005300922
0.0005092228
0.0004875256
0
0
0
0
0
0
0
0
0
0
0.00059081
0.0005720963
0.0005527026
0.00053261
0.0005117347
0
0
0
0
0
0
0
0
0
0
0.0006107817
0.0005927159
0.0005740029
0.000554626
0.000534506
0
0
0
0
0
0
0
0
0
0
0.0006294882
0.0006120198
0.0005939331
0.0005752133
0.0005557853
0
0
0
0
0
0
0
0
0
0
0.0006469795
0.0006300621
0.0006125521
0.0005944363
0.0005756429
0
0
0
0
0
0
0
0
0
0
0.0002364945
0.0002040743
0.0001700997
0.0001351433
0.0001037449
0
0
0
0
0
0
0
0
0
0
0.0002662137
0.0002351554
0.000202545
0.0001683688
0.0001330813
0
0
0
0
0
0
0
0
0
0
0.0002936223
0.0002637849
0.0002324881
0.0001996283
0.000165097
0
0
0
0
0
0
0
0
0
0
0.000319013
0.0002902677
0.0002601558
0.0002285737
0.0001953319
0
0
0
0
0
0
0
0
0
0
0.0003428043
0.0003150473
0.0002860074
0.0002555903
0.0002236092
0
0
0
0
0
0
0
0
0
0
0.0003656947
0.0003388614
0.0003108194
0.0002814866
0.0002506877
0
0
0
0
0
0
0
0
0
0
0.0003888139
0.0003628933
0.0003358367
0.0003075729
0.0002779418
0
0
0
0
0
0
0
0
0
0
0.000412091
0.0003870693
0.0003609799
0.0003337619
0.0003052688
0
0
0
0
0
0
0
0
0
0
0.0004352431
0.000411095
0.000385942
0.0003597319
0.0003323302
0
0
0
0
0
0
0
0
0
0
0.0004580674
0.0004347615
0.000410508
0.0003852617
0.0003588985
0
0
0
0
0
0
0
0
0
0
0.0004804794
0.0004579832
0.0004345915
0.0004102653
0.0003848891
0
0
0
0
0
0
0
0
0
0
0.000502479
0.0004807623
0.0004581977
0.0004347513
0.0004103152
0
0
0
0
0
0
0
0
0
0
0.0005241367
0.0005031735
0.0004814064
0.0004588056
0.0004352702
0
0
0
0
0
0
0
0
0
0
0.0005455952
0.0005253661
0.0005043741
0.0004825932
0.0004599281
0
0
0
0
0
0
0
0
0
0
0.0005670133
0.0005475057
0.0005272742
0.0005062964
0.0004844825
0
0
0
0
0
0
0
0
0
0
0.0005883644
0.0005695655
0.0005500811
0.0005298917
0.0005089131
0
0
0
0
0
0
0
0
0
0
0.0006088733
0.0005907428
0.0005719613
0.0005525118
0.0005323146
0
0
0
0
0
0
0
0
0
0
0.0006282272
0.000610717
0.0005925861
0.0005738197
0.0005543421
0
0
0
0
0
0
0
0
0
0
0.0006463631
0.0006294256
0.0006118944
0.0005937564
0.0005749394
0
0
0
0
0
0
0
0
0
0
0.0006633271
0.0006469187
0.0006299405
0.0006123809
0.000594171
0
0
0
0
0
0
0
0
0
0
0.0002673836
0.0002363883
0.0002038515
0.0001697698
0.0001346428
0
0
0
0
0
0
0
0
0
0
0.000295837
0.0002661113
0.0002349415
0.0002022306
0.0001678904
0
0
0
0
0
0
0
0
0
0
0.000322119
0.0002935231
0.0002635781
0.0002321859
0.0001991672
0
0
0
0
0
0
0
0
0
0
0.0003465014
0.000318916
0.0002900665
0.000259863
0.000228126
0
0
0
0
0
0
0
0
0
0
0.0003693762
0.0003427086
0.0003148497
0.0002857209
0.0002551518
0
0
0
0
0
0
0
0
0
0
0.0003914068
0.0003655993
0.0003386656
0.0003105362
0.0002810534
0
0
0
0
0
0
0
0
0
0
0.0004136755
0.0003887209
0.0003627035
0.000335563
0.0003071541
0
0
0
0
0
0
0
0
0
0
0.0004361131
0.0004120011
0.0003868865
0.0003607174
0.0003333597
0
0
0
0
0
0
0
0
0
0
0.0004584466
0.0004351561
0.0004109189
0.00038569
0.0003593452
0
0
0
0
0
0
0
0
0
0
0.0004804794
0.0004579832
0.0004345915
0.0004102653
0.0003848891
0
0
0
0
0
0
0
0
0
0
0.0005021282
0.0004803977
0.0004578188
0.0004343573
0.0004099053
0
0
0
0
0
0
0
0
0
0
0.0005233912
0.0005023997
0.0004806029
0.000457971
0.0004344027
0
0
0
0
0
0
0
0
0
0
0.0005443351
0.0005240596
0.0005030187
0.0004811865
0.0004584673
0
0
0
0
0
0
0
0
0
0
0.0005650969
0.0005455202
0.0005252158
0.0005041607
0.0004822647
0
0
0
0
0
0
0
0
0
0
0.0005858296
0.0005669409
0.0005473605
0.0005270685
0.0005059794
0
0
0
0
0
0
0
0
0
0
0.0006065076
0.0005882959
0.0005694281
0.0005498868
0.0005295916
0
0
0
0
0
0
0
0
0
0
0.0006263798
0.0006088079
0.0005906117
0.0005717763
0.0005522254
0
0
0
0
0
0
0
0
0
0
0.0006451417
0.0006281642
0.0006105909
0.0005924084
0.0005735443
0
0
0
0
0
0
0
0
0
0
0.0006627298
0.0006463022
0.0006293038
0.0006117229
0.0005934904
0
0
0
0
0
0
0
0
0
0
0.0006791867
0.0006632679
0.0006468006
0.0006297744
0.0006121233
0
0
0
0
0
0
0
0
0
0
0.0002969515
0.0002672817
0.0002361752
0.0002035385
0.0001692934
0
0
0
0
0
0
0
0
0
0
0.0003242336
0.0002957385
0.0002659061
0.0002346418
0.0002017732
0
0
0
0
0
0
0
0
0
0
0.0003494727
0.0003220234
0.0002933244
0.0002632891
0.0002317437
0
0
0
0
0
0
0
0
0
0
0.0003729178
0.0003464078
0.0003187224
0.000289786
0.0002594331
0
0
0
0
0
0
0
0
0
0
0.0003949378
0.0003692837
0.0003425182
0.0003145747
0.0002852992
0
0
0
0
0
0
0
0
0
0
0.000416164
0.0003913146
0.0003654106
0.0003383935
0.0003101194
0
0
0
0
0
0
0
0
0
0
0.0004376348
0.0004135854
0.0003885377
0.0003624402
0.0003351596
0
0
0
0
0
0
0
0
0
0
0.0004592826
0.0004360259
0.0004118245
0.0003866336
0.0003603295
0
0
0
0
0
0
0
0
0
0
0.000480844
0.0004583623
0.0004349859
0.0004106758
0.0003853167
0
0
0
0
0
0
0
0
0
0
0.0005021282
0.0004803977
0.0004578188
0.0004343573
0.0004099053
0
0
0
0
0
0
0
0
0
0
0.0005230534
0.0005020489
0.0004802386
0.0004575925
0.0004340093
0
0
0
0
0
0
0
0
0
0
0.0005436165
0.0005233142
0.0005022453
0.0004803837
0.0004576338
0
0
0
0
0
0
0
0
0
0
0.000563881
0.0005442602
0.0005239096
0.000502806
0.000480859
0
0
0
0
0
0
0
0
0
0
0.0005839784
0.000565024
0.0005453744
0.0005250091
0.0005038425
0
0
0
0
0
0
0
0
0
0
0.0006040563
0.0005857592
0.0005668001
0.0005471612
0.0005267612
0
0
0
0
0
0
0
0
0
0
0.0006240904
0.000606441
0.0005881626
0.0005692398
0.0005495957
0
0
0
0
0
0
0
0
0
0
0.0006433526
0.0006263162
0.0006086806
0.0005904323
0.0005714984
0
0
0
0
0
0
0
0
0
0
0.0006615462
0.0006450804
0.0006280417
0.0006104184
0.0005921411
0
0
0
0
0
0
0
0
0
0
0.0006786076
0.0006626704
0.0006461837
0.0006291372
0.0006114647
0
0
0
0
0
0
0
0
0
0
0.0006945761
0.000679129
0.000663153
0.0006466392
0.0006295242
0
0
0
0
0
0
0
0
0
0
0.0003252981
0.0002968534
0.0002670773
0.0002358766
0.0002030828
0
0
0
0
0
0
0
0
0
0
0.0003514961
0.0003241387
0.0002955413
0.0002656194
0.000234203
0
0
0
0
0
0
0
0
0
0
0.0003757652
0.0003493803
0.0003218321
0.0002930474
0.0002628643
0
0
0
0
0
0
0
0
0
0
0.0003983357
0.0003728273
0.0003462213
0.000318453
0.0002893723
0
0
0
0
0
0
0
0
0
0
0.0004195552
0.0003948484
0.0003691001
0.0003422538
0.0003141687
0
0
0
0
0
0
0
0
0
0
0.000440026
0.0004160748
0.0003911324
0.0003651488
0.0003379918
0
0
0
0
0
0
0
0
0
0
0.0004607456
0.0004375476
0.0004134085
0.0003882841
0.0003620511
0
0
0
0
0
0
0
0
0
0
0.000481648
0.0004591981
0.0004358553
0.0004115807
0.0003862592
0
0
0
0
0
0
0
0
0
0
0.000502479
0.0004807623
0.0004581977
0.0004347513
0.0004103152
0
0
0
0
0
0
0
0
0
0
0.0005230534
0.0005020489
0.0004802386
0.0004575925
0.0004340093
0
0
0
0
0
0
0
0
0
0
0.000543291
0.0005229764
0.0005018948
0.0004800199
0.0004572559
0
0
0
0
0
0
0
0
0
0
0.000563188
0.0005435417
0.0005231646
0.0005020333
0.0004800573
0
0
0
0
0
0
0
0
0
0
0.0005828045
0.0005638082
0.0005441148
0.0005237036
0.0005024889
0
0
0
0
0
0
0
0
0
0
0.0006022672
0.0005839075
0.0005648826
0.0005451743
0.0005247009
0
0
0
0
0
0
0
0
0
0
0.0006217188
0.0006039879
0.0005856225
0.0005666069
0.0005468633
0
0
0
0
0
0
0
0
0
0
0.000641136
0.0006240255
0.0006063115
0.0005879799
0.0005689574
0
0
0
0
0
0
0
0
0
0
0.0006598129
0.0006432906
0.0006261925
0.0006085064
0.0005901625
0
0
0
0
0
0
0
0
0
0
0.0006774603
0.0006614865
0.0006449613
0.0006278743
0.0006101589
0
0
0
0
0
0
0
0
0
0
0.0006940145
0.0006785497
0.0006625552
0.000646022
0.0006288864
0
0
0
0
0
0
0
0
0
0
0.0007095117
0.0006945199
0.0006790173
0.0006629962
0.0006463961
0
0
0
0
0
0
0
0
0
0
0.0003525149
0.0003252035
0.0002966569
0.0002667916
0.0002354394
0
0
0
0
0
0
0
0
0
0
0.0003777047
0.0003514044
0.0003239488
0.0002952663
0.0002651977
0
0
0
0
0
0
0
0
0
0
0.0004010686
0.0003756759
0.000349196
0.000321566
0.0002926385
0
0
0
0
0
0
0
0
0
0
0.0004228194
0.0003982481
0.0003726473
0.0003459621
0.0003180545
0
0
0
0
0
0
0
0
0
0
0.0004432866
0.0004194686
0.0003946711
0.0003688456
0.0003418624
0
0
0
0
0
0
0
0
0
0
0.0004630456
0.0004399395
0.0004158988
0.0003908801
0.0003647613
0
0
0
0
0
0
0
0
0
0
0.0004830558
0.0004606611
0.0004373766
0.0004131639
0.0003879085
0
0
0
0
0
0
0
0
0
0
0.000503253
0.0004815662
0.0004590331
0.0004356199
0.0004112189
0
0
0
0
0
0
0
0
0
0
0.0005233912
0.0005023997
0.0004806029
0.000457971
0.0004344027
0
0
0
0
0
0
0
0
0
0
0.000543291
0.0005229764
0.0005018948
0.0004800199
0.0004572559
0
0
0
0
0
0
0
0
0
0
0.0005628741
0.0005432163
0.0005228271
0.0005016832
0.000479694
0
0
0
0
0
0
0
0
0
0
0.0005821357
0.0005631153
0.0005433967
0.0005229593
0.0005017172
0
0
0
0
0
0
0
0
0
0
0.0006011333
0.0005827337
0.0005636671
0.0005439153
0.0005233963
0
0
0
0
0
0
0
0
0
0
0.0006199889
0.0006021983
0.0005837703
0.0005646886
0.0005448754
0
0
0
0
0
0
0
0
0
0
0.0006388405
0.0006216522
0.0006038551
0.0005854352
0.0005663179
0
0
0
0
0
0
0
0
0
0
0.0006576659
0.0006410729
0.0006238997
0.0006061343
0.0005877059
0
0
0
0
0
0
0
0
0
0
0.0006757804
0.0006597525
0.0006431704
0.0006260234
0.0006082445
0
0
0
0
0
0
0
0
0
0
0.000692902
0.0006774021
0.0006613707
0.0006447987
0.0006276222
0
0
0
0
0
0
0
0
0
0
0.0007089669
0.0006939581
0.0006784377
0.0006623981
0.0006457783
0
0
0
0
0
0
0
0
0
0
0.0007240076
0.0007094569
0.0006944112
0.0006788649
0.0006627599
0
0
0
0
0
0
0
0
0
0
0.0003786815
0.0003524236
0.0003250143
0.0002963829
0.0002663713
0
0
0
0
0
0
0
0
0
0
0.0004029304
0.000377616
0.0003512213
0.0003236846
0.0002948603
0
0
0
0
0
0
0
0
0
0
0.0004254458
0.0004009821
0.000375498
0.00034894
0.000321172
0
0
0
0
0
0
0
0
0
0
0.0004464261
0.0004227346
0.0003980743
0.0003723978
0.0003455778
0
0
0
0
0
0
0
0
0
0
0.0004661839
0.0004432027
0.0004192973
0.0003944257
0.0003684678
0
0
0
0
0
0
0
0
0
0
0.0004852702
0.0004629618
0.0004397694
0.0004156554
0.000390506
0
0
0
0
0
0
0
0
0
0
0.0005046087
0.0004829739
0.0004604956
0.0004371405
0.0004128011
0
0
0
0
0
0
0
0
0
0
0.0005241367
0.0005031735
0.0004814064
0.0004588056
0.0004352702
0
0
0
0
0
0
0
0
0
0
0.0005436165
0.0005233142
0.0005022453
0.0004803837
0.0004576338
0
0
0
0
0
0
0
0
0
0
0.0005628741
0.0005432163
0.0005228271
0.0005016832
0.000479694
0
0
0
0
0
0
0
0
0
0
0.0005818329
0.0005628015
0.0005430715
0.0005226222
0.0005013676
0
0
0
0
0
0
0
0
0
0
0.0006004876
0.000582065
0.0005629746
0.0005431979
0.0005226531
0
0
0
0
0
0
0
0
0
0
0.0006188931
0.0006010644
0.0005825968
0.0005634738
0.0005436174
0
0
0
0
0
0
0
0
0
0
0.0006371671
0.0006199219
0.000602065
0.0005835822
0.0005643988
0
0
0
0
0
0
0
0
0
0
0.0006554432
0.0006387757
0.0006215233
0.0006036734
0.0005851548
0
0
0
0
0
0
0
0
0
0
0.0006737001
0.0006576044
0.0006409506
0.0006237277
0.0006058682
0
0
0
0
0
0
0
0
0
0
0.0006912732
0.0006757215
0.0006596356
0.0006430062
0.000625769
0
0
0
0
0
0
0
0
0
0
0.0007078877
0.0006928453
0.0006772895
0.0006612127
0.0006445538
0
0
0
0
0
0
0
0
0
0
0.0007234789
0.0007089119
0.0006938491
0.000678285
0.0006621612
0
0
0
0
0
0
0
0
0
0
0.0007380761
0.0007239542
0.0007093511
0.0006942631
0.0006786352
0
0
0
0
0
0
0
0
0
0
0.0004038683
0.0003785932
0.0003522411
0.000324751
0.0002959782
0
0
0
0
0
0
0
0
0
0
0.0004272354
0.0004028446
0.0003774393
0.0003509671
0.0003232932
0
0
0
0
0
0
0
0
0
0
0.0004489528
0.000425362
0.0004008102
0.0003752513
0.0003485598
0
0
0
0
0
0
0
0
0
0
0.0004692064
0.0004463439
0.0004225666
0.0003978336
0.0003720267
0
0
0
0
0
0
0
0
0
0
0.0004882934
0.0004661025
0.000443037
0.0004190605
0.0003940609
0
0
0
0
0
0
0
0
0
0
0.0005067423
0.0004851889
0.0004627972
0.0004395344
0.000415294
0
0
0
0
0
0
0
0
0
0
0.0005254433
0.0005045292
0.0004828137
0.0004602675
0.0004367897
0
0
0
0
0
0
0
0
0
0
0.0005443351
0.0005240596
0.0005030187
0.0004811865
0.0004584673
0
0
0
0
0
0
0
0
0
0
0.000563188
0.0005435417
0.0005231646
0.0005020333
0.0004800573
0
0
0
0
0
0
0
0
0
0
0.0005818329
0.0005628015
0.0005430715
0.0005226222
0.0005013676
0
0
0
0
0
0
0
0
0
0
0.0006001954
0.0005817623
0.000562661
0.000542873
0.0005223164
0
0
0
0
0
0
0
0
0
0
0.0006182694
0.0006004189
0.0005819285
0.0005627819
0.000542901
0
0
0
0
0
0
0
0
0
0
0.0006361077
0.0006188261
0.0006009315
0.0005824093
0.0005631849
0
0
0
0
0
0
0
0
0
0
0.0006538238
0.0006371019
0.0006197924
0.0006018826
0.000583301
0
0
0
0
0
0
0
0
0
0
0.0006715471
0.0006553801
0.0006386505
0.0006213469
0.0006034013
0
0
0
0
0
0
0
0
0
0
0.0006892568
0.0006736402
0.0006574856
0.0006407836
0.0006234694
0
0
0
0
0
0
0
0
0
0
0.000706308
0.0006912159
0.0006756078
0.0006594761
0.0006427591
0
0
0
0
0
0
0
0
0
0
0.0007224318
0.0007078324
0.0006927357
0.000677136
0.0006609747
0
0
0
0
0
0
0
0
0
0
0.0007375629
0.0007234253
0.0007088059
0.0006937007
0.0006780548
0
0
0
0
0
0
0
0
0
0
0.0007517254
0.000738024
0.0007238512
0.0007092071
0.0006940397
0
0
0
0
0
0
0
0
0
0
0.0004281371
0.0004037828
0.000378417
0.0003519877
0.0003243609
0
0
0
0
0
0
0
0
0
0
0.0004506749
0.0004271522
0.0004026738
0.0003771943
0.0003505894
0
0
0
0
0
0
0
0
0
0
0.0004716398
0.0004488716
0.0004251958
0.0004005723
0.0003748843
0
0
0
0
0
0
0
0
0
0
0.0004912059
0.0004691266
0.0004461813
0.0004223343
0.0003974752
0
0
0
0
0
0
0
0
0
0
0.0005096569
0.0004882144
0.0004659421
0.0004428083
0.0004187079
0
0
0
0
0
0
0
0
0
0
0.0005275005
0.0005066633
0.0004850295
0.0004625701
0.0004391849
0
0
0
0
0
0
0
0
0
0
0.0005455952
0.0005253661
0.0005043741
0.0004825932
0.0004599281
0
0
0
0
0
0
0
0
0
0
0.000563881
0.0005442602
0.0005239096
0.000502806
0.000480859
0
0
0
0
0
0
0
0
0
0
0.0005821357
0.0005631153
0.0005433967
0.0005229593
0.0005017172
0
0
0
0
0
0
0
0
0
0
0.0006001954
0.0005817623
0.000562661
0.000542873
0.0005223164
0
0
0
0
0
0
0
0
0
0
0.0006179873
0.0006001267
0.000581626
0.0005624687
0.0005425766
0
0
0
0
0
0
0
0
0
0
0.000635505
0.0006182025
0.0006002863
0.0005817417
0.000562494
0
0
0
0
0
0
0
0
0
0
0.0006527991
0.0006360425
0.0006186969
0.0006007497
0.0005821291
0
0
0
0
0
0
0
0
0
0
0.0006699793
0.0006537603
0.0006369761
0.0006196154
0.0006016097
0
0
0
0
0
0
0
0
0
0
0.0006871705
0.0006714856
0.0006552584
0.0006384792
0.0006210827
0
0
0
0
0
0
0
0
0
0
0.0007043529
0.0006891984
0.0006735246
0.0006573233
0.0006405326
0
0
0
0
0
0
0
0
0
0
0.0007208992
0.0007062521
0.0006911053
0.0006754529
0.000659236
0
0
0
0
0
0
0
0
0
0
0.0007365466
0.0007223779
0.0007077258
0.0006925865
0.0006769046
0
0
0
0
0
0
0
0
0
0
0.0007512271
0.0007375106
0.0007233221
0.0007086615
0.0006934768
0
0
0
0
0
0
0
0
0
0.0007649595
0.0007516746
0.0007379238
0.0007237112
0.0007089898
0
0
0
0
0
0
0
0
0
0
0.0004515428
0.0004280541
0.0004036125
0.0003781728
0.0003516111
0
0
0
0
0
0
0
0
0
0
0.0004732985
0.0004505943
0.000426987
0.0004024374
0.0003768296
0
0
0
0
0
0
0
0
0
0
0.0004935514
0.0004715609
0.0004487108
0.0004249661
0.0004002176
0
0
0
0
0
0
0
0
0
0
0.0005124657
0.0004911284
0.0004689692
0.0004459568
0.0004219877
0
0
0
0
0
0
0
0
0
0
0.0005303126
0.0005095802
0.0004880591
0.000465721
0.0004424672
0
0
0
0
0
0
0
0
0
0
0.0005475801
0.0005274239
0.000506509
0.0004848099
0.0004622319
0
0
0
0
0
0
0
0
0
0
0.0005650969
0.0005455202
0.0005252158
0.0005041607
0.0004822647
0
0
0
0
0
0
0
0
0
0
0.0005828045
0.0005638082
0.0005441148
0.0005237036
0.0005024889
0
0
0
0
0
0
0
0
0
0
0.0006004876
0.000582065
0.0005629746
0.0005431979
0.0005226531
0
0
0
0
0
0
0
0
0
0
0.0006179873
0.0006001267
0.000581626
0.0005624687
0.0005425766
0
0
0
0
0
0
0
0
0
0
0.0006352325
0.0006179205
0.0005999944
0.0005814395
0.0005621812
0
0
0
0
0
0
0
0
0
0
0.0006522166
0.00063544
0.0006180738
0.0006001051
0.0005814623
0
0
0
0
0
0
0
0
0
0
0.0006689879
0.0006527356
0.000635917
0.0006185205
0.0006004777
0
0
0
0
0
0
0
0
0
0
0.0006856523
0.0006699175
0.0006536381
0.0006368042
0.0006193504
0
0
0
0
0
0
0
0
0
0
0.0007023307
0.0006871107
0.0006713672
0.0006550921
0.0006382226
0
0
0
0
0
0
0
0
0
0
0.000719003
0.000704296
0.000689086
0.0006733669
0.0006570795
0
0
0
0
0
0
0
0
0
0
0.0007350593
0.0007208448
0.0007061445
0.0006909546
0.0006752194
0
0
0
0
0
0
0
0
0
0
0.0007502405
0.000736494
0.0007222742
0.0007075807
0.0006923615
0
0
0
0
0
0
0
0
0
0.0007644756
0.0007511762
0.0007374102
0.0007231817
0.0007084437
0
0
0
0
0
0
0
0
0.0007777738
0.00076491
0.000751577
0.0007377875
0.0007234998
0
0
0
0
0
0
0
0
0
0
0.0004741346
0.0004514624
0.0004278895
0.0004033769
0.0003778091
0
0
0
0
0
0
0
0
0
0
0.0004951506
0.0004732202
0.0004504344
0.0004267588
0.0004020849
0
0
0
0
0
0
0
0
0
0
0.0005147284
0.0004934749
0.0004714052
0.0004484888
0.000424623
0
0
0
0
0
0
0
0
0
0
0.0005330233
0.0005123905
0.0004909759
0.0004687522
0.0004456215
0
0
0
0
0
0
0
0
0
0
0.000550295
0.0005302381
0.0005094298
0.0004878452
0.0004653909
0
0
0
0
0
0
0
0
0
0
0.0005670133
0.0005475057
0.0005272742
0.0005062964
0.0004844825
0
0
0
0
0
0
0
0
0
0
0.0005839784
0.000565024
0.0005453744
0.0005250091
0.0005038425
0
0
0
0
0
0
0
0
0
0
0.0006011333
0.0005827337
0.0005636671
0.0005439153
0.0005233963
0
0
0
0
0
0
0
0
0
0
0.0006182694
0.0006004189
0.0005819285
0.0005627819
0.000542901
0
0
0
0
0
0
0
0
0
0
0.0006352325
0.0006179205
0.0005999944
0.0005814395
0.0005621812
0
0
0
0
0
0
0
0
0
0
0.0006519532
0.0006351675
0.0006177919
0.0005998135
0.0005811606
0
0
0
0
0
0
0
0
0
0
0.0006684246
0.0006521532
0.0006353149
0.0006178979
0.000599834
0
0
0
0
0
0
0
0
0
0
0.0006846927
0.0006689261
0.0006526137
0.0006357457
0.0006182565
0
0
0
0
0
0
0
0
0
0
0.0007008599
0.0006855921
0.0006697986
0.0006534712
0.0006365469
0
0
0
0
0
0
0
0
0
0
0.0007170423
0.0007022723
0.0006869955
0.0006712056
0.0006548428
0
0
0
0
0
0
0
0
0
0
0.0007332196
0.0007189475
0.0007041866
0.0006889328
0.00067313
0
0
0
0
0
0
0
0
0
0
0.0007487969
0.0007350062
0.00072074
0.000705998
0.0006907277
0
0
0
0
0
0
0
0
0
0.0007635176
0.0007501892
0.000736393
0.000722133
0.0007073619
0
0
0
0
0
0
0
0
0.0007773039
0.0007644259
0.0007510783
0.0007372736
0.0007229699
0
0
0
0
0
0
0
0.0007901527
0.0007777254
0.0007648149
0.0007514444
0.0007375818
0
0
0
0
0
0
0
0
0
0
0.0004959568
0.0004740566
0.000451303
0.0004276619
0.0004030253
0
0
0
0
0
0
0
0
0
0
0.0005162714
0.0004950746
0.0004730654
0.0004502138
0.0004264178
0
0
0
0
0
0
0
0
0
0
0.0005352076
0.0005146541
0.000493324
0.0004711905
0.0004481568
0
0
0
0
0
0
0
0
0
0
0.0005529128
0.0005329502
0.0005122427
0.000490766
0.0004684276
0
0
0
0
0
0
0
0
0
0
0.0005696359
0.0005502226
0.0005300922
0.0005092228
0.0004875256
0
0
0
0
0
0
0
0
0
0
0.0005858296
0.0005669409
0.0005473605
0.0005270685
0.0005059794
0
0
0
0
0
0
0
0
0
0
0.0006022672
0.0005839075
0.0005648826
0.0005451743
0.0005247009
0
0
0
0
0
0
0
0
0
0
0.0006188931
0.0006010644
0.0005825968
0.0005634738
0.0005436174
0
0
0
0
0
0
0
0
0
0
0.000635505
0.0006182025
0.0006002863
0.0005817417
0.000562494
0
0
0
0
0
0
0
0
0
0
0.0006519532
0.0006351675
0.0006177919
0.0005998135
0.0005811606
0
0
0
0
0
0
0
0
0
0
0.00066817
0.0006518899
0.0006350426
0.0006176164
0.0005995428
0
0
0
0
0
0
0
0
0
0
0.0006841479
0.0006683629
0.0006520316
0.0006351442
0.0006176347
0
0
0
0
0
0
0
0
0
0
0.0006999309
0.0006846325
0.0006688075
0.0006524474
0.0006354893
0
0
0
0
0
0
0
0
0
0
0.0007156171
0.0007008012
0.0006854765
0.0006696365
0.0006532212
0
0
0
0
0
0
0
0
0
0
0.000731318
0.0007169854
0.0007021603
0.0006868385
0.0006709634
0
0
0
0
0
0
0
0
0
0
0.0007470116
0.0007331655
0.0007188411
0.0007040376
0.0006887024
0
0
0
0
0
0
0
0
0
0.0007621161
0.0007487451
0.0007349043
0.0007205976
0.0007057773
0
0
0
0
0
0
0
0
0.0007763735
0.0007634676
0.0007500909
0.0007362557
0.0007219202
0
0
0
0
0
0
0
0.0007896962
0.0007772553
0.0007643306
0.0007509454
0.0007370674
0
0
0
0
0
0
0.0008020585
0.0007901054
0.0007776328
0.0007646858
0.0007512442
0
0
0
0
0
0
0
0
0
0
0.0005170493
0.000495881
0.0004739022
0.000451083
0.0004273219
0
0
0
0
0
0
0
0
0
0
0.0005366974
0.0005161975
0.0004949246
0.0004728521
0.0004498838
0
0
0
0
0
0
0
0
0
0
0.0005550228
0.0005351354
0.0005145078
0.0004931162
0.0004708691
0
0
0
0
0
0
0
0
0
0
0.0005721654
0.0005528417
0.0005328069
0.0005120394
0.0004904516
0
0
0
0
0
0
0
0
0
0
0.0005883644
0.0005695655
0.0005500811
0.0005298917
0.0005089131
0
0
0
0
0
0
0
0
0
0
0.0006040563
0.0005857592
0.0005668001
0.0005471612
0.0005267612
0
0
0
0
0
0
0
0
0
0
0.0006199889
0.0006021983
0.0005837703
0.0005646886
0.0005448754
0
0
0
0
0
0
0
0
0
0
0.0006361077
0.0006188261
0.0006009315
0.0005824093
0.0005631849
0
0
0
0
0
0
0
0
0
0
0.0006522166
0.00063544
0.0006180738
0.0006001051
0.0005814623
0
0
0
0
0
0
0
0
0
0
0.00066817
0.0006518899
0.0006350426
0.0006176164
0.0005995428
0
0
0
0
0
0
0
0
0
0
0.0006839017
0.0006681084
0.0006517685
0.0006348722
0.0006173536
0
0
0
0
0
0
0
0
0
0
0.0006994037
0.0006840878
0.0006682447
0.0006518659
0.0006348885
0
0
0
0
0
0
0
0
0
0
0.0007147174
0.0006998722
0.0006845173
0.000668646
0.0006521983
0
0
0
0
0
0
0
0
0
0
0.0007299367
0.0007155599
0.0007006888
0.0006853189
0.0006693936
0
0
0
0
0
0
0
0
0
0
0.0007451669
0.0007312626
0.0007168764
0.0007020077
0.000686603
0
0
0
0
0
0
0
0
0
0.0007603834
0.0007469589
0.0007330619
0.0007186962
0.0007038136
0
0
0
0
0
0
0
0
0.0007750127
0.0007620656
0.0007486458
0.0007347657
0.0007203829
0
0
0
0
0
0
0
0.0007887928
0.0007763247
0.0007633718
0.0007499573
0.0007360486
0
0
0
0
0
0
0.0008016153
0.0007896489
0.0007771625
0.0007642012
0.0007507448
0
0
0
0
0
0.0008134238
0.0008020124
0.0007900151
0.0007775071
0.0007644909
0
0
0
0
0
0
0
0
0
0
0.0005374486
0.0005169756
0.0004957314
0.0004736894
0.0004507539
0
0
0
0
0
0
0
0
0
0
0.0005564621
0.0005366256
0.0005160521
0.0004947181
0.0004725325
0
0
0
0
0
0
0
0
0
0
0.0005742049
0.0005549525
0.0005349935
0.0005143066
0.0004928049
0
0
0
0
0
0
0
0
0
0
0.00059081
0.0005720963
0.0005527026
0.00053261
0.0005117347
0
0
0
0
0
0
0
0
0
0
0.0006065076
0.0005882959
0.0005694281
0.0005498868
0.0005295916
0
0
0
0
0
0
0
0
0
0
0.0006217188
0.0006039879
0.0005856225
0.0005666069
0.0005468633
0
0
0
0
0
0
0
0
0
0
0.0006371671
0.0006199219
0.000602065
0.0005835822
0.0005643988
0
0
0
0
0
0
0
0
0
0
0.0006527991
0.0006360425
0.0006186969
0.0006007497
0.0005821291
0
0
0
0
0
0
0
0
0
0
0.0006684246
0.0006521532
0.0006353149
0.0006178979
0.000599834
0
0
0
0
0
0
0
0
0
0
0.0006839017
0.0006681084
0.0006517685
0.0006348722
0.0006173536
0
0
0
0
0
0
0
0
0
0
0.0006991656
0.0006838417
0.0006679903
0.000651603
0.000634617
0
0
0
0
0
0
0
0
0
0
0.0007142071
0.0006993451
0.0006839728
0.0006680836
0.0006516176
0
0
0
0
0
0
0
0
0
0
0.0007290652
0.0007146602
0.0006997601
0.0006843602
0.0006684039
0
0
0
0
0
0
0
0
0
0
0.0007438277
0.0007298809
0.0007154505
0.0007005356
0.0006850828
0
0
0
0
0
0
0
0
0
0.0007585935
0.0007451129
0.0007311565
0.000716728
0.0007017787
0
0
0
0
0
0
0
0
0.0007733308
0.0007603319
0.000746858
0.000732921
0.0007184783
0
0
0
0
0
0
0
0.0007874715
0.0007749634
0.0007619689
0.0007485109
0.0007345568
0
0
0
0
0
0
0.0008007382
0.0007887452
0.0007762314
0.0007632417
0.0007497557
0
0
0
0
0
0.0008129937
0.0008015691
0.0007895584
0.0007770365
0.0007640059
0
0
0
0
0.0008241226
0.0008133787
0.0008019243
0.0007898927
0.0007773173
0
0
0
0
0
0
0
0
0
0
0.000557188
0.000537377
0.0005168306
0.0004955254
0.0004733707
0
0
0
0
0
0
0
0
0
0
0.0005755963
0.0005563923
0.0005364845
0.0005158521
0.0004944084
0
0
0
0
0
0
0
0
0
0
0.0005927824
0.0005741366
0.0005548149
0.0005347986
0.0005140048
0
0
0
0
0
0
0
0
0
0
0.0006088733
0.0005907428
0.0005719613
0.0005525118
0.0005323146
0
0
0
0
0
0
0
0
0
0
0.0006240904
0.000606441
0.0005881626
0.0005692398
0.0005495957
0
0
0
0
0
0
0
0
0
0
0.0006388405
0.0006216522
0.0006038551
0.0005854352
0.0005663179
0
0
0
0
0
0
0
0
0
0
0.0006538238
0.0006371019
0.0006197924
0.0006018826
0.000583301
0
0
0
0
0
0
0
0
0
0
0.0006689879
0.0006527356
0.000635917
0.0006185205
0.0006004777
0
0
0
0
0
0
0
0
0
0
0.0006841479
0.0006683629
0.0006520316
0.0006351442
0.0006176347
0
0
0
0
0
0
0
0
0
0
0.0006991656
0.0006838417
0.0006679903
0.000651603
0.000634617
0
0
0
0
0
0
0
0
0
0
0.0007139768
0.0006991071
0.0006837269
0.0006678296
0.0006513551
0
0
0
0
0
0
0
0
0
0
0.0007285712
0.0007141501
0.0006992333
0.0006838163
0.0006678423
0
0
0
0
0
0
0
0
0
0
0.0007429834
0.0007290094
0.0007145511
0.0006996075
0.0006841249
0
0
0
0
0
0
0
0
0
0.000757295
0.0007437733
0.0007297744
0.0007153015
0.000700306
0
0
0
0
0
0
0
0
0.000771594
0.0007585408
0.0007450096
0.0007310121
0.0007165053
0
0
0
0
0
0
0
0.0007858389
0.0007732806
0.0007602336
0.0007467209
0.000732709
0
0
0
0
0
0
0.0007994556
0.0007874234
0.0007748692
0.0007618376
0.0007483077
0
0
0
0
0
0.0008121426
0.0008006917
0.0007886542
0.0007761047
0.0007630455
0
0
0
0
0.0008237057
0.0008129485
0.0008014808
0.0007894356
0.0007768463
0
0
0
0.0008339456
0.0008240785
0.0008132928
0.000801805
0.0007897078
0
0
0
0
0
0
0
0
0
0
0.0005762982
0.0005571184
0.0005372363
0.0005166312
0.0004952166
0
0
0
0
0
0
0
0
0
0
0.0005941283
0.0005755284
0.0005562554
0.0005362907
0.0005155519
0
0
0
0
0
0
0
0
0
0
0.0006107817
0.0005927159
0.0005740029
0.000554626
0.000534506
0
0
0
0
0
0
0
0
0
0
0.0006263798
0.0006088079
0.0005906117
0.0005717763
0.0005522254
0
0
0
0
0
0
0
0
0
0
0.000641136
0.0006240255
0.0006063115
0.0005879799
0.0005689574
0
0
0
0
0
0
0
0
0
0
0.0006554432
0.0006387757
0.0006215233
0.0006036734
0.0005851548
0
0
0
0
0
0
0
0
0
0
0.0006699793
0.0006537603
0.0006369761
0.0006196154
0.0006016097
0
0
0
0
0
0
0
0
0
0
0.0006846927
0.0006689261
0.0006526137
0.0006357457
0.0006182565
0
0
0
0
0
0
0
0
0
0
0.0006994037
0.0006840878
0.0006682447
0.0006518659
0.0006348885
0
0
0
0
0
0
0
0
0
0
0.0007139768
0.0006991071
0.0006837269
0.0006678296
0.0006513551
0
0
0
0
0
0
0
0
0
0
0.0007283483
0.0007139198
0.0006989954
0.0006835707
0.0006675887
0
0
0
0
0
0
0
0
0
0
0.0007425051
0.0007285156
0.0007140412
0.0006990812
0.0006835817
0
0
0
0
0
0
0
0
0
0.0007564769
0.000742929
0.0007289032
0.0007144027
0.0006993787
0
0
0
0
0
0
0
0
0.0007703349
0.0007572419
0.0007436697
0.0007296295
0.0007150783
0
0
0
0
0
0
0
0.0007841538
0.0007715426
0.0007584402
0.0007448691
0.0007307955
0
0
0
0
0
0
0.0007978713
0.0007857899
0.0007731848
0.0007601002
0.0007465145
0
0
0
0
0
0.0008108983
0.0007994086
0.0007873316
0.0007747414
0.0007616397
0
0
0
0
0.0008228809
0.0008120972
0.000800603
0.0007885308
0.0007759137
0
0
0
0.0008335424
0.0008236616
0.0008128624
0.0008013612
0.0007892503
0
0
0.0008425263
0.0008339024
0.0008239946
0.0008131764
0.0008016248
0
0
0
0
0
0
0
0
0
0
0.0005948072
0.0005762304
0.0005569819
0.0005370431
0.0005163318
0
0
0
0
0
0
0
0
0
0
0.0006120841
0.0005940622
0.0005753955
0.0005560676
0.0005359997
0
0
0
0
0
0
0
0
0
0
0.0006282272
0.000610717
0.0005925861
0.0005738197
0.0005543421
0
0
0
0
0
0
0
0
0
0
0.0006433526
0.0006263162
0.0006086806
0.0005904323
0.0005714984
0
0
0
0
0
0
0
0
0
0
0.0006576659
0.0006410729
0.0006238997
0.0006061343
0.0005877059
0
0
0
0
0
0
0
0
0
0
0.0006715471
0.0006553801
0.0006386505
0.0006213469
0.0006034013
0
0
0
0
0
0
0
0
0
0
0.0006856523
0.0006699175
0.0006536381
0.0006368042
0.0006193504
0
0
0
0
0
0
0
0
0
0
0.0006999309
0.0006846325
0.0006688075
0.0006524474
0.0006354893
0
0
0
0
0
0
0
0
0
0
0.0007142071
0.0006993451
0.0006839728
0.0006680836
0.0006516176
0
0
0
0
0
0
0
0
0
0
0.0007283483
0.0007139198
0.0006989954
0.0006835707
0.0006675887
0
0
0
0
0
0
0
0
0
0
0.0007422894
0.0007282927
0.0007138111
0.0006988436
0.0006833365
0
0
0
0
0
0
0
0
0
0.0007560137
0.0007424509
0.0007284096
0.0007138933
0.0006988531
0
0
0
0
0
0
0
0
0.0007695421
0.0007564238
0.0007428256
0.0007287589
0.0007141802
0
0
0
0
0
0
0
0.0007829328
0.0007702831
0.000757141
0.0007435287
0.0007294123
0
0
0
0
0
0
0.0007962366
0.0007841035
0.0007714446
0.0007583035
0.0007446583
0
0
0
0
0
0.0008093618
0.0007978235
0.0007856966
0.0007730549
0.0007598993
0
0
0
0
0.0008216753
0.0008108524
0.0007993191
0.0007872071
0.0007745487
0
0
0
0.0008327449
0.0008228365
0.0008120106
0.0008004828
0.0007883447
0
0
0.000842138
0.0008334992
0.0008235775
0.0008127457
0.0008011806
0
0.000849273
0.000842484
0.0008338204
0.0008238811
0.0008130007
0
0
0
0
0
0
0
0
0
0
0.0006127413
0.0005947413
0.0005760979
0.0005567945
0.0005367528
0
0
0
0
0
0
0
0
0
0
0.0006294882
0.0006120198
0.0005939331
0.0005752133
0.0005557853
0
0
0
0
0
0
0
0
0
0
0.0006451417
0.0006281642
0.0006105909
0.0005924084
0.0005735443
0
0
0
0
0
0
0
0
0
0
0.0006598129
0.0006432906
0.0006261925
0.0006085064
0.0005901625
0
0
0
0
0
0
0
0
0
0
0.0006737001
0.0006576044
0.0006409506
0.0006237277
0.0006058682
0
0
0
0
0
0
0
0
0
0
0.0006871705
0.0006714856
0.0006552584
0.0006384792
0.0006210827
0
0
0
0
0
0
0
0
0
0
0.0007008599
0.0006855921
0.0006697986
0.0006534712
0.0006365469
0
0
0
0
0
0
0
0
0
0
0.0007147174
0.0006998722
0.0006845173
0.000668646
0.0006521983
0
0
0
0
0
0
0
0
0
0
0.0007285712
0.0007141501
0.0006992333
0.0006838163
0.0006678423
0
0
0
0
0
0
0
0
0
0
0.0007422894
0.0007282927
0.0007138111
0.0006988436
0.0006833365
0
0
0
0
0
0
0
0
0
0.000755805
0.0007422352
0.000728187
0.0007136634
0.0006986159
0
0
0
0
0
0
0
0
0.0007690936
0.0007559608
0.0007423477
0.0007282658
0.0007136715
0
0
0
0
0
0
0
0.0007821647
0.0007694903
0.0007563231
0.0007426852
0.0007285424
0
0
0
0
0
0
0.0007950531
0.0007828823
0.0007701847
0.0007570038
0.0007433174
0
0
0
0
0
0.000807777
0.0007961876
0.0007840081
0.0007713115
0.0007580983
0
0
0
0
0.0008201869
0.0008093151
0.0007977325
0.00078557
0.0007728593
0
0
0
0.0008315793
0.0008216304
0.0008107651
0.0007991978
0.0007870193
0
0
0.0008413699
0.0008327014
0.000822752
0.0008118934
0.0008003013
0
0.0008489012
0.0008420956
0.000833417
0.0008234636
0.0008125697
0.0008532262
0.0008492314
0.0008424036
0.0008337094
0.0008237096
0
0
0
0
0
0
0
0
0
0
0.0006301245
0.0006126771
0.0005946126
0.0005759162
0.0005565129
0
0
0
0
0
0
0
0
0
0
0.0006463631
0.0006294256
0.0006118944
0.0005937564
0.0005749394
0
0
0
0
0
0
0
0
0
0
0.0006615462
0.0006450804
0.0006280417
0.0006104184
0.0005921411
0
0
0
0
0
0
0
0
0
0
0.0006757804
0.0006597525
0.0006431704
0.0006260234
0.0006082445
0
0
0
0
0
0
0
0
0
0
0.0006892568
0.0006736402
0.0006574856
0.0006407836
0.0006234694
0
0
0
0
0
0
0
0
0
0
0.0007023307
0.0006871107
0.0006713672
0.0006550921
0.0006382226
0
0
0
0
0
0
0
0
0
0
0.0007156171
0.0007008012
0.0006854765
0.0006696365
0.0006532212
0
0
0
0
0
0
0
0
0
0
0.0007290652
0.0007146602
0.0006997601
0.0006843602
0.0006684039
0
0
0
0
0
0
0
0
0
0
0.0007425051
0.0007285156
0.0007140412
0.0006990812
0.0006835817
0
0
0
0
0
0
0
0
0
0.000755805
0.0007422352
0.000728187
0.0007136634
0.0006986159
0
0
0
0
0
0
0
0
0.0007688915
0.0007557521
0.0007421322
0.0007280433
0.000713442
0
0
0
0
0
0
0
0.0007817305
0.000769042
0.0007558604
0.0007422077
0.00072805
0
0
0
0
0
0
0.0007943091
0.0007821142
0.0007693922
0.0007561864
0.0007424745
0
0
0
0
0
0.0008066306
0.0007950038
0.0007827864
0.0007700512
0.0007567981
0
0
0
0
0.0008186524
0.0008077291
0.0007960945
0.0007838784
0.0007711117
0
0
0
0.0008301408
0.0008201412
0.0008092263
0.0007976092
0.0007853795
0
0
0.0008402475
0.0008315353
0.0008215451
0.0008106468
0.0007990148
0
0.0008481658
0.0008413273
0.0008326187
0.0008226376
0.0008117165
0.0008528706
0.0008488595
0.0008420151
0.0008333057
0.0008232918
0.000853185
0.0008491523
0.0008422949
0.0008335417
0
0
0
0
0
0
0
0
0
0
0.0006469795
0.0006300621
0.0006125521
0.0005944363
0.0005756429
0
0
0
0
0
0
0
0
0
0
0.0006627298
0.0006463022
0.0006293038
0.0006117229
0.0005934904
0
0
0
0
0
0
0
0
0
0
0.0006774603
0.0006614865
0.0006449613
0.0006278743
0.0006101589
0
0
0
0
0
0
0
0
0
0
0.0006912732
0.0006757215
0.0006596356
0.0006430062
0.000625769
0
0
0
0
0
0
0
0
0
0
0.0007043529
0.0006891984
0.0006735246
0.0006573233
0.0006405326
0
0
0
0
0
0
0
0
0
0
0.0007170423
0.0007022723
0.0006869955
0.0006712056
0.0006548428
0
0
0
0
0
0
0
0
0
0
0.0007299367
0.0007155599
0.0007006888
0.0006853189
0.0006693936
0
0
0
0
0
0
0
0
0
0
0.0007429834
0.0007290094
0.0007145511
0.0006996075
0.0006841249
0
0
0
0
0
0
0
0
0
0.0007560137
0.0007424509
0.0007284096
0.0007138933
0.0006988531
0
0
0
0
0
0
0
0
0.0007688915
0.0007557521
0.0007421322
0.0007280433
0.000713442
0
0
0
0
0
0
0
0.000781535
0.0007688399
0.0007556518
0.0007419925
0.0007278279
0
0
0
0
0
0
0.000793889
0.0007816801
0.0007689441
0.0007557241
0.0007419978
0
0
0
0
0
0.0008059106
0.0007942599
0.0007820186
0.0007692592
0.0007559814
0
0
0
0
0.0008175435
0.0008065824
0.0007949103
0.0007826564
0.0007698509
0
0
0
0.0008286585
0.0008186056
0.0008076382
0.0007959682
0.0007836838
0
0
0.000838863
0.0008300961
0.0008200546
0.000809106
0.0007974235
0
0.0008470915
0.0008402044
0.0008314519
0.0008214296
0.0008104683
0.0008521678
0.0008481238
0.0008412463
0.0008325069
0.0008224649
0.0008528294
0.0008487802
0.0008419061
0.0008331377
0.0008531069
0.0008490454
0.0008421307
0
0
0
0
0
0
0
0
0
0
0.0006633271
0.0006469187
0.0006299405
0.0006123809
0.000594171
0
0
0
0
0
0
0
0
0
0
0.0006786076
0.0006626704
0.0006461837
0.0006291372
0.0006114647
0
0
0
0
0
0
0
0
0
0
0.000692902
0.0006774021
0.0006613707
0.0006447987
0.0006276222
0
0
0
0
0
0
0
0
0
0
0.000706308
0.0006912159
0.0006756078
0.0006594761
0.0006427591
0
0
0
0
0
0
0
0
0
0
0.000719003
0.000704296
0.000689086
0.0006733669
0.0006570795
0
0
0
0
0
0
0
0
0
0
0.000731318
0.0007169854
0.0007021603
0.0006868385
0.0006709634
0
0
0
0
0
0
0
0
0
0
0.0007438277
0.0007298809
0.0007154505
0.0007005356
0.0006850828
0
0
0
0
0
0
0
0
0
0.0007564769
0.000742929
0.0007289032
0.0007144027
0.0006993787
0
0
0
0
0
0
0
0
0.0007690936
0.0007559608
0.0007423477
0.0007282658
0.0007136715
0
0
0
0
0
0
0
0.000781535
0.0007688399
0.0007556518
0.0007419925
0.0007278279
0
0
0
0
0
0
0.0007936999
0.0007814846
0.0007687422
0.0007555158
0.0007417828
0
0
0
0
0
0.0008055045
0.0007938398
0.0007815847
0.0007688115
0.0007555197
0
0
0
0
0.000816848
0.0008058625
0.0007941666
0.000781889
0.0007690595
0
0
0
0.0008275886
0.0008174964
0.0008064912
0.0007947836
0.0007824613
0
0
0.0008374371
0.0008286126
0.000818517
0.0008075151
0.0007957785
0
0.0008457671
0.0008388192
0.0008300113
0.0008199372
0.000808925
0.0008511416
0.0008470491
0.0008401227
0.000831339
0.0008212555
0.0008521263
0.0008480442
0.0008411368
0.0008323381
0.0008527511
0.0008486731
0.0008417415
0.0008530012
0.000848884
0
0
0
0
0
0
0
0
0
0
0.0006791867
0.0006632679
0.0006468006
0.0006297744
0.0006121233
0
0
0
0
0
0
0
0
0
0
0.0006940145
0.0006785497
0.0006625552
0.000646022
0.0006288864
0
0
0
0
0
0
0
0
0
0
0.0007078877
0.0006928453
0.0006772895
0.0006612127
0.0006445538
0
0
0
0
0
0
0
0
0
0
0.0007208992
0.0007062521
0.0006911053
0.0006754529
0.000659236
0
0
0
0
0
0
0
0
0
0
0.0007332196
0.0007189475
0.0007041866
0.0006889328
0.00067313
0
0
0
0
0
0
0
0
0
0
0.0007451669
0.0007312626
0.0007168764
0.0007020077
0.000686603
0
0
0
0
0
0
0
0
0
0.000757295
0.0007437733
0.0007297744
0.0007153015
0.000700306
0
0
0
0
0
0
0
0
0.0007695421
0.0007564238
0.0007428256
0.0007287589
0.0007141802
0
0
0
0
0
0
0
0.0007817305
0.000769042
0.0007558604
0.0007422077
0.00072805
0
0
0
0
0
0
0.0007936999
0.0007814846
0.0007687422
0.0007555158
0.0007417828
0
0
0
0
0
0.0008053218
0.0007936507
0.0007813894
0.0007686098
0.0007553117
0
0
0
0
0.0008164561
0.0008054564
0.0007937468
0.0007814555
0.0007686125
0
0
0
0.0008269186
0.0008168009
0.0008057715
0.0007940404
0.0007816945
0
0
0.0008364098
0.0008275425
0.0008174075
0.0008063677
0.0007945935
0
0.000844404
0.0008373922
0.000828526
0.0008183968
0.0008073302
0.0008498779
0.000845724
0.0008387362
0.0008298966
0.0008197605
0.0008510997
0.0008469688
0.0008400122
0.0008311688
0.0008520476
0.0008479365
0.0008409715
0.0008526452
0.0008485113
0.0008528416
0
0
0
0
0
0
0
0
0
0
0.0006945761
0.000679129
0.000663153
0.0006466392
0.0006295242
0
0
0
0
0
0
0
0
0
0
0.0007089669
0.0006939581
0.0006784377
0.0006623981
0.0006457783
0
0
0
0
0
0
0
0
0
0
0.0007224318
0.0007078324
0.0006927357
0.000677136
0.0006609747
0
0
0
0
0
0
0
0
0
0
0.0007350593
0.0007208448
0.0007061445
0.0006909546
0.0006752194
0
0
0
0
0
0
0
0
0
0
0.0007470116
0.0007331655
0.0007188411
0.0007040376
0.0006887024
0
0
0
0
0
0
0
0
0
0.0007585935
0.0007451129
0.0007311565
0.000716728
0.0007017787
0
0
0
0
0
0
0
0
0.0007703349
0.0007572419
0.0007436697
0.0007296295
0.0007150783
0
0
0
0
0
0
0
0.0007821647
0.0007694903
0.0007563231
0.0007426852
0.0007285424
0
0
0
0
0
0
0.000793889
0.0007816801
0.0007689441
0.0007557241
0.0007419978
0
0
0
0
0
0.0008053218
0.0007936507
0.0007813894
0.0007686098
0.0007553117
0
0
0
0
0.00081628
0.0008052738
0.0007935579
0.0007812604
0.0007684111
0
0
0
0.0008265417
0.0008164091
0.0008053657
0.0007936209
0.0007812617
0
0
0.0008357677
0.0008268725
0.0008167121
0.0008056484
0.0007938509
0
0.0008434245
0.0008363646
0.0008274555
0.0008172869
0.0008061823
0.000848579
0.0008443598
0.0008373073
0.0008284085
0.0008182164
0.0008498353
0.0008456423
0.0008386239
0.000829724
0.0008510203
0.0008468601
0.0008398456
0.0008519412
0.000847774
0.0008524853
0
0
0
0
0
0
0
0
0
0
0.0007095117
0.0006945199
0.0006790173
0.0006629962
0.0006463961
0
0
0
0
0
0
0
0
0
0
0.0007234789
0.0007089119
0.0006938491
0.000678285
0.0006621612
0
0
0
0
0
0
0
0
0
0
0.0007365466
0.0007223779
0.0007077258
0.0006925865
0.0006769046
0
0
0
0
0
0
0
0
0
0
0.0007487969
0.0007350062
0.0007207401
0.000705998
0.0006907277
0
0
0
0
0
0
0
0
0
0.0007603834
0.0007469589
0.0007330619
0.0007186962
0.0007038136
0
0
0
0
0
0
0
0
0.000771594
0.0007585408
0.0007450096
0.0007310121
0.0007165053
0
0
0
0
0
0
0
0.0007829328
0.0007702831
0.000757141
0.0007435287
0.0007294123
0
0
0
0
0
0
0.0007943091
0.0007821142
0.0007693922
0.0007561864
0.0007424745
0
0
0
0
0
0.0008055045
0.0007938398
0.0007815847
0.0007688115
0.0007555197
0
0
0
0
0.00081628
0.0008052738
0.0007935579
0.0007812604
0.0007684111
0
0
0
0.0008263726
0.000816233
0.0008051832
0.0007934322
0.0007810669
0
0
0.0008354075
0.0008264957
0.0008163205
0.0008052429
0.0007934321
0
0.0008428142
0.0008357225
0.0008267857
0.000816592
0.0008054636
0.0008476487
0.00084338
0.0008362794
0.0008273377
0.0008171061
0.0008485353
0.0008442764
0.0008371924
0.0008282322
0.0008497547
0.000845532
0.0008384549
0.000850913
0.0008466962
0.0008517806
0
0
0
0
0
0
0
0
0
0
0.0007240076
0.0007094569
0.0006944112
0.0006788649
0.0006627599
0
0
0
0
0
0
0
0
0
0
0.0007375629
0.0007234253
0.0007088059
0.0006937007
0.0006780548
0
0
0
0
0
0
0
0
0
0
0.0007502405
0.000736494
0.0007222742
0.0007075807
0.0006923615
0
0
0
0
0
0
0
0
0
0.0007621161
0.0007487451
0.0007349043
0.0007205976
0.0007057773
0
0
0
0
0
0
0
0
0.0007733308
0.0007603319
0.000746858
0.000732921
0.0007184783
0
0
0
0
0
0
0
0.0007841538
0.0007715426
0.0007584402
0.0007448691
0.0007307955
0
0
0
0
0
0
0.0007950531
0.0007828823
0.0007701847
0.0007570038
0.0007433174
0
0
0
0
0
0.0008059106
0.0007942599
0.0007820186
0.0007692592
0.0007559814
0
0
0
0
0.0008164561
0.0008054564
0.0007937468
0.0007814555
0.0007686125
0
0
0
0.0008263726
0.000816233
0.0008051832
0.0007934322
0.0007810669
0
0
0.0008352461
0.0008263266
0.0008161446
0.0008050606
0.0007932437
0
0.0008424731
0.0008353623
0.0008264091
0.0008162008
0.0008050588
0.0008470718
0.0008427698
0.0008356376
0.0008266683
0.0008164117
0.0008476048
0.0008432963
0.0008361641
0.000827161
0.000848453
0.0008441635
0.0008370199
0.0008496458
0.0008453658
0.0008507512
0
0
0
0
0
0
0
0
0
0
0.0007380761
0.0007239542
0.0007093511
0.0006942631
0.0006786352
0
0
0
0
0
0
0
0
0
0
0.0007512271
0.0007375106
0.0007233221
0.0007086615
0.0006934768
0
0
0
0
0
0
0
0
0
0.0007635176
0.0007501892
0.000736393
0.000722133
0.0007073619
0
0
0
0
0
0
0
0
0.0007750127
0.0007620656
0.0007486458
0.0007347657
0.0007203829
0
0
0
0
0
0
0
0.0007858389
0.0007732806
0.0007602336
0.0007467209
0.000732709
0
0
0
0
0
0
0.0007962366
0.0007841035
0.0007714446
0.0007583035
0.0007446583
0
0
0
0
0
0.0008066306
0.0007950038
0.0007827864
0.0007700512
0.0007567981
0
0
0
0
0.000816848
0.0008058625
0.0007941666
0.000781889
0.0007690595
0
0
0
0.0008265417
0.0008164091
0.0008053657
0.0007936209
0.0007812617
0
0
0.0008352461
0.0008263266
0.0008161446
0.0008050606
0.0007932437
0
0.0008423208
0.000835201
0.0008262402
0.000816025
0.0008048767
0.0008467512
0.0008424287
0.0008352776
0.0008262921
0.0008160211
0.0008470279
0.0008426862
0.0008355227
0.0008264922
0.0008475222
0.000843183
0.0008359912
0.0008483417
0.000843994
0.0008494817
0
0
0
0
0
0
0
0
0
0
0.0007517254
0.000738024
0.0007238512
0.0007092071
0.0006940397
0
0
0
0
0
0
0
0
0
0.0007644756
0.0007511762
0.0007374102
0.0007231817
0.0007084438
0
0
0
0
0
0
0
0
0.0007763735
0.0007634676
0.0007500909
0.0007362557
0.0007219202
0
0
0
0
0
0
0
0.0007874715
0.0007749634
0.0007619689
0.0007485109
0.0007345568
0
0
0
0
0
0
0.0007978713
0.0007857899
0.0007731848
0.0007601002
0.0007465145
0
0
0
0
0
0.000807777
0.0007961876
0.0007840081
0.0007713115
0.0007580983
0
0
0
0
0.0008175435
0.0008065824
0.0007949103
0.0007826564
0.0007698509
0
0
0
0.0008269186
0.0008168009
0.0008057715
0.0007940404
0.0007816945
0
0
0.0008354075
0.0008264957
0.0008163205
0.0008052429
0.0007934321
0
0.0008423208
0.000835201
0.0008262402
0.000816025
0.0008048767
0.0008466086
0.0008422764
0.0008351163
0.0008261233
0.0008158456
0.0008467073
0.0008423454
0.000835163
0.0008261165
0.0008469455
0.0008425733
0.0008353503
0.0008474105
0.0008430131
0.0008481744
0
0
0
0
0
0
0
0
0
0.0007649595
0.0007516746
0.0007379238
0.0007237112
0.0007089898
0
0
0
0
0
0
0
0
0.0007773039
0.0007644259
0.0007510783
0.0007372736
0.0007229699
0
0
0
0
0
0
0
0.0007887928
0.0007763247
0.0007633718
0.0007499573
0.0007360486
0
0
0
0
0
0
0.0007994556
0.0007874234
0.0007748692
0.0007618376
0.0007483077
0
0
0
0
0
0.0008093618
0.0007978235
0.0007856966
0.0007730549
0.0007598993
0
0
0
0
0.0008186524
0.0008077291
0.0007960945
0.0007838784
0.0007711117
0
0
0
0.0008275886
0.0008174964
0.0008064912
0.0007947836
0.0007824613
0
0
0.0008357677
0.0008268725
0.0008167121
0.0008056484
0.0007938509
0
0.0008424731
0.0008353623
0.0008264091
0.0008162008
0.0008050588
0.0008466086
0.0008422764
0.0008351163
0.0008261233
0.0008158456
0.0008465648
0.0008421932
0.000835002
0.000825948
0.0008466251
0.0008422328
0.0008349912
0.0008468342
0.0008424039
0.0008472429
0
0
0
0
0
0
0
0
0.0007777738
0.00076491
0.000751577
0.0007377875
0.0007234998
0
0
0
0
0
0
0
0.0007896962
0.0007772553
0.0007643306
0.0007509454
0.0007370674
0
0
0
0
0
0
0.0008007382
0.0007887452
0.0007762314
0.0007632417
0.0007497557
0
0
0
0
0
0.0008108983
0.0007994087
0.0007873316
0.0007747414
0.0007616397
0
0
0
0
0.0008201869
0.0008093151
0.0007977325
0.00078557
0.0007728593
0
0
0
0.0008286585
0.0008186056
0.0008076382
0.0007959682
0.0007836838
0
0
0.0008364098
0.0008275425
0.0008174075
0.0008063677
0.0007945935
0
0.0008428142
0.0008357225
0.0008267857
0.000816592
0.0008054636
0.0008467512
0.0008424287
0.0008352776
0.0008262921
0.0008160211
0.0008465648
0.0008421932
0.000835002
0.000825948
0.0008464826
0.0008420808
0.0008348304
0.0008465141
0.0008420639
0.0008466671
0
0
0
0
0
0
0
0.0007901527
0.0007777254
0.0007648149
0.0007514444
0.0007375818
0
0
0
0
0
0
0.0008016153
0.0007896489
0.0007771625
0.0007642012
0.0007507448
0
0
0
0
0
0.0008121426
0.0008006917
0.0007886542
0.0007761047
0.0007630455
0
0
0
0
0.0008216753
0.0008108524
0.0007993191
0.0007872071
0.0007745487
0
0
0
0.0008301408
0.0008201412
0.0008092263
0.0007976092
0.0007853795
0
0
0.0008374371
0.0008286126
0.000818517
0.0008075151
0.0007957785
0
0.0008434245
0.0008363646
0.0008274555
0.0008172869
0.0008061823
0.0008470718
0.0008427698
0.0008356376
0.0008266683
0.0008164117
0.0008467073
0.0008423454
0.000835163
0.0008261165
0.0008464826
0.0008420808
0.0008348304
0.0008463718
0.0008419122
0.0008463475
0
0
0
0
0
0
0.0008020585
0.0007901054
0.0007776328
0.0007646858
0.0007512442
0
0
0
0
0
0.0008129937
0.0008015691
0.0007895584
0.0007770365
0.0007640059
0
0
0
0
0.0008228809
0.0008120972
0.000800603
0.0007885308
0.0007759137
0
0
0
0.0008315793
0.0008216304
0.0008107651
0.0007991978
0.0007870193
0
0
0.000838863
0.0008300961
0.0008200546
0.000809106
0.0007974235
0
0.000844404
0.0008373922
0.000828526
0.0008183968
0.0008073302
0.0008476487
0.00084338
0.0008362794
0.0008273377
0.0008171061
0.0008470279
0.0008426862
0.0008355227
0.0008264922
0.0008466251
0.0008422328
0.0008349912
0.0008463718
0.0008419122
0.0008462055
0
0
0
0
0
0.0008134238
0.0008020124
0.0007900151
0.0007775071
0.0007644909
0
0
0
0
0.0008237057
0.0008129485
0.0008014808
0.0007894356
0.0007768463
0
0
0
0.0008327449
0.0008228365
0.0008120106
0.0008004828
0.0007883447
0
0
0.0008402475
0.0008315353
0.0008215451
0.0008106468
0.0007990148
0
0.0008457671
0.0008388192
0.0008300113
0.0008199372
0.000808925
0.000848579
0.0008443598
0.0008373073
0.0008284085
0.0008182164
0.0008476048
0.0008432963
0.0008361641
0.000827161
0.0008469455
0.0008425733
0.0008353503
0.0008465141
0.0008420639
0.0008462055
0
0
0
0
0.0008241226
0.0008133787
0.0008019243
0.0007898927
0.0007773173
0
0
0
0.0008335424
0.0008236616
0.0008128624
0.0008013612
0.0007892503
0
0
0.0008413699
0.0008327014
0.000822752
0.0008118934
0.0008003013
0
0.0008470915
0.0008402044
0.0008314519
0.0008214296
0.0008104683
0.0008498779
0.000845724
0.0008387362
0.0008298966
0.0008197605
0.0008485353
0.0008442764
0.0008371924
0.0008282322
0.0008475222
0.000843183
0.0008359912
0.0008468342
0.0008424039
0.0008463475
0
0
0
0.0008339456
0.0008240785
0.0008132928
0.000801805
0.0007897078
0
0
0.000842138
0.0008334992
0.0008235775
0.0008127457
0.0008011806
0
0.0008481658
0.0008413273
0.0008326187
0.0008226376
0.0008117165
0.0008511416
0.0008470491
0.0008401227
0.000831339
0.0008212555
0.0008498353
0.0008456423
0.0008386239
0.000829724
0.000848453
0.0008441635
0.0008370199
0.0008474105
0.0008430131
0.0008466671
0
0
0.0008425263
0.0008339024
0.0008239946
0.0008131764
0.0008016248
0
0.0008489012
0.0008420956
0.000833417
0.0008234636
0.0008125697
0.0008521678
0.0008481238
0.0008412463
0.0008325069
0.0008224649
0.0008510997
0.0008469688
0.0008400122
0.0008311688
0.0008497547
0.000845532
0.0008384549
0.0008483417
0.000843994
0.0008472429
0
0.000849273
0.000842484
0.0008338204
0.0008238811
0.0008130007
0.0008528706
0.0008488595
0.0008420151
0.0008333057
0.0008232918
0.0008521263
0.0008480442
0.0008411368
0.0008323381
0.0008510203
0.0008468601
0.0008398456
0.0008496458
0.0008453658
0.0008481744
0.0008532262
0.0008492314
0.0008424036
0.0008337094
0.0008237096
0.0008528294
0.0008487802
0.0008419061
0.0008331377
0.0008520476
0.0008479365
0.0008409715
0.000850913
0.0008466962
0.0008494817
0.000853185
0.0008491523
0.0008422949
0.0008335417
0.0008527511
0.0008486731
0.0008417415
0.0008519412
0.000847774
0.0008507512
0.0008531069
0.0008490454
0.0008421307
0.0008526452
0.0008485113
0.0008517806
0.0008530012
0.000848884
0.0008524853
0.0008528416
)
;

boundaryField
{
    cathodeSides
    {
        type            zeroGradient;
    }
    electrolyteSides
    {
        type            zeroGradient;
    }
    anodeSides
    {
        type            zeroGradient;
    }
    phiI_to_phiI0
    {
        type            zeroGradient;
    }
}


// ************************************************************************* //
