/*--------------------------------*- C++ -*----------------------------------*\
| =========                 |                                                 |
| \\      /  F ield         | OpenFOAM: The Open Source CFD Toolbox           |
|  \\    /   O peration     | Version:  2306                                  |
|   \\  /    A nd           | Website:  www.openfoam.com                      |
|    \\/     M anipulation  |                                                 |
\*---------------------------------------------------------------------------*/
FoamFile
{
    version     2.0;
    format      ascii;
    arch        "LSB;label=32;scalar=64";
    class       volScalarField;
    location    "1.2/air";
    object      j;
}
// * * * * * * * * * * * * * * * * * * * * * * * * * * * * * * * * * * * * * //

dimensions      [0 -3 0 0 0 1 0];

internalField   nonuniform List<scalar> 
16000
(
0
0
0
0
0
0
0
0
0
0
0
0
0
0
0
0
0
0
0
0
0
0
0
0
0
0
0
0
0
0
0
0
0
0
0
0
0
0
0
0
0
0
0
0
0
0
0
0
0
0
0
0
0
0
0
0
0
0
0
0
0
0
0
0
0
0
0
0
0
0
0
0
0
0
0
0
0
0
0
0
0
0
0
0
0
0
0
0
0
0
0
0
0
0
0
0
0
0
0
0
0
0
0
0
0
0
0
0
0
0
0
0
0
0
0
0
0
0
0
0
0
0
0
0
0
0
0
0
0
0
0
0
0
0
0
0
0
0
0
0
0
0
0
0
0
0
0
0
0
0
0
0
0
0
0
0
0
0
0
0
0
0
0
0
0
0
0
0
0
0
0
0
0
0
0
0
0
0
0
0
0
0
0
0
0
0
0
0
0
0
0
0
0
0
0
0
0
0
0
0
0
0
0
0
0
0
0
0
0
0
0
0
0
0
0
0
0
0
0
0
0
0
0
0
0
0
0
0
0
0
0
0
0
0
0
0
0
0
0
0
0
0
0
0
0
0
0
0
0
0
0
0
0
0
0
0
0
0
0
0
0
0
0
0
0
0
0
0
0
0
0
0
0
0
0
0
0
0
0
0
0
0
0
0
0
0
0
0
0
0
0
0
0
0
0
0
0
0
0
0
0
0
0
0
0
0
0
0
0
0
0
0
0
0
0
0
0
0
0
0
0
0
0
0
0
0
0
0
0
0
0
0
0
0
0
0
0
0
0
0
0
0
0
0
0
0
0
0
0
0
0
0
0
0
0
0
0
0
0
0
0
0
0
0
0
0
0
0
0
0
0
0
0
0
0
0
0
0
0
0
0
0
0
0
0
0
0
0
0
0
0
0
0
0
0
0
0
0
0
0
0
0
0
0
0
0
0
0
0
0
0
0
0
0
0
0
0
0
0
0
0
0
0
0
0
0
0
0
0
0
0
0
0
0
0
0
0
0
0
0
0
0
0
0
0
0
0
0
0
0
0
0
0
0
0
0
0
0
0
0
0
0
0
0
0
0
0
0
0
0
0
0
0
0
0
0
0
0
0
0
0
0
0
0
0
0
0
0
0
0
0
0
0
0
0
0
0
0
0
0
0
0
0
0
0
0
0
0
0
0
0
0
0
0
0
0
0
0
0
0
0
0
0
0
0
0
0
0
0
0
0
0
0
0
0
0
0
0
0
0
0
0
0
0
0
0
0
0
0
0
0
0
0
0
0
0
0
0
0
0
0
0
0
0
0
0
0
0
0
0
0
0
0
0
0
0
0
0
0
0
0
0
0
0
0
0
0
0
0
0
0
0
0
0
0
0
0
0
0
0
0
0
0
0
0
0
0
0
0
0
0
0
0
0
0
0
0
0
0
0
0
0
0
0
0
0
0
0
0
0
0
0
0
0
0
0
0
0
0
0
0
0
0
0
0
0
0
0
0
0
0
0
0
0
0
0
0
0
0
0
0
0
0
0
0
0
0
0
0
0
0
0
0
0
0
0
0
0
0
0
0
0
0
0
0
0
0
0
0
0
0
0
0
0
0
0
0
0
0
0
0
0
0
0
0
0
0
0
0
0
0
0
0
0
0
0
0
0
0
0
0
0
0
0
0
0
0
0
0
0
0
0
0
0
0
0
0
0
0
0
0
0
0
0
0
0
0
0
0
0
0
0
0
0
0
0
0
0
0
0
0
0
0
0
0
0
0
0
0
0
0
0
0
0
0
0
0
0
0
0
0
0
0
0
0
0
0
0
0
0
0
0
0
0
0
0
0
0
0
0
0
0
0
0
0
0
0
0
0
0
0
0
0
0
0
0
0
0
0
0
0
0
0
0
0
0
0
0
0
0
0
0
0
0
0
0
0
0
0
0
0
0
0
0
0
0
0
0
0
0
0
0
0
0
0
0
0
0
0
0
0
0
0
0
0
0
0
0
0
0
0
0
0
0
0
0
0
0
0
0
0
0
0
0
0
0
0
0
0
0
0
0
0
0
0
0
0
0
0
0
0
0
0
0
0
0
0
0
0
0
0
0
0
0
0
0
0
0
0
0
0
0
0
0
0
0
0
0
0
0
0
0
0
0
0
0
0
0
0
0
0
0
0
0
0
0
0
0
0
0
0
0
0
0
0
0
0
0
0
0
0
0
0
0
0
0
0
0
0
0
0
0
0
0
0
0
0
0
0
0
0
0
0
0
0
0
0
0
0
8.264164e+08
0
0
0
0
0
0
0
0
0
0
0
0
0
0
0
0
0
0
0
0
0
0
0
0
0
0
0
0
0
0
0
0
0
0
0
0
0
0
0
0
0
0
0
0
0
0
0
0
0
0
0
0
0
0
0
0
0
0
0
0
0
0
0
0
0
0
0
0
0
0
0
0
0
0
0
0
0
0
0
0
0
0
0
0
0
0
0
0
0
0
0
0
0
0
0
0
0
0
0
0
0
0
0
0
0
0
0
0
0
0
0
0
0
0
0
0
0
0
0
0
0
0
0
0
0
0
0
0
0
0
0
0
0
0
0
0
0
0
0
0
0
0
0
0
0
0
0
0
0
0
0
0
0
0
0
0
0
0
0
0
0
0
8.336573e+08
0
0
0
0
0
0
0
0
0
0
7.558317e+08
8.317601e+08
0
0
0
0
0
0
0
0
0
0
0
0
0
0
0
0
0
0
0
0
0
0
0
0
0
0
0
0
0
0
0
0
0
0
0
0
0
0
0
0
0
0
0
0
0
0
0
0
0
0
0
0
0
0
0
0
0
0
0
0
0
0
0
0
0
0
0
0
0
0
0
0
0
0
0
0
0
0
0
0
0
0
0
0
0
0
0
0
0
0
0
0
0
0
0
0
0
0
0
0
0
0
0
0
0
0
0
0
0
0
0
0
0
0
0
0
0
0
0
0
0
0
0
0
0
0
0
0
0
0
0
0
0
0
0
0
0
0
0
0
0
0
0
0
0
0
0
0
0
0
0
0
0
0
0
0
0
0
0
0
0
0
0
0
8.482555e+08
0
0
0
0
0
0
0
0
0
0
7.604872e+08
8.391073e+08
0
0
0
0
0
0
0
0
0
0
6.962421e+08
7.604933e+08
8.462974e+08
0
0
0
0
0
0
0
0
0
0
0
0
0
0
0
0
0
0
0
0
0
0
0
0
0
0
0
0
0
0
0
0
0
0
0
0
0
0
0
0
0
0
0
0
0
0
0
0
0
0
0
0
0
0
0
0
0
0
0
0
0
0
0
0
0
0
0
0
0
0
0
0
0
0
0
0
0
0
0
0
0
0
0
0
0
0
0
0
0
0
0
0
0
0
0
0
0
0
0
0
0
0
0
0
0
0
0
0
0
0
0
0
0
0
0
0
0
0
0
0
0
0
0
0
0
0
0
0
0
0
0
0
0
0
0
0
0
0
0
0
0
0
0
0
0
0
0
0
0
0
0
0
0
0
0
0
0
0
0
0
0
0
0
0
0
8.701358e+08
0
0
0
0
0
0
0
0
0
0
7.69632e+08
8.539172e+08
0
0
0
0
0
0
0
0
0
0
6.99794e+08
7.6522e+08
8.539047e+08
0
0
0
0
0
0
0
0
0
0
6.485397e+08
7.0039e+08
7.73039e+08
8.704376e+08
0
0
0
0
0
0
0
0
0
0
0
0
0
0
0
0
0
0
0
0
0
0
0
0
0
0
0
0
0
0
0
0
0
0
0
0
0
0
0
0
0
0
0
0
0
0
0
0
0
0
0
0
0
0
0
0
0
0
0
0
0
0
0
0
0
0
0
0
0
0
0
0
0
0
0
0
0
0
0
0
0
0
0
0
0
0
0
0
0
0
0
0
0
0
0
0
0
0
0
0
0
0
0
0
0
0
0
0
0
0
0
0
0
0
0
0
0
0
0
0
0
0
0
0
0
0
0
0
0
0
0
0
0
0
0
0
0
0
0
0
0
0
0
0
0
0
0
0
0
0
0
0
0
0
0
0
0
0
0
0
0
0
0
0
0
8.983801e+08
0
0
0
0
0
0
0
0
0
0
7.826476e+08
8.761001e+08
0
0
0
0
0
0
0
0
0
0
7.066975e+08
7.745071e+08
8.692407e+08
0
0
0
0
0
0
0
0
0
0
6.514559e+08
7.039961e+08
7.779317e+08
8.784706e+08
0
0
0
0
0
0
0
0
0
0
6.089366e+08
6.52302e+08
7.114075e+08
7.937825e+08
9.050461e+08
0
0
0
0
0
0
0
0
0
0
0
0
0
0
0
0
0
0
0
0
0
0
0
0
0
0
0
0
0
0
0
0
0
0
0
0
0
0
0
0
0
0
0
0
0
0
0
0
0
0
0
0
0
0
0
0
0
0
0
0
0
0
0
0
0
0
0
0
0
0
0
0
0
0
0
0
0
0
0
0
0
0
0
0
0
0
0
0
0
0
0
0
0
0
0
0
0
0
0
0
0
0
0
0
0
0
0
0
0
0
0
0
0
0
0
0
0
0
0
0
0
0
0
0
0
0
0
0
0
0
0
0
0
0
0
0
0
0
0
0
0
0
0
0
0
0
0
0
0
0
0
0
0
0
0
0
0
0
0
0
0
0
0
0
0
9.2922e+08
0
0
0
0
0
0
0
0
0
0
7.980181e+08
9.046769e+08
0
0
0
0
0
0
0
0
0
0
7.163099e+08
7.877331e+08
8.922086e+08
0
0
0
0
0
0
0
0
0
0
6.570929e+08
7.110076e+08
7.875496e+08
8.946709e+08
0
0
0
0
0
0
0
0
0
0
6.11424e+08
6.552621e+08
7.151374e+08
7.989425e+08
9.136932e+08
0
0
0
0
0
0
0
0
0
0
5.749582e+08
6.123903e+08
6.621749e+08
7.295411e+08
8.23396e+08
0
0
0
0
0
0
0
0
0
0
0
0
0
0
0
0
0
0
0
0
0
0
0
0
0
0
0
0
0
0
0
0
0
0
0
0
0
0
0
0
0
0
0
0
0
0
0
0
0
0
0
0
0
0
0
0
0
0
0
0
0
0
0
0
0
0
0
0
0
0
0
0
0
0
0
0
0
0
0
0
0
0
0
0
0
0
0
0
0
0
0
0
0
0
0
0
0
0
0
0
0
0
0
0
0
0
0
0
0
0
0
0
0
0
0
0
0
0
0
0
0
0
0
0
0
0
0
0
0
0
0
0
0
0
0
0
0
0
0
0
0
0
0
0
0
0
0
0
0
0
0
0
0
0
0
9.540004e+08
0
0
0
0
0
0
0
0
0
0
0
0
0
0
0
0
0
0
0
0
8.126146e+08
9.357395e+08
0
0
0
0
0
0
0
0
0
0
7.272037e+08
8.033716e+08
9.217622e+08
0
0
0
0
0
0
0
0
0
0
6.648524e+08
7.207804e+08
8.012613e+08
9.189435e+08
0
0
0
0
0
0
0
0
0
0
6.162167e+08
6.609863e+08
7.223941e+08
8.09093e+08
9.311436e+08
0
0
0
0
0
0
0
0
0
0
5.771291e+08
6.149144e+08
6.652342e+08
7.334688e+08
8.289374e+08
0
0
0
0
0
0
0
0
0
0
5.452138e+08
5.781527e+08
6.213579e+08
6.783588e+08
7.55326e+08
0
0
0
0
0
0
0
0
0
0
0
0
0
0
0
0
0
0
0
0
0
0
0
0
0
0
0
0
0
0
0
0
0
0
0
0
0
0
0
0
0
0
0
0
0
0
0
0
0
0
0
0
0
0
0
0
0
0
0
0
0
0
0
0
0
0
0
0
0
0
0
0
0
0
0
0
0
0
0
0
0
0
0
0
0
0
0
0
0
0
0
0
0
0
0
0
0
0
0
0
0
0
0
0
0
0
0
0
0
0
0
0
0
0
0
0
0
0
0
0
0
0
0
0
0
0
0
0
0
0
0
0
0
0
0
0
0
0
0
0
0
0
0
0
0
9.708578e+08
0
0
0
0
0
0
0
0
0
0
0
0
0
0
0
0
0
0
0
0
8.226844e+08
9.606022e+08
0
0
0
0
0
0
0
0
0
0
0
0
0
0
0
0
0
0
0
0
7.367707e+08
8.182564e+08
9.537782e+08
0
0
0
0
0
0
0
0
0
0
6.734564e+08
7.318846e+08
8.175051e+08
9.50167e+08
0
0
0
0
0
0
0
0
0
0
6.227712e+08
6.68875e+08
7.325237e+08
8.235847e+08
9.573141e+08
0
0
0
0
0
0
0
0
0
0
5.813034e+08
6.197799e+08
6.711542e+08
7.411164e+08
8.398473e+08
0
0
0
0
0
0
0
0
0
0
5.471399e+08
5.80355e+08
6.239647e+08
6.815759e+08
7.595338e+08
0
0
0
0
0
0
0
0
0
0
5.187701e+08
5.481852e+08
5.863722e+08
6.360065e+08
7.012943e+08
0
0
0
0
0
0
0
0
0
0
0
0
0
0
0
0
0
0
0
0
0
0
0
0
0
0
0
0
0
0
0
0
0
0
0
0
0
0
0
0
0
0
0
0
0
0
0
0
0
0
0
0
0
0
0
0
0
0
0
0
0
0
0
0
0
0
0
0
0
0
0
0
0
0
0
0
0
0
0
0
0
0
0
0
0
0
0
0
0
0
0
0
0
0
0
0
0
0
0
0
0
0
0
0
0
0
0
0
0
0
0
0
0
0
0
0
0
0
0
0
0
0
0
0
0
0
0
0
0
0
0
0
0
0
0
9.809507e+08
0
0
0
0
0
0
0
0
0
0
0
0
0
0
0
0
0
0
0
0
8.286743e+08
9.774437e+08
0
0
0
0
0
0
0
0
0
0
0
0
0
0
0
0
0
0
0
0
7.425172e+08
8.285312e+08
9.793196e+08
0
0
0
0
0
0
0
0
0
0
0
0
0
0
0
0
0
0
0
0
6.806842e+08
7.416964e+08
8.330131e+08
9.839183e+08
0
0
0
0
0
0
0
0
0
0
6.299503e+08
6.776497e+08
7.440711e+08
8.407952e+08
9.909993e+08
0
0
0
0
0
0
0
0
0
0
5.869894e+08
6.264421e+08
6.793263e+08
7.518117e+08
8.55451e+08
0
0
0
0
0
0
0
0
0
0
5.508383e+08
5.845916e+08
6.28993e+08
6.878063e+08
7.677346e+08
0
0
0
0
0
0
0
0
0
0
5.204992e+08
5.501386e+08
5.886451e+08
6.387444e+08
7.047338e+08
0
0
0
0
0
0
0
0
0
0
4.950125e+08
5.215458e+08
5.557707e+08
5.997581e+08
6.567073e+08
0
0
0
0
0
0
0
0
0
0
0
0
0
0
0
0
0
0
0
0
0
0
0
0
0
0
0
0
0
0
0
0
0
0
0
0
0
0
0
0
0
0
0
0
0
0
0
0
0
0
0
0
0
0
0
0
0
0
0
0
0
0
0
0
0
0
0
0
0
0
0
0
0
0
0
0
0
0
0
0
0
0
0
0
0
0
0
0
0
0
0
0
0
0
0
0
0
0
0
0
0
0
0
0
0
0
0
0
0
0
0
0
0
0
0
0
0
0
0
0
0
0
0
0
0
9.85631e+08
0
0
0
0
0
0
0
0
0
0
0
0
0
0
0
0
0
0
0
0
8.319212e+08
9.874895e+08
0
0
0
0
0
0
0
0
0
0
0
0
0
0
0
0
0
0
0
0
7.453177e+08
8.346222e+08
9.965572e+08
0
0
0
0
0
0
0
0
0
0
0
0
0
0
0
0
0
0
0
0
6.846169e+08
7.476334e+08
8.437294e+08
1.010774e+09
0
0
0
0
0
0
0
0
0
0
0
0
0
0
0
0
0
0
0
0
6.358292e+08
6.850811e+08
7.543455e+08
8.57287e+08
1.027377e+09
0
0
0
0
0
0
0
0
0
0
5.931711e+08
6.337631e+08
6.884515e+08
7.640503e+08
8.740372e+08
0
0
0
0
0
0
0
0
0
0
5.55863e+08
5.903692e+08
6.358899e+08
6.964249e+08
7.792284e+08
0
0
0
0
0
0
0
0
0
0
5.238161e+08
5.538911e+08
5.930203e+08
6.440299e+08
7.114015e+08
0
0
0
0
0
0
0
0
0
0
4.965794e+08
5.232991e+08
5.577855e+08
6.021426e+08
6.596292e+08
0
0
0
0
0
0
0
0
0
0
4.734802e+08
4.976148e+08
5.285837e+08
5.680916e+08
6.186284e+08
0
0
0
0
0
0
0
0
0
0
0
0
0
0
0
0
0
0
0
0
0
0
0
0
0
0
0
0
0
0
0
0
0
0
0
0
0
0
0
0
0
0
0
0
0
0
0
0
0
0
0
0
0
0
0
0
0
0
0
0
0
0
0
0
0
0
0
0
0
0
0
0
0
0
0
0
0
0
0
0
0
0
0
0
0
0
0
0
0
0
0
0
0
0
0
0
0
0
0
0
0
0
0
0
0
0
0
0
0
0
0
0
0
0
9.85631e+08
0
0
0
0
0
0
0
0
0
0
0
0
0
0
0
0
0
0
0
0
8.333409e+08
9.921365e+08
0
0
0
0
0
0
0
0
0
0
0
0
0
0
0
0
0
0
0
0
7.465027e+08
8.379051e+08
1.006807e+09
0
0
0
0
0
0
0
0
0
0
0
0
0
0
0
0
0
0
0
0
6.861913e+08
7.505434e+08
8.500658e+08
1.028843e+09
0
0
0
0
0
0
0
0
0
0
0
0
0
0
0
0
0
0
0
0
6.388186e+08
6.891774e+08
7.606116e+08
8.686989e+08
1.056268e+09
0
0
0
0
0
0
0
0
0
0
0
0
0
0
0
0
0
0
0
0
5.981554e+08
6.398123e+08
6.962501e+08
7.750208e+08
8.919216e+08
0
0
0
0
0
0
0
0
0
0
5.613002e+08
5.966711e+08
6.434999e+08
7.060913e+08
7.92436e+08
0
0
0
0
0
0
0
0
0
0
5.283143e+08
5.58995e+08
5.989972e+08
6.51295e+08
7.206465e+08
0
0
0
0
0
0
0
0
0
0
4.995823e+08
5.266635e+08
5.616582e+08
6.067364e+08
6.652757e+08
0
0
0
0
0
0
0
0
0
0
4.749105e+08
4.992032e+08
5.303909e+08
5.702031e+08
6.211692e+08
0
0
0
0
0
0
0
0
0
0
4.538347e+08
4.759273e+08
5.041734e+08
5.399884e+08
5.854235e+08
0
0
0
0
0
0
0
0
0
0
0
0
0
0
0
0
0
0
0
0
0
0
0
0
0
0
0
0
0
0
0
0
0
0
0
0
0
0
0
0
0
0
0
0
0
0
0
0
0
0
0
0
0
0
0
0
0
0
0
0
0
0
0
0
0
0
0
0
0
0
0
0
0
0
0
0
0
0
0
0
0
0
0
0
0
0
0
0
0
0
0
0
0
0
0
0
0
0
0
0
0
0
9.809507e+08
0
0
0
0
0
0
0
0
0
0
0
0
0
0
0
0
0
0
0
0
8.333409e+08
9.921365e+08
0
0
0
0
0
0
0
0
0
0
0
0
0
0
0
0
0
0
0
0
7.46913e+08
8.393333e+08
1.011538e+09
0
0
0
0
0
0
0
0
0
0
0
0
0
0
0
0
0
0
0
0
6.866306e+08
7.517803e+08
8.534654e+08
1.03956e+09
0
0
0
0
0
0
0
0
0
0
0
0
0
0
0
0
0
0
0
0
6.398246e+08
6.908503e+08
7.637054e+08
8.754351e+08
1.075664e+09
0
0
0
0
0
0
0
0
0
0
0
0
0
0
0
0
0
0
0
0
6.00572e+08
6.429406e+08
7.006082e+08
7.817654e+08
9.043172e+08
0
0
0
0
0
0
0
0
0
0
0
0
0
0
0
0
0
0
0
0
5.656413e+08
6.017992e+08
6.498514e+08
7.144316e+08
8.043654e+08
0
0
0
0
0
0
0
0
0
0
5.331663e+08
5.645355e+08
6.055435e+08
6.593494e+08
7.310657e+08
0
0
0
0
0
0
0
0
0
0
5.036496e+08
5.312311e+08
5.669345e+08
6.130255e+08
6.730559e+08
0
0
0
0
0
0
0
0
0
0
4.776496e+08
5.022483e+08
5.338609e+08
5.742651e+08
6.26069e+08
0
0
0
0
0
0
0
0
0
0
4.551482e+08
4.773768e+08
5.058096e+08
5.418806e+08
5.876702e+08
0
0
0
0
0
0
0
0
0
0
4.358101e+08
4.561418e+08
4.820619e+08
5.147795e+08
5.560015e+08
0
0
0
0
0
0
0
0
0
0
0
0
0
0
0
0
0
0
0
0
0
0
0
0
0
0
0
0
0
0
0
0
0
0
0
0
0
0
0
0
0
0
0
0
0
0
0
0
0
0
0
0
0
0
0
0
0
0
0
0
0
0
0
0
0
0
0
0
0
0
0
0
0
0
0
0
0
0
0
0
0
0
0
0
0
0
0
0
0
9.708578e+08
0
0
0
0
0
0
0
0
0
0
0
0
0
0
0
0
0
0
0
0
8.319212e+08
9.874895e+08
0
0
0
0
0
0
0
0
0
0
0
0
0
0
0
0
0
0
0
0
7.46913e+08
8.393333e+08
1.011538e+09
0
0
0
0
0
0
0
0
0
0
0
0
0
0
0
0
0
0
0
0
6.866881e+08
7.5221e+08
8.54938e+08
1.044499e+09
0
0
0
0
0
0
0
0
0
0
0
0
0
0
0
0
0
0
0
0
6.399527e+08
6.913395e+08
7.650305e+08
8.790366e+08
1.087145e+09
0
0
0
0
0
0
0
0
0
0
0
0
0
0
0
0
0
0
0
0
6.012718e+08
6.440316e+08
7.02428e+08
7.851232e+08
9.116269e+08
0
0
0
0
0
0
0
0
0
0
0
0
0
0
0
0
0
0
0
0
5.676744e+08
6.043342e+08
6.531955e+08
7.191573e+08
8.11757e+08
0
0
0
0
0
0
0
0
0
0
0
0
0
0
0
0
0
0
0
0
5.370145e+08
5.689997e+08
6.109266e+08
6.661435e+08
7.401426e+08
0
0
0
0
0
0
0
0
0
0
5.080271e+08
5.361729e+08
5.726856e+08
6.19947e+08
6.817255e+08
0
0
0
0
0
0
0
0
0
0
4.813559e+08
5.063769e+08
5.385795e+08
5.798111e+08
6.327935e+08
0
0
0
0
0
0
0
0
0
0
4.57662e+08
4.801536e+08
5.089485e+08
5.455166e+08
5.919966e+08
0
0
0
0
0
0
0
0
0
0
4.370225e+08
4.574726e+08
4.835543e+08
5.164912e+08
5.580122e+08
0
0
0
0
0
0
0
0
0
0
4.191969e+08
4.379903e+08
4.618982e+08
4.919642e+08
5.296466e+08
0
0
0
0
0
0
0
0
0
0
0
0
0
0
0
0
0
0
0
0
0
0
0
0
0
0
0
0
0
0
0
0
0
0
0
0
0
0
0
0
0
0
0
0
0
0
0
0
0
0
0
0
0
0
0
0
0
0
0
0
0
0
0
0
0
0
0
0
0
0
0
0
0
0
0
9.540004e+08
0
0
0
0
0
0
0
0
0
0
0
0
0
0
0
0
0
0
0
0
8.286743e+08
9.774437e+08
0
0
0
0
0
0
0
0
0
0
0
0
0
0
0
0
0
0
0
0
7.465027e+08
8.379051e+08
1.006807e+09
0
0
0
0
0
0
0
0
0
0
0
0
0
0
0
0
0
0
0
0
6.866881e+08
7.5221e+08
8.54938e+08
1.044499e+09
0
0
0
0
0
0
0
0
0
0
0
0
0
0
0
0
0
0
0
0
6.398731e+08
6.914171e+08
7.654942e+08
8.805915e+08
1.09243e+09
0
0
0
0
0
0
0
0
0
0
0
0
0
0
0
0
0
0
0
0
6.012537e+08
6.442036e+08
7.029881e+08
7.865752e+08
9.155255e+08
0
0
0
0
0
0
0
0
0
0
0
0
0
0
0
0
0
0
0
0
5.681912e+08
6.051069e+08
6.544075e+08
7.211762e+08
8.154687e+08
0
0
0
0
0
0
0
0
0
0
0
0
0
0
0
0
0
0
0
0
5.387691e+08
5.711346e+08
6.136436e+08
6.697859e+08
7.453545e+08
0
0
0
0
0
0
0
0
0
0
0
0
0
0
0
0
0
0
0
0
5.114825e+08
5.401276e+08
5.773687e+08
6.257024e+08
6.891178e+08
0
0
0
0
0
0
0
0
0
0
4.853386e+08
5.108333e+08
5.437054e+08
5.858854e+08
6.402331e+08
0
0
0
0
0
0
0
0
0
0
4.610611e+08
4.839146e+08
5.13211e+08
5.504716e+08
5.979181e+08
0
0
0
0
0
0
0
0
0
0
4.393414e+08
4.600204e+08
4.864149e+08
5.197773e+08
5.618798e+08
0
0
0
0
0
0
0
0
0
0
4.20321e+08
4.392184e+08
4.632677e+08
4.93524e+08
5.314632e+08
0
0
0
0
0
0
0
0
0
0
4.038238e+08
4.212615e+08
4.434071e+08
4.711748e+08
5.058239e+08
0
0
0
0
0
0
0
0
0
0
0
0
0
0
0
0
0
0
0
0
0
0
0
0
0
0
0
0
0
0
0
0
0
0
0
0
0
0
0
0
0
0
0
0
0
0
0
0
0
0
0
0
0
0
0
0
0
0
0
0
9.2922e+08
0
0
0
0
0
0
0
0
0
0
0
0
0
0
0
0
0
0
0
0
8.226844e+08
9.606022e+08
0
0
0
0
0
0
0
0
0
0
0
0
0
0
0
0
0
0
0
0
7.453177e+08
8.346222e+08
9.965572e+08
0
0
0
0
0
0
0
0
0
0
0
0
0
0
0
0
0
0
0
0
6.866306e+08
7.517803e+08
8.534654e+08
1.03956e+09
0
0
0
0
0
0
0
0
0
0
0
0
0
0
0
0
0
0
0
0
6.398731e+08
6.914171e+08
7.654942e+08
8.805915e+08
1.09243e+09
0
0
0
0
0
0
0
0
0
0
0
0
0
0
0
0
0
0
0
0
6.011171e+08
6.441422e+08
7.030933e+08
7.870884e+08
9.172045e+08
0
0
0
0
0
0
0
0
0
0
0
0
0
0
0
0
0
0
0
0
5.680994e+08
6.051268e+08
6.546381e+08
7.2183e+08
8.170909e+08
0
0
0
0
0
0
0
0
0
0
0
0
0
0
0
0
0
0
0
0
5.391659e+08
5.717144e+08
6.145183e+08
6.71158e+08
7.476308e+08
0
0
0
0
0
0
0
0
0
0
0
0
0
0
0
0
0
0
0
0
5.130246e+08
5.419707e+08
5.796598e+08
6.286693e+08
6.931503e+08
0
0
0
0
0
0
0
0
0
0
0
0
0
0
0
0
0
0
0
0
4.884713e+08
5.143818e+08
5.478506e+08
5.908882e+08
6.464901e+08
0
0
0
0
0
0
0
0
0
0
4.647094e+08
4.879672e+08
5.178299e+08
5.558799e+08
6.04438e+08
0
0
0
0
0
0
0
0
0
0
4.424753e+08
4.634686e+08
4.902955e+08
5.242491e+08
5.671632e+08
0
0
0
0
0
0
0
0
0
0
4.224694e+08
4.41568e+08
4.658911e+08
4.965164e+08
5.349544e+08
0
0
0
0
0
0
0
0
0
0
4.0487e+08
4.223998e+08
4.446703e+08
4.726051e+08
5.074776e+08
0
0
0
0
0
0
0
0
0
0
3.895503e+08
4.057826e+08
4.263715e+08
4.521234e+08
4.841414e+08
0
0
0
0
0
0
0
0
0
0
0
0
0
0
0
0
0
0
0
0
0
0
0
0
0
0
0
0
0
0
0
0
0
0
0
0
0
0
0
0
0
0
0
0
8.983801e+08
0
0
0
0
0
0
0
0
0
0
0
0
0
0
0
0
0
0
0
0
8.126146e+08
9.357395e+08
0
0
0
0
0
0
0
0
0
0
0
0
0
0
0
0
0
0
0
0
7.425172e+08
8.285312e+08
9.793196e+08
0
0
0
0
0
0
0
0
0
0
0
0
0
0
0
0
0
0
0
0
6.861913e+08
7.505434e+08
8.500658e+08
1.028843e+09
0
0
0
0
0
0
0
0
0
0
0
0
0
0
0
0
0
0
0
0
6.399527e+08
6.913395e+08
7.650305e+08
8.790366e+08
1.087145e+09
0
0
0
0
0
0
0
0
0
0
0
0
0
0
0
0
0
0
0
0
6.011171e+08
6.441422e+08
7.030933e+08
7.870884e+08
9.172045e+08
0
0
0
0
0
0
0
0
0
0
0
0
0
0
0
0
0
0
0
0
5.679392e+08
6.05006e+08
6.545995e+08
7.219709e+08
8.176705e+08
0
0
0
0
0
0
0
0
0
0
0
0
0
0
0
0
0
0
0
0
5.390347e+08
5.716556e+08
6.145875e+08
6.714629e+08
7.484034e+08
0
0
0
0
0
0
0
0
0
0
0
0
0
0
0
0
0
0
0
0
5.133381e+08
5.424224e+08
5.803271e+08
6.296772e+08
6.947255e+08
0
0
0
0
0
0
0
0
0
0
0
0
0
0
0
0
0
0
0
0
4.898448e+08
5.160016e+08
5.498297e+08
5.933933e+08
6.497818e+08
0
0
0
0
0
0
0
0
0
0
0
0
0
0
0
0
0
0
0
0
4.675714e+08
4.91182e+08
5.215461e+08
5.603037e+08
6.098708e+08
0
0
0
0
0
0
0
0
0
0
4.45836e+08
4.671793e+08
4.94493e+08
5.291177e+08
5.729605e+08
0
0
0
0
0
0
0
0
0
0
4.253719e+08
4.447463e+08
4.694469e+08
5.00584e+08
5.397167e+08
0
0
0
0
0
0
0
0
0
0
4.068682e+08
4.245763e+08
4.470884e+08
4.753471e+08
5.10653e+08
0
0
0
0
0
0
0
0
0
0
3.905272e+08
4.068418e+08
4.275418e+08
4.534418e+08
4.856561e+08
0
0
0
0
0
0
0
0
0
0
3.762599e+08
3.914119e+08
4.106141e+08
4.345831e+08
4.64292e+08
0
0
0
0
0
0
0
0
0
0
0
0
0
0
0
0
0
0
0
0
0
0
0
0
0
0
0
0
0
0
0
0
0
0
0
0
0
8.701358e+08
0
0
0
0
0
0
0
0
0
0
7.980181e+08
9.046769e+08
0
0
0
0
0
0
0
0
0
0
0
0
0
0
0
0
0
0
0
0
7.367707e+08
8.182564e+08
9.537782e+08
0
0
0
0
0
0
0
0
0
0
0
0
0
0
0
0
0
0
0
0
6.846169e+08
7.476334e+08
8.437294e+08
1.010774e+09
0
0
0
0
0
0
0
0
0
0
0
0
0
0
0
0
0
0
0
0
6.398246e+08
6.908503e+08
7.637054e+08
8.754351e+08
1.075664e+09
0
0
0
0
0
0
0
0
0
0
0
0
0
0
0
0
0
0
0
0
6.012537e+08
6.442036e+08
7.029881e+08
7.865752e+08
9.155255e+08
0
0
0
0
0
0
0
0
0
0
0
0
0
0
0
0
0
0
0
0
5.679392e+08
6.05006e+08
6.545995e+08
7.219709e+08
8.176705e+08
0
0
0
0
0
0
0
0
0
0
0
0
0
0
0
0
0
0
0
0
5.388657e+08
5.71509e+08
6.144859e+08
6.714523e+08
7.485889e+08
0
0
0
0
0
0
0
0
0
0
0
0
0
0
0
0
0
0
0
0
5.131854e+08
5.423199e+08
5.803106e+08
6.29808e+08
6.951221e+08
0
0
0
0
0
0
0
0
0
0
0
0
0
0
0
0
0
0
0
0
4.900975e+08
5.163634e+08
5.503577e+08
5.941745e+08
6.509575e+08
0
0
0
0
0
0
0
0
0
0
0
0
0
0
0
0
0
0
0
0
4.688075e+08
4.926243e+08
5.232857e+08
5.624691e+08
6.126534e+08
0
0
0
0
0
0
0
0
0
0
0
0
0
0
0
0
0
0
0
0
4.484669e+08
4.701142e+08
4.978567e+08
5.330795e+08
5.777588e+08
0
0
0
0
0
0
0
0
0
0
4.284823e+08
4.48163e+08
4.732876e+08
5.050041e+08
5.449289e+08
0
0
0
0
0
0
0
0
0
0
4.095668e+08
4.275189e+08
4.503641e+08
4.790711e+08
5.149799e+08
0
0
0
0
0
0
0
0
0
0
3.92392e+08
4.088656e+08
4.297807e+08
4.559673e+08
4.885627e+08
0
0
0
0
0
0
0
0
0
0
3.771751e+08
3.924008e+08
4.117026e+08
4.358036e+08
4.656868e+08
0
0
0
0
0
0
0
0
0
0
3.638541e+08
3.78032e+08
3.959894e+08
4.183686e+08
4.460343e+08
0
0
0
0
0
0
0
0
0
0
0
0
0
0
0
0
0
0
0
0
0
0
0
0
0
0
0
0
0
8.482555e+08
0
0
0
0
0
0
0
0
0
0
7.826476e+08
8.761001e+08
0
0
0
0
0
0
0
0
0
0
7.272037e+08
8.033716e+08
9.217622e+08
0
0
0
0
0
0
0
0
0
0
0
0
0
0
0
0
0
0
0
0
6.806842e+08
7.416964e+08
8.330131e+08
9.839183e+08
0
0
0
0
0
0
0
0
0
0
0
0
0
0
0
0
0
0
0
0
6.388186e+08
6.891774e+08
7.606116e+08
8.686989e+08
1.056268e+09
0
0
0
0
0
0
0
0
0
0
0
0
0
0
0
0
0
0
0
0
6.012718e+08
6.440316e+08
7.02428e+08
7.851232e+08
9.116269e+08
0
0
0
0
0
0
0
0
0
0
0
0
0
0
0
0
0
0
0
0
5.680994e+08
6.051268e+08
6.546381e+08
7.2183e+08
8.170909e+08
0
0
0
0
0
0
0
0
0
0
0
0
0
0
0
0
0
0
0
0
5.388657e+08
5.71509e+08
6.144859e+08
6.714523e+08
7.485889e+08
0
0
0
0
0
0
0
0
0
0
0
0
0
0
0
0
0
0
0
0
5.13015e+08
5.421629e+08
5.801806e+08
6.297294e+08
6.951453e+08
0
0
0
0
0
0
0
0
0
0
0
0
0
0
0
0
0
0
0
0
4.899337e+08
5.16236e+08
5.502919e+08
5.942103e+08
6.511631e+08
0
0
0
0
0
0
0
0
0
0
0
0
0
0
0
0
0
0
0
0
4.690146e+08
4.929199e+08
5.237146e+08
5.630959e+08
6.135771e+08
0
0
0
0
0
0
0
0
0
0
0
0
0
0
0
0
0
0
0
0
4.495887e+08
4.714118e+08
4.994055e+08
5.349833e+08
5.801652e+08
0
0
0
0
0
0
0
0
0
0
0
0
0
0
0
0
0
0
0
0
4.309131e+08
4.508592e+08
4.763559e+08
5.085865e+08
5.492209e+08
0
0
0
0
0
0
0
0
0
0
4.124573e+08
4.3068e+08
4.538983e+08
4.831119e+08
5.197063e+08
0
0
0
0
0
0
0
0
0
0
3.9491e+08
4.116008e+08
4.32812e+08
4.593953e+08
4.925199e+08
0
0
0
0
0
0
0
0
0
0
3.789209e+08
3.942891e+08
4.137834e+08
4.381404e+08
4.683614e+08
0
0
0
0
0
0
0
0
0
0
3.647137e+08
3.789583e+08
3.970053e+08
4.19503e+08
4.473244e+08
0
0
0
0
0
0
0
0
0
0
3.522477e+08
3.655436e+08
3.823771e+08
4.033281e+08
4.291714e+08
0
0
0
0
0
0
0
0
0
0
0
0
0
0
0
0
0
0
0
0
8.336573e+08
0
0
0
0
0
0
0
0
0
0
7.69632e+08
8.539172e+08
0
0
0
0
0
0
0
0
0
0
7.163099e+08
7.877331e+08
8.922086e+08
0
0
0
0
0
0
0
0
0
0
6.734564e+08
7.318846e+08
8.175051e+08
9.50167e+08
0
0
0
0
0
0
0
0
0
0
0
0
0
0
0
0
0
0
0
0
6.358292e+08
6.850811e+08
7.543455e+08
8.57287e+08
1.027377e+09
0
0
0
0
0
0
0
0
0
0
0
0
0
0
0
0
0
0
0
0
6.00572e+08
6.429406e+08
7.006082e+08
7.817654e+08
9.043172e+08
0
0
0
0
0
0
0
0
0
0
0
0
0
0
0
0
0
0
0
0
5.681912e+08
6.051069e+08
6.544075e+08
7.211762e+08
8.154687e+08
0
0
0
0
0
0
0
0
0
0
0
0
0
0
0
0
0
0
0
0
5.390347e+08
5.716556e+08
6.145875e+08
6.714629e+08
7.484034e+08
0
0
0
0
0
0
0
0
0
0
0
0
0
0
0
0
0
0
0
0
5.13015e+08
5.421629e+08
5.801806e+08
6.297294e+08
6.951453e+08
0
0
0
0
0
0
0
0
0
0
0
0
0
0
0
0
0
0
0
0
4.897655e+08
5.160761e+08
5.501492e+08
5.940998e+08
6.511116e+08
0
0
0
0
0
0
0
0
0
0
0
0
0
0
0
0
0
0
0
0
4.688459e+08
4.927785e+08
5.236196e+08
5.630756e+08
6.136761e+08
0
0
0
0
0
0
0
0
0
0
0
0
0
0
0
0
0
0
0
0
4.497606e+08
4.716573e+08
4.997609e+08
5.354993e+08
5.809157e+08
0
0
0
0
0
0
0
0
0
0
0
0
0
0
0
0
0
0
0
0
4.319379e+08
4.520362e+08
4.77749e+08
5.102814e+08
5.513369e+08
0
0
0
0
0
0
0
0
0
0
0
0
0
0
0
0
0
0
0
0
4.147133e+08
4.331696e+08
4.567146e+08
4.863764e+08
5.235826e+08
0
0
0
0
0
0
0
0
0
0
3.976062e+08
4.145375e+08
4.360798e+08
4.631105e+08
4.968358e+08
0
0
0
0
0
0
0
0
0
0
3.812777e+08
3.968407e+08
4.165998e+08
4.413103e+08
4.720003e+08
0
0
0
0
0
0
0
0
0
0
3.663523e+08
3.807257e+08
3.98946e+08
4.216734e+08
4.497968e+08
0
0
0
0
0
0
0
0
0
0
3.530571e+08
3.664134e+08
3.833283e+08
4.043862e+08
4.303695e+08
0
0
0
0
0
0
0
0
0
0
3.413681e+08
3.538606e+08
3.696753e+08
3.893361e+08
4.135422e+08
0
0
0
0
0
0
0
0
0
0
8.264164e+08
0
0
0
0
0
0
0
0
0
0
7.604872e+08
8.391073e+08
0
0
0
0
0
0
0
0
0
0
7.066975e+08
7.74507e+08
8.692407e+08
0
0
0
0
0
0
0
0
0
0
6.648524e+08
7.207804e+08
8.012613e+08
9.189435e+08
0
0
0
0
0
0
0
0
0
0
6.299503e+08
6.776497e+08
7.440711e+08
8.407952e+08
9.909993e+08
0
0
0
0
0
0
0
0
0
0
0
0
0
0
0
0
0
0
0
0
5.981554e+08
6.398123e+08
6.962501e+08
7.750208e+08
8.919216e+08
0
0
0
0
0
0
0
0
0
0
0
0
0
0
0
0
0
0
0
0
5.676744e+08
6.043342e+08
6.531955e+08
7.191573e+08
8.11757e+08
0
0
0
0
0
0
0
0
0
0
0
0
0
0
0
0
0
0
0
0
5.391659e+08
5.717144e+08
6.145183e+08
6.71158e+08
7.476308e+08
0
0
0
0
0
0
0
0
0
0
0
0
0
0
0
0
0
0
0
0
5.131854e+08
5.423199e+08
5.803106e+08
6.29808e+08
6.951221e+08
0
0
0
0
0
0
0
0
0
0
0
0
0
0
0
0
0
0
0
0
4.897655e+08
5.160761e+08
5.501492e+08
5.940998e+08
6.511116e+08
0
0
0
0
0
0
0
0
0
0
0
0
0
0
0
0
0
0
0
0
4.68682e+08
4.926197e+08
5.234723e+08
5.629498e+08
6.135884e+08
0
0
0
0
0
0
0
0
0
0
0
0
0
0
0
0
0
0
0
0
4.495907e+08
4.715086e+08
4.996484e+08
5.354444e+08
5.809501e+08
0
0
0
0
0
0
0
0
0
0
0
0
0
0
0
0
0
0
0
0
4.320821e+08
4.522427e+08
4.78048e+08
5.107144e+08
5.519618e+08
0
0
0
0
0
0
0
0
0
0
0
0
0
0
0
0
0
0
0
0
4.15655e+08
4.342444e+08
4.579779e+08
4.879006e+08
5.254664e+08
0
0
0
0
0
0
0
0
0
0
0
0
0
0
0
0
0
0
0
0
3.997082e+08
4.168466e+08
4.386783e+08
4.66104e+08
5.00364e+08
0
0
0
0
0
0
0
0
0
0
3.838005e+08
3.995789e+08
4.196338e+08
4.447426e+08
4.759642e+08
0
0
0
0
0
0
0
0
0
0
3.685639e+08
3.831134e+08
4.01572e+08
4.246165e+08
4.531585e+08
0
0
0
0
0
0
0
0
0
0
3.545988e+08
3.68072e+08
3.851441e+08
4.064092e+08
4.326638e+08
0
0
0
0
0
0
0
0
0
0
3.421321e+08
3.546796e+08
3.705681e+08
3.903262e+08
4.146586e+08
0
0
0
0
0
0
0
0
0
0
3.311538e+08
3.4291e+08
3.577958e+08
3.762861e+08
3.990132e+08
0
0
0
0
0
0
0
0
0
0
7.558317e+08
8.317601e+08
0
0
0
0
0
0
0
0
0
0
6.99794e+08
7.6522e+08
8.539047e+08
0
0
0
0
0
0
0
0
0
0
6.570929e+08
7.110076e+08
7.875496e+08
8.946709e+08
0
0
0
0
0
0
0
0
0
0
6.227712e+08
6.68875e+08
7.325237e+08
8.235847e+08
9.573141e+08
0
0
0
0
0
0
0
0
0
0
5.931711e+08
6.337631e+08
6.884515e+08
7.640503e+08
8.740372e+08
0
0
0
0
0
0
0
0
0
0
0
0
0
0
0
0
0
0
0
0
5.656413e+08
6.017992e+08
6.498514e+08
7.144316e+08
8.043654e+08
0
0
0
0
0
0
0
0
0
0
0
0
0
0
0
0
0
0
0
0
5.387691e+08
5.711346e+08
6.136436e+08
6.697859e+08
7.453545e+08
0
0
0
0
0
0
0
0
0
0
0
0
0
0
0
0
0
0
0
0
5.133381e+08
5.424224e+08
5.803271e+08
6.296772e+08
6.947255e+08
0
0
0
0
0
0
0
0
0
0
0
0
0
0
0
0
0
0
0
0
4.899337e+08
5.16236e+08
5.502919e+08
5.942103e+08
6.511631e+08
0
0
0
0
0
0
0
0
0
0
0
0
0
0
0
0
0
0
0
0
4.68682e+08
4.926197e+08
5.234723e+08
5.629498e+08
6.135884e+08
0
0
0
0
0
0
0
0
0
0
0
0
0
0
0
0
0
0
0
0
4.494322e+08
4.713531e+08
4.995008e+08
5.353119e+08
5.80844e+08
0
0
0
0
0
0
0
0
0
0
0
0
0
0
0
0
0
0
0
0
4.319134e+08
4.520909e+08
4.779253e+08
5.106375e+08
5.519549e+08
0
0
0
0
0
0
0
0
0
0
0
0
0
0
0
0
0
0
0
0
4.157771e+08
4.344199e+08
4.582328e+08
4.882694e+08
5.259962e+08
0
0
0
0
0
0
0
0
0
0
0
0
0
0
0
0
0
0
0
0
4.00578e+08
4.178338e+08
4.398314e+08
4.674858e+08
5.020578e+08
0
0
0
0
0
0
0
0
0
0
0
0
0
0
0
0
0
0
0
0
3.857652e+08
4.017293e+08
4.220422e+08
4.475021e+08
4.79196e+08
0
0
0
0
0
0
0
0
0
0
3.709309e+08
3.856747e+08
4.043995e+08
4.278009e+08
4.56817e+08
0
0
0
0
0
0
0
0
0
0
3.566795e+08
3.703121e+08
3.876002e+08
4.091515e+08
4.357822e+08
0
0
0
0
0
0
0
0
0
0
3.435862e+08
3.562398e+08
3.722714e+08
3.922177e+08
4.167954e+08
0
0
0
0
0
0
0
0
0
0
3.318765e+08
3.43683e+08
3.58636e+08
3.77215e+08
4.000571e+08
0
0
0
0
0
0
0
0
0
0
3.215498e+08
3.326297e+08
3.466636e+08
3.640866e+08
3.854719e+08
0
0
0
0
0
0
0
0
0
0
6.962421e+08
7.604933e+08
8.462974e+08
0
0
0
0
0
0
0
0
0
0
6.514559e+08
7.039961e+08
7.779317e+08
8.784706e+08
0
0
0
0
0
0
0
0
0
0
6.162167e+08
6.609863e+08
7.223941e+08
8.09093e+08
9.311436e+08
0
0
0
0
0
0
0
0
0
0
5.869894e+08
6.264421e+08
6.793263e+08
7.518117e+08
8.55451e+08
0
0
0
0
0
0
0
0
0
0
5.613002e+08
5.966711e+08
6.434999e+08
7.060913e+08
7.92436e+08
0
0
0
0
0
0
0
0
0
0
0
0
0
0
0
0
0
0
0
0
5.370145e+08
5.689997e+08
6.109266e+08
6.661435e+08
7.401426e+08
0
0
0
0
0
0
0
0
0
0
0
0
0
0
0
0
0
0
0
0
5.130246e+08
5.419707e+08
5.796598e+08
6.286693e+08
6.931503e+08
0
0
0
0
0
0
0
0
0
0
0
0
0
0
0
0
0
0
0
0
4.900975e+08
5.163634e+08
5.503577e+08
5.941745e+08
6.509575e+08
0
0
0
0
0
0
0
0
0
0
0
0
0
0
0
0
0
0
0
0
4.688459e+08
4.927785e+08
5.236196e+08
5.630756e+08
6.136761e+08
0
0
0
0
0
0
0
0
0
0
0
0
0
0
0
0
0
0
0
0
4.494322e+08
4.713531e+08
4.995008e+08
5.353119e+08
5.80844e+08
0
0
0
0
0
0
0
0
0
0
0
0
0
0
0
0
0
0
0
0
4.317608e+08
4.5194e+08
4.777799e+08
5.105032e+08
5.518398e+08
0
0
0
0
0
0
0
0
0
0
0
0
0
0
0
0
0
0
0
0
4.156114e+08
4.342677e+08
4.581045e+08
4.881788e+08
5.259623e+08
0
0
0
0
0
0
0
0
0
0
0
0
0
0
0
0
0
0
0
0
4.006823e+08
4.179845e+08
4.40051e+08
4.678038e+08
5.025136e+08
0
0
0
0
0
0
0
0
0
0
0
0
0
0
0
0
0
0
0
0
3.865717e+08
4.026407e+08
4.231009e+08
4.48763e+08
4.80731e+08
0
0
0
0
0
0
0
0
0
0
0
0
0
0
0
0
0
0
0
0
3.727726e+08
3.876836e+08
4.066408e+08
4.303563e+08
4.59793e+08
0
0
0
0
0
0
0
0
0
0
3.589061e+08
3.727145e+08
3.902437e+08
4.12117e+08
4.391732e+08
0
0
0
0
0
0
0
0
0
0
3.455486e+08
3.583468e+08
3.745748e+08
3.947812e+08
4.196986e+08
0
0
0
0
0
0
0
0
0
0
3.332507e+08
3.451543e+08
3.602377e+08
3.789883e+08
4.020535e+08
0
0
0
0
0
0
0
0
0
0
3.222348e+08
3.333607e+08
3.474564e+08
3.649602e+08
3.864505e+08
0
0
0
0
0
0
0
0
0
0
3.125082e+08
3.229643e+08
3.362152e+08
3.526593e+08
3.728212e+08
0
0
0
0
0
0
0
0
0
0
6.485397e+08
7.0039e+08
7.73039e+08
8.704376e+08
0
0
0
0
0
0
0
0
0
0
6.11424e+08
6.552621e+08
7.151374e+08
7.989425e+08
9.136932e+08
0
0
0
0
0
0
0
0
0
0
5.813034e+08
6.197799e+08
6.711542e+08
7.411164e+08
8.398473e+08
0
0
0
0
0
0
0
0
0
0
5.55863e+08
5.903692e+08
6.358899e+08
6.964249e+08
7.792284e+08
0
0
0
0
0
0
0
0
0
0
5.331663e+08
5.645355e+08
6.055435e+08
6.593494e+08
7.310657e+08
0
0
0
0
0
0
0
0
0
0
0
0
0
0
0
0
0
0
0
0
5.114825e+08
5.401276e+08
5.773687e+08
6.257024e+08
6.891178e+08
0
0
0
0
0
0
0
0
0
0
0
0
0
0
0
0
0
0
0
0
4.898448e+08
5.160016e+08
5.498297e+08
5.933933e+08
6.497818e+08
0
0
0
0
0
0
0
0
0
0
0
0
0
0
0
0
0
0
0
0
4.690146e+08
4.929199e+08
5.237146e+08
5.630959e+08
6.135771e+08
0
0
0
0
0
0
0
0
0
0
0
0
0
0
0
0
0
0
0
0
4.495907e+08
4.715086e+08
4.996484e+08
5.354444e+08
5.809501e+08
0
0
0
0
0
0
0
0
0
0
0
0
0
0
0
0
0
0
0
0
4.317608e+08
4.5194e+08
4.777799e+08
5.105032e+08
5.518398e+08
0
0
0
0
0
0
0
0
0
0
0
0
0
0
0
0
0
0
0
0
4.15465e+08
4.341219e+08
4.579627e+08
4.880454e+08
5.258434e+08
0
0
0
0
0
0
0
0
0
0
0
0
0
0
0
0
0
0
0
0
4.005205e+08
4.178338e+08
4.399202e+08
4.677046e+08
5.024616e+08
0
0
0
0
0
0
0
0
0
0
0
0
0
0
0
0
0
0
0
0
3.866612e+08
4.027712e+08
4.23292e+08
4.490401e+08
4.811278e+08
0
0
0
0
0
0
0
0
0
0
0
0
0
0
0
0
0
0
0
0
3.73523e+08
3.885284e+08
4.076178e+08
4.315135e+08
4.611932e+08
0
0
0
0
0
0
0
0
0
0
0
0
0
0
0
0
0
0
0
0
3.606373e+08
3.745968e+08
3.923363e+08
4.144931e+08
4.419263e+08
0
0
0
0
0
0
0
0
0
0
3.476483e+08
3.606061e+08
3.770531e+08
3.975517e+08
4.228537e+08
0
0
0
0
0
0
0
0
0
0
3.351051e+08
3.47141e+08
3.624035e+08
3.81391e+08
4.047651e+08
0
0
0
0
0
0
0
0
0
0
3.235362e+08
3.347509e+08
3.489663e+08
3.66627e+08
3.883208e+08
0
0
0
0
0
0
0
0
0
0
3.131586e+08
3.236571e+08
3.369647e+08
3.534832e+08
3.73741e+08
0
0
0
0
0
0
0
0
0
0
3.039837e+08
3.138653e+08
3.263939e+08
3.419381e+08
3.609784e+08
0
0
0
0
0
0
0
0
0
0
6.089366e+08
6.52302e+08
7.114075e+08
7.937825e+08
9.050461e+08
0
0
0
0
0
0
0
0
0
0
5.771291e+08
6.149144e+08
6.652342e+08
7.334688e+08
8.289374e+08
0
0
0
0
0
0
0
0
0
0
5.508383e+08
5.845916e+08
6.28993e+08
6.878063e+08
7.677346e+08
0
0
0
0
0
0
0
0
0
0
5.283143e+08
5.58995e+08
5.989972e+08
6.51295e+08
7.206465e+08
0
0
0
0
0
0
0
0
0
0
5.080271e+08
5.361729e+08
5.726856e+08
6.19947e+08
6.817255e+08
0
0
0
0
0
0
0
0
0
0
0
0
0
0
0
0
0
0
0
0
4.884713e+08
5.143818e+08
5.478506e+08
5.908882e+08
6.464901e+08
0
0
0
0
0
0
0
0
0
0
0
0
0
0
0
0
0
0
0
0
4.688075e+08
4.926243e+08
5.232857e+08
5.624691e+08
6.126534e+08
0
0
0
0
0
0
0
0
0
0
0
0
0
0
0
0
0
0
0
0
4.497606e+08
4.716573e+08
4.997609e+08
5.354993e+08
5.809157e+08
0
0
0
0
0
0
0
0
0
0
0
0
0
0
0
0
0
0
0
0
4.319134e+08
4.520909e+08
4.779253e+08
5.106375e+08
5.519549e+08
0
0
0
0
0
0
0
0
0
0
0
0
0
0
0
0
0
0
0
0
4.15465e+08
4.341219e+08
4.579627e+08
4.880454e+08
5.258434e+08
0
0
0
0
0
0
0
0
0
0
0
0
0
0
0
0
0
0
0
0
4.003801e+08
4.176936e+08
4.397828e+08
4.675737e+08
5.023421e+08
0
0
0
0
0
0
0
0
0
0
0
0
0
0
0
0
0
0
0
0
3.865037e+08
4.026232e+08
4.231609e+08
4.489358e+08
4.810636e+08
0
0
0
0
0
0
0
0
0
0
0
0
0
0
0
0
0
0
0
0
3.736001e+08
3.88642e+08
4.077854e+08
4.317572e+08
4.615421e+08
0
0
0
0
0
0
0
0
0
0
0
0
0
0
0
0
0
0
0
0
3.613381e+08
3.753826e+08
3.932415e+08
4.155607e+08
4.43211e+08
0
0
0
0
0
0
0
0
0
0
0
0
0
0
0
0
0
0
0
0
3.492796e+08
3.623748e+08
3.790126e+08
3.997684e+08
4.254112e+08
0
0
0
0
0
0
0
0
0
0
3.370892e+08
3.49271e+08
3.647331e+08
3.839868e+08
4.077103e+08
0
0
0
0
0
0
0
0
0
0
3.252922e+08
3.36628e+08
3.510077e+08
3.688847e+08
3.908604e+08
0
0
0
0
0
0
0
0
0
0
3.143931e+08
3.249734e+08
3.383909e+08
3.550535e+08
3.754976e+08
0
0
0
0
0
0
0
0
0
0
3.046024e+08
3.14523e+08
3.27104e+08
3.427166e+08
3.618452e+08
0
0
0
0
0
0
0
0
0
0
2.959384e+08
3.052872e+08
3.171499e+08
3.31864e+08
3.498736e+08
0
0
0
0
0
0
0
0
0
0
5.749582e+08
6.123903e+08
6.621749e+08
7.295411e+08
8.23396e+08
0
0
0
0
0
0
0
0
0
0
5.471399e+08
5.80355e+08
6.239647e+08
6.815759e+08
7.595338e+08
0
0
0
0
0
0
0
0
0
0
5.238161e+08
5.538911e+08
5.930203e+08
6.440299e+08
7.114015e+08
0
0
0
0
0
0
0
0
0
0
5.036496e+08
5.312311e+08
5.669345e+08
6.130255e+08
6.730559e+08
0
0
0
0
0
0
0
0
0
0
4.853386e+08
5.108333e+08
5.437054e+08
5.858854e+08
6.402331e+08
0
0
0
0
0
0
0
0
0
0
0
0
0
0
0
0
0
0
0
0
4.675714e+08
4.91182e+08
5.215461e+08
5.603037e+08
6.098708e+08
0
0
0
0
0
0
0
0
0
0
0
0
0
0
0
0
0
0
0
0
4.495887e+08
4.714118e+08
4.994055e+08
5.349833e+08
5.801652e+08
0
0
0
0
0
0
0
0
0
0
0
0
0
0
0
0
0
0
0
0
4.320821e+08
4.522427e+08
4.78048e+08
5.107144e+08
5.519618e+08
0
0
0
0
0
0
0
0
0
0
0
0
0
0
0
0
0
0
0
0
4.156114e+08
4.342677e+08
4.581045e+08
4.881788e+08
5.259623e+08
0
0
0
0
0
0
0
0
0
0
0
0
0
0
0
0
0
0
0
0
4.003801e+08
4.176936e+08
4.397828e+08
4.675737e+08
5.023421e+08
0
0
0
0
0
0
0
0
0
0
0
0
0
0
0
0
0
0
0
0
3.863693e+08
4.024885e+08
4.230283e+08
4.488084e+08
4.809454e+08
0
0
0
0
0
0
0
0
0
0
0
0
0
0
0
0
0
0
0
0
3.734473e+08
3.884972e+08
4.076554e+08
4.316505e+08
4.614699e+08
0
0
0
0
0
0
0
0
0
0
0
0
0
0
0
0
0
0
0
0
3.614051e+08
3.75482e+08
3.933894e+08
4.157767e+08
4.435205e+08
0
0
0
0
0
0
0
0
0
0
0
0
0
0
0
0
0
0
0
0
3.499359e+08
3.631083e+08
3.798543e+08
4.007571e+08
4.265958e+08
0
0
0
0
0
0
0
0
0
0
0
0
0
0
0
0
0
0
0
0
3.386297e+08
3.50937e+08
3.665733e+08
3.86061e+08
4.100941e+08
0
0
0
0
0
0
0
0
0
0
3.271709e+08
3.386402e+08
3.53203e+08
3.713233e+08
3.936176e+08
0
0
0
0
0
0
0
0
0
0
3.160587e+08
3.267505e+08
3.40319e+08
3.571805e+08
3.778823e+08
0
0
0
0
0
0
0
0
0
0
3.057754e+08
3.157715e+08
3.284539e+08
3.441992e+08
3.634991e+08
0
0
0
0
0
0
0
0
0
0
2.965279e+08
3.059127e+08
3.178238e+08
3.326012e+08
3.506921e+08
0
0
0
0
0
0
0
0
0
0
2.883347e+08
2.971918e+08
3.084368e+08
3.223853e+08
3.394445e+08
0
0
0
0
0
0
0
0
0
0
5.452138e+08
5.781527e+08
6.213579e+08
6.783588e+08
7.55326e+08
0
0
0
0
0
0
0
0
0
0
5.204992e+08
5.501386e+08
5.886451e+08
6.387444e+08
7.047338e+08
0
0
0
0
0
0
0
0
0
0
4.995823e+08
5.266635e+08
5.616582e+08
6.067364e+08
6.652757e+08
0
0
0
0
0
0
0
0
0
0
4.813559e+08
5.063769e+08
5.385795e+08
5.798111e+08
6.327935e+08
0
0
0
0
0
0
0
0
0
0
4.647094e+08
4.879672e+08
5.178299e+08
5.558799e+08
6.04438e+08
0
0
0
0
0
0
0
0
0
0
0
0
0
0
0
0
0
0
0
0
4.484669e+08
4.701142e+08
4.978567e+08
5.330795e+08
5.777588e+08
0
0
0
0
0
0
0
0
0
0
0
0
0
0
0
0
0
0
0
0
4.319379e+08
4.520362e+08
4.77749e+08
5.102814e+08
5.513369e+08
0
0
0
0
0
0
0
0
0
0
0
0
0
0
0
0
0
0
0
0
4.157771e+08
4.344199e+08
4.582328e+08
4.882694e+08
5.259962e+08
0
0
0
0
0
0
0
0
0
0
0
0
0
0
0
0
0
0
0
0
4.005205e+08
4.178338e+08
4.399202e+08
4.677046e+08
5.024616e+08
0
0
0
0
0
0
0
0
0
0
0
0
0
0
0
0
0
0
0
0
3.863692e+08
4.024885e+08
4.230283e+08
4.488084e+08
4.809454e+08
0
0
0
0
0
0
0
0
0
0
0
0
0
0
0
0
0
0
0
0
3.733186e+08
3.883681e+08
4.075279e+08
4.315272e+08
4.613541e+08
0
0
0
0
0
0
0
0
0
0
0
0
0
0
0
0
0
0
0
0
3.612572e+08
3.753409e+08
3.932613e+08
4.156692e+08
4.434432e+08
0
0
0
0
0
0
0
0
0
0
0
0
0
0
0
0
0
0
0
0
3.49994e+08
3.631961e+08
3.799855e+08
4.009498e+08
4.268724e+08
0
0
0
0
0
0
0
0
0
0
0
0
0
0
0
0
0
0
0
0
3.392458e+08
3.516237e+08
3.673588e+08
3.8698e+08
4.111908e+08
0
0
0
0
0
0
0
0
0
0
0
0
0
0
0
0
0
0
0
3.286287e+08
3.40213e+08
3.549355e+08
3.732698e+08
3.958463e+08
0
0
0
0
0
0
0
0
0
0
3.178408e+08
3.286555e+08
3.423921e+08
3.594772e+08
3.804705e+08
0
0
0
0
0
0
0
0
0
0
3.073581e+08
3.174569e+08
3.302787e+08
3.46207e+08
3.657442e+08
0
0
0
0
0
0
0
0
0
0
2.976443e+08
3.070989e+08
3.191038e+08
3.340039e+08
3.522527e+08
0
0
0
0
0
0
0
0
0
0
2.888973e+08
2.977877e+08
3.090775e+08
3.230846e+08
3.402191e+08
0
0
0
0
0
0
0
0
0
0
2.811444e+08
2.895411e+08
3.002153e+08
3.134538e+08
3.296364e+08
0
0
0
0
0
0
0
0
0
0
5.187701e+08
5.481852e+08
5.863722e+08
6.360065e+08
7.012943e+08
0
0
0
0
0
0
0
0
0
0
4.965794e+08
5.232991e+08
5.577855e+08
6.021426e+08
6.596292e+08
0
0
0
0
0
0
0
0
0
0
4.776496e+08
5.022483e+08
5.338609e+08
5.742651e+08
6.26069e+08
0
0
0
0
0
0
0
0
0
0
4.610611e+08
4.839146e+08
5.13211e+08
5.504716e+08
5.979181e+08
0
0
0
0
0
0
0
0
0
0
4.45836e+08
4.671793e+08
4.94493e+08
5.291177e+08
5.729605e+08
0
0
0
0
0
0
0
0
0
0
0
0
0
0
0
0
0
0
0
0
4.309131e+08
4.508592e+08
4.763559e+08
5.085865e+08
5.492209e+08
0
0
0
0
0
0
0
0
0
0
0
0
0
0
0
0
0
0
0
0
4.15655e+08
4.342444e+08
4.579779e+08
4.879006e+08
5.254664e+08
0
0
0
0
0
0
0
0
0
0
0
0
0
0
0
0
0
0
0
0
4.006823e+08
4.179845e+08
4.40051e+08
4.678038e+08
5.025136e+08
0
0
0
0
0
0
0
0
0
0
0
0
0
0
0
0
0
0
0
0
3.865037e+08
4.026232e+08
4.231609e+08
4.489358e+08
4.810636e+08
0
0
0
0
0
0
0
0
0
0
0
0
0
0
0
0
0
0
0
0
3.733186e+08
3.883681e+08
4.075279e+08
4.315272e+08
4.613541e+08
0
0
0
0
0
0
0
0
0
0
0
0
0
0
0
0
0
0
0
0
3.611341e+08
3.752172e+08
3.931387e+08
4.155502e+08
4.433306e+08
0
0
0
0
0
0
0
0
0
0
0
0
0
0
0
0
0
0
0
0
3.49851e+08
3.630592e+08
3.7986e+08
4.008426e+08
4.267921e+08
0
0
0
0
0
0
0
0
0
0
0
0
0
0
0
0
0
0
0
0
3.392966e+08
3.517012e+08
3.67476e+08
3.871527e+08
4.114394e+08
0
0
0
0
0
0
0
0
0
0
0
0
0
0
0
0
0
0
0
3.292085e+08
3.408576e+08
3.556705e+08
3.741271e+08
3.968652e+08
0
0
0
0
0
0
0
0
0
0
0
0
0
0
0
0
0
0
3.192226e+08
3.301432e+08
3.440268e+08
3.613086e+08
3.825604e+08
0
0
0
0
0
0
0
0
0
0
3.090513e+08
3.192634e+08
3.322405e+08
3.483746e+08
3.6818e+08
0
0
0
0
0
0
0
0
0
0
2.991505e+08
3.087001e+08
3.208339e+08
3.359032e+08
3.543706e+08
0
0
0
0
0
0
0
0
0
0
2.899616e+08
2.989164e+08
3.102933e+08
3.24414e+08
3.416946e+08
0
0
0
0
0
0
0
0
0
0
2.816822e+08
2.901097e+08
3.008255e+08
3.141184e+08
3.303708e+08
0
0
0
0
0
0
0
0
0
0
2.743412e+08
2.823066e+08
2.924468e+08
3.050287e+08
3.203988e+08
0
0
0
0
0
0
0
0
0
0
4.950125e+08
5.215458e+08
5.557707e+08
5.997581e+08
6.567073e+08
0
0
0
0
0
0
0
0
0
0
4.749105e+08
4.992032e+08
5.303909e+08
5.702031e+08
6.211692e+08
0
0
0
0
0
0
0
0
0
0
4.57662e+08
4.801536e+08
5.089485e+08
5.455166e+08
5.919966e+08
0
0
0
0
0
0
0
0
0
0
4.424753e+08
4.634686e+08
4.902955e+08
5.242491e+08
5.671632e+08
0
0
0
0
0
0
0
0
0
0
4.284823e+08
4.48163e+08
4.732876e+08
5.050041e+08
5.449289e+08
0
0
0
0
0
0
0
0
0
0
0
0
0
0
0
0
0
0
0
0
4.147133e+08
4.331696e+08
4.567146e+08
4.863764e+08
5.235826e+08
0
0
0
0
0
0
0
0
0
0
0
0
0
0
0
0
0
0
0
0
4.005781e+08
4.178338e+08
4.398314e+08
4.674858e+08
5.020578e+08
0
0
0
0
0
0
0
0
0
0
0
0
0
0
0
0
0
0
0
0
3.866612e+08
4.027712e+08
4.232919e+08
4.490401e+08
4.811278e+08
0
0
0
0
0
0
0
0
0
0
0
0
0
0
0
0
0
0
0
0
3.734473e+08
3.884972e+08
4.076555e+08
4.316505e+08
4.614699e+08
0
0
0
0
0
0
0
0
0
0
0
0
0
0
0
0
0
0
0
0
3.611341e+08
3.752172e+08
3.931387e+08
4.155502e+08
4.433306e+08
0
0
0
0
0
0
0
0
0
0
0
0
0
0
0
0
0
0
0
0
3.497331e+08
3.629406e+08
3.797423e+08
4.00728e+08
4.266831e+08
0
0
0
0
0
0
0
0
0
0
0
0
0
0
0
0
0
0
0
0
3.391584e+08
3.515684e+08
3.673537e+08
3.870466e+08
4.113575e+08
0
0
0
0
0
0
0
0
0
0
0
0
0
0
0
0
0
0
0
3.292527e+08
3.409264e+08
3.557756e+08
3.742831e+08
3.970899e+08
0
0
0
0
0
0
0
0
0
0
0
0
0
0
0
0
0
0
3.197692e+08
3.307497e+08
3.447165e+08
3.621105e+08
3.835105e+08
0
0
0
0
0
0
0
0
0
0
0
0
0
0
0
0
0
3.103634e+08
3.206733e+08
3.337861e+08
3.501016e+08
3.701447e+08
0
0
0
0
0
0
0
0
0
0
3.007619e+08
3.104162e+08
3.226937e+08
3.379533e+08
3.566679e+08
0
0
0
0
0
0
0
0
0
0
2.913974e+08
3.0044e+08
3.119363e+08
3.26214e+08
3.436968e+08
0
0
0
0
0
0
0
0
0
0
2.826982e+08
2.911856e+08
3.019821e+08
3.153805e+08
3.317684e+08
0
0
0
0
0
0
0
0
0
0
2.74856e+08
2.828501e+08
2.93029e+08
3.056614e+08
3.210964e+08
0
0
0
0
0
0
0
0
0
0
2.678988e+08
2.75462e+08
2.851021e+08
2.970701e+08
3.116887e+08
0
0
0
0
0
0
0
0
0
0
4.734802e+08
4.976148e+08
5.285837e+08
5.680916e+08
6.186284e+08
0
0
0
0
0
0
0
0
0
0
4.551482e+08
4.773768e+08
5.058096e+08
5.418806e+08
5.876702e+08
0
0
0
0
0
0
0
0
0
0
4.393414e+08
4.600204e+08
4.864149e+08
5.197773e+08
5.618798e+08
0
0
0
0
0
0
0
0
0
0
4.253719e+08
4.447463e+08
4.694469e+08
5.00584e+08
5.397167e+08
0
0
0
0
0
0
0
0
0
0
4.124573e+08
4.3068e+08
4.538983e+08
4.831119e+08
5.197063e+08
0
0
0
0
0
0
0
0
0
0
0
0
0
0
0
0
0
0
0
0
3.997082e+08
4.168466e+08
4.386783e+08
4.66104e+08
5.00364e+08
0
0
0
0
0
0
0
0
0
0
0
0
0
0
0
0
0
0
0
0
3.865717e+08
4.026408e+08
4.231009e+08
4.48763e+08
4.80731e+08
0
0
0
0
0
0
0
0
0
0
0
0
0
0
0
0
0
0
0
0
3.736001e+08
3.88642e+08
4.077855e+08
4.317572e+08
4.615421e+08
0
0
0
0
0
0
0
0
0
0
0
0
0
0
0
0
0
0
0
0
3.612572e+08
3.75341e+08
3.932613e+08
4.156693e+08
4.434432e+08
0
0
0
0
0
0
0
0
0
0
0
0
0
0
0
0
0
0
0
0
3.497331e+08
3.629406e+08
3.797423e+08
4.00728e+08
4.266831e+08
0
0
0
0
0
0
0
0
0
0
0
0
0
0
0
0
0
0
0
0
3.390456e+08
3.514548e+08
3.672408e+08
3.869364e+08
4.112521e+08
0
0
0
0
0
0
0
0
0
0
0
0
0
0
0
0
0
0
0
3.291192e+08
3.407979e+08
3.556564e+08
3.741789e+08
3.970073e+08
0
0
0
0
0
0
0
0
0
0
0
0
0
0
0
0
0
0
3.198076e+08
3.308109e+08
3.448112e+08
3.622518e+08
3.837149e+08
0
0
0
0
0
0
0
0
0
0
0
0
0
0
0
0
0
3.108796e+08
3.212449e+08
3.344349e+08
3.508539e+08
3.710332e+08
0
0
0
0
0
0
0
0
0
0
0
0
0
0
0
0
3.020098e+08
3.117546e+08
3.241578e+08
3.395854e+08
3.585193e+08
0
0
0
0
0
0
0
0
0
0
2.929334e+08
3.020729e+08
3.137024e+08
3.281565e+08
3.458682e+08
0
0
0
0
0
0
0
0
0
0
2.840688e+08
2.926377e+08
3.035451e+08
3.170892e+08
3.336648e+08
0
0
0
0
0
0
0
0
0
0
2.758273e+08
2.838771e+08
2.941311e+08
3.068617e+08
3.224225e+08
0
0
0
0
0
0
0
0
0
0
2.683922e+08
2.759821e+08
2.856583e+08
2.976735e+08
3.123524e+08
0
0
0
0
0
0
0
0
0
0
2.617963e+08
2.689805e+08
2.781541e+08
2.895477e+08
3.034642e+08
0
0
0
0
0
0
0
0
0
0
4.538347e+08
4.759273e+08
5.041734e+08
5.399884e+08
5.854235e+08
0
0
0
0
0
0
0
0
0
0
4.370225e+08
4.574726e+08
4.835543e+08
5.164912e+08
5.580122e+08
0
0
0
0
0
0
0
0
0
0
4.224695e+08
4.415681e+08
4.658911e+08
4.965164e+08
5.349544e+08
0
0
0
0
0
0
0
0
0
0
4.095668e+08
4.275189e+08
4.503641e+08
4.790711e+08
5.149799e+08
0
0
0
0
0
0
0
0
0
0
3.976063e+08
4.145374e+08
4.360798e+08
4.631105e+08
4.968358e+08
0
0
0
0
0
0
0
0
0
0
0
0
0
0
0
0
0
0
0
0
3.857652e+08
4.017293e+08
4.220422e+08
4.475022e+08
4.79196e+08
0
0
0
0
0
0
0
0
0
0
0
0
0
0
0
0
0
0
0
0
3.735231e+08
3.885284e+08
4.076179e+08
4.315135e+08
4.611933e+08
0
0
0
0
0
0
0
0
0
0
0
0
0
0
0
0
0
0
0
0
3.614051e+08
3.75482e+08
3.933894e+08
4.157768e+08
4.435205e+08
0
0
0
0
0
0
0
0
0
0
0
0
0
0
0
0
0
0
0
0
3.49851e+08
3.630592e+08
3.7986e+08
4.008426e+08
4.267921e+08
0
0
0
0
0
0
0
0
0
0
0
0
0
0
0
0
0
0
0
0
3.390456e+08
3.514548e+08
3.672408e+08
3.869364e+08
4.112521e+08
0
0
0
0
0
0
0
0
0
0
0
0
0
0
0
0
0
0
0
3.29011e+08
3.40689e+08
3.555481e+08
3.74073e+08
3.969057e+08
0
0
0
0
0
0
0
0
0
0
0
0
0
0
0
0
0
0
3.196785e+08
3.306864e+08
3.446954e+08
3.621496e+08
3.836326e+08
0
0
0
0
0
0
0
0
0
0
0
0
0
0
0
0
0
3.109128e+08
3.212993e+08
3.345204e+08
3.509825e+08
3.712196e+08
0
0
0
0
0
0
0
0
0
0
0
0
0
0
0
0
3.024981e+08
3.122943e+08
3.247691e+08
3.402927e+08
3.593524e+08
0
0
0
0
0
0
0
0
0
0
0
0
0
0
0
2.941222e+08
3.033455e+08
3.150918e+08
3.297016e+08
3.476166e+08
0
0
0
0
0
0
0
0
0
0
2.855352e+08
2.94194e+08
3.052251e+08
3.18933e+08
3.357209e+08
0
0
0
0
0
0
0
0
0
0
2.771376e+08
2.852631e+08
2.956203e+08
3.084864e+08
3.242217e+08
0
0
0
0
0
0
0
0
0
0
2.693222e+08
2.769638e+08
2.867101e+08
2.988168e+08
3.136128e+08
0
0
0
0
0
0
0
0
0
0
2.6227e+08
2.69479e+08
2.786863e+08
2.901239e+08
3.040967e+08
0
0
0
0
0
0
0
0
0
0
2.560137e+08
2.628413e+08
2.715756e+08
2.824332e+08
2.956932e+08
0
0
0
0
0
0
0
0
0
0
4.358101e+08
4.561418e+08
4.820619e+08
5.147795e+08
5.560015e+08
0
0
0
0
0
0
0
0
0
0
4.20321e+08
4.392184e+08
4.632677e+08
4.93524e+08
5.314632e+08
0
0
0
0
0
0
0
0
0
0
4.068682e+08
4.245763e+08
4.470884e+08
4.753471e+08
5.10653e+08
0
0
0
0
0
0
0
0
0
0
3.949101e+08
4.116008e+08
4.32812e+08
4.593953e+08
4.925199e+08
0
0
0
0
0
0
0
0
0
0
3.838005e+08
3.99579e+08
4.196338e+08
4.447426e+08
4.759642e+08
0
0
0
0
0
0
0
0
0
0
0
0
0
0
0
0
0
0
0
0
3.727726e+08
3.876837e+08
4.066408e+08
4.303563e+08
4.59793e+08
0
0
0
0
0
0
0
0
0
0
0
0
0
0
0
0
0
0
0
0
3.613381e+08
3.753826e+08
3.932415e+08
4.155607e+08
4.43211e+08
0
0
0
0
0
0
0
0
0
0
0
0
0
0
0
0
0
0
0
0
3.49994e+08
3.63196e+08
3.799855e+08
4.009498e+08
4.268724e+08
0
0
0
0
0
0
0
0
0
0
0
0
0
0
0
0
0
0
0
0
3.391584e+08
3.515684e+08
3.673537e+08
3.870467e+08
4.113575e+08
0
0
0
0
0
0
0
0
0
0
0
0
0
0
0
0
0
0
0
3.29011e+08
3.40689e+08
3.555481e+08
3.74073e+08
3.969058e+08
0
0
0
0
0
0
0
0
0
0
0
0
0
0
0
0
0
0
3.195747e+08
3.30582e+08
3.445916e+08
3.620478e+08
3.835349e+08
0
0
0
0
0
0
0
0
0
0
0
0
0
0
0
0
0
3.107879e+08
3.211787e+08
3.34408e+08
3.508827e+08
3.71138e+08
0
0
0
0
0
0
0
0
0
0
0
0
0
0
0
0
3.025268e+08
3.123427e+08
3.248464e+08
3.404101e+08
3.595233e+08
0
0
0
0
0
0
0
0
0
0
0
0
0
0
0
2.94585e+08
3.038561e+08
3.156689e+08
3.303679e+08
3.483996e+08
0
0
0
0
0
0
0
0
0
0
0
0
0
0
2.866693e+08
2.954061e+08
3.065456e+08
3.203985e+08
3.373751e+08
0
0
0
0
0
0
0
0
0
0
2.785394e+08
2.867485e+08
2.972209e+08
3.102395e+08
3.261722e+08
0
0
0
0
0
0
0
0
0
0
2.705765e+08
2.782886e+08
2.881312e+08
3.003642e+08
3.153227e+08
0
0
0
0
0
0
0
0
0
0
2.631615e+08
2.704188e+08
2.796915e+08
2.912145e+08
3.052967e+08
0
0
0
0
0
0
0
0
0
0
2.56469e+08
2.633198e+08
2.720856e+08
2.829844e+08
2.96297e+08
0
0
0
0
0
0
0
0
0
2.505355e+08
2.57024e+08
2.653454e+08
2.756987e+08
2.883462e+08
0
0
0
0
0
0
0
0
0
0
4.19197e+08
4.379903e+08
4.618982e+08
4.919642e+08
5.296466e+08
0
0
0
0
0
0
0
0
0
0
4.048699e+08
4.223998e+08
4.446703e+08
4.726051e+08
5.074776e+08
0
0
0
0
0
0
0
0
0
0
3.923921e+08
4.088656e+08
4.297807e+08
4.559673e+08
4.885627e+08
0
0
0
0
0
0
0
0
0
0
3.812778e+08
3.968407e+08
4.165998e+08
4.413103e+08
4.720003e+08
0
0
0
0
0
0
0
0
0
0
3.709309e+08
3.856747e+08
4.043996e+08
4.278009e+08
4.56817e+08
0
0
0
0
0
0
0
0
0
0
0
0
0
0
0
0
0
0
0
0
3.606373e+08
3.745968e+08
3.923363e+08
4.144932e+08
4.419263e+08
0
0
0
0
0
0
0
0
0
0
0
0
0
0
0
0
0
0
0
0
3.499358e+08
3.631083e+08
3.798543e+08
4.007571e+08
4.265958e+08
0
0
0
0
0
0
0
0
0
0
0
0
0
0
0
0
0
0
0
0
3.392965e+08
3.517012e+08
3.67476e+08
3.871527e+08
4.114394e+08
0
0
0
0
0
0
0
0
0
0
0
0
0
0
0
0
0
0
0
3.291192e+08
3.407979e+08
3.556564e+08
3.741789e+08
3.970073e+08
0
0
0
0
0
0
0
0
0
0
0
0
0
0
0
0
0
0
3.195747e+08
3.30582e+08
3.445916e+08
3.620478e+08
3.835349e+08
0
0
0
0
0
0
0
0
0
0
0
0
0
0
0
0
0
3.106882e+08
3.210784e+08
3.343083e+08
3.50785e+08
3.71044e+08
0
0
0
0
0
0
0
0
0
0
0
0
0
0
0
0
3.024059e+08
3.122258e+08
3.247371e+08
3.403126e+08
3.594429e+08
0
0
0
0
0
0
0
0
0
0
0
0
0
0
0
2.946096e+08
3.03899e+08
3.157389e+08
3.304752e+08
3.485567e+08
0
0
0
0
0
0
0
0
0
0
0
0
0
0
2.871086e+08
2.958899e+08
3.070915e+08
3.210274e+08
3.381125e+08
0
0
0
0
0
0
0
0
0
0
0
0
0
2.796229e+08
2.879046e+08
2.984782e+08
3.116317e+08
3.277401e+08
0
0
0
0
0
0
0
0
0
0
2.719186e+08
2.797084e+08
2.896585e+08
3.020338e+08
3.171761e+08
0
0
0
0
0
0
0
0
0
0
2.643639e+08
2.716869e+08
2.810494e+08
2.926906e+08
3.069244e+08
0
0
0
0
0
0
0
0
0
0
2.573246e+08
2.642206e+08
2.730476e+08
2.840263e+08
2.974411e+08
0
0
0
0
0
0
0
0
0
2.509738e+08
2.574839e+08
2.658348e+08
2.762266e+08
2.889235e+08
0
0
0
0
0
0
0
0
2.453469e+08
2.515132e+08
2.594425e+08
2.693219e+08
2.813938e+08
0
0
0
0
0
0
0
0
0
0
4.038238e+08
4.212615e+08
4.434071e+08
4.711748e+08
5.058239e+08
0
0
0
0
0
0
0
0
0
0
3.905273e+08
4.068418e+08
4.275418e+08
4.534418e+08
4.856561e+08
0
0
0
0
0
0
0
0
0
0
3.78921e+08
3.942892e+08
4.137834e+08
4.381404e+08
4.683614e+08
0
0
0
0
0
0
0
0
0
0
3.68564e+08
3.831134e+08
4.01572e+08
4.246165e+08
4.531585e+08
0
0
0
0
0
0
0
0
0
0
3.589061e+08
3.727145e+08
3.902438e+08
4.121171e+08
4.391732e+08
0
0
0
0
0
0
0
0
0
0
0
0
0
0
0
0
0
0
0
0
3.492796e+08
3.623748e+08
3.790127e+08
3.997685e+08
4.254112e+08
0
0
0
0
0
0
0
0
0
0
0
0
0
0
0
0
0
0
0
0
3.392458e+08
3.516237e+08
3.673588e+08
3.8698e+08
4.111908e+08
0
0
0
0
0
0
0
0
0
0
0
0
0
0
0
0
0
0
0
3.292527e+08
3.409264e+08
3.557756e+08
3.742831e+08
3.970899e+08
0
0
0
0
0
0
0
0
0
0
0
0
0
0
0
0
0
0
3.196785e+08
3.306864e+08
3.446954e+08
3.621496e+08
3.836326e+08
0
0
0
0
0
0
0
0
0
0
0
0
0
0
0
0
0
3.106882e+08
3.210784e+08
3.343083e+08
3.50785e+08
3.71044e+08
0
0
0
0
0
0
0
0
0
0
0
0
0
0
0
0
3.0231e+08
3.121295e+08
3.246413e+08
3.402188e+08
3.593525e+08
0
0
0
0
0
0
0
0
0
0
0
0
0
0
0
2.944925e+08
3.037857e+08
3.156327e+08
3.303801e+08
3.484776e+08
0
0
0
0
0
0
0
0
0
0
0
0
0
0
2.871294e+08
2.95928e+08
3.071548e+08
3.211257e+08
3.382572e+08
0
0
0
0
0
0
0
0
0
0
0
0
0
2.800403e+08
2.883638e+08
2.989955e+08
3.122264e+08
3.28436e+08
0
0
0
0
0
0
0
0
0
0
0
0
2.729551e+08
2.808127e+08
2.908573e+08
3.033587e+08
3.186649e+08
0
0
0
0
0
0
0
0
0
0
2.656503e+08
2.730459e+08
2.825088e+08
2.94283e+08
3.086886e+08
0
0
0
0
0
0
0
0
0
0
2.584785e+08
2.65436e+08
2.743471e+08
2.854363e+08
2.989929e+08
0
0
0
0
0
0
0
0
0
2.517961e+08
2.583483e+08
2.667566e+08
2.772234e+08
2.90016e+08
0
0
0
0
0
0
0
0
2.457691e+08
2.519558e+08
2.599127e+08
2.698284e+08
2.819465e+08
0
0
0
0
0
0
0
2.404485e+08
2.462938e+08
2.538511e+08
2.632814e+08
2.748127e+08
0
0
0
0
0
0
0
0
0
0
3.895504e+08
4.057826e+08
4.263715e+08
4.521234e+08
4.841414e+08
0
0
0
0
0
0
0
0
0
0
3.771752e+08
3.924009e+08
4.117026e+08
4.358037e+08
4.656868e+08
0
0
0
0
0
0
0
0
0
0
3.663523e+08
3.807258e+08
3.989461e+08
4.216734e+08
4.497968e+08
0
0
0
0
0
0
0
0
0
0
3.566795e+08
3.703121e+08
3.876003e+08
4.091516e+08
4.357822e+08
0
0
0
0
0
0
0
0
0
0
3.476482e+08
3.606061e+08
3.770532e+08
3.975518e+08
4.228538e+08
0
0
0
0
0
0
0
0
0
0
0
0
0
0
0
0
0
0
0
0
3.386296e+08
3.50937e+08
3.665733e+08
3.86061e+08
4.100942e+08
0
0
0
0
0
0
0
0
0
0
0
0
0
0
0
0
0
0
0
3.292084e+08
3.408575e+08
3.556705e+08
3.741271e+08
3.968652e+08
0
0
0
0
0
0
0
0
0
0
0
0
0
0
0
0
0
0
3.198076e+08
3.308109e+08
3.448112e+08
3.622518e+08
3.837148e+08
0
0
0
0
0
0
0
0
0
0
0
0
0
0
0
0
0
3.107879e+08
3.211787e+08
3.344079e+08
3.508827e+08
3.71138e+08
0
0
0
0
0
0
0
0
0
0
0
0
0
0
0
0
3.0231e+08
3.121295e+08
3.246413e+08
3.402188e+08
3.593525e+08
0
0
0
0
0
0
0
0
0
0
0
0
0
0
0
2.944002e+08
3.03693e+08
3.155407e+08
3.302899e+08
3.483906e+08
0
0
0
0
0
0
0
0
0
0
0
0
0
0
2.870159e+08
2.958182e+08
3.070517e+08
3.21033e+08
3.381794e+08
0
0
0
0
0
0
0
0
0
0
0
0
0
2.800578e+08
2.883976e+08
2.99053e+08
3.123166e+08
3.285695e+08
0
0
0
0
0
0
0
0
0
0
0
0
2.733524e+08
2.812491e+08
2.913482e+08
3.039222e+08
3.193227e+08
0
0
0
0
0
0
0
0
0
0
0
2.666433e+08
2.741022e+08
2.836536e+08
2.955458e+08
3.101046e+08
0
0
0
0
0
0
0
0
0
0
2.59713e+08
2.667386e+08
2.757437e+08
2.869573e+08
3.006748e+08
0
0
0
0
0
0
0
0
0
2.529051e+08
2.595147e+08
2.680019e+08
2.785723e+08
2.914976e+08
0
0
0
0
0
0
0
0
2.465602e+08
2.527866e+08
2.607971e+08
2.707833e+08
2.829912e+08
0
0
0
0
0
0
0
2.408561e+08
2.467202e+08
2.543036e+08
2.637678e+08
2.753426e+08
0
0
0
0
0
0
2.358254e+08
2.413665e+08
2.485558e+08
2.575608e+08
2.685803e+08
0
0
0
0
0
0
0
0
0
0
3.7626e+08
3.914119e+08
4.106141e+08
4.345831e+08
4.64292e+08
0
0
0
0
0
0
0
0
0
0
3.647138e+08
3.789584e+08
3.970054e+08
4.19503e+08
4.473244e+08
0
0
0
0
0
0
0
0
0
0
3.545988e+08
3.68072e+08
3.851441e+08
4.064093e+08
4.326638e+08
0
0
0
0
0
0
0
0
0
0
3.455485e+08
3.583468e+08
3.745749e+08
3.947812e+08
4.196987e+08
0
0
0
0
0
0
0
0
0
0
3.370891e+08
3.49271e+08
3.647331e+08
3.839868e+08
4.077104e+08
0
0
0
0
0
0
0
0
0
0
0
0
0
0
0
0
0
0
0
3.286286e+08
3.402129e+08
3.549354e+08
3.732698e+08
3.958463e+08
0
0
0
0
0
0
0
0
0
0
0
0
0
0
0
0
0
0
3.197692e+08
3.307496e+08
3.447165e+08
3.621105e+08
3.835105e+08
0
0
0
0
0
0
0
0
0
0
0
0
0
0
0
0
0
3.109128e+08
3.212993e+08
3.345204e+08
3.509825e+08
3.712196e+08
0
0
0
0
0
0
0
0
0
0
0
0
0
0
0
0
3.024059e+08
3.122258e+08
3.247371e+08
3.403126e+08
3.594429e+08
0
0
0
0
0
0
0
0
0
0
0
0
0
0
0
2.944002e+08
3.03693e+08
3.155407e+08
3.302899e+08
3.483906e+08
0
0
0
0
0
0
0
0
0
0
0
0
0
0
2.86927e+08
2.957289e+08
3.069631e+08
3.209461e+08
3.380957e+08
0
0
0
0
0
0
0
0
0
0
0
0
0
2.799476e+08
2.88291e+08
2.989528e+08
3.122262e+08
3.284932e+08
0
0
0
0
0
0
0
0
0
0
0
0
2.733669e+08
2.812789e+08
2.914004e+08
3.04005e+08
3.194462e+08
0
0
0
0
0
0
0
0
0
0
0
2.670219e+08
2.745176e+08
2.841201e+08
2.960804e+08
3.107277e+08
0
0
0
0
0
0
0
0
0
0
2.606652e+08
2.677503e+08
2.768384e+08
2.881626e+08
3.020237e+08
0
0
0
0
0
0
0
0
0
2.540916e+08
2.607645e+08
2.6934e+08
2.800273e+08
2.931033e+08
0
0
0
0
0
0
0
0
2.476269e+08
2.539073e+08
2.619918e+08
2.720753e+08
2.84408e+08
0
0
0
0
0
0
0
2.416185e+08
2.475193e+08
2.551534e+08
2.646837e+08
2.763431e+08
0
0
0
0
0
0
2.36219e+08
2.41778e+08
2.489916e+08
2.580287e+08
2.69089e+08
0
0
0
0
0
2.315065e+08
2.36716e+08
2.435573e+08
2.521438e+08
2.626795e+08
0
0
0
0
0
0
0
0
0
0
3.638542e+08
3.780321e+08
3.959895e+08
4.183686e+08
4.460343e+08
0
0
0
0
0
0
0
0
0
0
3.530571e+08
3.664135e+08
3.833284e+08
4.043863e+08
4.303695e+08
0
0
0
0
0
0
0
0
0
0
3.435862e+08
3.562397e+08
3.722714e+08
3.922178e+08
4.167955e+08
0
0
0
0
0
0
0
0
0
0
3.35105e+08
3.47141e+08
3.624035e+08
3.81391e+08
4.047652e+08
0
0
0
0
0
0
0
0
0
0
3.271708e+08
3.386402e+08
3.53203e+08
3.713233e+08
3.936176e+08
0
0
0
0
0
0
0
0
0
0
0
0
0
0
0
0
0
0
3.192226e+08
3.301432e+08
3.440267e+08
3.613085e+08
3.825604e+08
0
0
0
0
0
0
0
0
0
0
0
0
0
0
0
0
0
3.108796e+08
3.212449e+08
3.344349e+08
3.508539e+08
3.710331e+08
0
0
0
0
0
0
0
0
0
0
0
0
0
0
0
0
3.025268e+08
3.123427e+08
3.248464e+08
3.4041e+08
3.595233e+08
0
0
0
0
0
0
0
0
0
0
0
0
0
0
0
2.944925e+08
3.037857e+08
3.156327e+08
3.303801e+08
3.484776e+08
0
0
0
0
0
0
0
0
0
0
0
0
0
0
2.86927e+08
2.957289e+08
3.069631e+08
3.209461e+08
3.380957e+08
0
0
0
0
0
0
0
0
0
0
0
0
0
2.798619e+08
2.88205e+08
2.988674e+08
3.121425e+08
3.284125e+08
0
0
0
0
0
0
0
0
0
0
0
0
2.732599e+08
2.811753e+08
2.913029e+08
3.039169e+08
3.193714e+08
0
0
0
0
0
0
0
0
0
0
0
2.670335e+08
2.745438e+08
2.841674e+08
2.961567e+08
3.108422e+08
0
0
0
0
0
0
0
0
0
0
2.610263e+08
2.681461e+08
2.772824e+08
2.886707e+08
3.026148e+08
0
0
0
0
0
0
0
0
0
2.550061e+08
2.617345e+08
2.703883e+08
2.811795e+08
2.943902e+08
0
0
0
0
0
0
0
0
2.48768e+08
2.551084e+08
2.632755e+08
2.73469e+08
2.859432e+08
0
0
0
0
0
0
0
2.426466e+08
2.485972e+08
2.563011e+08
2.659228e+08
2.776996e+08
0
0
0
0
0
0
2.369541e+08
2.425481e+08
2.498089e+08
2.589084e+08
2.700482e+08
0
0
0
0
0
2.318878e+08
2.371134e+08
2.439778e+08
2.525943e+08
2.631687e+08
0
0
0
0
2.27473e+08
2.323717e+08
2.388399e+08
2.470313e+08
2.570932e+08
0
0
0
0
0
0
0
0
0
0
3.522476e+08
3.655436e+08
3.823773e+08
4.033282e+08
4.291714e+08
0
0
0
0
0
0
0
0
0
0
3.421321e+08
3.546795e+08
3.705682e+08
3.903263e+08
4.146587e+08
0
0
0
0
0
0
0
0
0
0
3.332506e+08
3.451542e+08
3.602377e+08
3.789884e+08
4.020536e+08
0
0
0
0
0
0
0
0
0
0
3.252921e+08
3.366279e+08
3.510076e+08
3.688847e+08
3.908605e+08
0
0
0
0
0
0
0
0
0
0
3.178408e+08
3.286554e+08
3.42392e+08
3.594771e+08
3.804705e+08
0
0
0
0
0
0
0
0
0
0
0
0
0
0
0
0
0
3.103634e+08
3.206733e+08
3.337861e+08
3.501016e+08
3.701447e+08
0
0
0
0
0
0
0
0
0
0
0
0
0
0
0
0
3.024981e+08
3.122943e+08
3.247691e+08
3.402927e+08
3.593523e+08
0
0
0
0
0
0
0
0
0
0
0
0
0
0
0
2.946096e+08
3.03899e+08
3.157389e+08
3.304752e+08
3.485567e+08
0
0
0
0
0
0
0
0
0
0
0
0
0
0
2.870159e+08
2.958182e+08
3.070517e+08
3.21033e+08
3.381794e+08
0
0
0
0
0
0
0
0
0
0
0
0
0
2.798619e+08
2.88205e+08
2.988674e+08
3.121425e+08
3.284125e+08
0
0
0
0
0
0
0
0
0
0
0
0
2.731771e+08
2.810923e+08
2.912206e+08
3.038363e+08
3.192936e+08
0
0
0
0
0
0
0
0
0
0
0
2.669295e+08
2.744431e+08
2.840726e+08
2.960708e+08
3.107688e+08
0
0
0
0
0
0
0
0
0
0
2.610352e+08
2.68169e+08
2.773253e+08
2.887409e+08
3.027211e+08
0
0
0
0
0
0
0
0
0
2.553509e+08
2.621121e+08
2.708114e+08
2.81663e+08
2.949518e+08
0
0
0
0
0
0
0
0
2.496468e+08
2.560399e+08
2.642803e+08
2.745719e+08
2.871728e+08
0
0
0
0
0
0
0
2.437464e+08
2.497522e+08
2.575344e+08
2.672593e+08
2.791694e+08
0
0
0
0
0
0
2.37945e+08
2.435869e+08
2.509125e+08
2.600985e+08
2.713486e+08
0
0
0
0
0
2.325988e+08
2.378558e+08
2.447653e+08
2.534401e+08
2.640896e+08
0
0
0
0
2.278418e+08
2.327565e+08
2.392459e+08
2.474659e+08
2.57564e+08
0
0
0
2.238368e+08
2.283141e+08
2.344333e+08
2.422066e+08
2.518219e+08
0
0
0
0
0
0
0
0
0
0
3.41368e+08
3.538606e+08
3.696753e+08
3.893362e+08
4.135422e+08
0
0
0
0
0
0
0
0
0
0
3.318764e+08
3.436829e+08
3.58636e+08
3.772151e+08
4.000572e+08
0
0
0
0
0
0
0
0
0
0
3.235361e+08
3.347508e+08
3.489662e+08
3.666269e+08
3.883208e+08
0
0
0
0
0
0
0
0
0
0
3.160587e+08
3.267505e+08
3.403189e+08
3.571804e+08
3.778823e+08
0
0
0
0
0
0
0
0
0
0
3.090513e+08
3.192634e+08
3.322404e+08
3.483746e+08
3.6818e+08
0
0
0
0
0
0
0
0
0
0
0
0
0
0
0
0
3.020098e+08
3.117546e+08
3.241577e+08
3.395853e+08
3.585192e+08
0
0
0
0
0
0
0
0
0
0
0
0
0
0
0
2.94585e+08
3.038561e+08
3.156689e+08
3.303679e+08
3.483996e+08
0
0
0
0
0
0
0
0
0
0
0
0
0
0
2.871294e+08
2.95928e+08
3.071548e+08
3.211257e+08
3.382572e+08
0
0
0
0
0
0
0
0
0
0
0
0
0
2.799476e+08
2.88291e+08
2.989528e+08
3.122262e+08
3.284932e+08
0
0
0
0
0
0
0
0
0
0
0
0
2.731771e+08
2.810923e+08
2.912206e+08
3.038363e+08
3.192936e+08
0
0
0
0
0
0
0
0
0
0
0
2.668494e+08
2.74363e+08
2.839931e+08
2.95993e+08
3.106938e+08
0
0
0
0
0
0
0
0
0
0
2.609339e+08
2.68071e+08
2.77233e+08
2.886571e+08
3.026492e+08
0
0
0
0
0
0
0
0
0
2.553574e+08
2.621317e+08
2.708503e+08
2.817277e+08
2.950505e+08
0
0
0
0
0
0
0
0
2.49976e+08
2.564005e+08
2.646839e+08
2.750327e+08
2.877072e+08
0
0
0
0
0
0
0
2.445928e+08
2.506472e+08
2.584991e+08
2.683162e+08
2.803459e+08
0
0
0
0
0
0
2.390049e+08
2.446999e+08
2.520983e+08
2.613821e+08
2.727575e+08
0
0
0
0
0
2.335572e+08
2.38857e+08
2.458286e+08
2.545842e+08
2.65338e+08
0
0
0
0
2.285284e+08
2.334745e+08
2.400049e+08
2.482806e+08
2.584491e+08
0
0
0
2.241961e+08
2.286863e+08
2.348264e+08
2.42626e+08
2.522759e+08
0
0
2.20546e+08
2.246562e+08
2.303173e+08
2.377004e+08
2.468481e+08
0
0
0
0
0
0
0
0
0
0
3.311536e+08
3.4291e+08
3.577957e+08
3.762862e+08
3.990133e+08
0
0
0
0
0
0
0
0
0
0
3.222347e+08
3.333606e+08
3.474563e+08
3.649602e+08
3.864506e+08
0
0
0
0
0
0
0
0
0
0
3.143931e+08
3.249733e+08
3.383908e+08
3.550535e+08
3.754975e+08
0
0
0
0
0
0
0
0
0
0
3.07358e+08
3.174569e+08
3.302786e+08
3.46207e+08
3.657441e+08
0
0
0
0
0
0
0
0
0
0
3.007619e+08
3.104162e+08
3.226936e+08
3.379533e+08
3.566679e+08
0
0
0
0
0
0
0
0
0
0
0
0
0
0
0
2.941222e+08
3.033455e+08
3.150918e+08
3.297016e+08
3.476165e+08
0
0
0
0
0
0
0
0
0
0
0
0
0
0
2.871086e+08
2.958899e+08
3.070915e+08
3.210274e+08
3.381125e+08
0
0
0
0
0
0
0
0
0
0
0
0
0
2.800578e+08
2.883976e+08
2.99053e+08
3.123166e+08
3.285695e+08
0
0
0
0
0
0
0
0
0
0
0
0
2.732599e+08
2.811753e+08
2.913029e+08
3.039169e+08
3.193714e+08
0
0
0
0
0
0
0
0
0
0
0
2.668494e+08
2.74363e+08
2.839931e+08
2.95993e+08
3.106938e+08
0
0
0
0
0
0
0
0
0
0
2.608563e+08
2.679935e+08
2.771562e+08
2.885819e+08
3.025768e+08
0
0
0
0
0
0
0
0
0
2.552586e+08
2.620362e+08
2.707603e+08
2.816459e+08
2.949801e+08
0
0
0
0
0
0
0
0
2.499799e+08
2.564173e+08
2.647188e+08
2.750923e+08
2.877991e+08
0
0
0
0
0
0
0
2.449082e+08
2.509916e+08
2.588847e+08
2.687557e+08
2.808551e+08
0
0
0
0
0
0
2.398195e+08
2.455619e+08
2.530249e+08
2.623964e+08
2.738844e+08
0
0
0
0
0
2.345825e+08
2.399295e+08
2.469711e+08
2.558179e+08
2.666907e+08
0
0
0
0
2.294535e+08
2.344427e+08
2.410295e+08
2.493825e+08
2.596487e+08
0
0
0
2.248642e+08
2.293796e+08
2.355603e+08
2.434111e+08
2.531282e+08
0
0
2.208935e+08
2.250188e+08
2.306975e+08
2.381064e+08
2.472861e+08
0
2.17952e+08
2.213449e+08
2.266068e+08
2.334911e+08
2.422035e+08
0
0
0
0
0
0
0
0
0
0
3.215497e+08
3.326296e+08
3.466636e+08
3.640865e+08
3.85472e+08
0
0
0
0
0
0
0
0
0
0
3.131586e+08
3.23657e+08
3.369646e+08
3.534831e+08
3.73741e+08
0
0
0
0
0
0
0
0
0
0
3.057754e+08
3.157714e+08
3.284538e+08
3.441991e+08
3.634991e+08
0
0
0
0
0
0
0
0
0
0
2.991505e+08
3.087001e+08
3.208338e+08
3.359031e+08
3.543705e+08
0
0
0
0
0
0
0
0
0
0
2.929334e+08
3.020729e+08
3.137024e+08
3.281565e+08
3.458682e+08
0
0
0
0
0
0
0
0
0
0
0
0
0
0
2.866693e+08
2.954061e+08
3.065456e+08
3.203984e+08
3.373751e+08
0
0
0
0
0
0
0
0
0
0
0
0
0
2.800403e+08
2.883638e+08
2.989955e+08
3.122264e+08
3.28436e+08
0
0
0
0
0
0
0
0
0
0
0
0
2.733669e+08
2.812789e+08
2.914004e+08
3.04005e+08
3.194462e+08
0
0
0
0
0
0
0
0
0
0
0
2.669295e+08
2.744431e+08
2.840726e+08
2.960708e+08
3.107688e+08
0
0
0
0
0
0
0
0
0
0
2.608563e+08
2.679935e+08
2.771562e+08
2.885819e+08
3.025768e+08
0
0
0
0
0
0
0
0
0
2.551834e+08
2.619611e+08
2.70686e+08
2.815733e+08
2.949101e+08
0
0
0
0
0
0
0
0
2.498832e+08
2.563241e+08
2.64631e+08
2.750124e+08
2.8773e+08
0
0
0
0
0
0
0
2.4491e+08
2.510054e+08
2.589161e+08
2.688105e+08
2.809406e+08
0
0
0
0
0
0
2.401207e+08
2.458919e+08
2.533933e+08
2.628163e+08
2.7437e+08
0
0
0
0
0
2.353701e+08
2.407589e+08
2.478634e+08
2.56792e+08
2.677718e+08
0
0
0
0
2.304424e+08
2.354801e+08
2.421302e+08
2.505709e+08
2.609483e+08
0
0
0
2.257646e+08
2.303141e+08
2.365511e+08
2.444727e+08
2.542833e+08
0
0
2.215385e+08
2.256934e+08
2.31406e+08
2.388654e+08
2.481071e+08
0
2.182945e+08
2.216956e+08
2.269772e+08
2.338837e+08
2.426273e+08
2.159131e+08
2.187345e+08
2.232468e+08
2.296968e+08
2.378647e+08
0
0
0
0
0
0
0
0
0
0
3.125081e+08
3.229642e+08
3.362151e+08
3.526592e+08
3.728211e+08
0
0
0
0
0
0
0
0
0
0
3.046024e+08
3.14523e+08
3.271039e+08
3.427165e+08
3.618451e+08
0
0
0
0
0
0
0
0
0
0
2.976443e+08
3.070989e+08
3.191038e+08
3.340038e+08
3.522526e+08
0
0
0
0
0
0
0
0
0
0
2.913974e+08
3.0044e+08
3.119363e+08
3.262139e+08
3.436967e+08
0
0
0
0
0
0
0
0
0
0
2.855352e+08
2.94194e+08
3.052251e+08
3.18933e+08
3.357209e+08
0
0
0
0
0
0
0
0
0
0
0
0
0
2.796229e+08
2.879046e+08
2.984782e+08
3.116317e+08
3.277401e+08
0
0
0
0
0
0
0
0
0
0
0
0
2.733524e+08
2.812491e+08
2.913482e+08
3.039222e+08
3.193227e+08
0
0
0
0
0
0
0
0
0
0
0
2.670335e+08
2.745438e+08
2.841674e+08
2.961567e+08
3.108422e+08
0
0
0
0
0
0
0
0
0
0
2.609339e+08
2.68071e+08
2.77233e+08
2.886571e+08
3.026492e+08
0
0
0
0
0
0
0
0
0
2.551834e+08
2.619611e+08
2.70686e+08
2.815733e+08
2.949101e+08
0
0
0
0
0
0
0
0
2.498101e+08
2.562513e+08
2.64559e+08
2.749421e+08
2.876623e+08
0
0
0
0
0
0
0
2.448156e+08
2.509141e+08
2.588303e+08
2.687323e+08
2.808729e+08
0
0
0
0
0
0
2.401196e+08
2.459032e+08
2.534211e+08
2.628668e+08
2.744496e+08
0
0
0
0
0
2.356599e+08
2.410742e+08
2.482163e+08
2.571931e+08
2.682357e+08
0
0
0
0
2.312003e+08
2.362821e+08
2.429887e+08
2.515086e+08
2.619861e+08
0
0
0
2.267278e+08
2.313146e+08
2.376155e+08
2.456172e+08
2.555346e+08
0
0
2.224066e+08
2.266028e+08
2.323621e+08
2.398915e+08
2.492195e+08
0
2.1893e+08
2.223468e+08
2.276665e+08
2.346162e+08
2.434207e+08
2.162385e+08
2.190803e+08
2.236049e+08
2.300791e+08
2.382743e+08
2.166807e+08
2.205978e+08
2.262592e+08
2.339542e+08
0
0
0
0
0
0
0
0
0
0
3.039837e+08
3.138653e+08
3.263938e+08
3.41938e+08
3.609784e+08
0
0
0
0
0
0
0
0
0
0
2.965279e+08
3.059127e+08
3.178238e+08
3.326011e+08
3.50692e+08
0
0
0
0
0
0
0
0
0
0
2.899616e+08
2.989164e+08
3.102933e+08
3.24414e+08
3.416945e+08
0
0
0
0
0
0
0
0
0
0
2.840688e+08
2.926377e+08
3.035451e+08
3.170892e+08
3.336647e+08
0
0
0
0
0
0
0
0
0
0
2.785394e+08
2.867485e+08
2.972209e+08
3.102395e+08
3.261722e+08
0
0
0
0
0
0
0
0
0
0
0
0
2.729551e+08
2.808127e+08
2.908573e+08
3.033587e+08
3.186649e+08
0
0
0
0
0
0
0
0
0
0
0
2.670219e+08
2.745176e+08
2.841201e+08
2.960805e+08
3.107277e+08
0
0
0
0
0
0
0
0
0
0
2.610352e+08
2.68169e+08
2.773253e+08
2.887409e+08
3.027211e+08
0
0
0
0
0
0
0
0
0
2.552586e+08
2.620362e+08
2.707603e+08
2.816459e+08
2.949801e+08
0
0
0
0
0
0
0
0
2.498101e+08
2.562513e+08
2.64559e+08
2.749421e+08
2.876623e+08
0
0
0
0
0
0
0
2.447446e+08
2.508433e+08
2.587604e+08
2.686641e+08
2.808073e+08
0
0
0
0
0
0
2.400266e+08
2.45814e+08
2.533369e+08
2.627902e+08
2.743831e+08
0
0
0
0
0
2.356573e+08
2.410823e+08
2.482412e+08
2.572392e+08
2.683099e+08
0
0
0
0
2.314757e+08
2.365855e+08
2.43326e+08
2.51893e+08
2.624294e+08
0
0
0
2.274665e+08
2.320863e+08
2.384455e+08
2.465192e+08
2.565333e+08
0
0
2.233333e+08
2.275773e+08
2.333885e+08
2.409981e+08
2.504242e+08
0
2.197863e+08
2.232236e+08
2.285968e+08
2.356062e+08
2.444957e+08
2.1684e+08
2.197219e+08
2.242702e+08
2.307917e+08
2.390399e+08
2.170091e+08
2.209507e+08
2.266288e+08
2.34353e+08
2.1851e+08
2.235489e+08
2.304092e+08
0
0
0
0
0
0
0
0
0
0
2.959384e+08
3.052872e+08
3.171499e+08
3.318639e+08
3.498735e+08
0
0
0
0
0
0
0
0
0
0
2.888973e+08
2.977877e+08
3.090775e+08
3.230846e+08
3.40219e+08
0
0
0
0
0
0
0
0
0
0
2.826982e+08
2.911856e+08
3.019821e+08
3.153805e+08
3.317684e+08
0
0
0
0
0
0
0
0
0
0
2.771376e+08
2.852631e+08
2.956203e+08
3.084864e+08
3.242216e+08
0
0
0
0
0
0
0
0
0
0
2.719186e+08
2.797084e+08
2.896585e+08
3.020338e+08
3.171761e+08
0
0
0
0
0
0
0
0
0
0
0
2.666433e+08
2.741022e+08
2.836536e+08
2.955458e+08
3.101046e+08
0
0
0
0
0
0
0
0
0
0
2.610263e+08
2.681462e+08
2.772824e+08
2.886707e+08
3.026148e+08
0
0
0
0
0
0
0
0
0
2.553574e+08
2.621317e+08
2.708503e+08
2.817277e+08
2.950505e+08
0
0
0
0
0
0
0
0
2.498832e+08
2.563241e+08
2.64631e+08
2.750124e+08
2.8773e+08
0
0
0
0
0
0
0
2.447446e+08
2.508433e+08
2.587604e+08
2.686641e+08
2.808073e+08
0
0
0
0
0
0
2.399572e+08
2.457452e+08
2.53269e+08
2.62724e+08
2.743195e+08
0
0
0
0
0
2.355664e+08
2.409944e+08
2.481589e+08
2.571639e+08
2.682446e+08
0
0
0
0
2.314689e+08
2.365919e+08
2.433471e+08
2.519354e+08
2.624982e+08
0
0
0
2.277345e+08
2.323748e+08
2.387701e+08
2.468866e+08
2.56958e+08
0
0
2.240399e+08
2.283294e+08
2.34187e+08
2.418699e+08
2.513846e+08
0
2.207025e+08
2.241611e+08
2.295963e+08
2.366731e+08
2.456601e+08
2.176464e+08
2.205867e+08
2.251671e+08
2.317548e+08
2.400766e+08
2.176163e+08
2.216062e+08
2.273164e+08
2.350974e+08
2.188452e+08
2.239131e+08
2.307947e+08
2.214079e+08
2.27614e+08
0
0
0
0
0
0
0
0
0
0
2.883347e+08
2.971918e+08
3.084368e+08
3.223852e+08
3.394443e+08
0
0
0
0
0
0
0
0
0
0
2.816822e+08
2.901097e+08
3.008255e+08
3.141184e+08
3.303708e+08
0
0
0
0
0
0
0
0
0
0
2.758273e+08
2.838771e+08
2.941311e+08
3.068617e+08
3.224225e+08
0
0
0
0
0
0
0
0
0
0
2.705765e+08
2.782886e+08
2.881312e+08
3.003642e+08
3.153227e+08
0
0
0
0
0
0
0
0
0
0
2.656503e+08
2.730459e+08
2.825088e+08
2.94283e+08
3.086886e+08
0
0
0
0
0
0
0
0
0
0
2.606652e+08
2.677503e+08
2.768384e+08
2.881626e+08
3.020237e+08
0
0
0
0
0
0
0
0
0
2.553509e+08
2.621121e+08
2.708114e+08
2.81663e+08
2.949518e+08
0
0
0
0
0
0
0
0
2.499799e+08
2.564173e+08
2.647188e+08
2.750923e+08
2.877991e+08
0
0
0
0
0
0
0
2.448156e+08
2.509141e+08
2.588303e+08
2.687323e+08
2.808729e+08
0
0
0
0
0
0
2.399572e+08
2.457452e+08
2.53269e+08
2.62724e+08
2.743195e+08
0
0
0
0
0
2.354988e+08
2.409271e+08
2.480928e+08
2.570995e+08
2.681827e+08
0
0
0
0
2.313781e+08
2.365058e+08
2.432658e+08
2.518616e+08
2.624337e+08
0
0
0
2.277276e+08
2.323768e+08
2.38789e+08
2.469247e+08
2.570223e+08
0
0
2.242895e+08
2.286101e+08
2.34496e+08
2.422236e+08
2.517907e+08
0
2.214043e+08
2.248805e+08
2.303745e+08
2.375117e+08
2.46588e+08
2.185002e+08
2.215135e+08
2.261285e+08
2.327934e+08
2.411989e+08
2.184306e+08
2.224907e+08
2.282448e+08
2.361057e+08
2.194654e+08
2.245904e+08
2.315128e+08
2.217538e+08
2.279937e+08
2.254e+08
0
0
0
0
0
0
0
0
0
0
2.811444e+08
2.895411e+08
3.002153e+08
3.134537e+08
3.296364e+08
0
0
0
0
0
0
0
0
0
0
2.74856e+08
2.828501e+08
2.93029e+08
3.056614e+08
3.210963e+08
0
0
0
0
0
0
0
0
0
0
2.693222e+08
2.769638e+08
2.867101e+08
2.988168e+08
3.136128e+08
0
0
0
0
0
0
0
0
0
0
2.643639e+08
2.716869e+08
2.810494e+08
2.926906e+08
3.069244e+08
0
0
0
0
0
0
0
0
0
0
2.59713e+08
2.667386e+08
2.757437e+08
2.869573e+08
3.006748e+08
0
0
0
0
0
0
0
0
0
2.550061e+08
2.617345e+08
2.703883e+08
2.811795e+08
2.943902e+08
0
0
0
0
0
0
0
0
2.49976e+08
2.564005e+08
2.646839e+08
2.750327e+08
2.877072e+08
0
0
0
0
0
0
0
2.4491e+08
2.510054e+08
2.589161e+08
2.688105e+08
2.809406e+08
0
0
0
0
0
0
2.400266e+08
2.45814e+08
2.533369e+08
2.627902e+08
2.743831e+08
0
0
0
0
0
2.354988e+08
2.409271e+08
2.480928e+08
2.570995e+08
2.681827e+08
0
0
0
0
2.313113e+08
2.364403e+08
2.432012e+08
2.51799e+08
2.623734e+08
0
0
0
2.276391e+08
2.322906e+08
2.387094e+08
2.468516e+08
2.569589e+08
0
0
2.242743e+08
2.286117e+08
2.3451e+08
2.422588e+08
2.518497e+08
0
2.216547e+08
2.251425e+08
2.30675e+08
2.378486e+08
2.469789e+08
2.191379e+08
2.222279e+08
2.268729e+08
2.336104e+08
2.420914e+08
2.192944e+08
2.234411e+08
2.292437e+08
2.37198e+08
2.202982e+08
2.255058e+08
2.324845e+08
2.223946e+08
2.28701e+08
2.257605e+08
0
0
0
0
0
0
0
0
0
0
2.743413e+08
2.823066e+08
2.924468e+08
3.050287e+08
3.203988e+08
0
0
0
0
0
0
0
0
0
0
2.683922e+08
2.759821e+08
2.856583e+08
2.976735e+08
3.123524e+08
0
0
0
0
0
0
0
0
0
0
2.631615e+08
2.704188e+08
2.796915e+08
2.912145e+08
3.052967e+08
0
0
0
0
0
0
0
0
0
0
2.584785e+08
2.654361e+08
2.743471e+08
2.854363e+08
2.98993e+08
0
0
0
0
0
0
0
0
0
2.540916e+08
2.607645e+08
2.693401e+08
2.800273e+08
2.931033e+08
0
0
0
0
0
0
0
0
2.496468e+08
2.560399e+08
2.642803e+08
2.745719e+08
2.871728e+08
0
0
0
0
0
0
0
2.449082e+08
2.509916e+08
2.588847e+08
2.687557e+08
2.808551e+08
0
0
0
0
0
0
2.401196e+08
2.459032e+08
2.534211e+08
2.628668e+08
2.744496e+08
0
0
0
0
0
2.355664e+08
2.409944e+08
2.481589e+08
2.571639e+08
2.682446e+08
0
0
0
0
2.313113e+08
2.364403e+08
2.432012e+08
2.51799e+08
2.623734e+08
0
0
0
2.275742e+08
2.322258e+08
2.386465e+08
2.467903e+08
2.569003e+08
0
0
2.241826e+08
2.285278e+08
2.344301e+08
2.421872e+08
2.517866e+08
0
2.216431e+08
2.251355e+08
2.306884e+08
2.378783e+08
2.470343e+08
2.193431e+08
2.224904e+08
2.27154e+08
2.339382e+08
2.42464e+08
2.199442e+08
2.241801e+08
2.300254e+08
2.380672e+08
2.211842e+08
2.264931e+08
2.335349e+08
2.232564e+08
2.29659e+08
2.264295e+08
0
0
0
0
0
0
0
0
0
0
2.678988e+08
2.75462e+08
2.851021e+08
2.970701e+08
3.116887e+08
0
0
0
0
0
0
0
0
0
0
2.6227e+08
2.69479e+08
2.786863e+08
2.901239e+08
3.040967e+08
0
0
0
0
0
0
0
0
0
0
2.573246e+08
2.642206e+08
2.730476e+08
2.840263e+08
2.974411e+08
0
0
0
0
0
0
0
0
0
2.529051e+08
2.595147e+08
2.680019e+08
2.785723e+08
2.914976e+08
0
0
0
0
0
0
0
0
2.48768e+08
2.551084e+08
2.632755e+08
2.73469e+08
2.859432e+08
0
0
0
0
0
0
0
2.445928e+08
2.506472e+08
2.584991e+08
2.683162e+08
2.803459e+08
0
0
0
0
0
0
2.401207e+08
2.458919e+08
2.533933e+08
2.628163e+08
2.7437e+08
0
0
0
0
0
2.356573e+08
2.410823e+08
2.482412e+08
2.572392e+08
2.683099e+08
0
0
0
0
2.313781e+08
2.365058e+08
2.432658e+08
2.518616e+08
2.624337e+08
0
0
0
2.275742e+08
2.322258e+08
2.386465e+08
2.467903e+08
2.569003e+08
0
0
2.241165e+08
2.284648e+08
2.343678e+08
2.421274e+08
2.517292e+08
0
2.215553e+08
2.250482e+08
2.306106e+08
2.37806e+08
2.469723e+08
2.193029e+08
2.22487e+08
2.271584e+08
2.339668e+08
2.425131e+08
2.20161e+08
2.244615e+08
2.303325e+08
2.384296e+08
2.21857e+08
2.272687e+08
2.343666e+08
2.241768e+08
2.306968e+08
2.273312e+08
0
0
0
0
0
0
0
0
0
0
2.617963e+08
2.689805e+08
2.781541e+08
2.895477e+08
3.034642e+08
0
0
0
0
0
0
0
0
0
0
2.56469e+08
2.633198e+08
2.720857e+08
2.829844e+08
2.96297e+08
0
0
0
0
0
0
0
0
0
2.517961e+08
2.583483e+08
2.667566e+08
2.772234e+08
2.90016e+08
0
0
0
0
0
0
0
0
2.476269e+08
2.539073e+08
2.619918e+08
2.720753e+08
2.84408e+08
0
0
0
0
0
0
0
2.437464e+08
2.497522e+08
2.575344e+08
2.672593e+08
2.791694e+08
0
0
0
0
0
0
2.398195e+08
2.455619e+08
2.530249e+08
2.623964e+08
2.738844e+08
0
0
0
0
0
2.356599e+08
2.410742e+08
2.482163e+08
2.571931e+08
2.682357e+08
0
0
0
0
2.314689e+08
2.365919e+08
2.433471e+08
2.519354e+08
2.624982e+08
0
0
0
2.276391e+08
2.322906e+08
2.387094e+08
2.468516e+08
2.569589e+08
0
0
2.241165e+08
2.284648e+08
2.343678e+08
2.421274e+08
2.517292e+08
0
2.214916e+08
2.249841e+08
2.305501e+08
2.377468e+08
2.469164e+08
2.191979e+08
2.224036e+08
2.270769e+08
2.338965e+08
2.424501e+08
2.201284e+08
2.244693e+08
2.303515e+08
2.384772e+08
2.220914e+08
2.275759e+08
2.347069e+08
2.248839e+08
2.315217e+08
2.28299e+08
0
0
0
0
0
0
0
0
0
0
2.560137e+08
2.628413e+08
2.715756e+08
2.824332e+08
2.956932e+08
0
0
0
0
0
0
0
0
0
2.509738e+08
2.574839e+08
2.658348e+08
2.762267e+08
2.889235e+08
0
0
0
0
0
0
0
0
2.465602e+08
2.527866e+08
2.607971e+08
2.707833e+08
2.829912e+08
0
0
0
0
0
0
0
2.426466e+08
2.485972e+08
2.563011e+08
2.659228e+08
2.776996e+08
0
0
0
0
0
0
2.390049e+08
2.446999e+08
2.520983e+08
2.613821e+08
2.727576e+08
0
0
0
0
0
2.353701e+08
2.407589e+08
2.478634e+08
2.56792e+08
2.677718e+08
0
0
0
0
2.314757e+08
2.365855e+08
2.43326e+08
2.51893e+08
2.624294e+08
0
0
0
2.277276e+08
2.323768e+08
2.38789e+08
2.469247e+08
2.570223e+08
0
0
2.241826e+08
2.285278e+08
2.344301e+08
2.421872e+08
2.517866e+08
0
2.214916e+08
2.249841e+08
2.305501e+08
2.377468e+08
2.469164e+08
2.191262e+08
2.223419e+08
2.270151e+08
2.33839e+08
2.423945e+08
2.200277e+08
2.243918e+08
2.302772e+08
2.384159e+08
2.220693e+08
2.275982e+08
2.347439e+08
2.251423e+08
2.318617e+08
2.290521e+08
0
0
0
0
0
0
0
0
0
2.505355e+08
2.57024e+08
2.653454e+08
2.756987e+08
2.883462e+08
0
0
0
0
0
0
0
0
2.457691e+08
2.519558e+08
2.599127e+08
2.698284e+08
2.819465e+08
0
0
0
0
0
0
0
2.416185e+08
2.475193e+08
2.551534e+08
2.646837e+08
2.763431e+08
0
0
0
0
0
0
2.37945e+08
2.435868e+08
2.509125e+08
2.600985e+08
2.713486e+08
0
0
0
0
0
2.345825e+08
2.399295e+08
2.469711e+08
2.558179e+08
2.666907e+08
0
0
0
0
2.312003e+08
2.362822e+08
2.429887e+08
2.515086e+08
2.619861e+08
0
0
0
2.277345e+08
2.323748e+08
2.387701e+08
2.468866e+08
2.56958e+08
0
0
2.242743e+08
2.286117e+08
2.3451e+08
2.422588e+08
2.518497e+08
0
2.215553e+08
2.250482e+08
2.306106e+08
2.37806e+08
2.469723e+08
2.191262e+08
2.223419e+08
2.270151e+08
2.33839e+08
2.423945e+08
2.199577e+08
2.243324e+08
2.302183e+08
2.383619e+08
2.219739e+08
2.275279e+08
2.346782e+08
2.251334e+08
2.31902e+08
2.293407e+08
0
0
0
0
0
0
0
0
2.453469e+08
2.515133e+08
2.594425e+08
2.693219e+08
2.813938e+08
0
0
0
0
0
0
0
2.408561e+08
2.467202e+08
2.543036e+08
2.637678e+08
2.753426e+08
0
0
0
0
0
0
2.369541e+08
2.425481e+08
2.498089e+08
2.589084e+08
2.700482e+08
0
0
0
0
0
2.335572e+08
2.38857e+08
2.458286e+08
2.545842e+08
2.65338e+08
0
0
0
0
2.304424e+08
2.354801e+08
2.421302e+08
2.505709e+08
2.609483e+08
0
0
0
2.274666e+08
2.320863e+08
2.384455e+08
2.465192e+08
2.565333e+08
0
0
2.242895e+08
2.286101e+08
2.34496e+08
2.422236e+08
2.517907e+08
0
2.216431e+08
2.251355e+08
2.306884e+08
2.378783e+08
2.470343e+08
2.191979e+08
2.224036e+08
2.270769e+08
2.338965e+08
2.424501e+08
2.199577e+08
2.243324e+08
2.302183e+08
2.383619e+08
2.219061e+08
2.274714e+08
2.346227e+08
2.250445e+08
2.318403e+08
2.293481e+08
0
0
0
0
0
0
0
2.404485e+08
2.462938e+08
2.538511e+08
2.632814e+08
2.748127e+08
0
0
0
0
0
0
2.36219e+08
2.41778e+08
2.489916e+08
2.580287e+08
2.69089e+08
0
0
0
0
0
2.325988e+08
2.378558e+08
2.447653e+08
2.534402e+08
2.640896e+08
0
0
0
0
2.294535e+08
2.344427e+08
2.410295e+08
2.493825e+08
2.596487e+08
0
0
0
2.267278e+08
2.313146e+08
2.376155e+08
2.456172e+08
2.555346e+08
0
0
2.240399e+08
2.283294e+08
2.34187e+08
2.418699e+08
2.513846e+08
0
2.216547e+08
2.251425e+08
2.306751e+08
2.378486e+08
2.469789e+08
2.193029e+08
2.22487e+08
2.271584e+08
2.339668e+08
2.425131e+08
2.200277e+08
2.243918e+08
2.302772e+08
2.384159e+08
2.219061e+08
2.274714e+08
2.346227e+08
2.249792e+08
2.317872e+08
2.292668e+08
0
0
0
0
0
0
2.358254e+08
2.413664e+08
2.485558e+08
2.575608e+08
2.685803e+08
0
0
0
0
0
2.318878e+08
2.371134e+08
2.439778e+08
2.525943e+08
2.631687e+08
0
0
0
0
2.285284e+08
2.334745e+08
2.400049e+08
2.482806e+08
2.584491e+08
0
0
0
2.257646e+08
2.303141e+08
2.365511e+08
2.444727e+08
2.542833e+08
0
0
2.233333e+08
2.275773e+08
2.333885e+08
2.409981e+08
2.504242e+08
0
2.214043e+08
2.248805e+08
2.303745e+08
2.375117e+08
2.46588e+08
2.193431e+08
2.224904e+08
2.27154e+08
2.339382e+08
2.42464e+08
2.201284e+08
2.244693e+08
2.303515e+08
2.384772e+08
2.219739e+08
2.275279e+08
2.346782e+08
2.249792e+08
2.317872e+08
2.292045e+08
0
0
0
0
0
2.315066e+08
2.36716e+08
2.435573e+08
2.521438e+08
2.626795e+08
0
0
0
0
2.278418e+08
2.327566e+08
2.392459e+08
2.474659e+08
2.57564e+08
0
0
0
2.248642e+08
2.293796e+08
2.355603e+08
2.434111e+08
2.531282e+08
0
0
2.224066e+08
2.266028e+08
2.323621e+08
2.398915e+08
2.492195e+08
0
2.207025e+08
2.241611e+08
2.295963e+08
2.366731e+08
2.456601e+08
2.191379e+08
2.222279e+08
2.268729e+08
2.336104e+08
2.420914e+08
2.20161e+08
2.244615e+08
2.303325e+08
2.384296e+08
2.220693e+08
2.275982e+08
2.347439e+08
2.250445e+08
2.318403e+08
2.292045e+08
0
0
0
0
2.27473e+08
2.323717e+08
2.388399e+08
2.470312e+08
2.570932e+08
0
0
0
2.241961e+08
2.286864e+08
2.348264e+08
2.42626e+08
2.522759e+08
0
0
2.215385e+08
2.256934e+08
2.31406e+08
2.388654e+08
2.481071e+08
0
2.197863e+08
2.232237e+08
2.285968e+08
2.356062e+08
2.444957e+08
2.185002e+08
2.215135e+08
2.261285e+08
2.327934e+08
2.411989e+08
2.199442e+08
2.241801e+08
2.300254e+08
2.380672e+08
2.220914e+08
2.275759e+08
2.347069e+08
2.251334e+08
2.31902e+08
2.292668e+08
0
0
0
2.238368e+08
2.283141e+08
2.344333e+08
2.422066e+08
2.518219e+08
0
0
2.208935e+08
2.250188e+08
2.306975e+08
2.381064e+08
2.472861e+08
0
2.1893e+08
2.223468e+08
2.276665e+08
2.346162e+08
2.434207e+08
2.176464e+08
2.205867e+08
2.251671e+08
2.317548e+08
2.400766e+08
2.192944e+08
2.234411e+08
2.292437e+08
2.37198e+08
2.21857e+08
2.272687e+08
2.343666e+08
2.251423e+08
2.318617e+08
2.293481e+08
0
0
2.20546e+08
2.246562e+08
2.303173e+08
2.377004e+08
2.468481e+08
0
2.182945e+08
2.216956e+08
2.269772e+08
2.338837e+08
2.426273e+08
2.1684e+08
2.197219e+08
2.242702e+08
2.307917e+08
2.390399e+08
2.184306e+08
2.224907e+08
2.282448e+08
2.361057e+08
2.211842e+08
2.264931e+08
2.335349e+08
2.248839e+08
2.315217e+08
2.293407e+08
0
2.17952e+08
2.213449e+08
2.266069e+08
2.334911e+08
2.422035e+08
2.162385e+08
2.190803e+08
2.236049e+08
2.300791e+08
2.382743e+08
2.176163e+08
2.216062e+08
2.273164e+08
2.350974e+08
2.202982e+08
2.255058e+08
2.324845e+08
2.241768e+08
2.306968e+08
2.290521e+08
2.159131e+08
2.187345e+08
2.232468e+08
2.296968e+08
2.378647e+08
2.170091e+08
2.209507e+08
2.266288e+08
2.34353e+08
2.194655e+08
2.245904e+08
2.315128e+08
2.232564e+08
2.29659e+08
2.28299e+08
2.166807e+08
2.205978e+08
2.262592e+08
2.339542e+08
2.188452e+08
2.239131e+08
2.307947e+08
2.223946e+08
2.28701e+08
2.273312e+08
2.1851e+08
2.235489e+08
2.304092e+08
2.217538e+08
2.279937e+08
2.264295e+08
2.214079e+08
2.27614e+08
2.257605e+08
2.254e+08
)
;

boundaryField
{
    airInlet
    {
        type            calculated;
        value           uniform 0;
    }
    airOutlet
    {
        type            calculated;
        value           uniform 0;
    }
    cathodeSides
    {
        type            calculated;
        value           uniform 0;
    }
    air_to_interconnect
    {
        type            calculated;
        value           uniform 0;
    }
    air_to_electrolyte
    {
        type            calculated;
        value           uniform 0;
    }
}


// ************************************************************************* //
