/*--------------------------------*- C++ -*----------------------------------*\
| =========                 |                                                 |
| \\      /  F ield         | OpenFOAM: The Open Source CFD Toolbox           |
|  \\    /   O peration     | Version:  2306                                  |
|   \\  /    A nd           | Website:  www.openfoam.com                      |
|    \\/     M anipulation  |                                                 |
\*---------------------------------------------------------------------------*/
FoamFile
{
    version     2.0;
    format      ascii;
    arch        "LSB;label=32;scalar=64";
    class       volScalarField;
    location    "0.9/air";
    object      j;
}
// * * * * * * * * * * * * * * * * * * * * * * * * * * * * * * * * * * * * * //

dimensions      [0 -3 0 0 0 1 0];

internalField   nonuniform List<scalar> 
16000
(
0
0
0
0
0
0
0
0
0
0
0
0
0
0
0
0
0
0
0
0
0
0
0
0
0
0
0
0
0
0
0
0
0
0
0
0
0
0
0
0
0
0
0
0
0
0
0
0
0
0
0
0
0
0
0
0
0
0
0
0
0
0
0
0
0
0
0
0
0
0
0
0
0
0
0
0
0
0
0
0
0
0
0
0
0
0
0
0
0
0
0
0
0
0
0
0
0
0
0
0
0
0
0
0
0
0
0
0
0
0
0
0
0
0
0
0
0
0
0
0
0
0
0
0
0
0
0
0
0
0
0
0
0
0
0
0
0
0
0
0
0
0
0
0
0
0
0
0
0
0
0
0
0
0
0
0
0
0
0
0
0
0
0
0
0
0
0
0
0
0
0
0
0
0
0
0
0
0
0
0
0
0
0
0
0
0
0
0
0
0
0
0
0
0
0
0
0
0
0
0
0
0
0
0
0
0
0
0
0
0
0
0
0
0
0
0
0
0
0
0
0
0
0
0
0
0
0
0
0
0
0
0
0
0
0
0
0
0
0
0
0
0
0
0
0
0
0
0
0
0
0
0
0
0
0
0
0
0
0
0
0
0
0
0
0
0
0
0
0
0
0
0
0
0
0
0
0
0
0
0
0
0
0
0
0
0
0
0
0
0
0
0
0
0
0
0
0
0
0
0
0
0
0
0
0
0
0
0
0
0
0
0
0
0
0
0
0
0
0
0
0
0
0
0
0
0
0
0
0
0
0
0
0
0
0
0
0
0
0
0
0
0
0
0
0
0
0
0
0
0
0
0
0
0
0
0
0
0
0
0
0
0
0
0
0
0
0
0
0
0
0
0
0
0
0
0
0
0
0
0
0
0
0
0
0
0
0
0
0
0
0
0
0
0
0
0
0
0
0
0
0
0
0
0
0
0
0
0
0
0
0
0
0
0
0
0
0
0
0
0
0
0
0
0
0
0
0
0
0
0
0
0
0
0
0
0
0
0
0
0
0
0
0
0
0
0
0
0
0
0
0
0
0
0
0
0
0
0
0
0
0
0
0
0
0
0
0
0
0
0
0
0
0
0
0
0
0
0
0
0
0
0
0
0
0
0
0
0
0
0
0
0
0
0
0
0
0
0
0
0
0
0
0
0
0
0
0
0
0
0
0
0
0
0
0
0
0
0
0
0
0
0
0
0
0
0
0
0
0
0
0
0
0
0
0
0
0
0
0
0
0
0
0
0
0
0
0
0
0
0
0
0
0
0
0
0
0
0
0
0
0
0
0
0
0
0
0
0
0
0
0
0
0
0
0
0
0
0
0
0
0
0
0
0
0
0
0
0
0
0
0
0
0
0
0
0
0
0
0
0
0
0
0
0
0
0
0
0
0
0
0
0
0
0
0
0
0
0
0
0
0
0
0
0
0
0
0
0
0
0
0
0
0
0
0
0
0
0
0
0
0
0
0
0
0
0
0
0
0
0
0
0
0
0
0
0
0
0
0
0
0
0
0
0
0
0
0
0
0
0
0
0
0
0
0
0
0
0
0
0
0
0
0
0
0
0
0
0
0
0
0
0
0
0
0
0
0
0
0
0
0
0
0
0
0
0
0
0
0
0
0
0
0
0
0
0
0
0
0
0
0
0
0
0
0
0
0
0
0
0
0
0
0
0
0
0
0
0
0
0
0
0
0
0
0
0
0
0
0
0
0
0
0
0
0
0
0
0
0
0
0
0
0
0
0
0
0
0
0
0
0
0
0
0
0
0
0
0
0
0
0
0
0
0
0
0
0
0
0
0
0
0
0
0
0
0
0
0
0
0
0
0
0
0
0
0
0
0
0
0
0
0
0
0
0
0
0
0
0
0
0
0
0
0
0
0
0
0
0
0
0
0
0
0
0
0
0
0
0
0
0
0
0
0
0
0
0
0
0
0
0
0
0
0
0
0
0
0
0
0
0
0
0
0
0
0
0
0
0
0
0
0
0
0
0
0
0
0
0
0
0
0
0
0
0
0
0
0
0
0
0
0
0
0
0
0
0
0
0
0
0
0
0
0
0
0
0
0
0
0
0
0
0
0
0
0
0
0
0
0
0
0
0
0
0
0
0
0
0
0
0
0
0
0
0
0
0
0
0
0
0
0
0
0
0
0
0
0
0
0
0
0
0
0
0
0
0
0
0
0
0
0
0
0
0
0
0
0
0
0
0
0
0
0
0
0
0
0
0
0
0
0
0
0
0
0
0
0
0
7.915209e+08
0
0
0
0
0
0
0
0
0
0
0
0
0
0
0
0
0
0
0
0
0
0
0
0
0
0
0
0
0
0
0
0
0
0
0
0
0
0
0
0
0
0
0
0
0
0
0
0
0
0
0
0
0
0
0
0
0
0
0
0
0
0
0
0
0
0
0
0
0
0
0
0
0
0
0
0
0
0
0
0
0
0
0
0
0
0
0
0
0
0
0
0
0
0
0
0
0
0
0
0
0
0
0
0
0
0
0
0
0
0
0
0
0
0
0
0
0
0
0
0
0
0
0
0
0
0
0
0
0
0
0
0
0
0
0
0
0
0
0
0
0
0
0
0
0
0
0
0
0
0
0
0
0
0
0
0
0
0
0
0
0
0
7.986958e+08
0
0
0
0
0
0
0
0
0
0
7.262131e+08
7.975279e+08
0
0
0
0
0
0
0
0
0
0
0
0
0
0
0
0
0
0
0
0
0
0
0
0
0
0
0
0
0
0
0
0
0
0
0
0
0
0
0
0
0
0
0
0
0
0
0
0
0
0
0
0
0
0
0
0
0
0
0
0
0
0
0
0
0
0
0
0
0
0
0
0
0
0
0
0
0
0
0
0
0
0
0
0
0
0
0
0
0
0
0
0
0
0
0
0
0
0
0
0
0
0
0
0
0
0
0
0
0
0
0
0
0
0
0
0
0
0
0
0
0
0
0
0
0
0
0
0
0
0
0
0
0
0
0
0
0
0
0
0
0
0
0
0
0
0
0
0
0
0
0
0
0
0
0
0
0
0
0
0
0
0
0
0
8.131612e+08
0
0
0
0
0
0
0
0
0
0
7.308902e+08
8.048223e+08
0
0
0
0
0
0
0
0
0
0
6.71554e+08
7.314972e+08
8.133353e+08
0
0
0
0
0
0
0
0
0
0
0
0
0
0
0
0
0
0
0
0
0
0
0
0
0
0
0
0
0
0
0
0
0
0
0
0
0
0
0
0
0
0
0
0
0
0
0
0
0
0
0
0
0
0
0
0
0
0
0
0
0
0
0
0
0
0
0
0
0
0
0
0
0
0
0
0
0
0
0
0
0
0
0
0
0
0
0
0
0
0
0
0
0
0
0
0
0
0
0
0
0
0
0
0
0
0
0
0
0
0
0
0
0
0
0
0
0
0
0
0
0
0
0
0
0
0
0
0
0
0
0
0
0
0
0
0
0
0
0
0
0
0
0
0
0
0
0
0
0
0
0
0
0
0
0
0
0
0
0
0
0
0
0
0
0
8.34784e+08
0
0
0
0
0
0
0
0
0
0
7.400851e+08
8.195269e+08
0
0
0
0
0
0
0
0
0
0
6.75141e+08
7.362555e+08
8.209163e+08
0
0
0
0
0
0
0
0
0
0
6.278557e+08
6.763016e+08
7.452729e+08
8.394301e+08
0
0
0
0
0
0
0
0
0
0
0
0
0
0
0
0
0
0
0
0
0
0
0
0
0
0
0
0
0
0
0
0
0
0
0
0
0
0
0
0
0
0
0
0
0
0
0
0
0
0
0
0
0
0
0
0
0
0
0
0
0
0
0
0
0
0
0
0
0
0
0
0
0
0
0
0
0
0
0
0
0
0
0
0
0
0
0
0
0
0
0
0
0
0
0
0
0
0
0
0
0
0
0
0
0
0
0
0
0
0
0
0
0
0
0
0
0
0
0
0
0
0
0
0
0
0
0
0
0
0
0
0
0
0
0
0
0
0
0
0
0
0
0
0
0
0
0
0
0
0
0
0
0
0
0
0
0
0
0
0
0
0
0
0
0
8.625346e+08
0
0
0
0
0
0
0
0
0
0
7.531572e+08
8.414967e+08
0
0
0
0
0
0
0
0
0
0
6.821165e+08
7.456125e+08
8.362013e+08
0
0
0
0
0
0
0
0
0
0
6.30802e+08
6.799513e+08
7.502185e+08
8.474788e+08
0
0
0
0
0
0
0
0
0
0
5.915766e+08
6.322027e+08
6.885328e+08
7.679204e+08
8.767837e+08
0
0
0
0
0
0
0
0
0
0
0
0
0
0
0
0
0
0
0
0
0
0
0
0
0
0
0
0
0
0
0
0
0
0
0
0
0
0
0
0
0
0
0
0
0
0
0
0
0
0
0
0
0
0
0
0
0
0
0
0
0
0
0
0
0
0
0
0
0
0
0
0
0
0
0
0
0
0
0
0
0
0
0
0
0
0
0
0
0
0
0
0
0
0
0
0
0
0
0
0
0
0
0
0
0
0
0
0
0
0
0
0
0
0
0
0
0
0
0
0
0
0
0
0
0
0
0
0
0
0
0
0
0
0
0
0
0
0
0
0
0
0
0
0
0
0
0
0
0
0
0
0
0
0
0
0
0
0
0
0
0
0
0
0
0
8.925205e+08
0
0
0
0
0
0
0
0
0
0
7.685681e+08
8.696474e+08
0
0
0
0
0
0
0
0
0
0
6.918118e+08
7.589234e+08
8.590404e+08
0
0
0
0
0
0
0
0
0
0
6.364954e+08
6.870515e+08
7.599489e+08
8.637141e+08
0
0
0
0
0
0
0
0
0
0
5.940877e+08
6.352002e+08
6.923246e+08
7.731674e+08
8.855075e+08
0
0
0
0
0
0
0
0
0
0
5.603873e+08
5.956037e+08
6.43277e+08
7.085523e+08
8.002033e+08
0
0
0
0
0
0
0
0
0
0
0
0
0
0
0
0
0
0
0
0
0
0
0
0
0
0
0
0
0
0
0
0
0
0
0
0
0
0
0
0
0
0
0
0
0
0
0
0
0
0
0
0
0
0
0
0
0
0
0
0
0
0
0
0
0
0
0
0
0
0
0
0
0
0
0
0
0
0
0
0
0
0
0
0
0
0
0
0
0
0
0
0
0
0
0
0
0
0
0
0
0
0
0
0
0
0
0
0
0
0
0
0
0
0
0
0
0
0
0
0
0
0
0
0
0
0
0
0
0
0
0
0
0
0
0
0
0
0
0
0
0
0
0
0
0
0
0
0
0
0
0
0
0
0
0
9.163301e+08
0
0
0
0
0
0
0
0
0
0
0
0
0
0
0
0
0
0
0
0
7.831725e+08
8.999532e+08
0
0
0
0
0
0
0
0
0
0
7.027744e+08
7.746352e+08
8.882841e+08
0
0
0
0
0
0
0
0
0
0
6.44306e+08
6.969305e+08
7.738069e+08
8.879889e+08
0
0
0
0
0
0
0
0
0
0
5.989208e+08
6.409954e+08
6.99706e+08
7.834983e+08
9.031175e+08
0
0
0
0
0
0
0
0
0
0
5.625768e+08
5.981583e+08
6.463898e+08
7.125711e+08
8.058806e+08
0
0
0
0
0
0
0
0
0
0
5.33026e+08
5.641448e+08
6.057615e+08
6.613316e+08
7.369766e+08
0
0
0
0
0
0
0
0
0
0
0
0
0
0
0
0
0
0
0
0
0
0
0
0
0
0
0
0
0
0
0
0
0
0
0
0
0
0
0
0
0
0
0
0
0
0
0
0
0
0
0
0
0
0
0
0
0
0
0
0
0
0
0
0
0
0
0
0
0
0
0
0
0
0
0
0
0
0
0
0
0
0
0
0
0
0
0
0
0
0
0
0
0
0
0
0
0
0
0
0
0
0
0
0
0
0
0
0
0
0
0
0
0
0
0
0
0
0
0
0
0
0
0
0
0
0
0
0
0
0
0
0
0
0
0
0
0
0
0
0
0
0
0
0
0
9.323377e+08
0
0
0
0
0
0
0
0
0
0
0
0
0
0
0
0
0
0
0
0
7.932169e+08
9.239432e+08
0
0
0
0
0
0
0
0
0
0
0
0
0
0
0
0
0
0
0
0
7.123825e+08
7.895573e+08
9.196869e+08
0
0
0
0
0
0
0
0
0
0
6.529202e+08
7.08129e+08
7.901975e+08
9.190772e+08
0
0
0
0
0
0
0
0
0
0
6.054967e+08
6.489556e+08
7.09993e+08
7.98235e+08
9.294795e+08
0
0
0
0
0
0
0
0
0
0
5.667791e+08
6.030772e+08
6.52412e+08
7.204009e+08
8.17069e+08
0
0
0
0
0
0
0
0
0
0
5.34967e+08
5.663718e+08
6.084129e+08
6.646273e+08
7.413171e+08
0
0
0
0
0
0
0
0
0
0
5.086399e+08
5.365504e+08
5.735407e+08
6.222646e+08
6.868804e+08
0
0
0
0
0
0
0
0
0
0
0
0
0
0
0
0
0
0
0
0
0
0
0
0
0
0
0
0
0
0
0
0
0
0
0
0
0
0
0
0
0
0
0
0
0
0
0
0
0
0
0
0
0
0
0
0
0
0
0
0
0
0
0
0
0
0
0
0
0
0
0
0
0
0
0
0
0
0
0
0
0
0
0
0
0
0
0
0
0
0
0
0
0
0
0
0
0
0
0
0
0
0
0
0
0
0
0
0
0
0
0
0
0
0
0
0
0
0
0
0
0
0
0
0
0
0
0
0
0
0
0
0
0
0
0
9.418256e+08
0
0
0
0
0
0
0
0
0
0
0
0
0
0
0
0
0
0
0
0
7.991661e+08
9.400142e+08
0
0
0
0
0
0
0
0
0
0
0
0
0
0
0
0
0
0
0
0
7.181392e+08
7.998273e+08
9.444831e+08
0
0
0
0
0
0
0
0
0
0
0
0
0
0
0
0
0
0
0
0
6.600965e+08
7.180016e+08
8.058137e+08
9.524162e+08
0
0
0
0
0
0
0
0
0
0
6.126355e+08
6.577628e+08
7.216938e+08
8.157121e+08
9.632776e+08
0
0
0
0
0
0
0
0
0
0
5.724652e+08
6.097789e+08
6.606995e+08
7.313356e+08
8.330607e+08
0
0
0
0
0
0
0
0
0
0
5.386847e+08
5.706481e+08
6.135222e+08
6.710096e+08
7.497825e+08
0
0
0
0
0
0
0
0
0
0
5.103811e+08
5.385243e+08
5.758511e+08
6.250693e+08
6.904344e+08
0
0
0
0
0
0
0
0
0
0
4.866773e+08
5.119586e+08
5.452967e+08
5.8876e+08
6.455515e+08
0
0
0
0
0
0
0
0
0
0
0
0
0
0
0
0
0
0
0
0
0
0
0
0
0
0
0
0
0
0
0
0
0
0
0
0
0
0
0
0
0
0
0
0
0
0
0
0
0
0
0
0
0
0
0
0
0
0
0
0
0
0
0
0
0
0
0
0
0
0
0
0
0
0
0
0
0
0
0
0
0
0
0
0
0
0
0
0
0
0
0
0
0
0
0
0
0
0
0
0
0
0
0
0
0
0
0
0
0
0
0
0
0
0
0
0
0
0
0
0
0
0
0
0
0
9.461956e+08
0
0
0
0
0
0
0
0
0
0
0
0
0
0
0
0
0
0
0
0
8.023785e+08
9.495088e+08
0
0
0
0
0
0
0
0
0
0
0
0
0
0
0
0
0
0
0
0
7.209328e+08
8.058905e+08
9.610439e+08
0
0
0
0
0
0
0
0
0
0
0
0
0
0
0
0
0
0
0
0
6.639394e+08
7.23959e+08
8.165759e+08
9.786929e+08
0
0
0
0
0
0
0
0
0
0
0
0
0
0
0
0
0
0
0
0
6.183855e+08
6.651606e+08
7.320818e+08
8.324292e+08
9.995188e+08
0
0
0
0
0
0
0
0
0
0
5.785726e+08
6.170798e+08
6.699075e+08
7.438241e+08
8.520878e+08
0
0
0
0
0
0
0
0
0
0
5.436955e+08
5.764422e+08
6.204974e+08
6.798134e+08
7.616337e+08
0
0
0
0
0
0
0
0
0
0
5.137105e+08
5.423068e+08
5.802909e+08
6.304796e+08
6.973244e+08
0
0
0
0
0
0
0
0
0
0
4.882541e+08
5.13729e+08
5.473436e+08
5.91202e+08
6.48572e+08
0
0
0
0
0
0
0
0
0
0
4.66722e+08
4.898124e+08
5.201396e+08
5.594262e+08
6.101829e+08
0
0
0
0
0
0
0
0
0
0
0
0
0
0
0
0
0
0
0
0
0
0
0
0
0
0
0
0
0
0
0
0
0
0
0
0
0
0
0
0
0
0
0
0
0
0
0
0
0
0
0
0
0
0
0
0
0
0
0
0
0
0
0
0
0
0
0
0
0
0
0
0
0
0
0
0
0
0
0
0
0
0
0
0
0
0
0
0
0
0
0
0
0
0
0
0
0
0
0
0
0
0
0
0
0
0
0
0
0
0
0
0
0
0
9.461956e+08
0
0
0
0
0
0
0
0
0
0
0
0
0
0
0
0
0
0
0
0
8.037799e+08
9.538722e+08
0
0
0
0
0
0
0
0
0
0
0
0
0
0
0
0
0
0
0
0
7.221098e+08
8.091465e+08
9.708012e+08
0
0
0
0
0
0
0
0
0
0
0
0
0
0
0
0
0
0
0
0
6.654192e+08
7.268653e+08
8.229164e+08
9.962007e+08
0
0
0
0
0
0
0
0
0
0
0
0
0
0
0
0
0
0
0
0
6.212032e+08
6.691764e+08
7.384021e+08
8.439719e+08
1.028051e+09
0
0
0
0
0
0
0
0
0
0
0
0
0
0
0
0
0
0
0
0
5.833783e+08
6.230174e+08
6.777169e+08
7.549978e+08
8.703699e+08
0
0
0
0
0
0
0
0
0
0
5.490377e+08
5.826883e+08
6.281315e+08
6.896437e+08
7.752309e+08
0
0
0
0
0
0
0
0
0
0
5.18185e+08
5.474118e+08
5.86319e+08
6.378843e+08
7.068547e+08
0
0
0
0
0
0
0
0
0
0
4.912647e+08
5.171157e+08
5.512688e+08
5.958995e+08
6.544051e+08
0
0
0
0
0
0
0
0
0
0
4.681602e+08
4.914152e+08
5.219746e+08
5.61588e+08
6.128095e+08
0
0
0
0
0
0
0
0
0
0
4.484723e+08
4.696915e+08
4.974953e+08
5.333251e+08
5.792727e+08
0
0
0
0
0
0
0
0
0
0
0
0
0
0
0
0
0
0
0
0
0
0
0
0
0
0
0
0
0
0
0
0
0
0
0
0
0
0
0
0
0
0
0
0
0
0
0
0
0
0
0
0
0
0
0
0
0
0
0
0
0
0
0
0
0
0
0
0
0
0
0
0
0
0
0
0
0
0
0
0
0
0
0
0
0
0
0
0
0
0
0
0
0
0
0
0
0
0
0
0
0
0
9.418256e+08
0
0
0
0
0
0
0
0
0
0
0
0
0
0
0
0
0
0
0
0
8.037799e+08
9.538722e+08
0
0
0
0
0
0
0
0
0
0
0
0
0
0
0
0
0
0
0
0
7.225162e+08
8.105598e+08
9.752771e+08
0
0
0
0
0
0
0
0
0
0
0
0
0
0
0
0
0
0
0
0
6.657862e+08
7.280944e+08
8.263072e+08
1.006494e+09
0
0
0
0
0
0
0
0
0
0
0
0
0
0
0
0
0
0
0
0
6.220434e+08
6.707575e+08
7.4151e+08
8.50765e+08
1.04703e+09
0
0
0
0
0
0
0
0
0
0
0
0
0
0
0
0
0
0
0
0
5.855727e+08
6.259835e+08
6.820218e+08
7.618561e+08
8.830211e+08
0
0
0
0
0
0
0
0
0
0
0
0
0
0
0
0
0
0
0
0
5.53172e+08
5.876546e+08
6.344107e+08
6.980685e+08
7.874953e+08
0
0
0
0
0
0
0
0
0
0
5.22929e+08
5.528743e+08
5.92849e+08
6.460331e+08
7.175541e+08
0
0
0
0
0
0
0
0
0
0
4.953016e+08
5.216734e+08
5.565777e+08
6.022944e+08
6.624119e+08
0
0
0
0
0
0
0
0
0
0
4.70903e+08
4.944771e+08
5.254876e+08
5.65738e+08
6.178681e+08
0
0
0
0
0
0
0
0
0
0
4.497923e+08
4.711533e+08
4.991559e+08
5.352617e+08
5.815952e+08
0
0
0
0
0
0
0
0
0
0
4.316897e+08
4.512916e+08
4.769306e+08
5.098521e+08
5.518104e+08
0
0
0
0
0
0
0
0
0
0
0
0
0
0
0
0
0
0
0
0
0
0
0
0
0
0
0
0
0
0
0
0
0
0
0
0
0
0
0
0
0
0
0
0
0
0
0
0
0
0
0
0
0
0
0
0
0
0
0
0
0
0
0
0
0
0
0
0
0
0
0
0
0
0
0
0
0
0
0
0
0
0
0
0
0
0
0
0
0
9.323377e+08
0
0
0
0
0
0
0
0
0
0
0
0
0
0
0
0
0
0
0
0
8.023785e+08
9.495088e+08
0
0
0
0
0
0
0
0
0
0
0
0
0
0
0
0
0
0
0
0
7.225162e+08
8.105598e+08
9.752771e+08
0
0
0
0
0
0
0
0
0
0
0
0
0
0
0
0
0
0
0
0
6.658058e+08
7.285198e+08
8.277732e+08
1.011209e+09
0
0
0
0
0
0
0
0
0
0
0
0
0
0
0
0
0
0
0
0
6.220471e+08
6.711746e+08
7.428354e+08
8.543877e+08
1.058172e+09
0
0
0
0
0
0
0
0
0
0
0
0
0
0
0
0
0
0
0
0
5.860644e+08
6.269124e+08
6.837629e+08
7.652612e+08
8.904652e+08
0
0
0
0
0
0
0
0
0
0
0
0
0
0
0
0
0
0
0
0
5.549557e+08
5.89977e+08
6.376163e+08
7.027876e+08
7.950897e+08
0
0
0
0
0
0
0
0
0
0
0
0
0
0
0
0
0
0
0
0
5.265545e+08
5.571476e+08
5.981056e+08
6.528183e+08
7.268223e+08
0
0
0
0
0
0
0
0
0
0
4.995633e+08
5.26523e+08
5.622867e+08
6.09262e+08
6.712761e+08
0
0
0
0
0
0
0
0
0
0
4.74574e+08
4.985881e+08
5.302251e+08
5.713659e+08
6.247756e+08
0
0
0
0
0
0
0
0
0
0
4.523064e+08
4.739422e+08
5.023305e+08
5.389732e+08
5.860593e+08
0
0
0
0
0
0
0
0
0
0
4.329073e+08
4.52633e+08
4.784445e+08
5.116035e+08
5.538889e+08
0
0
0
0
0
0
0
0
0
0
4.161874e+08
4.343719e+08
4.581323e+08
4.885519e+08
5.271465e+08
0
0
0
0
0
0
0
0
0
0
0
0
0
0
0
0
0
0
0
0
0
0
0
0
0
0
0
0
0
0
0
0
0
0
0
0
0
0
0
0
0
0
0
0
0
0
0
0
0
0
0
0
0
0
0
0
0
0
0
0
0
0
0
0
0
0
0
0
0
0
0
0
0
0
0
9.163301e+08
0
0
0
0
0
0
0
0
0
0
0
0
0
0
0
0
0
0
0
0
7.991661e+08
9.400142e+08
0
0
0
0
0
0
0
0
0
0
0
0
0
0
0
0
0
0
0
0
7.221098e+08
8.091465e+08
9.708012e+08
0
0
0
0
0
0
0
0
0
0
0
0
0
0
0
0
0
0
0
0
6.658058e+08
7.285198e+08
8.277732e+08
1.011209e+09
0
0
0
0
0
0
0
0
0
0
0
0
0
0
0
0
0
0
0
0
6.219022e+08
6.712138e+08
7.43298e+08
8.559495e+08
1.06327e+09
0
0
0
0
0
0
0
0
0
0
0
0
0
0
0
0
0
0
0
0
5.858919e+08
6.269609e+08
6.842562e+08
7.667303e+08
8.944287e+08
0
0
0
0
0
0
0
0
0
0
0
0
0
0
0
0
0
0
0
0
5.552431e+08
5.905458e+08
6.386774e+08
7.047519e+08
7.988993e+08
0
0
0
0
0
0
0
0
0
0
0
0
0
0
0
0
0
0
0
0
5.28046e+08
5.590427e+08
6.006313e+08
6.563612e+08
7.320961e+08
0
0
0
0
0
0
0
0
0
0
0
0
0
0
0
0
0
0
0
0
5.02788e+08
5.3027e+08
5.668112e+08
6.149468e+08
6.787499e+08
0
0
0
0
0
0
0
0
0
0
4.784358e+08
5.029434e+08
5.352916e+08
5.774543e+08
6.323494e+08
0
0
0
0
0
0
0
0
0
0
4.556663e+08
4.776797e+08
5.066019e+08
5.43992e+08
5.921322e+08
0
0
0
0
0
0
0
0
0
0
4.352236e+08
4.551889e+08
4.813349e+08
5.149552e+08
5.578774e+08
0
0
0
0
0
0
0
0
0
0
4.173154e+08
4.35609e+08
4.595208e+08
4.901475e+08
5.290244e+08
0
0
0
0
0
0
0
0
0
0
4.018143e+08
4.187438e+08
4.408523e+08
4.690953e+08
5.047923e+08
0
0
0
0
0
0
0
0
0
0
0
0
0
0
0
0
0
0
0
0
0
0
0
0
0
0
0
0
0
0
0
0
0
0
0
0
0
0
0
0
0
0
0
0
0
0
0
0
0
0
0
0
0
0
0
0
0
0
0
0
8.925205e+08
0
0
0
0
0
0
0
0
0
0
0
0
0
0
0
0
0
0
0
0
7.932169e+08
9.239432e+08
0
0
0
0
0
0
0
0
0
0
0
0
0
0
0
0
0
0
0
0
7.209328e+08
8.058905e+08
9.610439e+08
0
0
0
0
0
0
0
0
0
0
0
0
0
0
0
0
0
0
0
0
6.657862e+08
7.280944e+08
8.263072e+08
1.006494e+09
0
0
0
0
0
0
0
0
0
0
0
0
0
0
0
0
0
0
0
0
6.219022e+08
6.712138e+08
7.43298e+08
8.559495e+08
1.06327e+09
0
0
0
0
0
0
0
0
0
0
0
0
0
0
0
0
0
0
0
0
5.856742e+08
6.26834e+08
6.843248e+08
7.672491e+08
8.961342e+08
0
0
0
0
0
0
0
0
0
0
0
0
0
0
0
0
0
0
0
0
5.549822e+08
5.904127e+08
6.387887e+08
7.053497e+08
8.005645e+08
0
0
0
0
0
0
0
0
0
0
0
0
0
0
0
0
0
0
0
0
5.282038e+08
5.593974e+08
6.01312e+08
6.576013e+08
7.343539e+08
0
0
0
0
0
0
0
0
0
0
0
0
0
0
0
0
0
0
0
0
5.040611e+08
5.318592e+08
5.688818e+08
6.177561e+08
6.827389e+08
0
0
0
0
0
0
0
0
0
0
0
0
0
0
0
0
0
0
0
0
4.813337e+08
5.062752e+08
5.392588e+08
5.823487e+08
6.386146e+08
0
0
0
0
0
0
0
0
0
0
4.591905e+08
4.816252e+08
5.1115e+08
5.49392e+08
5.987452e+08
0
0
0
0
0
0
0
0
0
0
4.383151e+08
4.586088e+08
4.852165e+08
5.194772e+08
5.632877e+08
0
0
0
0
0
0
0
0
0
0
4.194588e+08
4.379634e+08
4.621687e+08
4.931971e+08
5.326228e+08
0
0
0
0
0
0
0
0
0
0
4.028631e+08
4.198897e+08
4.421323e+08
4.705579e+08
5.065015e+08
0
0
0
0
0
0
0
0
0
0
3.884435e+08
4.04255e+08
4.248966e+08
4.51222e+08
4.843948e+08
0
0
0
0
0
0
0
0
0
0
0
0
0
0
0
0
0
0
0
0
0
0
0
0
0
0
0
0
0
0
0
0
0
0
0
0
0
0
0
0
0
0
0
0
8.625346e+08
0
0
0
0
0
0
0
0
0
0
0
0
0
0
0
0
0
0
0
0
7.831725e+08
8.999532e+08
0
0
0
0
0
0
0
0
0
0
0
0
0
0
0
0
0
0
0
0
7.181392e+08
7.998273e+08
9.444831e+08
0
0
0
0
0
0
0
0
0
0
0
0
0
0
0
0
0
0
0
0
6.654192e+08
7.268653e+08
8.229164e+08
9.962007e+08
0
0
0
0
0
0
0
0
0
0
0
0
0
0
0
0
0
0
0
0
6.220471e+08
6.711746e+08
7.428354e+08
8.543877e+08
1.058172e+09
0
0
0
0
0
0
0
0
0
0
0
0
0
0
0
0
0
0
0
0
5.856742e+08
6.26834e+08
6.843248e+08
7.672491e+08
8.961342e+08
0
0
0
0
0
0
0
0
0
0
0
0
0
0
0
0
0
0
0
0
5.547333e+08
5.90211e+08
6.386861e+08
7.05458e+08
8.011607e+08
0
0
0
0
0
0
0
0
0
0
0
0
0
0
0
0
0
0
0
0
5.278974e+08
5.59171e+08
6.012319e+08
6.577949e+08
7.350872e+08
0
0
0
0
0
0
0
0
0
0
0
0
0
0
0
0
0
0
0
0
5.041325e+08
5.320762e+08
5.69333e+08
6.18586e+08
6.8421e+08
0
0
0
0
0
0
0
0
0
0
0
0
0
0
0
0
0
0
0
0
4.824365e+08
5.076349e+08
5.410018e+08
5.846633e+08
6.417965e+08
0
0
0
0
0
0
0
0
0
0
0
0
0
0
0
0
0
0
0
0
4.618161e+08
4.846184e+08
5.146769e+08
5.536833e+08
6.041397e+08
0
0
0
0
0
0
0
0
0
0
4.415495e+08
4.622083e+08
4.893348e+08
5.243218e+08
5.691483e+08
0
0
0
0
0
0
0
0
0
0
4.223162e+08
4.411094e+08
4.657191e+08
4.973039e+08
5.374931e+08
0
0
0
0
0
0
0
0
0
0
4.048539e+08
4.220679e+08
4.445705e+08
4.7335e+08
5.097727e+08
0
0
0
0
0
0
0
0
0
0
3.894221e+08
4.053203e+08
4.260819e+08
4.525695e+08
4.859602e+08
0
0
0
0
0
0
0
0
0
0
3.759732e+08
3.907773e+08
4.101086e+08
4.347284e+08
4.656754e+08
0
0
0
0
0
0
0
0
0
0
0
0
0
0
0
0
0
0
0
0
0
0
0
0
0
0
0
0
0
0
0
0
0
0
0
0
0
8.34784e+08
0
0
0
0
0
0
0
0
0
0
7.685681e+08
8.696474e+08
0
0
0
0
0
0
0
0
0
0
0
0
0
0
0
0
0
0
0
0
7.123825e+08
7.895573e+08
9.196869e+08
0
0
0
0
0
0
0
0
0
0
0
0
0
0
0
0
0
0
0
0
6.639394e+08
7.23959e+08
8.165759e+08
9.786929e+08
0
0
0
0
0
0
0
0
0
0
0
0
0
0
0
0
0
0
0
0
6.220434e+08
6.707575e+08
7.4151e+08
8.50765e+08
1.04703e+09
0
0
0
0
0
0
0
0
0
0
0
0
0
0
0
0
0
0
0
0
5.858919e+08
6.269609e+08
6.842562e+08
7.667303e+08
8.944287e+08
0
0
0
0
0
0
0
0
0
0
0
0
0
0
0
0
0
0
0
0
5.547333e+08
5.90211e+08
6.386861e+08
7.05458e+08
8.011607e+08
0
0
0
0
0
0
0
0
0
0
0
0
0
0
0
0
0
0
0
0
5.276368e+08
5.589362e+08
6.010505e+08
6.577229e+08
7.352465e+08
0
0
0
0
0
0
0
0
0
0
0
0
0
0
0
0
0
0
0
0
5.038032e+08
5.318001e+08
5.691522e+08
6.185736e+08
6.84507e+08
0
0
0
0
0
0
0
0
0
0
0
0
0
0
0
0
0
0
0
0
4.824473e+08
5.077587e+08
5.413031e+08
5.852421e+08
6.428167e+08
0
0
0
0
0
0
0
0
0
0
0
0
0
0
0
0
0
0
0
0
4.627822e+08
4.857984e+08
5.161728e+08
5.556396e+08
6.067736e+08
0
0
0
0
0
0
0
0
0
0
0
0
0
0
0
0
0
0
0
0
4.439438e+08
4.649193e+08
4.925024e+08
5.281361e+08
5.738774e+08
0
0
0
0
0
0
0
0
0
0
4.252989e+08
4.444119e+08
4.694745e+08
5.016881e+08
5.427467e+08
0
0
0
0
0
0
0
0
0
0
4.075052e+08
4.249751e+08
4.478353e+08
4.77104e+08
5.141921e+08
0
0
0
0
0
0
0
0
0
0
3.912774e+08
4.073431e+08
4.283369e+08
4.55139e+08
4.889528e+08
0
0
0
0
0
0
0
0
0
0
3.76889e+08
3.917711e+08
4.112101e+08
4.359755e+08
4.671166e+08
0
0
0
0
0
0
0
0
0
0
3.643119e+08
3.78208e+08
3.963565e+08
4.194503e+08
4.484166e+08
0
0
0
0
0
0
0
0
0
0
0
0
0
0
0
0
0
0
0
0
0
0
0
0
0
0
0
0
0
8.131612e+08
0
0
0
0
0
0
0
0
0
0
7.531572e+08
8.414967e+08
0
0
0
0
0
0
0
0
0
0
7.027744e+08
7.746352e+08
8.882841e+08
0
0
0
0
0
0
0
0
0
0
0
0
0
0
0
0
0
0
0
0
6.600965e+08
7.180016e+08
8.058137e+08
9.524162e+08
0
0
0
0
0
0
0
0
0
0
0
0
0
0
0
0
0
0
0
0
6.212032e+08
6.691764e+08
7.384021e+08
8.439719e+08
1.028051e+09
0
0
0
0
0
0
0
0
0
0
0
0
0
0
0
0
0
0
0
0
5.860644e+08
6.269124e+08
6.837629e+08
7.652612e+08
8.904652e+08
0
0
0
0
0
0
0
0
0
0
0
0
0
0
0
0
0
0
0
0
5.549822e+08
5.904127e+08
6.387887e+08
7.053497e+08
8.005645e+08
0
0
0
0
0
0
0
0
0
0
0
0
0
0
0
0
0
0
0
0
5.276368e+08
5.589362e+08
6.010505e+08
6.577229e+08
7.352465e+08
0
0
0
0
0
0
0
0
0
0
0
0
0
0
0
0
0
0
0
0
5.035407e+08
5.315519e+08
5.689348e+08
6.184172e+08
6.844727e+08
0
0
0
0
0
0
0
0
0
0
0
0
0
0
0
0
0
0
0
0
4.821078e+08
5.074563e+08
5.410667e+08
5.851188e+08
6.42888e+08
0
0
0
0
0
0
0
0
0
0
0
0
0
0
0
0
0
0
0
0
4.627494e+08
4.85856e+08
5.163711e+08
5.56052e+08
6.075141e+08
0
0
0
0
0
0
0
0
0
0
0
0
0
0
0
0
0
0
0
0
4.447973e+08
4.659548e+08
4.938041e+08
5.298207e+08
5.76112e+08
0
0
0
0
0
0
0
0
0
0
0
0
0
0
0
0
0
0
0
0
4.274941e+08
4.468833e+08
4.723426e+08
5.051129e+08
5.46949e+08
0
0
0
0
0
0
0
0
0
0
4.102671e+08
4.280198e+08
4.512794e+08
4.810997e+08
5.189428e+08
0
0
0
0
0
0
0
0
0
0
3.937457e+08
4.1004e+08
4.313526e+08
4.585891e+08
4.929893e+08
0
0
0
0
0
0
0
0
0
0
3.786229e+08
3.936559e+08
4.133035e+08
4.383506e+08
4.698684e+08
0
0
0
0
0
0
0
0
0
0
3.651712e+08
3.791378e+08
3.973837e+08
4.206086e+08
4.497493e+08
0
0
0
0
0
0
0
0
0
0
3.533881e+08
3.664547e+08
3.835345e+08
4.052497e+08
4.324425e+08
0
0
0
0
0
0
0
0
0
0
0
0
0
0
0
0
0
0
0
0
7.986958e+08
0
0
0
0
0
0
0
0
0
0
7.400851e+08
8.195269e+08
0
0
0
0
0
0
0
0
0
0
6.918118e+08
7.589234e+08
8.590404e+08
0
0
0
0
0
0
0
0
0
0
6.529202e+08
7.08129e+08
7.901975e+08
9.190772e+08
0
0
0
0
0
0
0
0
0
0
0
0
0
0
0
0
0
0
0
0
6.183855e+08
6.651606e+08
7.320818e+08
8.324292e+08
9.995188e+08
0
0
0
0
0
0
0
0
0
0
0
0
0
0
0
0
0
0
0
0
5.855727e+08
6.259835e+08
6.820218e+08
7.618561e+08
8.830211e+08
0
0
0
0
0
0
0
0
0
0
0
0
0
0
0
0
0
0
0
0
5.552431e+08
5.905458e+08
6.386774e+08
7.047519e+08
7.988993e+08
0
0
0
0
0
0
0
0
0
0
0
0
0
0
0
0
0
0
0
0
5.278974e+08
5.59171e+08
6.012319e+08
6.577949e+08
7.350872e+08
0
0
0
0
0
0
0
0
0
0
0
0
0
0
0
0
0
0
0
0
5.035407e+08
5.315519e+08
5.689348e+08
6.184172e+08
6.844727e+08
0
0
0
0
0
0
0
0
0
0
0
0
0
0
0
0
0
0
0
0
4.818482e+08
5.072047e+08
5.408337e+08
5.849224e+08
6.427615e+08
0
0
0
0
0
0
0
0
0
0
0
0
0
0
0
0
0
0
0
0
4.62407e+08
4.855405e+08
5.161038e+08
5.558655e+08
6.074611e+08
0
0
0
0
0
0
0
0
0
0
0
0
0
0
0
0
0
0
0
0
4.447322e+08
4.659641e+08
4.939283e+08
5.301172e+08
5.766647e+08
0
0
0
0
0
0
0
0
0
0
0
0
0
0
0
0
0
0
0
0
4.282534e+08
4.477995e+08
4.734876e+08
5.065832e+08
5.488795e+08
0
0
0
0
0
0
0
0
0
0
0
0
0
0
0
0
0
0
0
0
4.122887e+08
4.302849e+08
4.538932e+08
4.841997e+08
5.227145e+08
0
0
0
0
0
0
0
0
0
0
3.963123e+08
4.128585e+08
4.345267e+08
4.622515e+08
4.973158e+08
0
0
0
0
0
0
0
0
0
0
3.809278e+08
3.961663e+08
4.161001e+08
4.415359e+08
4.735753e+08
0
0
0
0
0
0
0
0
0
0
3.667963e+08
3.808991e+08
3.993336e+08
4.228125e+08
4.522911e+08
0
0
0
0
0
0
0
0
0
0
3.541964e+08
3.673271e+08
3.844953e+08
4.063294e+08
4.336796e+08
0
0
0
0
0
0
0
0
0
0
3.431346e+08
3.554453e+08
3.715479e+08
3.920158e+08
4.176063e+08
0
0
0
0
0
0
0
0
0
0
7.915209e+08
0
0
0
0
0
0
0
0
0
0
7.308902e+08
8.048223e+08
0
0
0
0
0
0
0
0
0
0
6.821165e+08
7.456125e+08
8.362013e+08
0
0
0
0
0
0
0
0
0
0
6.44306e+08
6.969305e+08
7.738069e+08
8.879889e+08
0
0
0
0
0
0
0
0
0
0
6.126355e+08
6.577628e+08
7.216938e+08
8.157121e+08
9.632776e+08
0
0
0
0
0
0
0
0
0
0
0
0
0
0
0
0
0
0
0
0
5.833783e+08
6.230174e+08
6.777169e+08
7.549978e+08
8.703699e+08
0
0
0
0
0
0
0
0
0
0
0
0
0
0
0
0
0
0
0
0
5.549557e+08
5.89977e+08
6.376163e+08
7.027876e+08
7.950897e+08
0
0
0
0
0
0
0
0
0
0
0
0
0
0
0
0
0
0
0
0
5.282038e+08
5.593974e+08
6.01312e+08
6.576013e+08
7.343539e+08
0
0
0
0
0
0
0
0
0
0
0
0
0
0
0
0
0
0
0
0
5.038032e+08
5.318001e+08
5.691522e+08
6.185736e+08
6.84507e+08
0
0
0
0
0
0
0
0
0
0
0
0
0
0
0
0
0
0
0
0
4.818482e+08
5.072047e+08
5.408337e+08
5.849224e+08
6.427615e+08
0
0
0
0
0
0
0
0
0
0
0
0
0
0
0
0
0
0
0
0
4.621529e+08
4.852907e+08
5.158656e+08
5.556506e+08
6.072895e+08
0
0
0
0
0
0
0
0
0
0
0
0
0
0
0
0
0
0
0
0
4.443912e+08
4.656432e+08
4.936441e+08
5.298937e+08
5.765388e+08
0
0
0
0
0
0
0
0
0
0
0
0
0
0
0
0
0
0
0
0
4.28164e+08
4.477725e+08
4.735569e+08
5.06795e+08
5.492995e+08
0
0
0
0
0
0
0
0
0
0
0
0
0
0
0
0
0
0
0
0
4.129679e+08
4.311013e+08
4.549088e+08
4.854966e+08
5.244043e+08
0
0
0
0
0
0
0
0
0
0
0
0
0
0
0
0
0
0
0
0
3.981814e+08
4.149439e+08
4.369215e+08
4.650757e+08
5.007284e+08
0
0
0
0
0
0
0
0
0
0
3.833203e+08
3.987848e+08
4.190373e+08
4.449093e+08
4.775382e+08
0
0
0
0
0
0
0
0
0
0
3.689546e+08
3.832428e+08
4.019359e+08
4.257647e+08
4.55711e+08
0
0
0
0
0
0
0
0
0
0
3.557228e+08
3.689775e+08
3.863169e+08
4.083812e+08
4.360365e+08
0
0
0
0
0
0
0
0
0
0
3.438965e+08
3.562657e+08
3.724492e+08
3.930252e+08
4.187586e+08
0
0
0
0
0
0
0
0
0
0
3.334946e+08
3.451119e+08
3.603226e+08
3.796496e+08
4.037895e+08
0
0
0
0
0
0
0
0
0
0
7.262131e+08
7.975279e+08
0
0
0
0
0
0
0
0
0
0
6.75141e+08
7.362555e+08
8.209163e+08
0
0
0
0
0
0
0
0
0
0
6.364954e+08
6.870515e+08
7.599489e+08
8.637141e+08
0
0
0
0
0
0
0
0
0
0
6.054967e+08
6.489556e+08
7.09993e+08
7.98235e+08
9.294795e+08
0
0
0
0
0
0
0
0
0
0
5.785726e+08
6.170798e+08
6.699075e+08
7.438241e+08
8.520878e+08
0
0
0
0
0
0
0
0
0
0
0
0
0
0
0
0
0
0
0
0
5.53172e+08
5.876546e+08
6.344107e+08
6.980685e+08
7.874953e+08
0
0
0
0
0
0
0
0
0
0
0
0
0
0
0
0
0
0
0
0
5.28046e+08
5.590427e+08
6.006313e+08
6.563612e+08
7.320961e+08
0
0
0
0
0
0
0
0
0
0
0
0
0
0
0
0
0
0
0
0
5.041325e+08
5.320762e+08
5.69333e+08
6.18586e+08
6.8421e+08
0
0
0
0
0
0
0
0
0
0
0
0
0
0
0
0
0
0
0
0
4.821078e+08
5.074563e+08
5.410667e+08
5.851188e+08
6.42888e+08
0
0
0
0
0
0
0
0
0
0
0
0
0
0
0
0
0
0
0
0
4.621529e+08
4.852907e+08
5.158656e+08
5.556506e+08
6.072895e+08
0
0
0
0
0
0
0
0
0
0
0
0
0
0
0
0
0
0
0
0
4.44144e+08
4.653979e+08
4.934061e+08
5.296714e+08
5.76345e+08
0
0
0
0
0
0
0
0
0
0
0
0
0
0
0
0
0
0
0
0
4.278273e+08
4.474511e+08
4.732642e+08
5.065498e+08
5.491293e+08
0
0
0
0
0
0
0
0
0
0
0
0
0
0
0
0
0
0
0
0
4.128599e+08
4.310466e+08
4.549361e+08
4.856446e+08
5.247263e+08
0
0
0
0
0
0
0
0
0
0
0
0
0
0
0
0
0
0
0
0
3.987917e+08
4.156753e+08
4.378285e+08
4.66229e+08
5.02223e+08
0
0
0
0
0
0
0
0
0
0
0
0
0
0
0
0
0
0
0
0
3.850539e+08
4.007123e+08
4.212415e+08
4.474961e+08
4.80646e+08
0
0
0
0
0
0
0
0
0
0
3.711913e+08
3.856831e+08
4.046638e+08
4.288849e+08
4.593589e+08
0
0
0
0
0
0
0
0
0
0
3.577486e+08
3.711718e+08
3.887457e+08
4.11127e+08
4.392041e+08
0
0
0
0
0
0
0
0
0
0
3.453334e+08
3.578158e+08
3.741556e+08
3.949411e+08
4.209515e+08
0
0
0
0
0
0
0
0
0
0
3.342144e+08
3.458852e+08
3.611698e+08
3.805959e+08
4.048661e+08
0
0
0
0
0
0
0
0
0
0
3.244203e+08
3.353974e+08
3.497887e+08
3.680733e+08
3.90887e+08
0
0
0
0
0
0
0
0
0
0
6.71554e+08
7.314972e+08
8.133353e+08
0
0
0
0
0
0
0
0
0
0
6.30802e+08
6.799513e+08
7.502185e+08
8.474788e+08
0
0
0
0
0
0
0
0
0
0
5.989208e+08
6.409954e+08
6.99706e+08
7.834983e+08
9.031175e+08
0
0
0
0
0
0
0
0
0
0
5.724652e+08
6.097789e+08
6.606995e+08
7.313356e+08
8.330607e+08
0
0
0
0
0
0
0
0
0
0
5.490377e+08
5.826883e+08
6.281315e+08
6.896437e+08
7.752309e+08
0
0
0
0
0
0
0
0
0
0
0
0
0
0
0
0
0
0
0
0
5.265545e+08
5.571476e+08
5.981056e+08
6.528183e+08
7.268223e+08
0
0
0
0
0
0
0
0
0
0
0
0
0
0
0
0
0
0
0
0
5.040611e+08
5.318592e+08
5.688818e+08
6.177561e+08
6.827389e+08
0
0
0
0
0
0
0
0
0
0
0
0
0
0
0
0
0
0
0
0
4.824473e+08
5.077587e+08
5.413031e+08
5.852421e+08
6.428167e+08
0
0
0
0
0
0
0
0
0
0
0
0
0
0
0
0
0
0
0
0
4.62407e+08
4.855405e+08
5.161038e+08
5.558655e+08
6.074611e+08
0
0
0
0
0
0
0
0
0
0
0
0
0
0
0
0
0
0
0
0
4.44144e+08
4.653979e+08
4.934061e+08
5.296714e+08
5.76345e+08
0
0
0
0
0
0
0
0
0
0
0
0
0
0
0
0
0
0
0
0
4.275875e+08
4.472118e+08
4.730295e+08
5.063259e+08
5.489254e+08
0
0
0
0
0
0
0
0
0
0
0
0
0
0
0
0
0
0
0
0
4.12529e+08
4.307277e+08
4.546401e+08
4.85387e+08
5.245283e+08
0
0
0
0
0
0
0
0
0
0
0
0
0
0
0
0
0
0
0
0
3.986696e+08
4.155992e+08
4.378234e+08
4.663278e+08
5.024701e+08
0
0
0
0
0
0
0
0
0
0
0
0
0
0
0
0
0
0
0
0
3.856042e+08
4.013707e+08
4.220559e+08
4.485288e+08
4.819786e+08
0
0
0
0
0
0
0
0
0
0
0
0
0
0
0
0
0
0
0
0
3.728042e+08
3.874705e+08
4.067005e+08
4.312651e+08
4.622044e+08
0
0
0
0
0
0
0
0
0
0
3.598445e+08
3.734527e+08
3.91287e+08
4.140235e+08
4.42576e+08
0
0
0
0
0
0
0
0
0
0
3.47239e+08
3.59875e+08
3.764288e+08
3.975027e+08
4.238958e+08
0
0
0
0
0
0
0
0
0
0
3.355698e+08
3.473441e+08
3.62772e+08
3.823899e+08
4.069125e+08
0
0
0
0
0
0
0
0
0
0
3.251016e+08
3.361278e+08
3.50587e+08
3.689626e+08
3.918957e+08
0
0
0
0
0
0
0
0
0
0
3.158681e+08
3.262533e+08
3.398876e+08
3.572142e+08
3.788157e+08
0
0
0
0
0
0
0
0
0
0
6.278557e+08
6.763016e+08
7.452729e+08
8.394301e+08
0
0
0
0
0
0
0
0
0
0
5.940877e+08
6.352002e+08
6.923246e+08
7.731674e+08
8.855075e+08
0
0
0
0
0
0
0
0
0
0
5.667791e+08
6.030772e+08
6.52412e+08
7.204009e+08
8.17069e+08
0
0
0
0
0
0
0
0
0
0
5.436955e+08
5.764422e+08
6.204974e+08
6.798134e+08
7.616337e+08
0
0
0
0
0
0
0
0
0
0
5.22929e+08
5.528743e+08
5.92849e+08
6.460331e+08
7.175541e+08
0
0
0
0
0
0
0
0
0
0
0
0
0
0
0
0
0
0
0
0
5.02788e+08
5.3027e+08
5.668112e+08
6.149468e+08
6.787499e+08
0
0
0
0
0
0
0
0
0
0
0
0
0
0
0
0
0
0
0
0
4.824365e+08
5.076349e+08
5.410018e+08
5.846633e+08
6.417965e+08
0
0
0
0
0
0
0
0
0
0
0
0
0
0
0
0
0
0
0
0
4.627494e+08
4.85856e+08
5.163711e+08
5.56052e+08
6.075141e+08
0
0
0
0
0
0
0
0
0
0
0
0
0
0
0
0
0
0
0
0
4.443912e+08
4.656432e+08
4.936441e+08
5.298937e+08
5.765388e+08
0
0
0
0
0
0
0
0
0
0
0
0
0
0
0
0
0
0
0
0
4.275875e+08
4.472118e+08
4.730295e+08
5.063259e+08
5.489254e+08
0
0
0
0
0
0
0
0
0
0
0
0
0
0
0
0
0
0
0
0
4.12297e+08
4.304952e+08
4.544105e+08
4.85165e+08
5.243209e+08
0
0
0
0
0
0
0
0
0
0
0
0
0
0
0
0
0
0
0
0
3.983455e+08
4.152845e+08
4.375276e+08
4.660637e+08
5.022549e+08
0
0
0
0
0
0
0
0
0
0
0
0
0
0
0
0
0
0
0
0
3.85471e+08
4.012778e+08
4.220252e+08
4.485888e+08
4.821671e+08
0
0
0
0
0
0
0
0
0
0
0
0
0
0
0
0
0
0
0
0
3.733022e+08
3.880652e+08
4.074353e+08
4.321948e+08
4.634005e+08
0
0
0
0
0
0
0
0
0
0
0
0
0
0
0
0
0
0
0
0
3.61349e+08
3.751154e+08
3.931753e+08
4.162223e+08
4.451933e+08
0
0
0
0
0
0
0
0
0
0
3.492077e+08
3.62012e+08
3.788034e+08
4.001999e+08
4.270241e+08
0
0
0
0
0
0
0
0
0
0
3.373659e+08
3.492809e+08
3.649047e+08
3.847865e+08
4.096577e+08
0
0
0
0
0
0
0
0
0
0
3.263826e+08
3.375038e+08
3.520947e+08
3.706463e+08
3.938108e+08
0
0
0
0
0
0
0
0
0
0
3.165142e+08
3.269445e+08
3.406415e+08
3.580518e+08
3.797631e+08
0
0
0
0
0
0
0
0
0
0
3.077983e+08
3.176356e+08
3.305695e+08
3.47011e+08
3.674984e+08
0
0
0
0
0
0
0
0
0
0
5.915766e+08
6.322027e+08
6.885328e+08
7.679204e+08
8.767837e+08
0
0
0
0
0
0
0
0
0
0
5.625768e+08
5.981583e+08
6.463898e+08
7.125711e+08
8.058806e+08
0
0
0
0
0
0
0
0
0
0
5.386847e+08
5.706481e+08
6.135222e+08
6.710096e+08
7.497825e+08
0
0
0
0
0
0
0
0
0
0
5.18185e+08
5.474118e+08
5.86319e+08
6.378843e+08
7.068547e+08
0
0
0
0
0
0
0
0
0
0
4.995633e+08
5.26523e+08
5.622867e+08
6.09262e+08
6.712761e+08
0
0
0
0
0
0
0
0
0
0
0
0
0
0
0
0
0
0
0
0
4.813337e+08
5.062752e+08
5.392588e+08
5.823487e+08
6.386146e+08
0
0
0
0
0
0
0
0
0
0
0
0
0
0
0
0
0
0
0
0
4.627822e+08
4.857984e+08
5.161728e+08
5.556396e+08
6.067736e+08
0
0
0
0
0
0
0
0
0
0
0
0
0
0
0
0
0
0
0
0
4.447322e+08
4.659641e+08
4.939283e+08
5.301172e+08
5.766647e+08
0
0
0
0
0
0
0
0
0
0
0
0
0
0
0
0
0
0
0
0
4.278273e+08
4.474511e+08
4.732642e+08
5.065498e+08
5.491293e+08
0
0
0
0
0
0
0
0
0
0
0
0
0
0
0
0
0
0
0
0
4.12297e+08
4.304952e+08
4.544105e+08
4.85165e+08
5.243209e+08
0
0
0
0
0
0
0
0
0
0
0
0
0
0
0
0
0
0
0
0
3.981213e+08
4.150592e+08
4.373039e+08
4.658455e+08
5.020477e+08
0
0
0
0
0
0
0
0
0
0
0
0
0
0
0
0
0
0
0
0
3.851543e+08
4.009687e+08
4.217319e+08
4.483221e+08
4.819414e+08
0
0
0
0
0
0
0
0
0
0
0
0
0
0
0
0
0
0
0
0
3.731605e+08
3.87959e+08
4.073843e+08
4.322238e+08
4.635423e+08
0
0
0
0
0
0
0
0
0
0
0
0
0
0
0
0
0
0
0
0
3.618007e+08
3.756545e+08
3.938407e+08
4.170632e+08
4.462728e+08
0
0
0
0
0
0
0
0
0
0
0
0
0
0
0
0
0
0
0
0
3.506144e+08
3.635626e+08
3.805596e+08
4.02238e+08
4.294412e+08
0
0
0
0
0
0
0
0
0
0
3.392188e+08
3.512878e+08
3.671289e+08
3.873057e+08
4.125693e+08
0
0
0
0
0
0
0
0
0
0
3.28079e+08
3.39329e+08
3.541e+08
3.728938e+08
3.963777e+08
0
0
0
0
0
0
0
0
0
0
3.177271e+08
3.282449e+08
3.42063e+08
3.596356e+08
3.815595e+08
0
0
0
0
0
0
0
0
0
0
3.08412e+08
3.182911e+08
3.312829e+08
3.478016e+08
3.683903e+08
0
0
0
0
0
0
0
0
0
0
3.001763e+08
3.095043e+08
3.217894e+08
3.374116e+08
3.568701e+08
0
0
0
0
0
0
0
0
0
0
5.603873e+08
5.956037e+08
6.43277e+08
7.085523e+08
8.002033e+08
0
0
0
0
0
0
0
0
0
0
5.34967e+08
5.663718e+08
6.084129e+08
6.646273e+08
7.413171e+08
0
0
0
0
0
0
0
0
0
0
5.137105e+08
5.423068e+08
5.802909e+08
6.304796e+08
6.973244e+08
0
0
0
0
0
0
0
0
0
0
4.953016e+08
5.216734e+08
5.565777e+08
6.022944e+08
6.624119e+08
0
0
0
0
0
0
0
0
0
0
4.784358e+08
5.029434e+08
5.352916e+08
5.774543e+08
6.323494e+08
0
0
0
0
0
0
0
0
0
0
0
0
0
0
0
0
0
0
0
0
4.618161e+08
4.846184e+08
5.146769e+08
5.536833e+08
6.041397e+08
0
0
0
0
0
0
0
0
0
0
0
0
0
0
0
0
0
0
0
0
4.447973e+08
4.659548e+08
4.938041e+08
5.298207e+08
5.76112e+08
0
0
0
0
0
0
0
0
0
0
0
0
0
0
0
0
0
0
0
0
4.28164e+08
4.477725e+08
4.735569e+08
5.06795e+08
5.492995e+08
0
0
0
0
0
0
0
0
0
0
0
0
0
0
0
0
0
0
0
0
4.12529e+08
4.307277e+08
4.546401e+08
4.85387e+08
5.245283e+08
0
0
0
0
0
0
0
0
0
0
0
0
0
0
0
0
0
0
0
0
3.981213e+08
4.150592e+08
4.373039e+08
4.658455e+08
5.020477e+08
0
0
0
0
0
0
0
0
0
0
0
0
0
0
0
0
0
0
0
0
3.849377e+08
4.007506e+08
4.215146e+08
4.481088e+08
4.817366e+08
0
0
0
0
0
0
0
0
0
0
0
0
0
0
0
0
0
0
0
0
3.728515e+08
3.876562e+08
4.070949e+08
4.319571e+08
4.633107e+08
0
0
0
0
0
0
0
0
0
0
0
0
0
0
0
0
0
0
0
0
3.616523e+08
3.755379e+08
3.937732e+08
4.170672e+08
4.463769e+08
0
0
0
0
0
0
0
0
0
0
0
0
0
0
0
0
0
0
0
0
3.510249e+08
3.640525e+08
3.811643e+08
4.030015e+08
4.304201e+08
0
0
0
0
0
0
0
0
0
0
0
0
0
0
0
0
0
0
0
0
3.405368e+08
3.527374e+08
3.687665e+08
3.892008e+08
4.148091e+08
0
0
0
0
0
0
0
0
0
0
3.298265e+08
3.412176e+08
3.561882e+08
3.752526e+08
3.990957e+08
0
0
0
0
0
0
0
0
0
0
3.193321e+08
3.299685e+08
3.439525e+08
3.617481e+08
3.839656e+08
0
0
0
0
0
0
0
0
0
0
3.095623e+08
3.195221e+08
3.326259e+08
3.492944e+08
3.700793e+08
0
0
0
0
0
0
0
0
0
0
3.007603e+08
3.10127e+08
3.224657e+08
3.381595e+08
3.577115e+08
0
0
0
0
0
0
0
0
0
0
2.92975e+08
3.018246e+08
3.135062e+08
3.283692e+08
3.468754e+08
0
0
0
0
0
0
0
0
0
0
5.33026e+08
5.641448e+08
6.057615e+08
6.613316e+08
7.369766e+08
0
0
0
0
0
0
0
0
0
0
5.103811e+08
5.385243e+08
5.758511e+08
6.250693e+08
6.904344e+08
0
0
0
0
0
0
0
0
0
0
4.912647e+08
5.171157e+08
5.512688e+08
5.958995e+08
6.544051e+08
0
0
0
0
0
0
0
0
0
0
4.74574e+08
4.985881e+08
5.302251e+08
5.713659e+08
6.247756e+08
0
0
0
0
0
0
0
0
0
0
4.591905e+08
4.816252e+08
5.1115e+08
5.49392e+08
5.987452e+08
0
0
0
0
0
0
0
0
0
0
0
0
0
0
0
0
0
0
0
0
4.439438e+08
4.649193e+08
4.925024e+08
5.281361e+08
5.738774e+08
0
0
0
0
0
0
0
0
0
0
0
0
0
0
0
0
0
0
0
0
4.282534e+08
4.477995e+08
4.734876e+08
5.065832e+08
5.488795e+08
0
0
0
0
0
0
0
0
0
0
0
0
0
0
0
0
0
0
0
0
4.128599e+08
4.310466e+08
4.549361e+08
4.856446e+08
5.247263e+08
0
0
0
0
0
0
0
0
0
0
0
0
0
0
0
0
0
0
0
0
3.983455e+08
4.152845e+08
4.375276e+08
4.660637e+08
5.022549e+08
0
0
0
0
0
0
0
0
0
0
0
0
0
0
0
0
0
0
0
0
3.849377e+08
4.007506e+08
4.215146e+08
4.481088e+08
4.817366e+08
0
0
0
0
0
0
0
0
0
0
0
0
0
0
0
0
0
0
0
0
3.726423e+08
3.874452e+08
4.068842e+08
4.317494e+08
4.631096e+08
0
0
0
0
0
0
0
0
0
0
0
0
0
0
0
0
0
0
0
0
3.613511e+08
3.752418e+08
3.934886e+08
4.168023e+08
4.461423e+08
0
0
0
0
0
0
0
0
0
0
0
0
0
0
0
0
0
0
0
0
3.508713e+08
3.639275e+08
3.810836e+08
4.02985e+08
4.304932e+08
0
0
0
0
0
0
0
0
0
0
0
0
0
0
0
0
0
0
0
0
3.409104e+08
3.531837e+08
3.693174e+08
3.898966e+08
4.157001e+08
0
0
0
0
0
0
0
0
0
0
0
0
0
0
0
0
0
0
0
3.310638e+08
3.425756e+08
3.577189e+08
3.770194e+08
4.01178e+08
0
0
0
0
0
0
0
0
0
0
3.209832e+08
3.317493e+08
3.45917e+08
3.639619e+08
3.865093e+08
0
0
0
0
0
0
0
0
0
0
3.110834e+08
3.211527e+08
3.344098e+08
3.512841e+08
3.723397e+08
0
0
0
0
0
0
0
0
0
0
3.018529e+08
3.112943e+08
3.237369e+08
3.395694e+08
3.593027e+08
0
0
0
0
0
0
0
0
0
0
2.935315e+08
3.02417e+08
3.141483e+08
3.290778e+08
3.476709e+08
0
0
0
0
0
0
0
0
0
0
2.861638e+08
2.94569e+08
3.05684e+08
3.198407e+08
3.374647e+08
0
0
0
0
0
0
0
0
0
0
5.086399e+08
5.365504e+08
5.735407e+08
6.222646e+08
6.868804e+08
0
0
0
0
0
0
0
0
0
0
4.882541e+08
5.13729e+08
5.473436e+08
5.91202e+08
6.48572e+08
0
0
0
0
0
0
0
0
0
0
4.70903e+08
4.944771e+08
5.254876e+08
5.65738e+08
6.178681e+08
0
0
0
0
0
0
0
0
0
0
4.556663e+08
4.776797e+08
5.066019e+08
5.43992e+08
5.921322e+08
0
0
0
0
0
0
0
0
0
0
4.415495e+08
4.622083e+08
4.893348e+08
5.243218e+08
5.691483e+08
0
0
0
0
0
0
0
0
0
0
0
0
0
0
0
0
0
0
0
0
4.274941e+08
4.468833e+08
4.723426e+08
5.051129e+08
5.46949e+08
0
0
0
0
0
0
0
0
0
0
0
0
0
0
0
0
0
0
0
0
4.129679e+08
4.311013e+08
4.549088e+08
4.854966e+08
5.244043e+08
0
0
0
0
0
0
0
0
0
0
0
0
0
0
0
0
0
0
0
0
3.986696e+08
4.155992e+08
4.378234e+08
4.663278e+08
5.024701e+08
0
0
0
0
0
0
0
0
0
0
0
0
0
0
0
0
0
0
0
0
3.851543e+08
4.009687e+08
4.217319e+08
4.483221e+08
4.819414e+08
0
0
0
0
0
0
0
0
0
0
0
0
0
0
0
0
0
0
0
0
3.726423e+08
3.874452e+08
4.068842e+08
4.317494e+08
4.631096e+08
0
0
0
0
0
0
0
0
0
0
0
0
0
0
0
0
0
0
0
0
3.61149e+08
3.750378e+08
3.932845e+08
4.166005e+08
4.459458e+08
0
0
0
0
0
0
0
0
0
0
0
0
0
0
0
0
0
0
0
0
3.505778e+08
3.636384e+08
3.808044e+08
4.02723e+08
4.30258e+08
0
0
0
0
0
0
0
0
0
0
0
0
0
0
0
0
0
0
0
0
3.407528e+08
3.53052e+08
3.69226e+08
3.898632e+08
4.157475e+08
0
0
0
0
0
0
0
0
0
0
0
0
0
0
0
0
0
0
0
3.314044e+08
3.429827e+08
3.582222e+08
3.776552e+08
4.019919e+08
0
0
0
0
0
0
0
0
0
0
0
0
0
0
0
0
0
0
3.22147e+08
3.330242e+08
3.473509e+08
3.656132e+08
3.884501e+08
0
0
0
0
0
0
0
0
0
0
3.12646e+08
3.228351e+08
3.362618e+08
3.533662e+08
3.74726e+08
0
0
0
0
0
0
0
0
0
0
3.032969e+08
3.128394e+08
3.25424e+08
3.414472e+08
3.614308e+08
0
0
0
0
0
0
0
0
0
0
2.945709e+08
3.035257e+08
3.153535e+08
3.304119e+08
3.491731e+08
0
0
0
0
0
0
0
0
0
0
2.86695e+08
2.951335e+08
3.062949e+08
3.205134e+08
3.382181e+08
0
0
0
0
0
0
0
0
0
0
2.797183e+08
2.877066e+08
2.982948e+08
3.11789e+08
3.285924e+08
0
0
0
0
0
0
0
0
0
0
4.866773e+08
5.119586e+08
5.452967e+08
5.8876e+08
6.455515e+08
0
0
0
0
0
0
0
0
0
0
4.681602e+08
4.914152e+08
5.219746e+08
5.61588e+08
6.128095e+08
0
0
0
0
0
0
0
0
0
0
4.523064e+08
4.739422e+08
5.023305e+08
5.389732e+08
5.860593e+08
0
0
0
0
0
0
0
0
0
0
4.383151e+08
4.586088e+08
4.852165e+08
5.194772e+08
5.632877e+08
0
0
0
0
0
0
0
0
0
0
4.252989e+08
4.444119e+08
4.694745e+08
5.016881e+08
5.427467e+08
0
0
0
0
0
0
0
0
0
0
0
0
0
0
0
0
0
0
0
0
4.122887e+08
4.302849e+08
4.538932e+08
4.841997e+08
5.227145e+08
0
0
0
0
0
0
0
0
0
0
0
0
0
0
0
0
0
0
0
0
3.987917e+08
4.156753e+08
4.378285e+08
4.66229e+08
5.02223e+08
0
0
0
0
0
0
0
0
0
0
0
0
0
0
0
0
0
0
0
0
3.85471e+08
4.012778e+08
4.220252e+08
4.485888e+08
4.821671e+08
0
0
0
0
0
0
0
0
0
0
0
0
0
0
0
0
0
0
0
0
3.728515e+08
3.876562e+08
4.070949e+08
4.319571e+08
4.633107e+08
0
0
0
0
0
0
0
0
0
0
0
0
0
0
0
0
0
0
0
0
3.61149e+08
3.750378e+08
3.932845e+08
4.166005e+08
4.459458e+08
0
0
0
0
0
0
0
0
0
0
0
0
0
0
0
0
0
0
0
0
3.503824e+08
3.634411e+08
3.806068e+08
4.025271e+08
4.300665e+08
0
0
0
0
0
0
0
0
0
0
0
0
0
0
0
0
0
0
0
0
3.404668e+08
3.527697e+08
3.689525e+08
3.896051e+08
4.15513e+08
0
0
0
0
0
0
0
0
0
0
0
0
0
0
0
0
0
0
0
3.312436e+08
3.428456e+08
3.581218e+08
3.776078e+08
4.020179e+08
0
0
0
0
0
0
0
0
0
0
0
0
0
0
0
0
0
0
3.224579e+08
3.333962e+08
3.478114e+08
3.661956e+08
3.891959e+08
0
0
0
0
0
0
0
0
0
0
0
0
0
0
0
0
0
3.137424e+08
3.240342e+08
3.376078e+08
3.549129e+08
3.765397e+08
0
0
0
0
0
0
0
0
0
0
3.047782e+08
3.144314e+08
3.271734e+08
3.434095e+08
3.636742e+08
0
0
0
0
0
0
0
0
0
0
2.959434e+08
3.049923e+08
3.169519e+08
3.321874e+08
3.511807e+08
0
0
0
0
0
0
0
0
0
0
2.87685e+08
2.96188e+08
3.074393e+08
3.217778e+08
3.396389e+08
0
0
0
0
0
0
0
0
0
0
2.802261e+08
2.882453e+08
2.988767e+08
3.124287e+08
3.293073e+08
0
0
0
0
0
0
0
0
0
0
2.73614e+08
2.812129e+08
2.913068e+08
3.041847e+08
3.202191e+08
0
0
0
0
0
0
0
0
0
0
4.66722e+08
4.898124e+08
5.201396e+08
5.594262e+08
6.101829e+08
0
0
0
0
0
0
0
0
0
0
4.497923e+08
4.711533e+08
4.991559e+08
5.352617e+08
5.815952e+08
0
0
0
0
0
0
0
0
0
0
4.352236e+08
4.551889e+08
4.813349e+08
5.149552e+08
5.578774e+08
0
0
0
0
0
0
0
0
0
0
4.223162e+08
4.411094e+08
4.657191e+08
4.973039e+08
5.374931e+08
0
0
0
0
0
0
0
0
0
0
4.102671e+08
4.280198e+08
4.512794e+08
4.810997e+08
5.189428e+08
0
0
0
0
0
0
0
0
0
0
0
0
0
0
0
0
0
0
0
0
3.981814e+08
4.149439e+08
4.369215e+08
4.650757e+08
5.007284e+08
0
0
0
0
0
0
0
0
0
0
0
0
0
0
0
0
0
0
0
0
3.856042e+08
4.013707e+08
4.220559e+08
4.485288e+08
4.819786e+08
0
0
0
0
0
0
0
0
0
0
0
0
0
0
0
0
0
0
0
0
3.731605e+08
3.87959e+08
4.073843e+08
4.322238e+08
4.635423e+08
0
0
0
0
0
0
0
0
0
0
0
0
0
0
0
0
0
0
0
0
3.613511e+08
3.752418e+08
3.934886e+08
4.168023e+08
4.461423e+08
0
0
0
0
0
0
0
0
0
0
0
0
0
0
0
0
0
0
0
0
3.503824e+08
3.634411e+08
3.806068e+08
4.025271e+08
4.300665e+08
0
0
0
0
0
0
0
0
0
0
0
0
0
0
0
0
0
0
0
0
3.402779e+08
3.525788e+08
3.687612e+08
3.894151e+08
4.153267e+08
0
0
0
0
0
0
0
0
0
0
0
0
0
0
0
0
0
0
0
3.30965e+08
3.425702e+08
3.578543e+08
3.77354e+08
4.017854e+08
0
0
0
0
0
0
0
0
0
0
0
0
0
0
0
0
0
0
3.222948e+08
3.332548e+08
3.477037e+08
3.661364e+08
3.892038e+08
0
0
0
0
0
0
0
0
0
0
0
0
0
0
0
0
0
3.140262e+08
3.243747e+08
3.3803e+08
3.554475e+08
3.772248e+08
0
0
0
0
0
0
0
0
0
0
0
0
0
0
0
0
3.058131e+08
3.155611e+08
3.284393e+08
3.448613e+08
3.653728e+08
0
0
0
0
0
0
0
0
0
0
2.973497e+08
3.065014e+08
3.18607e+08
3.340403e+08
3.532942e+08
0
0
0
0
0
0
0
0
0
0
2.889916e+08
2.975819e+08
3.089562e+08
3.234595e+08
3.415363e+08
0
0
0
0
0
0
0
0
0
0
2.811704e+08
2.892497e+08
2.99965e+08
3.136291e+08
3.306533e+08
0
0
0
0
0
0
0
0
0
0
2.740999e+08
2.817278e+08
2.918621e+08
3.047939e+08
3.208986e+08
0
0
0
0
0
0
0
0
0
0
2.678327e+08
2.75063e+08
2.846951e+08
2.969948e+08
3.123137e+08
0
0
0
0
0
0
0
0
0
0
4.484723e+08
4.696915e+08
4.974953e+08
5.333251e+08
5.792727e+08
0
0
0
0
0
0
0
0
0
0
4.329073e+08
4.52633e+08
4.784445e+08
5.116035e+08
5.538889e+08
0
0
0
0
0
0
0
0
0
0
4.194588e+08
4.379634e+08
4.621687e+08
4.931971e+08
5.326228e+08
0
0
0
0
0
0
0
0
0
0
4.075052e+08
4.249751e+08
4.478353e+08
4.77104e+08
5.141921e+08
0
0
0
0
0
0
0
0
0
0
3.963123e+08
4.128585e+08
4.345267e+08
4.622515e+08
4.973158e+08
0
0
0
0
0
0
0
0
0
0
0
0
0
0
0
0
0
0
0
0
3.850539e+08
4.007123e+08
4.212415e+08
4.474961e+08
4.80646e+08
0
0
0
0
0
0
0
0
0
0
0
0
0
0
0
0
0
0
0
0
3.733022e+08
3.880652e+08
4.074353e+08
4.321948e+08
4.634005e+08
0
0
0
0
0
0
0
0
0
0
0
0
0
0
0
0
0
0
0
0
3.616523e+08
3.755379e+08
3.937732e+08
4.170672e+08
4.463769e+08
0
0
0
0
0
0
0
0
0
0
0
0
0
0
0
0
0
0
0
0
3.505778e+08
3.636384e+08
3.808044e+08
4.02723e+08
4.30258e+08
0
0
0
0
0
0
0
0
0
0
0
0
0
0
0
0
0
0
0
0
3.402779e+08
3.525788e+08
3.687612e+08
3.894151e+08
4.153267e+08
0
0
0
0
0
0
0
0
0
0
0
0
0
0
0
0
0
0
0
3.307822e+08
3.423856e+08
3.57669e+08
3.771699e+08
4.016043e+08
0
0
0
0
0
0
0
0
0
0
0
0
0
0
0
0
0
0
3.220232e+08
3.329861e+08
3.474421e+08
3.658873e+08
3.889739e+08
0
0
0
0
0
0
0
0
0
0
0
0
0
0
0
0
0
3.138613e+08
3.242298e+08
3.379162e+08
3.553784e+08
3.772173e+08
0
0
0
0
0
0
0
0
0
0
0
0
0
0
0
0
3.060726e+08
3.158729e+08
3.28827e+08
3.45353e+08
3.660035e+08
0
0
0
0
0
0
0
0
0
0
0
0
0
0
0
2.983276e+08
3.075676e+08
3.197996e+08
3.354057e+08
3.548885e+08
0
0
0
0
0
0
0
0
0
0
2.903283e+08
2.990144e+08
3.105247e+08
3.25212e+08
3.435313e+08
0
0
0
0
0
0
0
0
0
0
2.824158e+08
2.905765e+08
3.014065e+08
3.152245e+08
3.324497e+08
0
0
0
0
0
0
0
0
0
0
2.750019e+08
2.826858e+08
2.928985e+08
3.059351e+08
3.22176e+08
0
0
0
0
0
0
0
0
0
0
2.682986e+08
2.755557e+08
2.852256e+08
2.975759e+08
3.129605e+08
0
0
0
0
0
0
0
0
0
0
2.623519e+08
2.692387e+08
2.784339e+08
2.901933e+08
3.048413e+08
0
0
0
0
0
0
0
0
0
0
4.316897e+08
4.512916e+08
4.769306e+08
5.098521e+08
5.518104e+08
0
0
0
0
0
0
0
0
0
0
4.173154e+08
4.35609e+08
4.595208e+08
4.901475e+08
5.290244e+08
0
0
0
0
0
0
0
0
0
0
4.048539e+08
4.220679e+08
4.445705e+08
4.7335e+08
5.097727e+08
0
0
0
0
0
0
0
0
0
0
3.937457e+08
4.1004e+08
4.313526e+08
4.585891e+08
4.929893e+08
0
0
0
0
0
0
0
0
0
0
3.833203e+08
3.987848e+08
4.190373e+08
4.449093e+08
4.775382e+08
0
0
0
0
0
0
0
0
0
0
0
0
0
0
0
0
0
0
0
0
3.728042e+08
3.874705e+08
4.067005e+08
4.312651e+08
4.622044e+08
0
0
0
0
0
0
0
0
0
0
0
0
0
0
0
0
0
0
0
0
3.618007e+08
3.756545e+08
3.938407e+08
4.170632e+08
4.462728e+08
0
0
0
0
0
0
0
0
0
0
0
0
0
0
0
0
0
0
0
0
3.508713e+08
3.639275e+08
3.810836e+08
4.02985e+08
4.304932e+08
0
0
0
0
0
0
0
0
0
0
0
0
0
0
0
0
0
0
0
0
3.404668e+08
3.527697e+08
3.689525e+08
3.896051e+08
4.15513e+08
0
0
0
0
0
0
0
0
0
0
0
0
0
0
0
0
0
0
0
3.307822e+08
3.423856e+08
3.57669e+08
3.771699e+08
4.016043e+08
0
0
0
0
0
0
0
0
0
0
0
0
0
0
0
0
0
0
3.218462e+08
3.328073e+08
3.472628e+08
3.657088e+08
3.887981e+08
0
0
0
0
0
0
0
0
0
0
0
0
0
0
0
0
0
3.135965e+08
3.239676e+08
3.376605e+08
3.551341e+08
3.769904e+08
0
0
0
0
0
0
0
0
0
0
0
0
0
0
0
0
3.059065e+08
3.157252e+08
3.287082e+08
3.452756e+08
3.659828e+08
0
0
0
0
0
0
0
0
0
0
0
0
0
0
0
2.985645e+08
3.078535e+08
3.20156e+08
3.358589e+08
3.554704e+08
0
0
0
0
0
0
0
0
0
0
0
0
0
0
2.912535e+08
3.000219e+08
3.116504e+08
3.264984e+08
3.450307e+08
0
0
0
0
0
0
0
0
0
0
2.836883e+08
2.91938e+08
3.028951e+08
3.168851e+08
3.343362e+08
0
0
0
0
0
0
0
0
0
0
2.761905e+08
2.839503e+08
2.942702e+08
3.074508e+08
3.238797e+08
0
0
0
0
0
0
0
0
0
0
2.691615e+08
2.764706e+08
2.86214e+08
2.986624e+08
3.141745e+08
0
0
0
0
0
0
0
0
0
0
2.62799e+08
2.697111e+08
2.789415e+08
2.907484e+08
3.054581e+08
0
0
0
0
0
0
0
0
0
2.571664e+08
2.637172e+08
2.725048e+08
2.837535e+08
2.977747e+08
0
0
0
0
0
0
0
0
0
0
4.161874e+08
4.343719e+08
4.581323e+08
4.885519e+08
5.271465e+08
0
0
0
0
0
0
0
0
0
0
4.028631e+08
4.198897e+08
4.421323e+08
4.705579e+08
5.065015e+08
0
0
0
0
0
0
0
0
0
0
3.912774e+08
4.073431e+08
4.283369e+08
4.55139e+08
4.889528e+08
0
0
0
0
0
0
0
0
0
0
3.809278e+08
3.961663e+08
4.161001e+08
4.415359e+08
4.735753e+08
0
0
0
0
0
0
0
0
0
0
3.711913e+08
3.856831e+08
4.046638e+08
4.288849e+08
4.593589e+08
0
0
0
0
0
0
0
0
0
0
0
0
0
0
0
0
0
0
0
0
3.61349e+08
3.751154e+08
3.931753e+08
4.162222e+08
4.451933e+08
0
0
0
0
0
0
0
0
0
0
0
0
0
0
0
0
0
0
0
0
3.510249e+08
3.640525e+08
3.811643e+08
4.030015e+08
4.304201e+08
0
0
0
0
0
0
0
0
0
0
0
0
0
0
0
0
0
0
0
0
3.407528e+08
3.53052e+08
3.69226e+08
3.898632e+08
4.157475e+08
0
0
0
0
0
0
0
0
0
0
0
0
0
0
0
0
0
0
0
3.30965e+08
3.425702e+08
3.578543e+08
3.77354e+08
4.017854e+08
0
0
0
0
0
0
0
0
0
0
0
0
0
0
0
0
0
0
3.218462e+08
3.328073e+08
3.472628e+08
3.657088e+08
3.887981e+08
0
0
0
0
0
0
0
0
0
0
0
0
0
0
0
0
0
3.13425e+08
3.237944e+08
3.374867e+08
3.54961e+08
3.768197e+08
0
0
0
0
0
0
0
0
0
0
0
0
0
0
0
0
3.056483e+08
3.154693e+08
3.284583e+08
3.450361e+08
3.657595e+08
0
0
0
0
0
0
0
0
0
0
0
0
0
0
0
2.983974e+08
3.077038e+08
3.200329e+08
3.357743e+08
3.554384e+08
0
0
0
0
0
0
0
0
0
0
0
0
0
0
2.914697e+08
3.00284e+08
3.119785e+08
3.269165e+08
3.455686e+08
0
0
0
0
0
0
0
0
0
0
0
0
0
2.845649e+08
2.928913e+08
3.039589e+08
3.180992e+08
3.357487e+08
0
0
0
0
0
0
0
0
0
0
2.774035e+08
2.852463e+08
2.95685e+08
3.090264e+08
3.256666e+08
0
0
0
0
0
0
0
0
0
0
2.702979e+08
2.776775e+08
2.875212e+08
3.001045e+08
3.157926e+08
0
0
0
0
0
0
0
0
0
0
2.636251e+08
2.705862e+08
2.798853e+08
2.917842e+08
3.066135e+08
0
0
0
0
0
0
0
0
0
2.575963e+08
2.641704e+08
2.729914e+08
2.842845e+08
2.983636e+08
0
0
0
0
0
0
0
0
2.522515e+08
2.584933e+08
2.668843e+08
2.776563e+08
2.910854e+08
0
0
0
0
0
0
0
0
0
0
4.018143e+08
4.187438e+08
4.408523e+08
4.690953e+08
5.047923e+08
0
0
0
0
0
0
0
0
0
0
3.894221e+08
4.053203e+08
4.260819e+08
4.525695e+08
4.859602e+08
0
0
0
0
0
0
0
0
0
0
3.786229e+08
3.936559e+08
4.133035e+08
4.383506e+08
4.698684e+08
0
0
0
0
0
0
0
0
0
0
3.689546e+08
3.832428e+08
4.019359e+08
4.257647e+08
4.55711e+08
0
0
0
0
0
0
0
0
0
0
3.598446e+08
3.734527e+08
3.91287e+08
4.140235e+08
4.42576e+08
0
0
0
0
0
0
0
0
0
0
0
0
0
0
0
0
0
0
0
0
3.506144e+08
3.635626e+08
3.805596e+08
4.02238e+08
4.294412e+08
0
0
0
0
0
0
0
0
0
0
0
0
0
0
0
0
0
0
0
0
3.409104e+08
3.531837e+08
3.693175e+08
3.898966e+08
4.157001e+08
0
0
0
0
0
0
0
0
0
0
0
0
0
0
0
0
0
0
0
3.312436e+08
3.428456e+08
3.581218e+08
3.776078e+08
4.020179e+08
0
0
0
0
0
0
0
0
0
0
0
0
0
0
0
0
0
0
3.220233e+08
3.329861e+08
3.474421e+08
3.658873e+08
3.889739e+08
0
0
0
0
0
0
0
0
0
0
0
0
0
0
0
0
0
3.13425e+08
3.237944e+08
3.374867e+08
3.54961e+08
3.768197e+08
0
0
0
0
0
0
0
0
0
0
0
0
0
0
0
0
3.05482e+08
3.153014e+08
3.282898e+08
3.448683e+08
3.655937e+08
0
0
0
0
0
0
0
0
0
0
0
0
0
0
0
2.981453e+08
3.074541e+08
3.197886e+08
3.355397e+08
3.552186e+08
0
0
0
0
0
0
0
0
0
0
0
0
0
0
2.913016e+08
3.001324e+08
3.118521e+08
3.268258e+08
3.455268e+08
0
0
0
0
0
0
0
0
0
0
0
0
0
2.847622e+08
2.931314e+08
3.04261e+08
3.184857e+08
3.362467e+08
0
0
0
0
0
0
0
0
0
0
0
0
2.782351e+08
2.861495e+08
2.966916e+08
3.10174e+08
3.269998e+08
0
0
0
0
0
0
0
0
0
0
2.714561e+08
2.789127e+08
2.888677e+08
3.016016e+08
3.174876e+08
0
0
0
0
0
0
0
0
0
0
2.647124e+08
2.717399e+08
2.811327e+08
2.931582e+08
3.081525e+08
0
0
0
0
0
0
0
0
0
2.583888e+08
2.650082e+08
2.73894e+08
2.852734e+08
2.994649e+08
0
0
0
0
0
0
0
0
2.526651e+08
2.58929e+08
2.673511e+08
2.781651e+08
2.916486e+08
0
0
0
0
0
0
0
2.476156e+08
2.53542e+08
2.615672e+08
2.718772e+08
2.847537e+08
0
0
0
0
0
0
0
0
0
0
3.884435e+08
4.04255e+08
4.248966e+08
4.51222e+08
4.843948e+08
0
0
0
0
0
0
0
0
0
0
3.76889e+08
3.917711e+08
4.112101e+08
4.359755e+08
4.671166e+08
0
0
0
0
0
0
0
0
0
0
3.667963e+08
3.808991e+08
3.993336e+08
4.228125e+08
4.522911e+08
0
0
0
0
0
0
0
0
0
0
3.577486e+08
3.711718e+08
3.887457e+08
4.11127e+08
4.392041e+08
0
0
0
0
0
0
0
0
0
0
3.492077e+08
3.62012e+08
3.788034e+08
4.001999e+08
4.270241e+08
0
0
0
0
0
0
0
0
0
0
0
0
0
0
0
0
0
0
0
0
3.405368e+08
3.527374e+08
3.687665e+08
3.892008e+08
4.148091e+08
0
0
0
0
0
0
0
0
0
0
0
0
0
0
0
0
0
0
0
3.314044e+08
3.429827e+08
3.582222e+08
3.776552e+08
4.019919e+08
0
0
0
0
0
0
0
0
0
0
0
0
0
0
0
0
0
0
3.222948e+08
3.332548e+08
3.477037e+08
3.661364e+08
3.892038e+08
0
0
0
0
0
0
0
0
0
0
0
0
0
0
0
0
0
3.135966e+08
3.239676e+08
3.376605e+08
3.551341e+08
3.769904e+08
0
0
0
0
0
0
0
0
0
0
0
0
0
0
0
0
3.05482e+08
3.153014e+08
3.282898e+08
3.448683e+08
3.655937e+08
0
0
0
0
0
0
0
0
0
0
0
0
0
0
0
2.979839e+08
3.072912e+08
3.196252e+08
3.353768e+08
3.550577e+08
0
0
0
0
0
0
0
0
0
0
0
0
0
0
2.910552e+08
2.998884e+08
3.116134e+08
3.26596e+08
3.453108e+08
0
0
0
0
0
0
0
0
0
0
0
0
0
2.845937e+08
2.929781e+08
3.041315e+08
3.183898e+08
3.361963e+08
0
0
0
0
0
0
0
0
0
0
0
0
2.784154e+08
2.863696e+08
2.969696e+08
3.105313e+08
3.274617e+08
0
0
0
0
0
0
0
0
0
0
0
2.722468e+08
2.797697e+08
2.898216e+08
3.026876e+08
3.187477e+08
0
0
0
0
0
0
0
0
0
0
2.658193e+08
2.729194e+08
2.824158e+08
2.945829e+08
3.097628e+08
0
0
0
0
0
0
0
0
0
2.594312e+08
2.66112e+08
2.750863e+08
2.865842e+08
3.009307e+08
0
0
0
0
0
0
0
0
2.534256e+08
2.597327e+08
2.682151e+08
2.791107e+08
2.926996e+08
0
0
0
0
0
0
0
2.480143e+08
2.539611e+08
2.620158e+08
2.723652e+08
2.852931e+08
0
0
0
0
0
0
2.432299e+08
2.488718e+08
2.565276e+08
2.664108e+08
2.787534e+08
0
0
0
0
0
0
0
0
0
0
3.759732e+08
3.907773e+08
4.101086e+08
4.347284e+08
4.656754e+08
0
0
0
0
0
0
0
0
0
0
3.651712e+08
3.791378e+08
3.973837e+08
4.206086e+08
4.497493e+08
0
0
0
0
0
0
0
0
0
0
3.557228e+08
3.689775e+08
3.863169e+08
4.083812e+08
4.360365e+08
0
0
0
0
0
0
0
0
0
0
3.47239e+08
3.59875e+08
3.764288e+08
3.975027e+08
4.238958e+08
0
0
0
0
0
0
0
0
0
0
3.392189e+08
3.512879e+08
3.671289e+08
3.873057e+08
4.125693e+08
0
0
0
0
0
0
0
0
0
0
0
0
0
0
0
0
0
0
0
3.310638e+08
3.425756e+08
3.577189e+08
3.770194e+08
4.01178e+08
0
0
0
0
0
0
0
0
0
0
0
0
0
0
0
0
0
0
3.224579e+08
3.333962e+08
3.478114e+08
3.661956e+08
3.891959e+08
0
0
0
0
0
0
0
0
0
0
0
0
0
0
0
0
0
3.138614e+08
3.242298e+08
3.379162e+08
3.553784e+08
3.772173e+08
0
0
0
0
0
0
0
0
0
0
0
0
0
0
0
0
3.056483e+08
3.154693e+08
3.284583e+08
3.450361e+08
3.657595e+08
0
0
0
0
0
0
0
0
0
0
0
0
0
0
0
2.979839e+08
3.072912e+08
3.196252e+08
3.353768e+08
3.550577e+08
0
0
0
0
0
0
0
0
0
0
0
0
0
0
2.908983e+08
2.997302e+08
3.114547e+08
3.264378e+08
3.451545e+08
0
0
0
0
0
0
0
0
0
0
0
0
0
2.84353e+08
2.927394e+08
3.038979e+08
3.181648e+08
3.359841e+08
0
0
0
0
0
0
0
0
0
0
0
0
2.78247e+08
2.862153e+08
2.968374e+08
3.104308e+08
3.27404e+08
0
0
0
0
0
0
0
0
0
0
0
2.724115e+08
2.799717e+08
2.900777e+08
3.03018e+08
3.191765e+08
0
0
0
0
0
0
0
0
0
0
2.665712e+08
2.737342e+08
2.833211e+08
2.956121e+08
3.109554e+08
0
0
0
0
0
0
0
0
0
2.60491e+08
2.672391e+08
2.763114e+08
2.879417e+08
3.024627e+08
0
0
0
0
0
0
0
0
2.544253e+08
2.607909e+08
2.693557e+08
2.803634e+08
2.940977e+08
0
0
0
0
0
0
0
2.487457e+08
2.547324e+08
2.628445e+08
2.732701e+08
2.862979e+08
0
0
0
0
0
0
2.436142e+08
2.492758e+08
2.569591e+08
2.668797e+08
2.792705e+08
0
0
0
0
0
2.391403e+08
2.444534e+08
2.517745e+08
2.612301e+08
2.730788e+08
0
0
0
0
0
0
0
0
0
0
3.643119e+08
3.78208e+08
3.963565e+08
4.194503e+08
4.484166e+08
0
0
0
0
0
0
0
0
0
0
3.541964e+08
3.673271e+08
3.844953e+08
4.063294e+08
4.336796e+08
0
0
0
0
0
0
0
0
0
0
3.453334e+08
3.578158e+08
3.741556e+08
3.949411e+08
4.209514e+08
0
0
0
0
0
0
0
0
0
0
3.37366e+08
3.492809e+08
3.649047e+08
3.847865e+08
4.096577e+08
0
0
0
0
0
0
0
0
0
0
3.298265e+08
3.412176e+08
3.561882e+08
3.752526e+08
3.990957e+08
0
0
0
0
0
0
0
0
0
0
0
0
0
0
0
0
0
0
3.22147e+08
3.330242e+08
3.473509e+08
3.656132e+08
3.884501e+08
0
0
0
0
0
0
0
0
0
0
0
0
0
0
0
0
0
3.140263e+08
3.243747e+08
3.3803e+08
3.554475e+08
3.772248e+08
0
0
0
0
0
0
0
0
0
0
0
0
0
0
0
0
3.059065e+08
3.157252e+08
3.287082e+08
3.452756e+08
3.659828e+08
0
0
0
0
0
0
0
0
0
0
0
0
0
0
0
2.981453e+08
3.074541e+08
3.197886e+08
3.355397e+08
3.552186e+08
0
0
0
0
0
0
0
0
0
0
0
0
0
0
2.908983e+08
2.997302e+08
3.114547e+08
3.264378e+08
3.451545e+08
0
0
0
0
0
0
0
0
0
0
0
0
0
2.842004e+08
2.925855e+08
3.037438e+08
3.180112e+08
3.358321e+08
0
0
0
0
0
0
0
0
0
0
0
0
2.780119e+08
2.859819e+08
2.966086e+08
3.102103e+08
3.271957e+08
0
0
0
0
0
0
0
0
0
0
0
2.722431e+08
2.798169e+08
2.899435e+08
3.029133e+08
3.191121e+08
0
0
0
0
0
0
0
0
0
0
2.667209e+08
2.739197e+08
2.835575e+08
2.959181e+08
3.113535e+08
0
0
0
0
0
0
0
0
0
2.612075e+08
2.680141e+08
2.771722e+08
2.889186e+08
3.035932e+08
0
0
0
0
0
0
0
0
2.5544e+08
2.618699e+08
2.705262e+08
2.816592e+08
2.955572e+08
0
0
0
0
0
0
0
2.497065e+08
2.55747e+08
2.639378e+08
2.744682e+08
2.876336e+08
0
0
0
0
0
0
2.443174e+08
2.500175e+08
2.577543e+08
2.677475e+08
2.802318e+08
0
0
0
0
0
2.395122e+08
2.448429e+08
2.521904e+08
2.61681e+08
2.735756e+08
0
0
0
0
2.353046e+08
2.403335e+08
2.472777e+08
2.563444e+08
2.677015e+08
0
0
0
0
0
0
0
0
0
0
3.533881e+08
3.664547e+08
3.835345e+08
4.052497e+08
4.324425e+08
0
0
0
0
0
0
0
0
0
0
3.438965e+08
3.562657e+08
3.724492e+08
3.930252e+08
4.187586e+08
0
0
0
0
0
0
0
0
0
0
3.355698e+08
3.473441e+08
3.62772e+08
3.823899e+08
4.069125e+08
0
0
0
0
0
0
0
0
0
0
3.28079e+08
3.393291e+08
3.541e+08
3.728938e+08
3.963777e+08
0
0
0
0
0
0
0
0
0
0
3.209832e+08
3.317494e+08
3.459171e+08
3.639619e+08
3.865093e+08
0
0
0
0
0
0
0
0
0
0
0
0
0
0
0
0
0
3.137424e+08
3.240342e+08
3.376078e+08
3.549129e+08
3.765397e+08
0
0
0
0
0
0
0
0
0
0
0
0
0
0
0
0
3.060726e+08
3.158729e+08
3.28827e+08
3.45353e+08
3.660035e+08
0
0
0
0
0
0
0
0
0
0
0
0
0
0
0
2.983974e+08
3.077038e+08
3.20033e+08
3.357743e+08
3.554384e+08
0
0
0
0
0
0
0
0
0
0
0
0
0
0
2.910552e+08
2.998884e+08
3.116134e+08
3.26596e+08
3.453108e+08
0
0
0
0
0
0
0
0
0
0
0
0
0
2.842004e+08
2.925855e+08
3.037438e+08
3.180112e+08
3.358321e+08
0
0
0
0
0
0
0
0
0
0
0
0
2.778636e+08
2.858323e+08
2.964586e+08
3.100609e+08
3.27048e+08
0
0
0
0
0
0
0
0
0
0
0
2.72013e+08
2.795888e+08
2.897196e+08
3.02697e+08
3.189074e+08
0
0
0
0
0
0
0
0
0
0
2.665522e+08
2.737644e+08
2.834218e+08
2.9581e+08
3.112831e+08
0
0
0
0
0
0
0
0
0
2.613437e+08
2.681838e+08
2.773906e+08
2.892024e+08
3.039635e+08
0
0
0
0
0
0
0
0
2.561222e+08
2.626085e+08
2.713451e+08
2.825883e+08
2.966303e+08
0
0
0
0
0
0
0
2.506807e+08
2.567801e+08
2.650584e+08
2.757062e+08
2.890265e+08
0
0
0
0
0
0
2.452402e+08
2.509926e+08
2.588024e+08
2.688957e+08
2.815091e+08
0
0
0
0
0
2.40191e+08
2.455559e+08
2.52955e+08
2.625135e+08
2.744972e+08
0
0
0
0
2.356635e+08
2.407103e+08
2.476785e+08
2.567789e+08
2.68179e+08
0
0
0
2.318463e+08
2.36469e+08
2.430848e+08
2.517221e+08
2.626313e+08
0
0
0
0
0
0
0
0
0
0
3.431346e+08
3.554453e+08
3.715479e+08
3.920158e+08
4.176063e+08
0
0
0
0
0
0
0
0
0
0
3.342144e+08
3.458852e+08
3.611699e+08
3.805959e+08
4.048661e+08
0
0
0
0
0
0
0
0
0
0
3.263827e+08
3.375038e+08
3.520947e+08
3.706464e+08
3.938108e+08
0
0
0
0
0
0
0
0
0
0
3.193321e+08
3.299685e+08
3.439525e+08
3.617481e+08
3.839656e+08
0
0
0
0
0
0
0
0
0
0
3.12646e+08
3.228351e+08
3.362619e+08
3.533662e+08
3.74726e+08
0
0
0
0
0
0
0
0
0
0
0
0
0
0
0
0
3.058131e+08
3.155611e+08
3.284393e+08
3.448613e+08
3.653728e+08
0
0
0
0
0
0
0
0
0
0
0
0
0
0
0
2.985645e+08
3.078535e+08
3.20156e+08
3.358589e+08
3.554704e+08
0
0
0
0
0
0
0
0
0
0
0
0
0
0
2.913016e+08
3.001324e+08
3.118521e+08
3.268258e+08
3.455268e+08
0
0
0
0
0
0
0
0
0
0
0
0
0
2.84353e+08
2.927394e+08
3.038979e+08
3.181649e+08
3.359841e+08
0
0
0
0
0
0
0
0
0
0
0
0
2.778636e+08
2.858323e+08
2.964586e+08
3.100609e+08
3.27048e+08
0
0
0
0
0
0
0
0
0
0
0
2.718684e+08
2.794433e+08
2.895737e+08
3.025515e+08
3.187636e+08
0
0
0
0
0
0
0
0
0
0
2.663266e+08
2.73541e+08
2.832028e+08
2.95598e+08
3.110818e+08
0
0
0
0
0
0
0
0
0
2.611751e+08
2.680276e+08
2.772535e+08
2.890916e+08
3.03888e+08
0
0
0
0
0
0
0
0
2.562451e+08
2.627639e+08
2.715462e+08
2.828519e+08
2.969753e+08
0
0
0
0
0
0
0
2.513327e+08
2.574836e+08
2.65839e+08
2.765903e+08
2.900473e+08
0
0
0
0
0
0
2.461741e+08
2.519844e+08
2.598753e+08
2.700808e+08
2.828396e+08
0
0
0
0
0
2.410812e+08
2.464924e+08
2.539623e+08
2.636141e+08
2.75721e+08
0
0
0
0
2.363167e+08
2.413986e+08
2.484135e+08
2.575793e+08
2.69063e+08
0
0
0
2.321955e+08
2.368326e+08
2.434726e+08
2.521407e+08
2.630913e+08
0
0
2.287083e+08
2.329847e+08
2.391512e+08
2.474127e+08
2.578345e+08
0
0
0
0
0
0
0
0
0
0
3.334947e+08
3.451119e+08
3.603226e+08
3.796496e+08
4.037895e+08
0
0
0
0
0
0
0
0
0
0
3.251016e+08
3.361278e+08
3.50587e+08
3.689626e+08
3.918957e+08
0
0
0
0
0
0
0
0
0
0
3.177271e+08
3.282449e+08
3.420631e+08
3.596356e+08
3.815596e+08
0
0
0
0
0
0
0
0
0
0
3.110834e+08
3.211527e+08
3.344098e+08
3.512841e+08
3.723397e+08
0
0
0
0
0
0
0
0
0
0
3.047783e+08
3.144314e+08
3.271734e+08
3.434095e+08
3.636742e+08
0
0
0
0
0
0
0
0
0
0
0
0
0
0
0
2.983276e+08
3.075676e+08
3.197996e+08
3.354057e+08
3.548885e+08
0
0
0
0
0
0
0
0
0
0
0
0
0
0
2.914697e+08
3.00284e+08
3.119785e+08
3.269165e+08
3.455686e+08
0
0
0
0
0
0
0
0
0
0
0
0
0
2.845937e+08
2.929781e+08
3.041315e+08
3.183898e+08
3.361963e+08
0
0
0
0
0
0
0
0
0
0
0
0
2.780119e+08
2.859819e+08
2.966086e+08
3.102103e+08
3.271957e+08
0
0
0
0
0
0
0
0
0
0
0
2.718684e+08
2.794434e+08
2.895737e+08
3.025515e+08
3.187636e+08
0
0
0
0
0
0
0
0
0
0
2.661855e+08
2.733992e+08
2.830609e+08
2.954564e+08
3.109416e+08
0
0
0
0
0
0
0
0
0
2.609539e+08
2.678084e+08
2.770388e+08
2.88884e+08
3.036902e+08
0
0
0
0
0
0
0
0
2.560759e+08
2.626073e+08
2.714075e+08
2.827387e+08
2.968956e+08
0
0
0
0
0
0
0
2.514443e+08
2.576248e+08
2.660245e+08
2.768346e+08
2.903692e+08
0
0
0
0
0
0
2.467951e+08
2.526568e+08
2.60619e+08
2.709236e+08
2.838111e+08
0
0
0
0
0
2.419814e+08
2.474432e+08
2.549922e+08
2.647486e+08
2.769944e+08
0
0
0
0
2.37172e+08
2.42302e+08
2.493807e+08
2.586368e+08
2.702359e+08
0
0
0
2.328297e+08
2.374948e+08
2.441819e+08
2.5291e+08
2.63941e+08
0
0
2.290454e+08
2.333385e+08
2.395254e+08
2.478176e+08
2.582776e+08
0
2.262314e+08
2.298222e+08
2.356049e+08
2.43369e+08
2.53363e+08
0
0
0
0
0
0
0
0
0
0
3.244203e+08
3.353974e+08
3.497887e+08
3.680733e+08
3.90887e+08
0
0
0
0
0
0
0
0
0
0
3.165142e+08
3.269446e+08
3.406415e+08
3.580518e+08
3.797631e+08
0
0
0
0
0
0
0
0
0
0
3.095623e+08
3.195221e+08
3.32626e+08
3.492945e+08
3.700793e+08
0
0
0
0
0
0
0
0
0
0
3.032969e+08
3.128394e+08
3.254241e+08
3.414472e+08
3.614308e+08
0
0
0
0
0
0
0
0
0
0
2.973497e+08
3.065014e+08
3.18607e+08
3.340403e+08
3.532943e+08
0
0
0
0
0
0
0
0
0
0
0
0
0
0
2.912535e+08
3.000219e+08
3.116504e+08
3.264984e+08
3.450307e+08
0
0
0
0
0
0
0
0
0
0
0
0
0
2.847621e+08
2.931314e+08
3.04261e+08
3.184857e+08
3.362467e+08
0
0
0
0
0
0
0
0
0
0
0
0
2.78247e+08
2.862153e+08
2.968374e+08
3.104308e+08
3.27404e+08
0
0
0
0
0
0
0
0
0
0
0
2.72013e+08
2.795888e+08
2.897196e+08
3.02697e+08
3.189074e+08
0
0
0
0
0
0
0
0
0
0
2.661856e+08
2.733992e+08
2.830609e+08
2.954564e+08
3.109416e+08
0
0
0
0
0
0
0
0
0
2.608162e+08
2.6767e+08
2.769004e+08
2.887462e+08
3.035537e+08
0
0
0
0
0
0
0
0
2.558585e+08
2.623923e+08
2.711967e+08
2.825348e+08
2.967016e+08
0
0
0
0
0
0
0
2.512756e+08
2.574673e+08
2.658847e+08
2.767187e+08
2.902856e+08
0
0
0
0
0
0
2.468942e+08
2.527862e+08
2.607891e+08
2.711505e+08
2.84111e+08
0
0
0
0
0
2.425776e+08
2.480838e+08
2.557032e+08
2.655518e+08
2.779209e+08
0
0
0
0
2.380343e+08
2.432184e+08
2.50368e+08
2.597258e+08
2.714548e+08
0
0
0
2.3366e+08
2.383628e+08
2.45115e+08
2.539254e+08
2.650678e+08
0
0
2.296555e+08
2.339815e+08
2.402078e+08
2.4856e+08
2.59094e+08
0
2.265631e+08
2.301637e+08
2.359689e+08
2.437596e+08
2.537915e+08
2.243352e+08
2.273257e+08
2.323845e+08
2.397239e+08
2.491664e+08
0
0
0
0
0
0
0
0
0
0
3.158681e+08
3.262533e+08
3.398876e+08
3.572142e+08
3.788157e+08
0
0
0
0
0
0
0
0
0
0
3.08412e+08
3.182911e+08
3.312829e+08
3.478016e+08
3.683903e+08
0
0
0
0
0
0
0
0
0
0
3.018529e+08
3.112943e+08
3.237369e+08
3.395694e+08
3.593028e+08
0
0
0
0
0
0
0
0
0
0
2.959434e+08
3.049923e+08
3.169519e+08
3.321874e+08
3.511807e+08
0
0
0
0
0
0
0
0
0
0
2.903284e+08
2.990144e+08
3.105247e+08
3.25212e+08
3.435314e+08
0
0
0
0
0
0
0
0
0
0
0
0
0
2.845648e+08
2.928913e+08
3.039589e+08
3.180992e+08
3.357487e+08
0
0
0
0
0
0
0
0
0
0
0
0
2.784154e+08
2.863696e+08
2.969696e+08
3.105313e+08
3.274617e+08
0
0
0
0
0
0
0
0
0
0
0
2.722431e+08
2.798169e+08
2.899434e+08
3.029133e+08
3.191122e+08
0
0
0
0
0
0
0
0
0
0
2.663266e+08
2.73541e+08
2.832028e+08
2.955979e+08
3.110818e+08
0
0
0
0
0
0
0
0
0
2.608162e+08
2.6767e+08
2.769004e+08
2.887462e+08
3.035537e+08
0
0
0
0
0
0
0
0
2.557238e+08
2.622572e+08
2.710616e+08
2.824004e+08
2.965687e+08
0
0
0
0
0
0
0
2.510624e+08
2.572559e+08
2.656778e+08
2.765182e+08
2.900947e+08
0
0
0
0
0
0
2.467244e+08
2.526287e+08
2.606477e+08
2.710325e+08
2.840234e+08
0
0
0
0
0
2.426677e+08
2.482e+08
2.558604e+08
2.657615e+08
2.78201e+08
0
0
0
0
2.386002e+08
2.438336e+08
2.510457e+08
2.60494e+08
2.723379e+08
0
0
0
2.344969e+08
2.392407e+08
2.460665e+08
2.549693e+08
2.662377e+08
0
0
2.304523e+08
2.34824e+08
2.411042e+08
2.495394e+08
2.601758e+08
0
2.271629e+08
2.307822e+08
2.366315e+08
2.444738e+08
2.545793e+08
2.246497e+08
2.276617e+08
2.327358e+08
2.401039e+08
2.495797e+08
2.25412e+08
2.29842e+08
2.364116e+08
2.453842e+08
0
0
0
0
0
0
0
0
0
0
3.077983e+08
3.176356e+08
3.305695e+08
3.47011e+08
3.674984e+08
0
0
0
0
0
0
0
0
0
0
3.007603e+08
3.10127e+08
3.224657e+08
3.381595e+08
3.577115e+08
0
0
0
0
0
0
0
0
0
0
2.945709e+08
3.035257e+08
3.153535e+08
3.304119e+08
3.491732e+08
0
0
0
0
0
0
0
0
0
0
2.889916e+08
2.975819e+08
3.089562e+08
3.234595e+08
3.415363e+08
0
0
0
0
0
0
0
0
0
0
2.836882e+08
2.91938e+08
3.028951e+08
3.168851e+08
3.343362e+08
0
0
0
0
0
0
0
0
0
0
0
0
2.782351e+08
2.861494e+08
2.966916e+08
3.10174e+08
3.269998e+08
0
0
0
0
0
0
0
0
0
0
0
2.724115e+08
2.799717e+08
2.900777e+08
3.03018e+08
3.191765e+08
0
0
0
0
0
0
0
0
0
0
2.665522e+08
2.737644e+08
2.834218e+08
2.9581e+08
3.112831e+08
0
0
0
0
0
0
0
0
0
2.609539e+08
2.678084e+08
2.770388e+08
2.88884e+08
3.036902e+08
0
0
0
0
0
0
0
0
2.557238e+08
2.622572e+08
2.710616e+08
2.824004e+08
2.965687e+08
0
0
0
0
0
0
0
2.509307e+08
2.571236e+08
2.655458e+08
2.763869e+08
2.89965e+08
0
0
0
0
0
0
2.46514e+08
2.524213e+08
2.60444e+08
2.708355e+08
2.838354e+08
0
0
0
0
0
2.424987e+08
2.480411e+08
2.557184e+08
2.656411e+08
2.781101e+08
0
0
0
0
2.386764e+08
2.439403e+08
2.511886e+08
2.606892e+08
2.725985e+08
0
0
0
2.350448e+08
2.398249e+08
2.467174e+08
2.557018e+08
2.670825e+08
0
0
2.312515e+08
2.35676e+08
2.420159e+08
2.505454e+08
2.612971e+08
0
2.279471e+08
2.315907e+08
2.375016e+08
2.454147e+08
2.556226e+08
2.252153e+08
2.282697e+08
2.333731e+08
2.407972e+08
2.503374e+08
2.257307e+08
2.301877e+08
2.367782e+08
2.457861e+08
2.278891e+08
2.337962e+08
2.419444e+08
0
0
0
0
0
0
0
0
0
0
3.001763e+08
3.095044e+08
3.217895e+08
3.374116e+08
3.568701e+08
0
0
0
0
0
0
0
0
0
0
2.935316e+08
3.02417e+08
3.141484e+08
3.290778e+08
3.476709e+08
0
0
0
0
0
0
0
0
0
0
2.87685e+08
2.96188e+08
3.074393e+08
3.217778e+08
3.396389e+08
0
0
0
0
0
0
0
0
0
0
2.824157e+08
2.905765e+08
3.014065e+08
3.152245e+08
3.324497e+08
0
0
0
0
0
0
0
0
0
0
2.774034e+08
2.852462e+08
2.95685e+08
3.090265e+08
3.256666e+08
0
0
0
0
0
0
0
0
0
0
0
2.722468e+08
2.797696e+08
2.898215e+08
3.026876e+08
3.187477e+08
0
0
0
0
0
0
0
0
0
0
2.667209e+08
2.739198e+08
2.835575e+08
2.95918e+08
3.113535e+08
0
0
0
0
0
0
0
0
0
2.611751e+08
2.680276e+08
2.772535e+08
2.890917e+08
3.038879e+08
0
0
0
0
0
0
0
0
2.558585e+08
2.623923e+08
2.711967e+08
2.825348e+08
2.967016e+08
0
0
0
0
0
0
0
2.509307e+08
2.571236e+08
2.655458e+08
2.763869e+08
2.89965e+08
0
0
0
0
0
0
2.463847e+08
2.52292e+08
2.603148e+08
2.707072e+08
2.837085e+08
0
0
0
0
0
2.422921e+08
2.478363e+08
2.555185e+08
2.654469e+08
2.77925e+08
0
0
0
0
2.385042e+08
2.437818e+08
2.510446e+08
2.605674e+08
2.72504e+08
0
0
0
2.351153e+08
2.399171e+08
2.468499e+08
2.558812e+08
2.673266e+08
0
0
2.317668e+08
2.362417e+08
2.426343e+08
2.512491e+08
2.621031e+08
0
2.287355e+08
2.324045e+08
2.383863e+08
2.463786e+08
2.567032e+08
2.259491e+08
2.290654e+08
2.342082e+08
2.417104e+08
2.513396e+08
2.263041e+08
2.308142e+08
2.374451e+08
2.465216e+08
2.282168e+08
2.341569e+08
2.423322e+08
2.317815e+08
2.392282e+08
0
0
0
0
0
0
0
0
0
0
2.92975e+08
3.018246e+08
3.135062e+08
3.283692e+08
3.468755e+08
0
0
0
0
0
0
0
0
0
0
2.86695e+08
2.951335e+08
3.062949e+08
3.205134e+08
3.382181e+08
0
0
0
0
0
0
0
0
0
0
2.811702e+08
2.892497e+08
2.99965e+08
3.136291e+08
3.306533e+08
0
0
0
0
0
0
0
0
0
0
2.761904e+08
2.839502e+08
2.942703e+08
3.074508e+08
3.238797e+08
0
0
0
0
0
0
0
0
0
0
2.714561e+08
2.789125e+08
2.888675e+08
3.016017e+08
3.174877e+08
0
0
0
0
0
0
0
0
0
0
2.665713e+08
2.737342e+08
2.83321e+08
2.95612e+08
3.109554e+08
0
0
0
0
0
0
0
0
0
2.613437e+08
2.681838e+08
2.773906e+08
2.892024e+08
3.039634e+08
0
0
0
0
0
0
0
0
2.560759e+08
2.626073e+08
2.714075e+08
2.827387e+08
2.968956e+08
0
0
0
0
0
0
0
2.510624e+08
2.572559e+08
2.656778e+08
2.765182e+08
2.900947e+08
0
0
0
0
0
0
2.463847e+08
2.52292e+08
2.603148e+08
2.707072e+08
2.837085e+08
0
0
0
0
0
2.421656e+08
2.477093e+08
2.553921e+08
2.653212e+08
2.77801e+08
0
0
0
0
2.382985e+08
2.435807e+08
2.50847e+08
2.603767e+08
2.723213e+08
0
0
0
2.349448e+08
2.397551e+08
2.46706e+08
2.557566e+08
2.672298e+08
0
0
2.318192e+08
2.363278e+08
2.427514e+08
2.51417e+08
2.623294e+08
0
2.292463e+08
2.329369e+08
2.389853e+08
2.470478e+08
2.574777e+08
2.266749e+08
2.29868e+08
2.350533e+08
2.426457e+08
2.523751e+08
2.270489e+08
2.316358e+08
2.383215e+08
2.474941e+08
2.288078e+08
2.348124e+08
2.430396e+08
2.321236e+08
2.396096e+08
2.371285e+08
0
0
0
0
0
0
0
0
0
0
2.861638e+08
2.94569e+08
3.05684e+08
3.198407e+08
3.374647e+08
0
0
0
0
0
0
0
0
0
0
2.802258e+08
2.882453e+08
2.988767e+08
3.124287e+08
3.293073e+08
0
0
0
0
0
0
0
0
0
0
2.750016e+08
2.826855e+08
2.928985e+08
3.059351e+08
3.22176e+08
0
0
0
0
0
0
0
0
0
0
2.702979e+08
2.776773e+08
2.87521e+08
3.001045e+08
3.157926e+08
0
0
0
0
0
0
0
0
0
0
2.658194e+08
2.729194e+08
2.824157e+08
2.945827e+08
3.097628e+08
0
0
0
0
0
0
0
0
0
2.612075e+08
2.680142e+08
2.771722e+08
2.889185e+08
3.035931e+08
0
0
0
0
0
0
0
0
2.562451e+08
2.62764e+08
2.715462e+08
2.828519e+08
2.969753e+08
0
0
0
0
0
0
0
2.512756e+08
2.574673e+08
2.658847e+08
2.767187e+08
2.902856e+08
0
0
0
0
0
0
2.46514e+08
2.524213e+08
2.60444e+08
2.708355e+08
2.838354e+08
0
0
0
0
0
2.421656e+08
2.477093e+08
2.553921e+08
2.653212e+08
2.77801e+08
0
0
0
0
2.381732e+08
2.434564e+08
2.507228e+08
2.602537e+08
2.721997e+08
0
0
0
2.347429e+08
2.395546e+08
2.465118e+08
2.555678e+08
2.6705e+08
0
0
2.316412e+08
2.361673e+08
2.426033e+08
2.512917e+08
2.622286e+08
0
2.293002e+08
2.330046e+08
2.390956e+08
2.471987e+08
2.576907e+08
2.271215e+08
2.303957e+08
2.356178e+08
2.43294e+08
2.531122e+08
2.277882e+08
2.324693e+08
2.392153e+08
2.484988e+08
2.295771e+08
2.356746e+08
2.439729e+08
2.327419e+08
2.403048e+08
2.374902e+08
0
0
0
0
0
0
0
0
0
0
2.797181e+08
2.877066e+08
2.982948e+08
3.11789e+08
3.285924e+08
0
0
0
0
0
0
0
0
0
0
2.740996e+08
2.817275e+08
2.918621e+08
3.047939e+08
3.208986e+08
0
0
0
0
0
0
0
0
0
0
2.691616e+08
2.764703e+08
2.862137e+08
2.986624e+08
3.141745e+08
0
0
0
0
0
0
0
0
0
0
2.647125e+08
2.7174e+08
2.811325e+08
2.93158e+08
3.081526e+08
0
0
0
0
0
0
0
0
0
2.60491e+08
2.672392e+08
2.763114e+08
2.879415e+08
3.024626e+08
0
0
0
0
0
0
0
0
2.561223e+08
2.626085e+08
2.713452e+08
2.825883e+08
2.966302e+08
0
0
0
0
0
0
0
2.514443e+08
2.576249e+08
2.660245e+08
2.768346e+08
2.903692e+08
0
0
0
0
0
0
2.467244e+08
2.526287e+08
2.606477e+08
2.710325e+08
2.840234e+08
0
0
0
0
0
2.422921e+08
2.478363e+08
2.555185e+08
2.654469e+08
2.77925e+08
0
0
0
0
2.381732e+08
2.434564e+08
2.507228e+08
2.602537e+08
2.721997e+08
0
0
0
2.346203e+08
2.394316e+08
2.463902e+08
2.554469e+08
2.669311e+08
0
0
2.314368e+08
2.359706e+08
2.424097e+08
2.511061e+08
2.620504e+08
0
2.291267e+08
2.328362e+08
2.389488e+08
2.470686e+08
2.575886e+08
2.271302e+08
2.304646e+08
2.357087e+08
2.434373e+08
2.533064e+08
2.28251e+08
2.330284e+08
2.398271e+08
2.49213e+08
2.303455e+08
2.365559e+08
2.449333e+08
2.335497e+08
2.412229e+08
2.381462e+08
0
0
0
0
0
0
0
0
0
0
2.736136e+08
2.812127e+08
2.913068e+08
3.041847e+08
3.202191e+08
0
0
0
0
0
0
0
0
0
0
2.682989e+08
2.755553e+08
2.852253e+08
2.975759e+08
3.129605e+08
0
0
0
0
0
0
0
0
0
0
2.636252e+08
2.705864e+08
2.79885e+08
2.91784e+08
3.066136e+08
0
0
0
0
0
0
0
0
0
2.594312e+08
2.661122e+08
2.750863e+08
2.86584e+08
3.009306e+08
0
0
0
0
0
0
0
0
2.5544e+08
2.618699e+08
2.705263e+08
2.816592e+08
2.95557e+08
0
0
0
0
0
0
0
2.513327e+08
2.574836e+08
2.65839e+08
2.765903e+08
2.900473e+08
0
0
0
0
0
0
2.468942e+08
2.527862e+08
2.607891e+08
2.711505e+08
2.84111e+08
0
0
0
0
0
2.424987e+08
2.480411e+08
2.557184e+08
2.656411e+08
2.781101e+08
0
0
0
0
2.382985e+08
2.435807e+08
2.50847e+08
2.603766e+08
2.723213e+08
0
0
0
2.346203e+08
2.394316e+08
2.463902e+08
2.554469e+08
2.669311e+08
0
0
2.313136e+08
2.358501e+08
2.422892e+08
2.509877e+08
2.619334e+08
0
2.289269e+08
2.326368e+08
2.387587e+08
2.468832e+08
2.574132e+08
2.269281e+08
2.303005e+08
2.355534e+08
2.433079e+08
2.531985e+08
2.282741e+08
2.331203e+08
2.399496e+08
2.493984e+08
2.308382e+08
2.371616e+08
2.456083e+08
2.343631e+08
2.421696e+08
2.390067e+08
0
0
0
0
0
0
0
0
0
0
2.67833e+08
2.750626e+08
2.846948e+08
2.969948e+08
3.123137e+08
0
0
0
0
0
0
0
0
0
0
2.627992e+08
2.697113e+08
2.789412e+08
2.907481e+08
3.054581e+08
0
0
0
0
0
0
0
0
0
2.583888e+08
2.650084e+08
2.738941e+08
2.852731e+08
2.994646e+08
0
0
0
0
0
0
0
0
2.544253e+08
2.607908e+08
2.693558e+08
2.803634e+08
2.940975e+08
0
0
0
0
0
0
0
2.506807e+08
2.567801e+08
2.650584e+08
2.757063e+08
2.890265e+08
0
0
0
0
0
0
2.467951e+08
2.526568e+08
2.60619e+08
2.709236e+08
2.838111e+08
0
0
0
0
0
2.426677e+08
2.482e+08
2.558604e+08
2.657616e+08
2.78201e+08
0
0
0
0
2.385042e+08
2.437818e+08
2.510446e+08
2.605674e+08
2.72504e+08
0
0
0
2.347429e+08
2.395546e+08
2.465118e+08
2.555678e+08
2.6705e+08
0
0
2.313136e+08
2.358501e+08
2.422892e+08
2.509877e+08
2.619334e+08
0
2.288065e+08
2.325157e+08
2.386407e+08
2.467657e+08
2.572986e+08
2.267116e+08
2.301058e+08
2.353604e+08
2.431259e+08
2.530228e+08
2.280811e+08
2.329692e+08
2.39811e+08
2.492907e+08
2.308829e+08
2.372846e+08
2.457711e+08
2.348996e+08
2.428376e+08
2.398817e+08
0
0
0
0
0
0
0
0
0
0
2.623521e+08
2.692391e+08
2.784335e+08
2.90193e+08
3.048413e+08
0
0
0
0
0
0
0
0
0
2.575962e+08
2.641706e+08
2.729916e+08
2.842841e+08
2.983633e+08
0
0
0
0
0
0
0
0
2.534257e+08
2.597327e+08
2.682152e+08
2.791108e+08
2.926994e+08
0
0
0
0
0
0
0
2.497065e+08
2.55747e+08
2.639378e+08
2.744683e+08
2.876336e+08
0
0
0
0
0
0
2.461741e+08
2.519844e+08
2.598754e+08
2.700807e+08
2.828397e+08
0
0
0
0
0
2.425776e+08
2.480838e+08
2.557032e+08
2.655518e+08
2.779209e+08
0
0
0
0
2.386764e+08
2.439403e+08
2.511886e+08
2.606892e+08
2.725985e+08
0
0
0
2.349448e+08
2.397551e+08
2.46706e+08
2.557566e+08
2.672298e+08
0
0
2.314368e+08
2.359706e+08
2.424097e+08
2.511061e+08
2.620504e+08
0
2.288065e+08
2.325157e+08
2.386407e+08
2.467657e+08
2.572986e+08
2.265833e+08
2.299875e+08
2.352417e+08
2.43011e+08
2.529089e+08
2.278694e+08
2.327808e+08
2.396256e+08
2.491182e+08
2.30702e+08
2.371502e+08
2.456531e+08
2.349733e+08
2.430004e+08
2.404765e+08
0
0
0
0
0
0
0
0
0
2.571664e+08
2.637174e+08
2.725051e+08
2.837531e+08
2.977744e+08
0
0
0
0
0
0
0
0
2.526651e+08
2.58929e+08
2.673513e+08
2.781654e+08
2.916482e+08
0
0
0
0
0
0
0
2.487458e+08
2.547324e+08
2.628445e+08
2.732703e+08
2.86298e+08
0
0
0
0
0
0
2.452402e+08
2.509926e+08
2.588025e+08
2.688957e+08
2.815092e+08
0
0
0
0
0
2.419813e+08
2.474431e+08
2.549922e+08
2.647486e+08
2.769944e+08
0
0
0
0
2.386002e+08
2.438336e+08
2.510457e+08
2.60494e+08
2.723379e+08
0
0
0
2.351153e+08
2.399171e+08
2.468499e+08
2.558812e+08
2.673266e+08
0
0
2.316412e+08
2.361673e+08
2.426033e+08
2.512917e+08
2.622286e+08
0
2.289269e+08
2.326368e+08
2.387587e+08
2.468832e+08
2.574132e+08
2.265833e+08
2.299875e+08
2.352417e+08
2.43011e+08
2.529089e+08
2.27743e+08
2.32665e+08
2.395098e+08
2.490068e+08
2.30496e+08
2.369694e+08
2.454768e+08
2.348077e+08
2.428864e+08
2.405871e+08
0
0
0
0
0
0
0
0
2.522516e+08
2.584933e+08
2.668845e+08
2.776567e+08
2.91085e+08
0
0
0
0
0
0
0
2.480143e+08
2.539612e+08
2.620158e+08
2.723654e+08
2.852933e+08
0
0
0
0
0
0
2.443174e+08
2.500175e+08
2.577544e+08
2.677475e+08
2.80232e+08
0
0
0
0
0
2.410812e+08
2.464924e+08
2.539623e+08
2.636142e+08
2.75721e+08
0
0
0
0
2.380343e+08
2.432184e+08
2.50368e+08
2.597258e+08
2.714548e+08
0
0
0
2.350448e+08
2.398248e+08
2.467174e+08
2.557018e+08
2.670825e+08
0
0
2.318192e+08
2.363278e+08
2.427514e+08
2.51417e+08
2.623294e+08
0
2.291267e+08
2.328362e+08
2.389487e+08
2.470686e+08
2.575886e+08
2.267116e+08
2.301058e+08
2.353604e+08
2.431259e+08
2.530228e+08
2.27743e+08
2.32665e+08
2.395098e+08
2.490068e+08
2.303719e+08
2.368565e+08
2.453643e+08
2.346086e+08
2.427148e+08
2.404401e+08
0
0
0
0
0
0
0
2.476156e+08
2.535421e+08
2.615671e+08
2.718774e+08
2.84754e+08
0
0
0
0
0
0
2.436142e+08
2.492758e+08
2.569592e+08
2.668796e+08
2.792707e+08
0
0
0
0
0
2.40191e+08
2.455559e+08
2.529551e+08
2.625135e+08
2.744972e+08
0
0
0
0
2.37172e+08
2.42302e+08
2.493807e+08
2.586369e+08
2.702359e+08
0
0
0
2.344969e+08
2.392407e+08
2.460665e+08
2.549693e+08
2.662377e+08
0
0
2.317668e+08
2.362417e+08
2.426343e+08
2.512491e+08
2.621031e+08
0
2.293002e+08
2.330046e+08
2.390956e+08
2.471987e+08
2.576907e+08
2.269281e+08
2.303005e+08
2.355534e+08
2.433079e+08
2.531985e+08
2.278694e+08
2.327808e+08
2.396256e+08
2.491182e+08
2.303719e+08
2.368565e+08
2.453643e+08
2.34487e+08
2.426051e+08
2.402489e+08
0
0
0
0
0
0
2.432299e+08
2.488718e+08
2.565277e+08
2.664107e+08
2.787536e+08
0
0
0
0
0
2.395121e+08
2.448429e+08
2.521905e+08
2.61681e+08
2.735756e+08
0
0
0
0
2.363167e+08
2.413986e+08
2.484134e+08
2.575793e+08
2.69063e+08
0
0
0
2.3366e+08
2.383628e+08
2.45115e+08
2.539254e+08
2.650678e+08
0
0
2.312515e+08
2.35676e+08
2.420159e+08
2.505454e+08
2.612971e+08
0
2.292463e+08
2.329369e+08
2.389853e+08
2.470478e+08
2.574777e+08
2.271302e+08
2.304646e+08
2.357087e+08
2.434373e+08
2.533064e+08
2.280811e+08
2.329692e+08
2.39811e+08
2.492907e+08
2.30496e+08
2.369694e+08
2.454768e+08
2.34487e+08
2.426051e+08
2.401301e+08
0
0
0
0
0
2.391402e+08
2.444534e+08
2.517746e+08
2.612301e+08
2.730787e+08
0
0
0
0
2.356635e+08
2.407103e+08
2.476785e+08
2.567789e+08
2.681791e+08
0
0
0
2.328297e+08
2.374948e+08
2.441819e+08
2.5291e+08
2.639411e+08
0
0
2.304523e+08
2.34824e+08
2.411042e+08
2.495394e+08
2.601758e+08
0
2.287355e+08
2.324045e+08
2.383863e+08
2.463786e+08
2.567032e+08
2.271215e+08
2.303957e+08
2.356178e+08
2.43294e+08
2.531122e+08
2.282741e+08
2.331203e+08
2.399496e+08
2.493984e+08
2.30702e+08
2.371502e+08
2.456531e+08
2.346086e+08
2.427148e+08
2.401301e+08
0
0
0
0
2.353046e+08
2.403335e+08
2.472777e+08
2.563445e+08
2.677016e+08
0
0
0
2.321955e+08
2.368326e+08
2.434725e+08
2.521407e+08
2.630914e+08
0
0
2.296555e+08
2.339815e+08
2.402078e+08
2.4856e+08
2.59094e+08
0
2.279471e+08
2.315907e+08
2.375016e+08
2.454147e+08
2.556226e+08
2.266749e+08
2.29868e+08
2.350533e+08
2.426457e+08
2.523751e+08
2.28251e+08
2.330284e+08
2.398271e+08
2.49213e+08
2.308829e+08
2.372846e+08
2.457711e+08
2.348077e+08
2.428864e+08
2.402489e+08
0
0
0
2.318462e+08
2.36469e+08
2.430847e+08
2.517221e+08
2.626314e+08
0
0
2.290454e+08
2.333385e+08
2.395253e+08
2.478176e+08
2.582776e+08
0
2.271629e+08
2.307822e+08
2.366315e+08
2.444738e+08
2.545793e+08
2.259491e+08
2.290654e+08
2.342082e+08
2.417104e+08
2.513396e+08
2.277882e+08
2.324693e+08
2.392153e+08
2.484988e+08
2.308382e+08
2.371616e+08
2.456083e+08
2.349733e+08
2.430004e+08
2.404401e+08
0
0
2.287083e+08
2.329847e+08
2.391512e+08
2.474126e+08
2.578345e+08
0
2.265631e+08
2.301637e+08
2.359689e+08
2.437596e+08
2.537915e+08
2.252153e+08
2.282697e+08
2.333731e+08
2.407972e+08
2.503374e+08
2.270489e+08
2.316358e+08
2.383215e+08
2.474941e+08
2.303455e+08
2.365559e+08
2.449333e+08
2.348996e+08
2.428376e+08
2.405871e+08
0
2.262314e+08
2.298222e+08
2.356049e+08
2.43369e+08
2.53363e+08
2.246497e+08
2.276617e+08
2.327358e+08
2.401039e+08
2.495797e+08
2.263041e+08
2.308142e+08
2.374451e+08
2.465216e+08
2.295771e+08
2.356746e+08
2.439729e+08
2.343631e+08
2.421696e+08
2.404765e+08
2.243352e+08
2.273257e+08
2.323845e+08
2.397239e+08
2.491664e+08
2.257307e+08
2.301877e+08
2.367782e+08
2.457861e+08
2.288078e+08
2.348124e+08
2.430396e+08
2.335497e+08
2.412229e+08
2.398817e+08
2.254121e+08
2.29842e+08
2.364116e+08
2.453842e+08
2.282169e+08
2.341569e+08
2.423322e+08
2.327419e+08
2.403048e+08
2.390067e+08
2.278891e+08
2.337962e+08
2.419444e+08
2.321236e+08
2.396096e+08
2.381462e+08
2.317816e+08
2.392282e+08
2.374902e+08
2.371285e+08
)
;

boundaryField
{
    airInlet
    {
        type            calculated;
        value           uniform 0;
    }
    airOutlet
    {
        type            calculated;
        value           uniform 0;
    }
    cathodeSides
    {
        type            calculated;
        value           uniform 0;
    }
    air_to_interconnect
    {
        type            calculated;
        value           uniform 0;
    }
    air_to_electrolyte
    {
        type            calculated;
        value           uniform 0;
    }
}


// ************************************************************************* //
