/*--------------------------------*- C++ -*----------------------------------*\
| =========                 |                                                 |
| \\      /  F ield         | OpenFOAM: The Open Source CFD Toolbox           |
|  \\    /   O peration     | Version:  2306                                  |
|   \\  /    A nd           | Website:  www.openfoam.com                      |
|    \\/     M anipulation  |                                                 |
\*---------------------------------------------------------------------------*/
FoamFile
{
    version     2.0;
    format      ascii;
    arch        "LSB;label=32;scalar=64";
    class       cellSet;
    location    "constant/polyMesh/sets";
    object      anode;
}
// * * * * * * * * * * * * * * * * * * * * * * * * * * * * * * * * * * * * * //


4000
(
49162
49163
49164
49165
49166
32798
32799
49184
32800
49185
32801
49186
32802
49187
49188
49205
49206
49207
49208
49209
32837
32838
32839
32840
49225
32841
49226
49227
49228
49229
49245
49246
49247
49248
32876
32877
32878
32879
49264
32880
49265
49266
49282
49283
49299
32915
32916
32917
32918
32919
32954
32955
32956
32957
32958
32993
32994
32995
32996
32997
33032
33033
33034
33035
33036
49424
49425
49426
49427
49428
49447
49448
49449
49450
49451
33071
33072
33073
33074
33075
49469
49470
49471
49472
49473
49490
49491
49492
49493
49494
33110
33111
33112
33113
33114
49510
49511
49512
49513
49514
16759
49530
49531
49532
49533
33149
33150
33151
33152
33153
49549
49550
49551
16798
49567
16799
49568
33188
33189
33190
33191
33192
49584
16837
16838
16839
33227
33228
33229
33230
33231
16876
16877
16878
16879
33266
33267
33268
33269
33270
16915
16916
16917
16918
16919
33305
33306
33307
33308
33309
49713
49714
49715
49716
49717
33344
33345
33346
33347
33348
49735
49736
49737
49738
49739
49756
49757
49758
49759
49760
33382
33383
33384
33385
33386
49776
49777
49778
49779
49780
49796
49797
49798
49799
33419
33420
33421
33422
33423
49815
49816
49817
49833
49834
33455
33456
33457
33458
33459
49850
33490
33491
33492
33493
33494
33524
33525
33526
33527
33528
33576
33577
33578
33579
33580
49982
49983
49984
49985
49986
33615
33616
33617
33618
50003
33619
50004
50005
50006
50007
50023
50024
50025
50026
50027
33654
33655
33656
33657
33658
50043
50044
50045
50046
50062
50063
50064
33693
33694
33695
50080
33696
50081
33697
50097
33732
33733
33734
33735
33736
33771
33772
33773
33774
33775
33810
33811
33812
33813
33814
50231
50232
50233
33849
50234
33850
50235
33851
33852
33853
50251
17483
50252
50253
50254
50255
50271
50272
33888
50273
33889
50274
33890
33891
33892
50290
17522
50291
17523
50292
50308
50309
33927
33928
33929
33930
33931
50325
17561
17562
17563
33966
33967
33968
33969
33970
17600
17601
17602
17603
34005
34006
34007
34008
34009
17639
17640
17641
17642
17643
34044
34045
34046
34047
34048
17678
17679
17680
17681
17682
50460
50461
50462
50463
50464
34083
34084
34085
34086
34087
50480
50481
50482
50483
50499
50500
50501
34121
34122
34123
34124
34125
50517
50518
50534
34158
34159
34160
34161
34162
34194
34195
34196
34197
34198
34229
34230
34231
34232
34233
34263
34264
34265
34266
34267
50670
50671
50672
50673
34296
34297
34298
34299
34300
50689
50690
50691
50707
50708
50724
34347
34348
34349
34350
34351
34386
34387
34388
34389
34390
34425
34426
34427
34428
34429
34464
34465
34466
34467
34468
50860
50861
50862
50878
50879
34503
34504
34505
34506
34507
50895
34542
34543
34544
34545
34546
34581
34582
34583
34584
34585
18215
34620
34621
34622
34623
34624
18254
18255
51031
51032
34659
34660
34661
34662
34663
51048
18293
18294
18295
34698
34699
34700
34701
34702
18332
18333
18334
18335
34737
34738
34739
34740
34741
18371
18372
18373
18374
18375
34776
34777
34778
34779
34780
18410
18411
18412
18413
18414
51184
34815
34816
34817
34818
34819
18449
18450
18451
18452
18453
34853
34854
34855
34856
34857
34890
34891
34892
34893
34894
34926
34927
34928
34929
34930
34961
34962
34963
34964
34965
34995
34996
34997
34998
34999
35028
35029
35030
35031
35032
35060
35061
35062
35063
35064
35110
35111
35112
35113
35114
35149
35150
35151
35152
35153
35188
35189
35190
35191
35192
35227
35228
35229
35230
35231
35266
35267
35268
35269
35270
35305
35306
35307
35308
35309
18954
35344
35345
35346
35347
35348
18993
18994
35383
35384
35385
35386
35387
19032
19033
19034
35422
35423
35424
35425
35426
19071
19072
19073
19074
35461
35462
35463
35464
35465
19110
19111
19112
19113
19114
35500
35501
35502
35503
35504
19149
19150
19151
19152
19153
35539
35540
35541
35542
35543
19188
19189
19190
19191
19192
35577
35578
35579
35580
35581
19227
19228
19229
35614
19230
35615
19231
35616
35617
35618
35650
35651
35652
35653
35654
35685
35686
35687
35688
35689
35719
35720
35721
35722
35723
35752
35753
35754
35755
35756
35784
35785
35786
35787
35788
35815
35816
35817
35818
35819
35864
35865
35866
35867
35868
35903
35904
35905
35906
35907
35942
35943
35944
35945
35946
35981
35982
35983
35984
35985
36020
36021
36022
36023
36024
36059
36060
36061
36062
36063
19699
36098
36099
36100
36101
36102
19738
19739
36137
36138
36139
36140
36141
19777
19778
19779
36176
36177
36178
36179
36180
19816
19817
19818
19819
36215
36216
36217
36218
36219
19855
19856
19857
19858
19859
36254
36255
36256
36257
36258
19894
19895
19896
19897
19898
36292
36293
36294
36295
36296
19933
19934
19935
19936
19937
36329
36330
36331
36332
36333
19972
19973
19974
19975
19976
36365
36366
36367
36368
36369
20011
20012
20013
20014
20015
36400
36401
36402
36403
36404
36434
36435
36436
36437
36438
36467
36468
36469
36470
36471
36499
36500
36501
36502
36503
36530
36531
36532
36533
36534
36560
36561
36562
36563
36564
36608
36609
36610
36611
36612
36647
36648
36649
36650
36651
36686
36687
36688
36689
36690
36725
36726
36727
36728
36729
36764
36765
36766
36767
36768
36803
36804
36805
36806
36807
20449
36842
36843
36844
36845
36846
20488
20489
36881
36882
36883
36884
36885
20527
20528
20529
36920
36921
36922
36923
36924
20566
20567
20568
20569
36959
36960
36961
36962
36963
20605
20606
20607
20608
20609
36997
36998
36999
37000
37001
20644
20645
20646
20647
20648
37034
37035
37036
37037
37038
20683
20684
20685
37070
20686
37071
20687
37072
37073
37074
37105
37106
20722
37107
20723
37108
20724
37109
20725
20726
37139
37140
37141
37142
37143
20761
20762
20763
20764
20765
37172
37173
37174
37175
37176
20800
20801
20802
20803
20804
37204
37205
37206
37207
37208
37235
37236
37237
37238
37239
37265
37266
37267
37268
37269
37294
37295
37296
37297
37298
37341
37342
37343
37344
37345
37380
37381
37382
37383
37384
37419
37420
37421
37422
37423
37458
37459
37460
37461
37462
37497
37498
37499
37500
37501
37536
37537
37538
37539
37540
37575
37576
37577
37578
37579
21203
37614
37615
37616
37617
37618
21242
21243
37653
37654
37655
37656
37657
21281
21282
21283
37691
37692
37693
37694
37695
21320
21321
21322
21323
37728
37729
37730
37731
37732
21359
21360
21361
21362
21363
37764
37765
37766
37767
37768
21398
21399
21400
21401
21402
37799
37800
37801
37802
37803
21437
21438
21439
21440
21441
37833
37834
37835
37836
37837
21476
21477
21478
21479
21480
37866
37867
37868
37869
37870
37898
37899
21515
37900
21516
37901
21517
37902
21518
21519
37929
37930
37931
37932
37933
21554
21555
21556
21557
21558
37959
37960
37961
37962
37963
21593
21594
21595
21596
21597
37988
37989
37990
37991
37992
38016
38017
38018
38019
38020
38062
38063
38064
38065
38066
38101
38102
38103
38104
38105
38140
38141
38142
38143
38144
38179
38180
38181
38182
38183
38218
38219
38220
38221
38222
38257
38258
38259
38260
38261
38296
38297
38298
38299
38300
38335
38336
38337
38338
38339
21960
38373
38374
38375
38376
38377
21999
22000
38410
38411
38412
38413
38414
22038
22039
22040
38446
38447
38448
38449
38450
22077
22078
22079
22080
38481
38482
38483
38484
38485
22116
22117
22118
22119
22120
38515
38516
38517
38518
38519
22155
22156
22157
22158
22159
38548
38549
38550
38551
38552
22194
22195
38580
22196
38581
22197
38582
22198
38583
38584
38611
38612
38613
38614
38615
22233
22234
22235
22236
22237
38641
38642
38643
38644
38645
22272
22273
22274
22275
22276
38670
38671
38672
38673
38674
22311
22312
22313
38698
22314
38699
22315
38700
38701
38702
38725
38726
38727
38728
38729
22350
22351
22352
22353
22354
38770
38771
38772
38773
22389
38774
22390
22391
22392
22393
38809
38810
38811
38812
38813
38848
38849
38850
38851
38852
38887
38888
38889
38890
38891
38926
38927
38928
38929
38930
38965
38966
38967
38968
38969
39004
39005
39006
39007
39008
39042
39043
39044
39045
39046
39079
39080
39081
39082
39083
22719
39115
39116
39117
39118
39119
22758
22759
39150
39151
39152
39153
39154
22797
22798
22799
39184
39185
39186
39187
39188
39217
39218
39219
39220
22836
39221
22837
22838
22839
39249
39250
39251
39252
39253
22875
22876
22877
22878
22879
39280
39281
39282
39283
39284
22914
22915
22916
22917
22918
39310
39311
39312
39313
39314
22953
22954
39339
22955
39340
22956
39341
22957
39342
39343
39367
39368
39369
39370
39371
22992
22993
22994
22995
22996
39394
39395
39396
39397
39398
23031
23032
23033
23034
23035
39420
39421
39422
39423
39424
23070
23071
23072
23073
23074
39464
39465
39466
39467
39468
23109
23110
23111
23112
23113
39503
39504
39505
39506
39507
23148
23149
23150
23151
23152
39542
39543
39544
39545
39546
23187
23188
23189
23190
23191
39581
39582
39583
39584
39585
39620
39621
39622
39623
39624
39659
39660
39661
39662
39663
39697
39698
39699
39700
39701
39734
39735
39736
39737
39738
39770
39771
39772
39773
39774
39805
39806
39807
39808
39809
39839
39840
39841
39842
39843
23479
39872
39873
39874
39875
39876
23518
23519
39904
39905
39906
39907
39908
39935
39936
39937
39938
39939
23557
23558
23559
39965
39966
39967
39968
39969
23596
23597
23598
23599
39994
39995
39996
39997
39998
23635
23636
23637
40022
23638
40023
23639
40024
40025
40026
40049
40050
40051
40052
40053
23674
23675
23676
23677
23678
40075
40076
40077
40078
40079
23713
23714
23715
40100
23716
40101
23717
40102
40103
40104
23752
23753
23754
23755
23756
40143
40144
40145
40146
40147
23791
23792
23793
23794
23795
40182
40183
40184
40185
40186
23830
23831
23832
23833
23834
40221
40222
40223
40224
40225
23869
23870
23871
23872
23873
40260
40261
40262
40263
40264
23908
23909
23910
23911
23912
40299
40300
40301
40302
40303
23947
23948
23949
23950
23951
40337
40338
40339
40340
40341
23986
23987
23988
23989
40374
23990
40375
40376
40377
40378
40410
40411
40412
40413
40414
40445
40446
40447
40448
40449
40479
40480
40481
40482
40483
40512
40513
40514
40515
40516
40544
40545
40546
40547
40548
40575
40576
40577
40578
40579
40605
40606
40607
40608
40609
24239
40634
40635
40636
40637
40638
40662
24278
40663
24279
40664
40665
40666
40689
40690
40691
40692
40693
24317
24318
24319
40715
40716
40717
40718
40719
40740
24356
40741
24357
40742
24358
40743
24359
40744
40764
40765
40766
40767
40768
24395
24396
24397
24398
24399
40806
40807
40808
40809
40810
24434
24435
24436
24437
24438
40845
40846
40847
40848
40849
24473
24474
24475
24476
24477
40884
40885
40886
40887
40888
24512
24513
24514
24515
24516
40923
40924
40925
40926
40927
24551
24552
24553
24554
24555
40961
40962
40963
40964
40965
24590
24591
24592
24593
24594
40998
40999
41000
41001
41002
24629
24630
24631
24632
24633
41034
41035
41036
41037
41038
24668
24669
24670
24671
24672
41069
41070
41071
41072
41073
24707
24708
24709
24710
24711
41103
41104
41105
41106
41107
24746
24747
24748
24749
24750
41136
41137
41138
41139
41140
41168
41169
24785
41170
24786
41171
24787
41172
24788
24789
41199
41200
41201
41202
41203
41229
41230
41231
41232
41233
41258
41259
41260
41261
41262
41286
41287
41288
41289
41290
41313
41314
41315
41316
41317
41339
41340
41341
41342
41343
41364
41365
41366
41367
41368
24999
41388
41389
41390
41391
41392
41411
41412
41413
41414
41415
25038
25039
41452
41453
41454
41455
41456
25077
25078
25079
41491
41492
41493
41494
41495
25116
25117
25118
25119
41530
41531
41532
41533
41534
25155
25156
25157
25158
25159
41568
41569
41570
41571
41572
25194
25195
25196
25197
25198
41605
41606
41607
41608
41609
25233
25234
25235
25236
25237
41641
41642
41643
41644
41645
25272
25273
25274
25275
25276
41676
41677
41678
41679
41680
25311
25312
25313
25314
25315
41710
41711
41712
41713
41714
25350
25351
25352
25353
25354
41743
41744
41745
41746
41747
25389
25390
41775
25391
41776
25392
41777
25393
41778
41779
41806
41807
41808
41809
41810
25428
25429
25430
25431
25432
41836
41837
41838
41839
41840
25467
25468
25469
25470
25471
41865
41866
41867
41868
41869
25506
25507
25508
41893
25509
41894
25510
41895
41896
41897
41920
41921
41922
41923
41924
25545
25546
25547
25548
25549
41946
41947
41948
41949
41950
25584
25585
25586
41971
25587
41972
25588
41973
41974
41975
41995
41996
41997
41998
41999
42018
42019
42020
42021
42022
42040
42041
42042
42043
42044
42080
42081
42082
42083
42084
42119
42120
42121
42122
42123
25759
42157
42158
42159
42160
42161
25798
25799
42194
42195
42196
42197
42198
25837
25838
25839
42230
42231
42232
42233
42234
25876
25877
25878
25879
42265
42266
42267
42268
42269
42299
25915
42300
25916
42301
25917
42302
25918
42303
25919
42332
42333
42334
42335
42336
25954
25955
25956
25957
25958
42364
42365
42366
42367
42368
25993
25994
25995
25996
25997
42395
42396
42397
42398
42399
26032
26033
26034
26035
26036
42425
42426
42427
42428
42429
42454
42455
26071
42456
26072
42457
26073
42458
26074
26075
42482
42483
42484
42485
42486
26110
26111
26112
26113
26114
42509
42510
42511
42512
42513
26149
26150
42535
26151
42536
26152
42537
26153
42538
42539
42560
42561
42562
42563
42564
26188
26189
26190
26191
26192
42584
42585
42586
42587
42588
42607
42608
42609
42610
42611
26227
26228
26229
26230
26231
42629
42630
42631
42632
42633
42650
26266
42651
26267
42652
26268
42653
26269
42654
26270
42689
26305
42690
26306
42691
26307
42692
26308
42693
26309
42727
42728
26344
42729
26345
42730
26346
42731
26347
26348
42764
42765
42766
42767
26383
42768
26384
26385
26386
26387
42800
42801
42802
42803
42804
42835
42836
42837
42838
42839
42869
42870
42871
42872
42873
42902
42903
26519
42904
42905
42906
42934
42935
42936
42937
42938
26558
26559
42965
42966
42967
42968
42969
26597
26598
26599
42995
42996
42997
42998
42999
26636
26637
26638
26639
43024
43025
43026
43027
43028
43052
43053
43054
43055
43056
26675
26676
26677
26678
26679
43079
43080
43081
43082
43083
26714
26715
26716
26717
26718
43105
43106
43107
43108
43109
43130
43131
43132
43133
43134
26753
26754
26755
26756
26757
43154
43155
43156
43157
43158
26792
43177
26793
43178
26794
43179
26795
43180
26796
43181
43199
43200
43201
43202
43203
26831
26832
26833
26834
26835
43220
43221
43222
43223
43224
43240
43241
43242
43243
43244
26870
26871
26872
26873
26874
43278
43279
43280
43281
43282
26909
26910
26911
26912
26913
43315
43316
43317
43318
43319
26948
26949
26950
26951
26952
43351
43352
43353
43354
43355
26987
26988
26989
26990
26991
43386
43387
43388
43389
43390
27026
27027
27028
27029
27030
43420
43421
43422
43423
43424
27065
27066
27067
27068
43453
27069
43454
43455
43456
43457
43485
43486
43487
43488
27104
43489
27105
27106
27107
27108
43516
43517
43518
43519
43520
27143
27144
27145
27146
27147
43546
43547
43548
43549
43550
27182
27183
27184
27185
27186
43575
43576
43577
43578
43579
43603
43604
43605
43606
43607
43630
43631
43632
43633
43634
43656
43657
43658
43659
43660
27279
43681
43682
43683
43684
43685
27318
27319
43705
43706
43707
43708
43709
43728
43729
43730
43731
43732
27357
27358
27359
43750
43751
43752
43753
43754
43771
43772
43773
43774
43775
27396
27397
27398
27399
43791
43792
43793
43794
43795
43811
43812
43813
43814
27435
27436
27437
27438
27439
43847
43848
43849
43850
43851
27474
27475
27476
27477
27478
43883
43884
43885
43886
43887
27513
27514
27515
27516
27517
43918
43919
43920
43921
43922
27552
27553
27554
27555
27556
43952
43953
43954
43955
43956
27591
27592
27593
27594
27595
43985
43986
43987
43988
43989
27630
27631
27632
44017
27633
44018
27634
44019
44020
44021
44048
44049
44050
44051
44052
27669
27670
27671
27672
27673
44078
44079
44080
44081
44082
27708
27709
27710
27711
27712
44107
44108
44109
44110
44111
27747
27748
27749
27750
44135
27751
44136
44137
44138
44139
44162
44163
44164
44165
44166
27786
27787
27788
27789
27790
44188
44189
44190
44191
44192
27825
27826
27827
27828
44213
27829
44214
44215
44216
44217
44237
44238
44239
44240
44241
27864
27865
27866
27867
27868
44260
44261
44262
44263
44264
44282
44283
44284
44285
44286
27903
27904
27905
27906
27907
44303
44304
44305
44306
44307
44323
44324
44325
44326
27942
44327
27943
27944
27945
27946
44343
44344
44345
44346
44362
44363
44364
27981
27982
27983
27984
27985
44396
44397
44398
44399
44400
28039
44431
44432
44433
44434
44435
28078
28079
44465
44466
44467
44468
44469
44498
44499
44500
44501
28117
44502
28118
28119
44530
44531
44532
44533
44534
28156
28157
28158
28159
44561
44562
44563
44564
44565
28195
28196
28197
28198
28199
44591
44592
44593
44594
44595
28234
28235
44620
28236
44621
28237
44622
28238
44623
44624
44648
44649
44650
44651
44652
28273
28274
28275
28276
28277
44675
44676
44677
44678
44679
28312
28313
28314
28315
28316
44701
44702
44703
44704
44705
44726
44727
44728
44729
44730
28351
28352
28353
28354
28355
44750
44751
44752
44753
44754
44773
44774
28390
44775
28391
44776
28392
44777
28393
28394
44795
44796
44797
44798
44799
28429
28430
28431
44816
28432
44817
28433
44818
44819
44820
44836
44837
44838
44839
44840
28468
28469
28470
28471
44856
28472
44857
44858
44859
44875
44876
44877
28507
28508
44893
28509
44894
28510
28511
44925
44926
44927
44928
44929
28546
28547
28548
28549
28550
44959
44960
44961
44962
44963
28585
28586
28587
28588
28589
44992
44993
44994
44995
44996
28624
28625
28626
28627
28628
45024
45025
45026
45027
45028
28663
28664
28665
28666
28667
45055
45056
45057
45058
45059
45085
45086
28702
45087
28703
45088
28704
45089
28705
28706
45114
45115
45116
45117
45118
28741
28742
28743
28744
28745
45142
45143
45144
45145
45146
28780
28781
28782
28783
28784
45169
45170
45171
45172
45173
45195
45196
45197
45198
45199
45220
45221
45222
28838
45223
28839
45224
45244
45245
45246
45247
45248
28877
28878
28879
45267
45268
45269
45270
45271
45289
45290
45291
45292
45293
28916
28917
28918
28919
45310
45311
45312
45313
45314
45330
45331
45332
45333
45334
28955
28956
28957
28958
28959
45350
45351
45352
45353
45369
45370
45371
28994
28995
28996
28997
28998
45387
45388
45404
29033
29034
29035
29036
29037
45434
45435
45436
45437
45438
29072
29073
29074
29075
29076
45467
45468
45469
45470
45471
29111
29112
29113
29114
45499
29115
45500
45501
45502
45503
45530
45531
45532
45533
45534
29150
29151
29152
29153
29154
45560
45561
45562
45563
45564
29189
29190
29191
29192
29193
45589
45590
45591
45592
45593
29228
29229
29230
29231
29232
45617
45618
45619
45620
45621
45644
45645
45646
45647
45648
29267
29268
29269
29270
29271
45670
45671
45672
45673
45674
29306
29307
29308
29309
29310
45695
45696
45697
45698
45699
45719
45720
45721
45722
45723
29345
29346
29347
29348
29349
45742
45743
45744
45745
45746
45764
45765
45766
45767
45768
29384
29385
29386
29387
29388
45785
45786
45787
45788
45789
45805
45806
45807
29423
45808
29424
45809
29425
29426
29427
45825
45826
45827
45828
45844
45845
45846
29462
29463
29464
29465
29466
45862
45863
45879
29501
29502
29503
29504
29505
45923
45924
29540
45925
29541
45926
29542
45927
29543
29544
45955
45956
45957
45958
45959
29579
29580
29581
29582
29583
45986
45987
45988
45989
45990
46016
46017
46018
46019
46020
29636
29637
29638
46045
46046
46047
46048
46049
29675
29676
29677
29678
46073
46074
46075
46076
46077
29714
29715
46100
29716
46101
29717
46102
29718
46103
46104
46126
46127
46128
46129
46130
29753
29754
29755
29756
29757
46151
46152
46153
46154
46155
46175
46176
29792
46177
29793
46178
29794
46179
29795
29796
46198
46199
46200
46201
46202
29831
29832
29833
29834
29835
46220
46221
46222
46223
46224
46241
46242
46243
46244
46245
29870
29871
29872
29873
29874
46261
46262
46263
46264
46265
46281
46282
46283
46284
29909
29910
29911
29912
29913
46300
46301
46302
46318
46319
29948
29949
29950
46335
29951
29952
29987
29988
29989
29990
29991
46392
46393
46394
46395
46396
30026
30027
30028
30029
30030
46423
46424
46425
46426
46427
30065
30066
30067
30068
46453
30069
46454
46455
46456
46457
46482
46483
46484
46485
46486
30104
30105
30106
30107
30108
46510
46511
46512
46513
46514
30143
30144
30145
30146
30147
46537
46538
46539
46540
46541
46563
46564
46565
46566
30182
46567
30183
30184
30185
30186
46588
46589
46590
46591
46592
30221
30222
30223
30224
30225
46612
46613
46614
46615
46616
46635
46636
46637
46638
46639
30260
30261
30262
30263
30264
46657
46658
46659
46660
46661
46678
46679
46680
46681
46682
30299
30300
30301
30302
30303
46698
46699
46700
46701
46702
46718
46719
46720
46721
30338
30339
30340
30341
30342
13963
46737
46738
46739
46755
46756
30376
30377
30378
30379
30380
46772
30432
30433
30434
30435
46841
46842
46843
46844
46845
30471
30472
30473
30474
30475
46871
46872
46873
46874
46875
30510
30511
30512
30513
30514
46900
46901
46902
46903
46904
46928
46929
46930
46931
46932
30549
30550
30551
30552
30553
46955
46956
46957
46958
46959
30588
30589
30590
30591
30592
46981
46982
46983
46984
46985
47006
47007
47008
47009
47010
30627
30628
30629
30630
30631
47030
47031
47032
47033
47034
30666
30667
30668
47053
30669
47054
30670
47055
47056
47057
47075
47076
47077
47078
47079
30705
30706
30707
30708
30709
47096
47097
47098
47099
47100
47116
47117
47118
47119
47120
30744
30745
30746
30747
30748
47136
47137
47138
47139
47155
47156
47157
30783
30784
30785
30786
30787
47173
47174
47190
30822
30823
30824
30825
30826
30861
30862
30863
30864
30865
47270
47271
47272
47273
47274
30900
30901
30902
30903
30904
47299
47300
47301
47302
47303
30939
30940
30941
30942
47327
30943
47328
47329
47330
47331
47354
47355
47356
47357
47358
30978
30979
30980
30981
30982
47380
47381
47382
47383
47384
31017
31018
31019
31020
47405
31021
47406
47407
47408
47409
14645
47429
47430
47431
47432
47433
31056
31057
31058
31059
31060
47452
14684
47453
14685
47454
47455
47456
47474
47475
47476
47477
47478
31095
31096
31097
31098
31099
47495
47496
47497
47498
47499
47515
47516
47517
31133
47518
31134
47519
31135
31136
31137
47535
47536
47537
47538
47554
31170
47555
31171
47556
31172
31173
31174
47572
47573
47589
31225
31226
31227
31228
31229
31264
31265
31266
31267
31268
47679
47680
47681
47682
47683
31303
31304
31305
31306
31307
47707
47708
47709
47710
47711
31342
31343
31344
31345
31346
47734
47735
47736
47737
47738
47760
47761
47762
47763
47764
31381
31382
31383
31384
31385
47785
47786
47787
47788
47789
31420
31421
31422
31423
31424
47809
47810
47811
47812
47813
47832
47833
47834
47835
47836
31459
31460
31461
31462
31463
47854
47855
47856
47857
47858
47875
47876
47877
47878
47879
31498
31499
31500
31501
31502
47895
47896
47897
47898
47899
47915
47916
47917
47918
31537
31538
31539
31540
31541
47934
47935
47936
47952
47953
31576
31577
31578
31579
31580
47969
31615
31616
31617
31618
31619
31654
31655
31656
31657
31658
48068
48069
48070
48071
48072
31693
31694
31695
31696
31697
48095
48096
48097
48098
48099
15339
31732
31733
31734
31735
31736
48121
48122
48123
48124
48125
48146
15378
48147
15379
48148
48149
48150
31771
31772
31773
31774
31775
48170
48171
48172
48173
48174
15417
15418
15419
48193
48194
31810
48195
31811
48196
31812
48197
31813
31814
48215
48216
48217
48218
48219
31849
31850
31851
48236
31852
48237
31853
48238
48239
48240
48256
48257
48258
48259
48260
31887
31888
31889
31890
31891
48276
48277
48278
48279
48295
48296
48297
31924
31925
31926
31927
31928
48313
48314
48330
31960
31961
31962
31963
31964
32014
32015
32016
32017
32018
48437
32053
48438
32054
48439
32055
48440
32056
48441
32057
48463
48464
48465
48466
48467
32092
32093
32094
32095
32096
48488
48489
48490
48491
48492
48512
48513
48514
48515
32131
48516
32132
32133
32134
32135
48535
48536
48537
48538
48539
32170
32171
32172
48557
32173
48558
32174
48559
48560
48561
48578
48579
48580
48581
48582
32209
32210
32211
32212
32213
48598
48599
48600
48601
48602
48618
48619
48620
48621
32248
32249
32250
32251
32252
48637
48638
48639
48655
48656
32287
48672
32288
32289
32290
32291
32326
32327
32328
32329
32330
32365
32366
32367
32368
32369
48786
48787
48788
32404
48789
32405
48790
32406
32407
32408
48811
48812
16044
48813
48814
48815
32443
32444
32445
32446
32447
48835
48836
48837
48838
48839
16083
16084
48858
48859
48860
48861
48862
32482
32483
32484
32485
32486
48880
48881
48882
48883
48884
16122
16123
16124
48901
48902
48903
48904
48905
32521
32522
32523
32524
32525
48921
48922
48923
48924
48925
16161
16162
16163
16164
48941
48942
48943
48944
32560
32561
32562
32563
32564
48960
48961
48962
48978
48979
32599
32600
32601
32602
32603
48995
32637
32638
32639
32640
32641
32674
32675
32676
32677
32678
32710
32711
32712
32713
32714
49115
49116
49117
49118
49119
32745
32746
32747
32748
32749
49139
49140
49141
49142
49143
)


// ************************************************************************* //
