/*--------------------------------*- C++ -*----------------------------------*\
| =========                 |                                                 |
| \\      /  F ield         | OpenFOAM: The Open Source CFD Toolbox           |
|  \\    /   O peration     | Version:  2306                                  |
|   \\  /    A nd           | Website:  www.openfoam.com                      |
|    \\/     M anipulation  |                                                 |
\*---------------------------------------------------------------------------*/
FoamFile
{
    version     2.0;
    format      ascii;
    arch        "LSB;label=32;scalar=64";
    class       volScalarField;
    location    "0.3/fuel";
    object      j;
}
// * * * * * * * * * * * * * * * * * * * * * * * * * * * * * * * * * * * * * //

dimensions      [0 -3 0 0 0 1 0];

internalField   nonuniform List<scalar> 
16000
(
1.066157e+09
1.07437e+09
9.653129e+08
1.009918e+09
1.090639e+09
9.705601e+08
1.017419e+09
8.765974e+08
9.171005e+08
9.703466e+08
1.11485e+09
9.80709e+08
1.032258e+09
8.80527e+08
9.219193e+08
9.773781e+08
8.05055e+08
8.350032e+08
8.829039e+08
9.458423e+08
1.145709e+09
9.952737e+08
1.05432e+09
8.880422e+08
9.312303e+08
9.91282e+08
8.082214e+08
8.386291e+08
8.874342e+08
9.526134e+08
7.459655e+08
7.685158e+08
8.05321e+08
8.61478e+08
9.350283e+08
1.177944e+09
1.012795e+09
1.082408e+09
8.986284e+08
9.445859e+08
1.011951e+09
8.142335e+08
8.45557e+08
8.961827e+08
9.660051e+08
7.486202e+08
7.714488e+08
8.087392e+08
8.658411e+08
9.417201e+08
6.957599e+08
7.134105e+08
7.423271e+08
7.865706e+08
8.517509e+08
0
1.20069e+09
1.029578e+09
1.111711e+09
9.109679e+08
9.606446e+08
1.038275e+09
8.225891e+08
8.553126e+08
9.087316e+08
9.85931e+08
7.536367e+08
7.770126e+08
8.152663e+08
8.742663e+08
9.549672e+08
6.980437e+08
7.158776e+08
7.450989e+08
7.898653e+08
8.560526e+08
0
6.522188e+08
6.664525e+08
6.900007e+08
7.256937e+08
7.779112e+08
0
0
1.213573e+09
1.040325e+09
1.132287e+09
9.22188e+08
9.76017e+08
1.06576e+09
8.321009e+08
8.666804e+08
9.238248e+08
1.011358e+09
7.605352e+08
7.847428e+08
8.244578e+08
8.86358e+08
9.747135e+08
7.023448e+08
7.205349e+08
7.503535e+08
7.961553e+08
8.643633e+08
0
6.542218e+08
6.685808e+08
6.923372e+08
7.28368e+08
7.811564e+08
0
0
6.138288e+08
6.256222e+08
6.453234e+08
6.750757e+08
7.179366e+08
0
0
0
1.219959e+09
1.045685e+09
1.143878e+09
9.288402e+08
9.858256e+08
1.084998e+09
8.404042e+08
8.77012e+08
9.382787e+08
1.037986e+09
7.682394e+08
7.935396e+08
8.351702e+08
9.009176e+08
9.999963e+08
7.082091e+08
7.269376e+08
7.57654e+08
8.05016e+08
8.763025e+08
0
6.579856e+08
6.725852e+08
6.967451e+08
7.334365e+08
7.873532e+08
0
0
6.156115e+08
6.274933e+08
6.473429e+08
6.773324e+08
7.2057e+08
0
0
0
5.795747e+08
5.89538e+08
6.06407e+08
6.318148e+08
6.680743e+08
0
0
0
0
1.222503e+09
1.047955e+09
1.149589e+09
9.317391e+08
9.906967e+08
1.095802e+09
8.449963e+08
8.831188e+08
9.474723e+08
1.056599e+09
7.747359e+08
8.012138e+08
8.449069e+08
9.148814e+08
1.026607e+09
7.14654e+08
7.340848e+08
7.659621e+08
8.153504e+08
8.907053e+08
0
6.630812e+08
6.78043e+08
7.028044e+08
7.404801e+08
7.960886e+08
0
0
6.18957e+08
6.310064e+08
6.511401e+08
6.815885e+08
7.255617e+08
0
0
0
5.811797e+08
5.912071e+08
6.081855e+08
6.337673e+08
6.702967e+08
0
0
0
0
5.487116e+08
5.572727e+08
5.719578e+08
5.940957e+08
6.254545e+08
0
0
0
0
0
1.222503e+09
1.04872e+09
1.151853e+09
9.326969e+08
9.927466e+08
1.101112e+09
8.467104e+08
8.857691e+08
9.520239e+08
1.067049e+09
7.780956e+08
8.054444e+08
8.506432e+08
9.237399e+08
1.045216e+09
7.199261e+08
7.401056e+08
7.732075e+08
8.247502e+08
9.045521e+08
0
6.686059e+08
6.840375e+08
7.095672e+08
7.484994e+08
8.06289e+08
0
0
6.234595e+08
6.357603e+08
6.563147e+08
6.874399e+08
7.325018e+08
0
0
0
5.841901e+08
5.943369e+08
6.115226e+08
6.374374e+08
6.744884e+08
0
0
0
0
5.501699e+08
5.587786e+08
5.735469e+08
5.95817e+08
6.273779e+08
0
0
0
0
0
5.206783e+08
5.281446e+08
5.411079e+08
5.606754e+08
5.88286e+08
0
0
0
0
0
0
1.219959e+09
1.04872e+09
1.151853e+09
9.329044e+08
9.934324e+08
1.103211e+09
8.470621e+08
8.866379e+08
9.539331e+08
1.07219e+09
7.791294e+08
8.07015e+08
8.531235e+08
9.281197e+08
1.055691e+09
7.224781e+08
7.432071e+08
7.771864e+08
8.30269e+08
9.133188e+08
0
6.730063e+08
6.889342e+08
7.152597e+08
7.554935e+08
8.155779e+08
0
0
6.282853e+08
6.409106e+08
6.619963e+08
6.939721e+08
7.404096e+08
0
0
0
5.882223e+08
5.985468e+08
6.160374e+08
6.424391e+08
6.802533e+08
0
0
0
0
5.52905e+08
5.616007e+08
5.765247e+08
5.990456e+08
6.309932e+08
0
0
0
0
0
5.22014e+08
5.295154e+08
5.425436e+08
5.622148e+08
5.899821e+08
0
0
0
0
0
0
4.950446e+08
5.016388e+08
5.132181e+08
5.307201e+08
5.55344e+08
0
0
0
0
0
0
0
1.213573e+09
1.047955e+09
1.149589e+09
9.329044e+08
9.934324e+08
1.103211e+09
8.4702e+08
8.868224e+08
9.545696e+08
1.074227e+09
7.791474e+08
8.073307e+08
8.53932e+08
9.299574e+08
1.060871e+09
7.230851e+08
7.441524e+08
7.786551e+08
8.326485e+08
9.176542e+08
0
6.75003e+08
6.912924e+08
7.181784e+08
7.593179e+08
8.210124e+08
0
0
6.320404e+08
6.45005e+08
6.666316e+08
6.99468e+08
7.47309e+08
0
0
0
5.925021e+08
6.030548e+08
6.209262e+08
6.479311e+08
6.866923e+08
0
0
0
0
5.565537e+08
5.653786e+08
5.805292e+08
6.034135e+08
6.359215e+08
0
0
0
0
0
5.245202e+08
5.320843e+08
5.452328e+08
5.650985e+08
5.931634e+08
0
0
0
0
0
0
4.96276e+08
5.028966e+08
5.145269e+08
5.321122e+08
5.568614e+08
0
0
0
0
0
0
0
4.714805e+08
4.773605e+08
4.878056e+08
5.036161e+08
5.25808e+08
0
0
0
0
0
0
0
0
1.20069e+09
1.045685e+09
1.143878e+09
9.326969e+08
9.927466e+08
1.101112e+09
8.4702e+08
8.868224e+08
9.545696e+08
1.074227e+09
7.789729e+08
8.072872e+08
8.541013e+08
9.30571e+08
1.062933e+09
7.229046e+08
7.4416e+08
7.789445e+08
8.33422e+08
9.194802e+08
0
6.753319e+08
6.91843e+08
7.190586e+08
7.607215e+08
8.233503e+08
0
0
6.336417e+08
6.468508e+08
6.688507e+08
7.022707e+08
7.510637e+08
0
0
0
5.957653e+08
6.065545e+08
6.248062e+08
6.524074e+08
6.921085e+08
0
0
0
0
5.603946e+08
5.693842e+08
5.848143e+08
6.081427e+08
6.413347e+08
0
0
0
0
0
5.278525e+08
5.355095e+08
5.488315e+08
5.689762e+08
5.974683e+08
0
0
0
0
0
0
4.985882e+08
5.052549e+08
5.169784e+08
5.347187e+08
5.597039e+08
0
0
0
0
0
0
0
4.726213e+08
4.78522e+08
4.890081e+08
5.048862e+08
5.271807e+08
0
0
0
0
0
0
0
0
4.497269e+08
4.550067e+08
4.644997e+08
4.788994e+08
4.990745e+08
0
0
0
0
0
0
0
0
0
1.177944e+09
1.040325e+09
1.132287e+09
9.317391e+08
9.906967e+08
1.095802e+09
8.470621e+08
8.866379e+08
9.539331e+08
1.07219e+09
7.789729e+08
8.072872e+08
8.541013e+08
9.30571e+08
1.062933e+09
7.226552e+08
7.439937e+08
7.788996e+08
8.335835e+08
9.200938e+08
0
6.750308e+08
6.916656e+08
7.190571e+08
7.609935e+08
8.241107e+08
0
0
6.33785e+08
6.471428e+08
6.693584e+08
7.031069e+08
7.52434e+08
0
0
0
5.970772e+08
6.080346e+08
6.265424e+08
6.545363e+08
6.948542e+08
0
0
0
0
5.632724e+08
5.7243e+08
5.88134e+08
6.118908e+08
6.457437e+08
0
0
0
0
0
5.31336e+08
5.391108e+08
5.526442e+08
5.731245e+08
6.021301e+08
0
0
0
0
0
0
5.016545e+08
5.083886e+08
5.202455e+08
5.382066e+08
5.635266e+08
0
0
0
0
0
0
0
4.747658e+08
4.807015e+08
4.912615e+08
5.072644e+08
5.297509e+08
0
0
0
0
0
0
0
0
4.507887e+08
4.560844e+08
4.656114e+08
4.800672e+08
5.003273e+08
0
0
0
0
0
0
0
0
0
4.295584e+08
4.343396e+08
4.430159e+08
4.562139e+08
4.746875e+08
0
0
0
0
0
0
0
0
0
0
1.145709e+09
1.029578e+09
1.111711e+09
9.288402e+08
9.858256e+08
1.084998e+09
8.467104e+08
8.857691e+08
9.520239e+08
1.067049e+09
7.791474e+08
8.073307e+08
8.53932e+08
9.299574e+08
1.060871e+09
7.226552e+08
7.439937e+08
7.788996e+08
8.335835e+08
9.200938e+08
0
6.747394e+08
6.914288e+08
7.188957e+08
7.609474e+08
8.242702e+08
0
0
6.334115e+08
6.468519e+08
6.69181e+08
7.030975e+08
7.526957e+08
0
0
0
5.970947e+08
6.081535e+08
6.268052e+08
6.55013e+08
6.956643e+08
0
0
0
0
5.643672e+08
5.736422e+08
5.895253e+08
6.135546e+08
6.478257e+08
0
0
0
0
0
5.339073e+08
5.418006e+08
5.555362e+08
5.763326e+08
6.058207e+08
0
0
0
0
0
0
5.04842e+08
5.116604e+08
5.236778e+08
5.419004e+08
5.676166e+08
0
0
0
0
0
0
0
4.776033e+08
4.8359e+08
4.942547e+08
5.104335e+08
5.331904e+08
0
0
0
0
0
0
0
0
4.527873e+08
4.581091e+08
4.676967e+08
4.822552e+08
5.026732e+08
0
0
0
0
0
0
0
0
0
4.30551e+08
4.353442e+08
4.440486e+08
4.572945e+08
4.758398e+08
0
0
0
0
0
0
0
0
0
0
4.107842e+08
4.151515e+08
4.231314e+08
4.352866e+08
4.52297e+08
0
0
0
0
0
0
0
0
0
0
1.11485e+09
1.012795e+09
1.082408e+09
9.22188e+08
9.76017e+08
1.06576e+09
8.449963e+08
8.831188e+08
9.474723e+08
1.056599e+09
7.791294e+08
8.07015e+08
8.531235e+08
9.281197e+08
1.055691e+09
7.229046e+08
7.4416e+08
7.789445e+08
8.33422e+08
9.194802e+08
0
6.747394e+08
6.914288e+08
7.188957e+08
7.609474e+08
8.242702e+08
0
0
6.330981e+08
6.46575e+08
6.689523e+08
7.029384e+08
7.526482e+08
0
0
0
5.966793e+08
6.07794e+08
6.265196e+08
6.548334e+08
6.956476e+08
0
0
0
0
5.642992e+08
5.736435e+08
5.89624e+08
6.137952e+08
6.482819e+08
0
0
0
0
0
5.348377e+08
5.428118e+08
5.566748e+08
5.776645e+08
6.074454e+08
0
0
0
0
0
0
5.07166e+08
5.140671e+08
5.262341e+08
5.446963e+08
5.707751e+08
0
0
0
0
0
0
0
4.805389e+08
4.865886e+08
4.973766e+08
5.137612e+08
5.368332e+08
0
0
0
0
0
0
0
0
4.55427e+08
4.607863e+08
4.70459e+08
4.851609e+08
5.057995e+08
0
0
0
0
0
0
0
0
0
4.324219e+08
4.37234e+08
4.45988e+08
4.593208e+08
4.779988e+08
0
0
0
0
0
0
0
0
0
0
4.117156e+08
4.160918e+08
4.24095e+08
4.36291e+08
4.533636e+08
0
0
0
0
0
0
0
0
0
0
3.932521e+08
3.972657e+08
4.046504e+08
4.159034e+08
4.31635e+08
0
0
0
0
0
0
0
0
0
0
1.090639e+09
9.952737e+08
1.05432e+09
9.109679e+08
9.606446e+08
1.038275e+09
8.404042e+08
8.77012e+08
9.382787e+08
1.037986e+09
7.780956e+08
8.054444e+08
8.506432e+08
9.237399e+08
1.045216e+09
7.230851e+08
7.441524e+08
7.786551e+08
8.326485e+08
9.176542e+08
0
6.750308e+08
6.916656e+08
7.190571e+08
7.609935e+08
8.241107e+08
0
0
6.330981e+08
6.46575e+08
6.689523e+08
7.029384e+08
7.526482e+08
0
0
0
5.963564e+08
6.074958e+08
6.262522e+08
6.546087e+08
6.95488e+08
0
0
0
0
5.638618e+08
5.732439e+08
5.892727e+08
6.135106e+08
6.480973e+08
0
0
0
0
0
5.347124e+08
5.427331e+08
5.56662e+08
5.777469e+08
6.076697e+08
0
0
0
0
0
0
5.079712e+08
5.149261e+08
5.271831e+08
5.457851e+08
5.720739e+08
0
0
0
0
0
0
0
4.826573e+08
4.88767e+08
4.996662e+08
5.162339e+08
5.395858e+08
0
0
0
0
0
0
0
0
4.581472e+08
4.635523e+08
4.733238e+08
4.8819e+08
5.090821e+08
0
0
0
0
0
0
0
0
0
4.348893e+08
4.397284e+08
4.485514e+08
4.620045e+08
4.808662e+08
0
0
0
0
0
0
0
0
0
0
4.134741e+08
4.178634e+08
4.259073e+08
4.38177e+08
4.553638e+08
0
0
0
0
0
0
0
0
0
0
3.941283e+08
3.981492e+08
4.055533e+08
4.168414e+08
4.326268e+08
0
0
0
0
0
0
0
0
0
0
3.768456e+08
3.805419e+08
3.874064e+08
3.978763e+08
4.124915e+08
0
0
0
0
0
0
0
0
0
0
1.07437e+09
9.80709e+08
1.032258e+09
8.986284e+08
9.445859e+08
1.011951e+09
8.321009e+08
8.666804e+08
9.238248e+08
1.011358e+09
7.747359e+08
8.012138e+08
8.449069e+08
9.148814e+08
1.026607e+09
7.224781e+08
7.432071e+08
7.771864e+08
8.30269e+08
9.133188e+08
0
6.753319e+08
6.91843e+08
7.190586e+08
7.607215e+08
8.233503e+08
0
0
6.334115e+08
6.468519e+08
6.69181e+08
7.030975e+08
7.526957e+08
0
0
0
5.963564e+08
6.074958e+08
6.262522e+08
6.546087e+08
6.95488e+08
0
0
0
0
5.635377e+08
5.729361e+08
5.889844e+08
6.132482e+08
6.478729e+08
0
0
0
0
0
5.342665e+08
5.423122e+08
5.562719e+08
5.773984e+08
6.073819e+08
0
0
0
0
0
0
5.0781e+08
5.147939e+08
5.270945e+08
5.457601e+08
5.721431e+08
0
0
0
0
0
0
0
4.833637e+08
4.895103e+08
5.004719e+08
5.171404e+08
5.406462e+08
0
0
0
0
0
0
0
0
4.600935e+08
4.655407e+08
4.753981e+08
4.904058e+08
5.115166e+08
0
0
0
0
0
0
0
0
0
4.374239e+08
4.422952e+08
4.511969e+08
4.647861e+08
4.838551e+08
0
0
0
0
0
0
0
0
0
0
4.157911e+08
4.201985e+08
4.282982e+08
4.406693e+08
4.580131e+08
0
0
0
0
0
0
0
0
0
0
3.957856e+08
3.998168e+08
4.07254e+08
4.18605e+08
4.344891e+08
0
0
0
0
0
0
0
0
0
0
3.776723e+08
3.81374e+08
3.882556e+08
3.987557e+08
4.134179e+08
0
0
0
0
0
0
0
0
0
0
3.614524e+08
3.648729e+08
3.712672e+08
3.810449e+08
3.946817e+08
0
0
0
0
0
0
0
0
0
0
1.066157e+09
9.705601e+08
1.017419e+09
8.880422e+08
9.312303e+08
9.91282e+08
8.225891e+08
8.553126e+08
9.087316e+08
9.85931e+08
7.682394e+08
7.935396e+08
8.351702e+08
9.009176e+08
9.999963e+08
7.199261e+08
7.401056e+08
7.732075e+08
8.247502e+08
9.045521e+08
0
6.75003e+08
6.912924e+08
7.181784e+08
7.593179e+08
8.210124e+08
0
0
6.33785e+08
6.471428e+08
6.693584e+08
7.031069e+08
7.52434e+08
0
0
0
5.966793e+08
6.07794e+08
6.265196e+08
6.548334e+08
6.956476e+08
0
0
0
0
5.635377e+08
5.729361e+08
5.889844e+08
6.132482e+08
6.478729e+08
0
0
0
0
0
5.339463e+08
5.420026e+08
5.559742e+08
5.771155e+08
6.071201e+08
0
0
0
0
0
0
5.073659e+08
5.143645e+08
5.266839e+08
5.45374e+08
5.717926e+08
0
0
0
0
0
0
0
4.831796e+08
4.893448e+08
5.003326e+08
5.170425e+08
5.406104e+08
0
0
0
0
0
0
0
0
4.607215e+08
4.661928e+08
4.76095e+08
4.911747e+08
5.123986e+08
0
0
0
0
0
0
0
0
0
4.392248e+08
4.441246e+08
4.530922e+08
4.667948e+08
4.86037e+08
0
0
0
0
0
0
0
0
0
0
4.181657e+08
4.225935e+08
4.307559e+08
4.432398e+08
4.607586e+08
0
0
0
0
0
0
0
0
0
0
3.979677e+08
4.020124e+08
4.094947e+08
4.209313e+08
4.369502e+08
0
0
0
0
0
0
0
0
0
0
3.792389e+08
3.829476e+08
3.898581e+08
4.00412e+08
4.151599e+08
0
0
0
0
0
0
0
0
0
0
3.622342e+08
3.656589e+08
3.720678e+08
3.818725e+08
3.955505e+08
0
0
0
0
0
0
0
0
0
0
3.469828e+08
3.501548e+08
3.561324e+08
3.65282e+08
3.780481e+08
0
0
0
0
0
0
0
0
0
0
9.653129e+08
1.009918e+09
8.80527e+08
9.219193e+08
9.773781e+08
8.142335e+08
8.45557e+08
8.961827e+08
9.660051e+08
7.605352e+08
7.847428e+08
8.244578e+08
8.86358e+08
9.747135e+08
7.14654e+08
7.340848e+08
7.659621e+08
8.153504e+08
8.907053e+08
0
6.730063e+08
6.889342e+08
7.152597e+08
7.554935e+08
8.155779e+08
0
0
6.336417e+08
6.468508e+08
6.688507e+08
7.022707e+08
7.510637e+08
0
0
0
5.970947e+08
6.081535e+08
6.268052e+08
6.55013e+08
6.956643e+08
0
0
0
0
5.638618e+08
5.732439e+08
5.892727e+08
6.135106e+08
6.480973e+08
0
0
0
0
0
5.339463e+08
5.420026e+08
5.559742e+08
5.771155e+08
6.071201e+08
0
0
0
0
0
0
5.070536e+08
5.140582e+08
5.26384e+08
5.450818e+08
5.715108e+08
0
0
0
0
0
0
0
4.827429e+08
4.889167e+08
4.999136e+08
5.166365e+08
5.402232e+08
0
0
0
0
0
0
0
0
4.60524e+08
4.660061e+08
4.759244e+08
4.910282e+08
5.122916e+08
0
0
0
0
0
0
0
0
0
4.397903e+08
4.447045e+08
4.537035e+08
4.674594e+08
4.867844e+08
0
0
0
0
0
0
0
0
0
0
4.198451e+08
4.242885e+08
4.325014e+08
4.450762e+08
4.627369e+08
0
0
0
0
0
0
0
0
0
0
0
4.001998e+08
4.042594e+08
4.117903e+08
4.23321e+08
4.394881e+08
0
0
0
0
0
0
0
0
0
0
3.813005e+08
3.850181e+08
3.919672e+08
4.025935e+08
4.174579e+08
0
0
0
0
0
0
0
0
0
0
3.637186e+08
3.671482e+08
3.735814e+08
3.834341e+08
3.97187e+08
0
0
0
0
0
0
0
0
0
0
3.47724e+08
3.508989e+08
3.568892e+08
3.660626e+08
3.78866e+08
0
0
0
0
0
0
0
0
0
0
3.333372e+08
3.363047e+08
3.419037e+08
3.504914e+08
3.624659e+08
0
0
0
0
0
0
0
0
0
0
8.765974e+08
9.171005e+08
9.703466e+08
8.082214e+08
8.386292e+08
8.874342e+08
9.526134e+08
7.536367e+08
7.770126e+08
8.152663e+08
8.742663e+08
9.549672e+08
7.082091e+08
7.269376e+08
7.57654e+08
8.05016e+08
8.763025e+08
0
6.686059e+08
6.840375e+08
7.095672e+08
7.484994e+08
8.06289e+08
0
0
6.320404e+08
6.45005e+08
6.666316e+08
6.99468e+08
7.47309e+08
0
0
0
5.970772e+08
6.080346e+08
6.265424e+08
6.545363e+08
6.948542e+08
0
0
0
0
5.642992e+08
5.736435e+08
5.89624e+08
6.137952e+08
6.482819e+08
0
0
0
0
0
5.342665e+08
5.423122e+08
5.562719e+08
5.773984e+08
6.073819e+08
0
0
0
0
0
0
5.070536e+08
5.140582e+08
5.26384e+08
5.450818e+08
5.715108e+08
0
0
0
0
0
0
0
4.824404e+08
4.886175e+08
4.996166e+08
5.16342e+08
5.399321e+08
0
0
0
0
0
0
0
0
4.600985e+08
4.655848e+08
4.755066e+08
4.906141e+08
5.11885e+08
0
0
0
0
0
0
0
0
0
4.395866e+08
4.445055e+08
4.53513e+08
4.67283e+08
4.866303e+08
0
0
0
0
0
0
0
0
0
0
4.203628e+08
4.248109e+08
4.330449e+08
4.456589e+08
4.633824e+08
0
0
0
0
0
0
0
0
0
0
0
4.017726e+08
4.058423e+08
4.134092e+08
4.250132e+08
4.412972e+08
0
0
0
0
0
0
0
0
0
0
0
0
3.834067e+08
3.871331e+08
3.941232e+08
4.048271e+08
4.19818e+08
0
0
0
0
0
0
0
0
0
0
3.656713e+08
3.691068e+08
3.755722e+08
3.854889e+08
3.993426e+08
0
0
0
0
0
0
0
0
0
0
3.491343e+08
3.523116e+08
3.583231e+08
3.675386e+08
3.804095e+08
0
0
0
0
0
0
0
0
0
0
3.340417e+08
3.370109e+08
3.426208e+08
3.512298e+08
3.632376e+08
0
0
0
0
0
0
0
0
0
0
3.204539e+08
3.232294e+08
3.285033e+08
3.365784e+08
3.478406e+08
0
0
0
0
0
0
0
0
0
0
8.05055e+08
8.350032e+08
8.829039e+08
9.458423e+08
7.486202e+08
7.714488e+08
8.087392e+08
8.658411e+08
9.417201e+08
7.023448e+08
7.205349e+08
7.503535e+08
7.961553e+08
8.643633e+08
0
6.630812e+08
6.78043e+08
7.028044e+08
7.404801e+08
7.960886e+08
0
0
6.282853e+08
6.409106e+08
6.619963e+08
6.939721e+08
7.404096e+08
0
0
0
5.957653e+08
6.065545e+08
6.248062e+08
6.524074e+08
6.921085e+08
0
0
0
0
5.643672e+08
5.736422e+08
5.895253e+08
6.135546e+08
6.478257e+08
0
0
0
0
0
5.347124e+08
5.427331e+08
5.56662e+08
5.777469e+08
6.076697e+08
0
0
0
0
0
0
5.073659e+08
5.143645e+08
5.266839e+08
5.45374e+08
5.717926e+08
0
0
0
0
0
0
0
4.824404e+08
4.886175e+08
4.996166e+08
5.16342e+08
5.399321e+08
0
0
0
0
0
0
0
0
4.598071e+08
4.652946e+08
4.752162e+08
4.903223e+08
5.115919e+08
0
0
0
0
0
0
0
0
0
4.391749e+08
4.440947e+08
4.531017e+08
4.668703e+08
4.86216e+08
0
0
0
0
0
0
0
0
0
0
4.2016e+08
4.246066e+08
4.328433e+08
4.454638e+08
4.631995e+08
0
0
0
0
0
0
0
0
0
0
0
4.022507e+08
4.063211e+08
4.13899e+08
4.255312e+08
4.418628e+08
0
0
0
0
0
0
0
0
0
0
0
0
3.848874e+08
3.886175e+08
3.956365e+08
4.063975e+08
4.214854e+08
0
0
0
0
0
0
0
0
0
0
0
0
0
3.676644e+08
3.711051e+08
3.776035e+08
3.87588e+08
4.015492e+08
0
0
0
0
0
0
0
0
0
0
3.509893e+08
3.54169e+08
3.602081e+08
3.694794e+08
3.824405e+08
0
0
0
0
0
0
0
0
0
0
3.353849e+08
3.383547e+08
3.439822e+08
3.526288e+08
3.646968e+08
0
0
0
0
0
0
0
0
0
0
3.211243e+08
3.239012e+08
3.291843e+08
3.372783e+08
3.485708e+08
0
0
0
0
0
0
0
0
0
0
3.082707e+08
3.10872e+08
3.158423e+08
3.234682e+08
3.340795e+08
0
0
0
0
0
0
0
0
0
0
7.459655e+08
7.685158e+08
8.05321e+08
8.61478e+08
9.350283e+08
6.980437e+08
7.158776e+08
7.450989e+08
7.898653e+08
8.560526e+08
0
6.579856e+08
6.725852e+08
6.967451e+08
7.334365e+08
7.873532e+08
0
0
6.234595e+08
6.357603e+08
6.563147e+08
6.874399e+08
7.325018e+08
0
0
0
5.925021e+08
6.030548e+08
6.209262e+08
6.479311e+08
6.866923e+08
0
0
0
0
5.632724e+08
5.7243e+08
5.88134e+08
6.118908e+08
6.457437e+08
0
0
0
0
0
5.348377e+08
5.428118e+08
5.566748e+08
5.776645e+08
6.074454e+08
0
0
0
0
0
0
5.0781e+08
5.147939e+08
5.270945e+08
5.457601e+08
5.721431e+08
0
0
0
0
0
0
0
4.827429e+08
4.889167e+08
4.999136e+08
5.166365e+08
5.402232e+08
0
0
0
0
0
0
0
0
4.598071e+08
4.652946e+08
4.752162e+08
4.903223e+08
5.115919e+08
0
0
0
0
0
0
0
0
0
4.388951e+08
4.438147e+08
4.528199e+08
4.665849e+08
4.859255e+08
0
0
0
0
0
0
0
0
0
0
4.197648e+08
4.242087e+08
4.32442e+08
4.450574e+08
4.627867e+08
0
0
0
0
0
0
0
0
0
0
0
4.020517e+08
4.061182e+08
4.136927e+08
4.253258e+08
4.41662e+08
0
0
0
0
0
0
0
0
0
0
0
0
3.853339e+08
3.890602e+08
3.960858e+08
4.068644e+08
4.219881e+08
0
0
0
0
0
0
0
0
0
0
0
0
0
3.690637e+08
3.725044e+08
3.790241e+08
3.890571e+08
4.030971e+08
0
0
0
0
0
0
0
0
0
0
0
0
0
0
3.528813e+08
3.560622e+08
3.621291e+08
3.714584e+08
3.845148e+08
0
0
0
0
0
0
0
0
0
0
3.37152e+08
3.401211e+08
3.457713e+08
3.544675e+08
3.666157e+08
0
0
0
0
0
0
0
0
0
0
3.224056e+08
3.251824e+08
3.304803e+08
3.386074e+08
3.499543e+08
0
0
0
0
0
0
0
0
0
0
3.089101e+08
3.11512e+08
3.164907e+08
3.241334e+08
3.347718e+08
0
0
0
0
0
0
0
0
0
0
2.967329e+08
2.99175e+08
3.038673e+08
3.110749e+08
3.211089e+08
0
0
0
0
0
0
0
0
0
0
6.957599e+08
7.134105e+08
7.423271e+08
7.865706e+08
8.517509e+08
0
6.542218e+08
6.685808e+08
6.923372e+08
7.28368e+08
7.811564e+08
0
0
6.18957e+08
6.310064e+08
6.511401e+08
6.815885e+08
7.255617e+08
0
0
0
5.882223e+08
5.985468e+08
6.160374e+08
6.424391e+08
6.802533e+08
0
0
0
0
5.603946e+08
5.693842e+08
5.848143e+08
6.081427e+08
6.413347e+08
0
0
0
0
0
5.339073e+08
5.418006e+08
5.555362e+08
5.763326e+08
6.058207e+08
0
0
0
0
0
0
5.079712e+08
5.149261e+08
5.271831e+08
5.457851e+08
5.720739e+08
0
0
0
0
0
0
0
4.831796e+08
4.893448e+08
5.003326e+08
5.170425e+08
5.406104e+08
0
0
0
0
0
0
0
0
4.600985e+08
4.655848e+08
4.755066e+08
4.906141e+08
5.11885e+08
0
0
0
0
0
0
0
0
0
4.388951e+08
4.438147e+08
4.528199e+08
4.665849e+08
4.859255e+08
0
0
0
0
0
0
0
0
0
0
4.194975e+08
4.239397e+08
4.321699e+08
4.447803e+08
4.625027e+08
0
0
0
0
0
0
0
0
0
0
0
4.016737e+08
4.05736e+08
4.133039e+08
4.249293e+08
4.412558e+08
0
0
0
0
0
0
0
0
0
0
0
0
3.851416e+08
3.888614e+08
3.958814e+08
4.066549e+08
4.217776e+08
0
0
0
0
0
0
0
0
0
0
0
0
0
3.694839e+08
3.729185e+08
3.7944e+08
3.894855e+08
4.0355e+08
0
0
0
0
0
0
0
0
0
0
0
0
0
0
3.542089e+08
3.573863e+08
3.634697e+08
3.728383e+08
3.859632e+08
0
0
0
0
0
0
0
0
0
0
0
0
0
0
0
3.38955e+08
3.419204e+08
3.47593e+08
3.563402e+08
3.685718e+08
0
0
0
0
0
0
0
0
0
0
3.240916e+08
3.268671e+08
3.321833e+08
3.403536e+08
3.517728e+08
0
0
0
0
0
0
0
0
0
0
3.101346e+08
3.127354e+08
3.177273e+08
3.253993e+08
3.360864e+08
0
0
0
0
0
0
0
0
0
0
2.973435e+08
2.997858e+08
3.044855e+08
3.117085e+08
3.21767e+08
0
0
0
0
0
0
0
0
0
0
2.857905e+08
2.880872e+08
2.925241e+08
2.993473e+08
3.088445e+08
0
0
0
0
0
0
0
0
0
0
6.522188e+08
6.664525e+08
6.900007e+08
7.256937e+08
7.779112e+08
0
0
6.156115e+08
6.274933e+08
6.473429e+08
6.773324e+08
7.2057e+08
0
0
0
5.841901e+08
5.943369e+08
6.115226e+08
6.374374e+08
6.744884e+08
0
0
0
0
5.565537e+08
5.653786e+08
5.805292e+08
6.034135e+08
6.359215e+08
0
0
0
0
0
5.31336e+08
5.391108e+08
5.526442e+08
5.731245e+08
6.021301e+08
0
0
0
0
0
0
5.07166e+08
5.140671e+08
5.262341e+08
5.446963e+08
5.707751e+08
0
0
0
0
0
0
0
4.833637e+08
4.895103e+08
5.004719e+08
5.171404e+08
5.406462e+08
0
0
0
0
0
0
0
0
4.60524e+08
4.660061e+08
4.759244e+08
4.910282e+08
5.122916e+08
0
0
0
0
0
0
0
0
0
4.391749e+08
4.440947e+08
4.531017e+08
4.668703e+08
4.86216e+08
0
0
0
0
0
0
0
0
0
0
4.194975e+08
4.239397e+08
4.321699e+08
4.447803e+08
4.625027e+08
0
0
0
0
0
0
0
0
0
0
0
4.01419e+08
4.054788e+08
4.130422e+08
4.246616e+08
4.4098e+08
0
0
0
0
0
0
0
0
0
0
0
0
3.847814e+08
3.884956e+08
3.955077e+08
4.062707e+08
4.213814e+08
0
0
0
0
0
0
0
0
0
0
0
0
0
3.692998e+08
3.727267e+08
3.792401e+08
3.892784e+08
4.033361e+08
0
0
0
0
0
0
0
0
0
0
0
0
0
0
3.546076e+08
3.577768e+08
3.638591e+08
3.732351e+08
3.863789e+08
0
0
0
0
0
0
0
0
0
0
0
0
0
0
0
3.402219e+08
3.431783e+08
3.488628e+08
3.576432e+08
3.699327e+08
0
0
0
0
0
0
0
0
0
0
0
0
0
0
0
0
3.258121e+08
3.285837e+08
3.339161e+08
3.421305e+08
3.536243e+08
0
0
0
0
0
0
0
0
0
0
3.117465e+08
3.143442e+08
3.193527e+08
3.270623e+08
3.378139e+08
0
0
0
0
0
0
0
0
0
0
2.985158e+08
3.009561e+08
3.056672e+08
3.12917e+08
3.230195e+08
0
0
0
0
0
0
0
0
0
0
2.863747e+08
2.886712e+08
2.931144e+08
2.999515e+08
3.094714e+08
0
0
0
0
0
0
0
0
0
0
2.753906e+08
2.775625e+08
2.817642e+08
2.882329e+08
2.972359e+08
0
0
0
0
0
0
0
0
0
0
6.138288e+08
6.256222e+08
6.453234e+08
6.750757e+08
7.179366e+08
0
0
0
5.811797e+08
5.912071e+08
6.081855e+08
6.337673e+08
6.702967e+08
0
0
0
0
5.52905e+08
5.616007e+08
5.765247e+08
5.990456e+08
6.309932e+08
0
0
0
0
0
5.278525e+08
5.355095e+08
5.488315e+08
5.689762e+08
5.974683e+08
0
0
0
0
0
0
5.04842e+08
5.116604e+08
5.236778e+08
5.419004e+08
5.676166e+08
0
0
0
0
0
0
0
4.826573e+08
4.88767e+08
4.996662e+08
5.162339e+08
5.395858e+08
0
0
0
0
0
0
0
0
4.607215e+08
4.661928e+08
4.76095e+08
4.911747e+08
5.123986e+08
0
0
0
0
0
0
0
0
0
4.395866e+08
4.445055e+08
4.53513e+08
4.67283e+08
4.866302e+08
0
0
0
0
0
0
0
0
0
0
4.197648e+08
4.242088e+08
4.32442e+08
4.450574e+08
4.627867e+08
0
0
0
0
0
0
0
0
0
0
0
4.01419e+08
4.054788e+08
4.130422e+08
4.246616e+08
4.4098e+08
0
0
0
0
0
0
0
0
0
0
0
0
3.845392e+08
3.882503e+08
3.952573e+08
4.060132e+08
4.21115e+08
0
0
0
0
0
0
0
0
0
0
0
0
0
3.689572e+08
3.723779e+08
3.788823e+08
3.88909e+08
4.029522e+08
0
0
0
0
0
0
0
0
0
0
0
0
0
0
3.54433e+08
3.575932e+08
3.636664e+08
3.730328e+08
3.861677e+08
0
0
0
0
0
0
0
0
0
0
0
0
0
0
0
3.406056e+08
3.435494e+08
3.492304e+08
3.580151e+08
3.703178e+08
0
0
0
0
0
0
0
0
0
0
0
0
0
0
0
0
3.270228e+08
3.297856e+08
3.351236e+08
3.433655e+08
3.549098e+08
0
0
0
0
0
0
0
0
0
0
0
0
0
0
0
0
0
3.133923e+08
3.159842e+08
3.210074e+08
3.287534e+08
3.395712e+08
0
0
0
0
0
0
0
0
0
0
3.000596e+08
3.024958e+08
3.072207e+08
3.145052e+08
3.246651e+08
0
0
0
0
0
0
0
0
0
0
2.874988e+08
2.897925e+08
2.942457e+08
3.011069e+08
3.106675e+08
0
0
0
0
0
0
0
0
0
0
2.759507e+08
2.781216e+08
2.823289e+08
2.888102e+08
2.97834e+08
0
0
0
0
0
0
0
0
0
0
2.654976e+08
2.675508e+08
2.715438e+08
2.776853e+08
2.862318e+08
0
0
0
0
0
0
0
0
0
0
5.795747e+08
5.89538e+08
6.06407e+08
6.318148e+08
6.680743e+08
0
0
0
0
5.501699e+08
5.587786e+08
5.735469e+08
5.95817e+08
6.273779e+08
0
0
0
0
0
5.245202e+08
5.320843e+08
5.452328e+08
5.650985e+08
5.931634e+08
0
0
0
0
0
0
5.016545e+08
5.083886e+08
5.202455e+08
5.382066e+08
5.635266e+08
0
0
0
0
0
0
0
4.805389e+08
4.865886e+08
4.973766e+08
5.137612e+08
5.368332e+08
0
0
0
0
0
0
0
0
4.600935e+08
4.655407e+08
4.753982e+08
4.904058e+08
5.115166e+08
0
0
0
0
0
0
0
0
0
4.397903e+08
4.447044e+08
4.537035e+08
4.674594e+08
4.867844e+08
0
0
0
0
0
0
0
0
0
0
4.2016e+08
4.246066e+08
4.328433e+08
4.454638e+08
4.631995e+08
0
0
0
0
0
0
0
0
0
0
0
4.016737e+08
4.05736e+08
4.133039e+08
4.249293e+08
4.412558e+08
0
0
0
0
0
0
0
0
0
0
0
0
3.845392e+08
3.882503e+08
3.952573e+08
4.060132e+08
4.211149e+08
0
0
0
0
0
0
0
0
0
0
0
0
0
3.687271e+08
3.721444e+08
3.786433e+08
3.886625e+08
4.026959e+08
0
0
0
0
0
0
0
0
0
0
0
0
0
0
3.541079e+08
3.572613e+08
3.633251e+08
3.726791e+08
3.857987e+08
0
0
0
0
0
0
0
0
0
0
0
0
0
0
0
3.404436e+08
3.433754e+08
3.490462e+08
3.578203e+08
3.701118e+08
0
0
0
0
0
0
0
0
0
0
0
0
0
0
0
0
3.27393e+08
3.301437e+08
3.354736e+08
3.43717e+08
3.552709e+08
0
0
0
0
0
0
0
0
0
0
0
0
0
0
0
0
0
3.14553e+08
3.171343e+08
3.221623e+08
3.299286e+08
3.407899e+08
0
0
0
0
0
0
0
0
0
0
0
0
0
0
0
0
0
0
3.016374e+08
3.040662e+08
3.088027e+08
3.161209e+08
3.26338e+08
0
0
0
0
0
0
0
0
0
0
2.8898e+08
2.912687e+08
2.957335e+08
3.026256e+08
3.122393e+08
0
0
0
0
0
0
0
0
0
0
2.770308e+08
2.791977e+08
2.834135e+08
2.899168e+08
2.989777e+08
0
0
0
0
0
0
0
0
0
0
2.660348e+08
2.680871e+08
2.720847e+08
2.782377e+08
2.868033e+08
0
0
0
0
0
0
0
0
0
0
2.560821e+08
2.580191e+08
2.618152e+08
2.67662e+08
2.757864e+08
0
0
0
0
0
0
0
0
0
0
5.487116e+08
5.572728e+08
5.719579e+08
5.940957e+08
6.254545e+08
0
0
0
0
0
5.22014e+08
5.295154e+08
5.425436e+08
5.622148e+08
5.899821e+08
0
0
0
0
0
0
4.985882e+08
5.052549e+08
5.169784e+08
5.347187e+08
5.597039e+08
0
0
0
0
0
0
0
4.776033e+08
4.8359e+08
4.942547e+08
5.104335e+08
5.331904e+08
0
0
0
0
0
0
0
0
4.581472e+08
4.635523e+08
4.733238e+08
4.8819e+08
5.090821e+08
0
0
0
0
0
0
0
0
0
4.392249e+08
4.441246e+08
4.530922e+08
4.667948e+08
4.86037e+08
0
0
0
0
0
0
0
0
0
0
4.203629e+08
4.248109e+08
4.330449e+08
4.456589e+08
4.633824e+08
0
0
0
0
0
0
0
0
0
0
0
4.020517e+08
4.061182e+08
4.136927e+08
4.253258e+08
4.41662e+08
0
0
0
0
0
0
0
0
0
0
0
0
3.847814e+08
3.884956e+08
3.955077e+08
4.062707e+08
4.213814e+08
0
0
0
0
0
0
0
0
0
0
0
0
0
3.687271e+08
3.721444e+08
3.786433e+08
3.886626e+08
4.026959e+08
0
0
0
0
0
0
0
0
0
0
0
0
0
0
3.538895e+08
3.570393e+08
3.630975e+08
3.724437e+08
3.855534e+08
0
0
0
0
0
0
0
0
0
0
0
0
0
0
0
3.401372e+08
3.430603e+08
3.487213e+08
3.574828e+08
3.697585e+08
0
0
0
0
0
0
0
0
0
0
0
0
0
0
0
0
3.272427e+08
3.299823e+08
3.35299e+08
3.435308e+08
3.550727e+08
0
0
0
0
0
0
0
0
0
0
0
0
0
0
0
0
0
3.14912e+08
3.174805e+08
3.225008e+08
3.302637e+08
3.411314e+08
0
0
0
0
0
0
0
0
0
0
0
0
0
0
0
0
0
0
3.027533e+08
3.051701e+08
3.099089e+08
3.172457e+08
3.27498e+08
0
0
0
0
0
0
0
0
0
0
0
0
0
0
0
0
0
0
0
2.904953e+08
2.927756e+08
2.972496e+08
3.041713e+08
3.138381e+08
0
0
0
0
0
0
0
0
0
0
2.784552e+08
2.806152e+08
2.84841e+08
2.91372e+08
3.004811e+08
0
0
0
0
0
0
0
0
0
0
2.670734e+08
2.691221e+08
2.731264e+08
2.792992e+08
2.878989e+08
0
0
0
0
0
0
0
0
0
0
2.565981e+08
2.585339e+08
2.623345e+08
2.681914e+08
2.763334e+08
0
0
0
0
0
0
0
0
0
0
2.471142e+08
2.489403e+08
2.525471e+08
2.581169e+08
2.65858e+08
0
0
0
0
0
0
0
0
0
0
5.206783e+08
5.281446e+08
5.411079e+08
5.606754e+08
5.88286e+08
0
0
0
0
0
0
4.96276e+08
5.028965e+08
5.145269e+08
5.321122e+08
5.568614e+08
0
0
0
0
0
0
0
4.747658e+08
4.807015e+08
4.912615e+08
5.072644e+08
5.297509e+08
0
0
0
0
0
0
0
0
4.55427e+08
4.607863e+08
4.70459e+08
4.851609e+08
5.057995e+08
0
0
0
0
0
0
0
0
0
4.37424e+08
4.422952e+08
4.511969e+08
4.647861e+08
4.838551e+08
0
0
0
0
0
0
0
0
0
0
4.198452e+08
4.242885e+08
4.325014e+08
4.450762e+08
4.627369e+08
0
0
0
0
0
0
0
0
0
0
0
4.022507e+08
4.063212e+08
4.13899e+08
4.255312e+08
4.418628e+08
0
0
0
0
0
0
0
0
0
0
0
0
3.851416e+08
3.888614e+08
3.958814e+08
4.06655e+08
4.217776e+08
0
0
0
0
0
0
0
0
0
0
0
0
0
3.689573e+08
3.723779e+08
3.788823e+08
3.889091e+08
4.029522e+08
0
0
0
0
0
0
0
0
0
0
0
0
0
0
3.538895e+08
3.570393e+08
3.630975e+08
3.724437e+08
3.855534e+08
0
0
0
0
0
0
0
0
0
0
0
0
0
0
0
3.399308e+08
3.428494e+08
3.485047e+08
3.572586e+08
3.695242e+08
0
0
0
0
0
0
0
0
0
0
0
0
0
0
0
0
3.269536e+08
3.296851e+08
3.349904e+08
3.432095e+08
3.547357e+08
0
0
0
0
0
0
0
0
0
0
0
0
0
0
0
0
0
3.147737e+08
3.173307e+08
3.223388e+08
3.300873e+08
3.409421e+08
0
0
0
0
0
0
0
0
0
0
0
0
0
0
0
0
0
0
3.03104e+08
3.055067e+08
3.102368e+08
3.175702e+08
3.278238e+08
0
0
0
0
0
0
0
0
0
0
0
0
0
0
0
0
0
0
0
2.915707e+08
2.938383e+08
2.983124e+08
3.052493e+08
3.149488e+08
0
0
0
0
0
0
0
0
0
0
0
0
0
0
0
0
0
0
0
0
2.799146e+08
2.82064e+08
2.86297e+08
2.92854e+08
3.020109e+08
0
0
0
0
0
0
0
0
0
0
2.684442e+08
2.704866e+08
2.74498e+08
2.806959e+08
2.893398e+08
0
0
0
0
0
0
0
0
0
0
2.57598e+08
2.595299e+08
2.633369e+08
2.692112e+08
2.773846e+08
0
0
0
0
0
0
0
0
0
0
2.476105e+08
2.494352e+08
2.530458e+08
2.586253e+08
2.663823e+08
0
0
0
0
0
0
0
0
0
0
2.385595e+08
2.402865e+08
2.437142e+08
2.490197e+08
2.564013e+08
0
0
0
0
0
0
0
0
0
0
4.950446e+08
5.016388e+08
5.132181e+08
5.307201e+08
5.553441e+08
0
0
0
0
0
0
0
4.726213e+08
4.78522e+08
4.890081e+08
5.048862e+08
5.271807e+08
0
0
0
0
0
0
0
0
4.527873e+08
4.581091e+08
4.676967e+08
4.822552e+08
5.026732e+08
0
0
0
0
0
0
0
0
0
4.348894e+08
4.397284e+08
4.485514e+08
4.620045e+08
4.808662e+08
0
0
0
0
0
0
0
0
0
0
4.181657e+08
4.225935e+08
4.307559e+08
4.432398e+08
4.607586e+08
0
0
0
0
0
0
0
0
0
0
4.017726e+08
4.058423e+08
4.134092e+08
4.250131e+08
4.412972e+08
0
0
0
0
0
0
0
0
0
0
0
0
3.853339e+08
3.890602e+08
3.960859e+08
4.068644e+08
4.21988e+08
0
0
0
0
0
0
0
0
0
0
0
0
0
3.692998e+08
3.727267e+08
3.792401e+08
3.892784e+08
4.033361e+08
0
0
0
0
0
0
0
0
0
0
0
0
0
0
3.541079e+08
3.572613e+08
3.633251e+08
3.726791e+08
3.857988e+08
0
0
0
0
0
0
0
0
0
0
0
0
0
0
0
3.399308e+08
3.428494e+08
3.485048e+08
3.572586e+08
3.695242e+08
0
0
0
0
0
0
0
0
0
0
0
0
0
0
0
0
3.267584e+08
3.294857e+08
3.347847e+08
3.429961e+08
3.545124e+08
0
0
0
0
0
0
0
0
0
0
0
0
0
0
0
0
0
3.145013e+08
3.170502e+08
3.220476e+08
3.297821e+08
3.406212e+08
0
0
0
0
0
0
0
0
0
0
0
0
0
0
0
0
0
0
3.029784e+08
3.053688e+08
3.100864e+08
3.174065e+08
3.276445e+08
0
0
0
0
0
0
0
0
0
0
0
0
0
0
0
0
0
0
0
2.919143e+08
2.941678e+08
2.986317e+08
3.05564e+08
3.152646e+08
0
0
0
0
0
0
0
0
0
0
0
0
0
0
0
0
0
0
0
0
2.809547e+08
2.830892e+08
2.87321e+08
2.938903e+08
3.030757e+08
0
0
0
0
0
0
0
0
0
0
0
0
0
0
0
0
0
0
0
0
2.698508e+08
2.718831e+08
2.758988e+08
2.821199e+08
2.90807e+08
0
0
0
0
0
0
0
0
0
0
2.58919e+08
2.60844e+08
2.646581e+08
2.70554e+08
2.787679e+08
0
0
0
0
0
0
0
0
0
0
2.485744e+08
2.503948e+08
2.54011e+08
2.596071e+08
2.673925e+08
0
0
0
0
0
0
0
0
0
0
2.390371e+08
2.407627e+08
2.441938e+08
2.495082e+08
2.569048e+08
0
0
0
0
0
0
0
0
0
0
2.30403e+08
2.320254e+08
2.3529e+08
2.403463e+08
2.473864e+08
0
0
0
0
0
0
0
0
0
0
4.714805e+08
4.773605e+08
4.878056e+08
5.036161e+08
5.25808e+08
0
0
0
0
0
0
0
0
4.507887e+08
4.560844e+08
4.656114e+08
4.800672e+08
5.003273e+08
0
0
0
0
0
0
0
0
0
4.324219e+08
4.37234e+08
4.45988e+08
4.593208e+08
4.779988e+08
0
0
0
0
0
0
0
0
0
0
4.157912e+08
4.201985e+08
4.282982e+08
4.406693e+08
4.580131e+08
0
0
0
0
0
0
0
0
0
0
4.001998e+08
4.042595e+08
4.117904e+08
4.23321e+08
4.394881e+08
0
0
0
0
0
0
0
0
0
0
3.848874e+08
3.886175e+08
3.956366e+08
4.063975e+08
4.214854e+08
0
0
0
0
0
0
0
0
0
0
0
0
0
3.694839e+08
3.729185e+08
3.7944e+08
3.894856e+08
4.0355e+08
0
0
0
0
0
0
0
0
0
0
0
0
0
0
3.54433e+08
3.575933e+08
3.636664e+08
3.730328e+08
3.861677e+08
0
0
0
0
0
0
0
0
0
0
0
0
0
0
0
3.401372e+08
3.430603e+08
3.487213e+08
3.574828e+08
3.697585e+08
0
0
0
0
0
0
0
0
0
0
0
0
0
0
0
0
3.267584e+08
3.294857e+08
3.347847e+08
3.429962e+08
3.545124e+08
0
0
0
0
0
0
0
0
0
0
0
0
0
0
0
0
0
3.143168e+08
3.168616e+08
3.218531e+08
3.295793e+08
3.404087e+08
0
0
0
0
0
0
0
0
0
0
0
0
0
0
0
0
0
0
3.027228e+08
3.051044e+08
3.098116e+08
3.171185e+08
3.273397e+08
0
0
0
0
0
0
0
0
0
0
0
0
0
0
0
0
0
0
0
2.91801e+08
2.940426e+08
2.984933e+08
3.054121e+08
3.150981e+08
0
0
0
0
0
0
0
0
0
0
0
0
0
0
0
0
0
0
0
0
2.81294e+08
2.834129e+08
2.876343e+08
2.941974e+08
3.033823e+08
0
0
0
0
0
0
0
0
0
0
0
0
0
0
0
0
0
0
0
0
2.708576e+08
2.728759e+08
2.768876e+08
2.831191e+08
2.918309e+08
0
0
0
0
0
0
0
0
0
0
0
0
0
0
0
0
0
0
0
0
2.602767e+08
2.621912e+08
2.660093e+08
2.719246e+08
2.801779e+08
0
0
0
0
0
0
0
0
0
0
2.49849e+08
2.516621e+08
2.552842e+08
2.60901e+08
2.687226e+08
0
0
0
0
0
0
0
0
0
0
2.39967e+08
2.416884e+08
2.451243e+08
2.504539e+08
2.578776e+08
0
0
0
0
0
0
0
0
0
0
2.308633e+08
2.32484e+08
2.357517e+08
2.408162e+08
2.478703e+08
0
0
0
0
0
0
0
0
0
0
2.226132e+08
2.241432e+08
2.272435e+08
2.320709e+08
2.387898e+08
0
0
0
0
0
0
0
0
0
0
4.497269e+08
4.550067e+08
4.644997e+08
4.788994e+08
4.990745e+08
0
0
0
0
0
0
0
0
0
4.30551e+08
4.353442e+08
4.440486e+08
4.572945e+08
4.758398e+08
0
0
0
0
0
0
0
0
0
0
4.134742e+08
4.178635e+08
4.259072e+08
4.38177e+08
4.553638e+08
0
0
0
0
0
0
0
0
0
0
3.979677e+08
4.020125e+08
4.094947e+08
4.209313e+08
4.369502e+08
0
0
0
0
0
0
0
0
0
0
3.834067e+08
3.871331e+08
3.941232e+08
4.048271e+08
4.198179e+08
0
0
0
0
0
0
0
0
0
0
3.690637e+08
3.725044e+08
3.790241e+08
3.890571e+08
4.030971e+08
0
0
0
0
0
0
0
0
0
0
0
0
0
0
3.546076e+08
3.577768e+08
3.638591e+08
3.732351e+08
3.863789e+08
0
0
0
0
0
0
0
0
0
0
0
0
0
0
0
3.404437e+08
3.433754e+08
3.490462e+08
3.578203e+08
3.701118e+08
0
0
0
0
0
0
0
0
0
0
0
0
0
0
0
0
3.269536e+08
3.296851e+08
3.349904e+08
3.432095e+08
3.547357e+08
0
0
0
0
0
0
0
0
0
0
0
0
0
0
0
0
0
3.143168e+08
3.168616e+08
3.218531e+08
3.295793e+08
3.404087e+08
0
0
0
0
0
0
0
0
0
0
0
0
0
0
0
0
0
0
3.025488e+08
3.04926e+08
3.096274e+08
3.169267e+08
3.271377e+08
0
0
0
0
0
0
0
0
0
0
0
0
0
0
0
0
0
0
0
2.915611e+08
2.937944e+08
2.982342e+08
3.051402e+08
3.148104e+08
0
0
0
0
0
0
0
0
0
0
0
0
0
0
0
0
0
0
0
0
2.81194e+08
2.832998e+08
2.875085e+08
2.940574e+08
3.032278e+08
0
0
0
0
0
0
0
0
0
0
0
0
0
0
0
0
0
0
0
0
2.711928e+08
2.731964e+08
2.77196e+08
2.834208e+08
2.921303e+08
0
0
0
0
0
0
0
0
0
0
0
0
0
0
0
0
0
0
0
0
2.612534e+08
2.631533e+08
2.669678e+08
2.7289e+08
2.811654e+08
0
0
0
0
0
0
0
0
0
0
0
0
0
0
0
0
0
0
0
0
2.511614e+08
2.529637e+08
2.565887e+08
2.622238e+08
2.7008e+08
0
0
0
0
0
0
0
0
0
0
2.411978e+08
2.429122e+08
2.46353e+08
2.517013e+08
2.591595e+08
0
0
0
0
0
0
0
0
0
0
2.317619e+08
2.333777e+08
2.366498e+08
2.417283e+08
2.488075e+08
0
0
0
0
0
0
0
0
0
0
2.230571e+08
2.245855e+08
2.276884e+08
2.325235e+08
2.392554e+08
0
0
0
0
0
0
0
0
0
0
2.151897e+08
2.166104e+08
2.195619e+08
2.241638e+08
2.305862e+08
0
0
0
0
0
0
0
0
0
0
4.295584e+08
4.343396e+08
4.430159e+08
4.562139e+08
4.746875e+08
0
0
0
0
0
0
0
0
0
0
4.117156e+08
4.160918e+08
4.24095e+08
4.36291e+08
4.533636e+08
0
0
0
0
0
0
0
0
0
0
3.957856e+08
3.998168e+08
4.072541e+08
4.18605e+08
4.344891e+08
0
0
0
0
0
0
0
0
0
0
3.813005e+08
3.850181e+08
3.919672e+08
4.025935e+08
4.174579e+08
0
0
0
0
0
0
0
0
0
0
3.676644e+08
3.71105e+08
3.776035e+08
3.875881e+08
4.015493e+08
0
0
0
0
0
0
0
0
0
0
3.542089e+08
3.573864e+08
3.634697e+08
3.728383e+08
3.859632e+08
0
0
0
0
0
0
0
0
0
0
0
0
0
0
0
3.406057e+08
3.435494e+08
3.492304e+08
3.580151e+08
3.703178e+08
0
0
0
0
0
0
0
0
0
0
0
0
0
0
0
0
3.272428e+08
3.299823e+08
3.35299e+08
3.435308e+08
3.550727e+08
0
0
0
0
0
0
0
0
0
0
0
0
0
0
0
0
0
3.145013e+08
3.170502e+08
3.220477e+08
3.297821e+08
3.406212e+08
0
0
0
0
0
0
0
0
0
0
0
0
0
0
0
0
0
0
3.025488e+08
3.04926e+08
3.096275e+08
3.169267e+08
3.271377e+08
0
0
0
0
0
0
0
0
0
0
0
0
0
0
0
0
0
0
0
2.913971e+08
2.936262e+08
2.9806e+08
3.049586e+08
3.146194e+08
0
0
0
0
0
0
0
0
0
0
0
0
0
0
0
0
0
0
0
0
2.809699e+08
2.830669e+08
2.872652e+08
2.93801e+08
3.029562e+08
0
0
0
0
0
0
0
0
0
0
0
0
0
0
0
0
0
0
0
0
2.711051e+08
2.730965e+08
2.770824e+08
2.832935e+08
2.919879e+08
0
0
0
0
0
0
0
0
0
0
0
0
0
0
0
0
0
0
0
0
2.615858e+08
2.634706e+08
2.672737e+08
2.731874e+08
2.814599e+08
0
0
0
0
0
0
0
0
0
0
0
0
0
0
0
0
0
0
0
0
2.521102e+08
2.53898e+08
2.575183e+08
2.631601e+08
2.710344e+08
0
0
0
0
0
0
0
0
0
0
0
0
0
0
0
0
0
0
0
0
2.424675e+08
2.441714e+08
2.47614e+08
2.529788e+08
2.604698e+08
0
0
0
0
0
0
0
0
0
0
2.329525e+08
2.345603e+08
2.378368e+08
2.429325e+08
2.500436e+08
0
0
0
0
0
0
0
0
0
0
2.239256e+08
2.254496e+08
2.285558e+08
2.334041e+08
2.401593e+08
0
0
0
0
0
0
0
0
0
0
2.156186e+08
2.170372e+08
2.199911e+08
2.245999e+08
2.310346e+08
0
0
0
0
0
0
0
0
0
0
2.08106e+08
2.094268e+08
2.122171e+08
2.166124e+08
2.227461e+08
0
0
0
0
0
0
0
0
0
0
4.107842e+08
4.151515e+08
4.231314e+08
4.352866e+08
4.52297e+08
0
0
0
0
0
0
0
0
0
0
3.941283e+08
3.981493e+08
4.055533e+08
4.168414e+08
4.326268e+08
0
0
0
0
0
0
0
0
0
0
3.792389e+08
3.829476e+08
3.898582e+08
4.00412e+08
4.151599e+08
0
0
0
0
0
0
0
0
0
0
3.656713e+08
3.691068e+08
3.755722e+08
3.85489e+08
3.993427e+08
0
0
0
0
0
0
0
0
0
0
3.528813e+08
3.560622e+08
3.621291e+08
3.714584e+08
3.845148e+08
0
0
0
0
0
0
0
0
0
0
3.402219e+08
3.431783e+08
3.488628e+08
3.576432e+08
3.699327e+08
0
0
0
0
0
0
0
0
0
0
0
0
0
0
0
0
3.27393e+08
3.301438e+08
3.354736e+08
3.43717e+08
3.552709e+08
0
0
0
0
0
0
0
0
0
0
0
0
0
0
0
0
0
3.147737e+08
3.173308e+08
3.223388e+08
3.300873e+08
3.409421e+08
0
0
0
0
0
0
0
0
0
0
0
0
0
0
0
0
0
0
3.027227e+08
3.051044e+08
3.098116e+08
3.171185e+08
3.273397e+08
0
0
0
0
0
0
0
0
0
0
0
0
0
0
0
0
0
0
0
2.913971e+08
2.936262e+08
2.9806e+08
3.049586e+08
3.146194e+08
0
0
0
0
0
0
0
0
0
0
0
0
0
0
0
0
0
0
0
0
2.808157e+08
2.829082e+08
2.871009e+08
2.936292e+08
3.027753e+08
0
0
0
0
0
0
0
0
0
0
0
0
0
0
0
0
0
0
0
0
2.70896e+08
2.728789e+08
2.76854e+08
2.830528e+08
2.917317e+08
0
0
0
0
0
0
0
0
0
0
0
0
0
0
0
0
0
0
0
0
2.615106e+08
2.633829e+08
2.671732e+08
2.730723e+08
2.813303e+08
0
0
0
0
0
0
0
0
0
0
0
0
0
0
0
0
0
0
0
0
2.524402e+08
2.542134e+08
2.578218e+08
2.634556e+08
2.71325e+08
0
0
0
0
0
0
0
0
0
0
0
0
0
0
0
0
0
0
0
0
2.433901e+08
2.4508e+08
2.485176e+08
2.538875e+08
2.613957e+08
0
0
0
0
0
0
0
0
0
0
0
0
0
0
0
0
0
0
0
0
2.341832e+08
2.357794e+08
2.390576e+08
2.44168e+08
2.513093e+08
0
0
0
0
0
0
0
0
0
0
2.250776e+08
2.265943e+08
2.297035e+08
2.34568e+08
2.413529e+08
0
0
0
0
0
0
0
0
0
0
2.164599e+08
2.178728e+08
2.208302e+08
2.254508e+08
2.319075e+08
0
0
0
0
0
0
0
0
0
0
2.085203e+08
2.098393e+08
2.126314e+08
2.170333e+08
2.231783e+08
0
0
0
0
0
0
0
0
0
0
2.014083e+08
2.025679e+08
2.05209e+08
2.093897e+08
2.152573e+08
0
0
0
0
0
0
0
0
0
0
3.932521e+08
3.972658e+08
4.046504e+08
4.159034e+08
4.316349e+08
0
0
0
0
0
0
0
0
0
0
3.776723e+08
3.81374e+08
3.882556e+08
3.987557e+08
4.134179e+08
0
0
0
0
0
0
0
0
0
0
3.637186e+08
3.671482e+08
3.735814e+08
3.834341e+08
3.971871e+08
0
0
0
0
0
0
0
0
0
0
3.509893e+08
3.54169e+08
3.602081e+08
3.694794e+08
3.824405e+08
0
0
0
0
0
0
0
0
0
0
3.38955e+08
3.419204e+08
3.47593e+08
3.563401e+08
3.685718e+08
0
0
0
0
0
0
0
0
0
0
3.270229e+08
3.297856e+08
3.351236e+08
3.433655e+08
3.549098e+08
0
0
0
0
0
0
0
0
0
0
0
0
0
0
0
0
0
3.14912e+08
3.174806e+08
3.225008e+08
3.302637e+08
3.411314e+08
0
0
0
0
0
0
0
0
0
0
0
0
0
0
0
0
0
0
3.029784e+08
3.053688e+08
3.100865e+08
3.174065e+08
3.276445e+08
0
0
0
0
0
0
0
0
0
0
0
0
0
0
0
0
0
0
0
2.915611e+08
2.937944e+08
2.982342e+08
3.051402e+08
3.148105e+08
0
0
0
0
0
0
0
0
0
0
0
0
0
0
0
0
0
0
0
0
2.808157e+08
2.829082e+08
2.871009e+08
2.936292e+08
3.027753e+08
0
0
0
0
0
0
0
0
0
0
0
0
0
0
0
0
0
0
0
0
2.707509e+08
2.727296e+08
2.76699e+08
2.828907e+08
2.915606e+08
0
0
0
0
0
0
0
0
0
0
0
0
0
0
0
0
0
0
0
0
2.613161e+08
2.631798e+08
2.669599e+08
2.728463e+08
2.810897e+08
0
0
0
0
0
0
0
0
0
0
0
0
0
0
0
0
0
0
0
0
2.523767e+08
2.541382e+08
2.577334e+08
2.633537e+08
2.712077e+08
0
0
0
0
0
0
0
0
0
0
0
0
0
0
0
0
0
0
0
0
2.437178e+08
2.453937e+08
2.488198e+08
2.541811e+08
2.616848e+08
0
0
0
0
0
0
0
0
0
0
0
0
0
0
0
0
0
0
0
0
2.350825e+08
2.366638e+08
2.399369e+08
2.450517e+08
2.522081e+08
0
0
0
0
0
0
0
0
0
0
0
0
0
0
0
0
0
0
0
0
2.262708e+08
2.277769e+08
2.308862e+08
2.357645e+08
2.425772e+08
0
0
0
0
0
0
0
0
0
0
2.175771e+08
2.189811e+08
2.219417e+08
2.265765e+08
2.330612e+08
0
0
0
0
0
0
0
0
0
0
2.093345e+08
2.106493e+08
2.134433e+08
2.178566e+08
2.240218e+08
0
0
0
0
0
0
0
0
0
0
2.018092e+08
2.029665e+08
2.056097e+08
2.097961e+08
2.156746e+08
0
0
0
0
0
0
0
0
0
0
1.950961e+08
1.960785e+08
1.985148e+08
2.024957e+08
2.080934e+08
0
0
0
0
0
0
0
0
0
0
3.768456e+08
3.805419e+08
3.874064e+08
3.978763e+08
4.124915e+08
0
0
0
0
0
0
0
0
0
0
3.622342e+08
3.656589e+08
3.720678e+08
3.818725e+08
3.955506e+08
0
0
0
0
0
0
0
0
0
0
3.491343e+08
3.523116e+08
3.583231e+08
3.675386e+08
3.804095e+08
0
0
0
0
0
0
0
0
0
0
3.37152e+08
3.401211e+08
3.457713e+08
3.544675e+08
3.666157e+08
0
0
0
0
0
0
0
0
0
0
3.258121e+08
3.285837e+08
3.339161e+08
3.421305e+08
3.536243e+08
0
0
0
0
0
0
0
0
0
0
3.14553e+08
3.171343e+08
3.221623e+08
3.299286e+08
3.407899e+08
0
0
0
0
0
0
0
0
0
0
0
0
0
0
0
0
0
0
3.031039e+08
3.055067e+08
3.102368e+08
3.175702e+08
3.278238e+08
0
0
0
0
0
0
0
0
0
0
0
0
0
0
0
0
0
0
0
2.91801e+08
2.940426e+08
2.984933e+08
3.054121e+08
3.150981e+08
0
0
0
0
0
0
0
0
0
0
0
0
0
0
0
0
0
0
0
0
2.809699e+08
2.830669e+08
2.872652e+08
2.938011e+08
3.029562e+08
0
0
0
0
0
0
0
0
0
0
0
0
0
0
0
0
0
0
0
0
2.707509e+08
2.727296e+08
2.76699e+08
2.828907e+08
2.915606e+08
0
0
0
0
0
0
0
0
0
0
0
0
0
0
0
0
0
0
0
0
2.611801e+08
2.630395e+08
2.66814e+08
2.726934e+08
2.809282e+08
0
0
0
0
0
0
0
0
0
0
0
0
0
0
0
0
0
0
0
0
2.521959e+08
2.539493e+08
2.575343e+08
2.631426e+08
2.709819e+08
0
0
0
0
0
0
0
0
0
0
0
0
0
0
0
0
0
0
0
0
2.436654e+08
2.453301e+08
2.487438e+08
2.540914e+08
2.615808e+08
0
0
0
0
0
0
0
0
0
0
0
0
0
0
0
0
0
0
0
0
2.354091e+08
2.36976e+08
2.402381e+08
2.453446e+08
2.524956e+08
0
0
0
0
0
0
0
0
0
0
0
0
0
0
0
0
0
0
0
0
2.271471e+08
2.286397e+08
2.317427e+08
2.366249e+08
2.434515e+08
0
0
0
0
0
0
0
0
0
0
0
0
0
0
0
0
0
0
0
0
2.187366e+08
2.201285e+08
2.230896e+08
2.277361e+08
2.342471e+08
0
0
0
0
0
0
0
0
0
0
2.104169e+08
2.117247e+08
2.1452e+08
2.189472e+08
2.251379e+08
0
0
0
0
0
0
0
0
0
0
2.02599e+08
2.037509e+08
2.063969e+08
2.10593e+08
2.164909e+08
0
0
0
0
0
0
0
0
0
0
1.954831e+08
1.964644e+08
1.98902e+08
2.028888e+08
2.084962e+08
0
0
0
0
0
0
0
0
0
0
1.893048e+08
1.899598e+08
1.92178e+08
1.959084e+08
2.012543e+08
0
0
0
0
0
0
0
0
0
0
3.614524e+08
3.648729e+08
3.712672e+08
3.810449e+08
3.946817e+08
0
0
0
0
0
0
0
0
0
0
3.47724e+08
3.508989e+08
3.568892e+08
3.660627e+08
3.788661e+08
0
0
0
0
0
0
0
0
0
0
3.353849e+08
3.383547e+08
3.439822e+08
3.526288e+08
3.646968e+08
0
0
0
0
0
0
0
0
0
0
3.240916e+08
3.268671e+08
3.321833e+08
3.403536e+08
3.517728e+08
0
0
0
0
0
0
0
0
0
0
3.133923e+08
3.159842e+08
3.210074e+08
3.287534e+08
3.395712e+08
0
0
0
0
0
0
0
0
0
0
3.027533e+08
3.051701e+08
3.09909e+08
3.172457e+08
3.27498e+08
0
0
0
0
0
0
0
0
0
0
0
0
0
0
0
0
0
0
0
2.919143e+08
2.941678e+08
2.986318e+08
3.055641e+08
3.152646e+08
0
0
0
0
0
0
0
0
0
0
0
0
0
0
0
0
0
0
0
0
2.81194e+08
2.832998e+08
2.875085e+08
2.940574e+08
3.032279e+08
0
0
0
0
0
0
0
0
0
0
0
0
0
0
0
0
0
0
0
0
2.708959e+08
2.728789e+08
2.76854e+08
2.830528e+08
2.917317e+08
0
0
0
0
0
0
0
0
0
0
0
0
0
0
0
0
0
0
0
0
2.611801e+08
2.630395e+08
2.66814e+08
2.726934e+08
2.809282e+08
0
0
0
0
0
0
0
0
0
0
0
0
0
0
0
0
0
0
0
0
2.520682e+08
2.538177e+08
2.573971e+08
2.629986e+08
2.708295e+08
0
0
0
0
0
0
0
0
0
0
0
0
0
0
0
0
0
0
0
0
2.434975e+08
2.451545e+08
2.485587e+08
2.538942e+08
2.613698e+08
0
0
0
0
0
0
0
0
0
0
0
0
0
0
0
0
0
0
0
0
2.353681e+08
2.369234e+08
2.401737e+08
2.452672e+08
2.524039e+08
0
0
0
0
0
0
0
0
0
0
0
0
0
0
0
0
0
0
0
0
2.274722e+08
2.289516e+08
2.320429e+08
2.369171e+08
2.437386e+08
0
0
0
0
0
0
0
0
0
0
0
0
0
0
0
0
0
0
0
0
2.195929e+08
2.209701e+08
2.239258e+08
2.285746e+08
2.350987e+08
0
0
0
0
0
0
0
0
0
0
0
0
0
0
0
0
0
0
0
0
2.115425e+08
2.128405e+08
2.156342e+08
2.200731e+08
2.262874e+08
0
0
0
0
0
0
0
0
0
0
2.036502e+08
2.047934e+08
2.074422e+08
2.116497e+08
2.175723e+08
0
0
0
0
0
0
0
0
0
0
1.962474e+08
1.972256e+08
1.996647e+08
2.036617e+08
2.092865e+08
0
0
0
0
0
0
0
0
0
0
1.896795e+08
1.903325e+08
1.92553e+08
1.962884e+08
2.016441e+08
0
0
0
0
0
0
0
0
0
0
1.841306e+08
1.843427e+08
1.862011e+08
1.896709e+08
1.947184e+08
0
0
0
0
0
0
0
0
0
0
3.469828e+08
3.501548e+08
3.561324e+08
3.65282e+08
3.780481e+08
0
0
0
0
0
0
0
0
0
0
3.340417e+08
3.370109e+08
3.426208e+08
3.512297e+08
3.632376e+08
0
0
0
0
0
0
0
0
0
0
3.224056e+08
3.251824e+08
3.304803e+08
3.386074e+08
3.499543e+08
0
0
0
0
0
0
0
0
0
0
3.117465e+08
3.143442e+08
3.193527e+08
3.270623e+08
3.378139e+08
0
0
0
0
0
0
0
0
0
0
3.016374e+08
3.040662e+08
3.088027e+08
3.16121e+08
3.26338e+08
0
0
0
0
0
0
0
0
0
0
2.915707e+08
2.938383e+08
2.983124e+08
3.052493e+08
3.149488e+08
0
0
0
0
0
0
0
0
0
0
0
0
0
0
0
0
0
0
0
0
2.81294e+08
2.834129e+08
2.876343e+08
2.941974e+08
3.033824e+08
0
0
0
0
0
0
0
0
0
0
0
0
0
0
0
0
0
0
0
0
2.711051e+08
2.730964e+08
2.770823e+08
2.832935e+08
2.919879e+08
0
0
0
0
0
0
0
0
0
0
0
0
0
0
0
0
0
0
0
0
2.613162e+08
2.631798e+08
2.669599e+08
2.728463e+08
2.810897e+08
0
0
0
0
0
0
0
0
0
0
0
0
0
0
0
0
0
0
0
0
2.520682e+08
2.538177e+08
2.573971e+08
2.629986e+08
2.708295e+08
0
0
0
0
0
0
0
0
0
0
0
0
0
0
0
0
0
0
0
0
2.433777e+08
2.450309e+08
2.4843e+08
2.537589e+08
2.612264e+08
0
0
0
0
0
0
0
0
0
0
0
0
0
0
0
0
0
0
0
0
2.352128e+08
2.367604e+08
2.400016e+08
2.450839e+08
2.522068e+08
0
0
0
0
0
0
0
0
0
0
0
0
0
0
0
0
0
0
0
0
2.274413e+08
2.289101e+08
2.319895e+08
2.368514e+08
2.436593e+08
0
0
0
0
0
0
0
0
0
0
0
0
0
0
0
0
0
0
0
0
2.199173e+08
2.21281e+08
2.242262e+08
2.288663e+08
2.353854e+08
0
0
0
0
0
0
0
0
0
0
0
0
0
0
0
0
0
0
0
0
2.123783e+08
2.136636e+08
2.164505e+08
2.208922e+08
2.271175e+08
0
0
0
0
0
0
0
0
0
0
0
0
0
0
0
0
0
0
0
0
2.04746e+08
2.058773e+08
2.085263e+08
2.12743e+08
2.186886e+08
0
0
0
0
0
0
0
0
0
0
1.972654e+08
1.982387e+08
2.006784e+08
2.046879e+08
2.103345e+08
0
0
0
0
0
0
0
0
0
0
1.904209e+08
1.910695e+08
1.932934e+08
1.970374e+08
2.024106e+08
0
0
0
0
0
0
0
0
0
0
1.844913e+08
1.847036e+08
1.865634e+08
1.900389e+08
1.950952e+08
0
0
0
0
0
0
0
0
0
0
1.799736e+08
1.793232e+08
1.807116e+08
1.837861e+08
1.885285e+08
0
0
0
0
0
0
0
0
0
0
3.333372e+08
3.363047e+08
3.419037e+08
3.504914e+08
3.624659e+08
0
0
0
0
0
0
0
0
0
0
3.211243e+08
3.239012e+08
3.291843e+08
3.372783e+08
3.485708e+08
0
0
0
0
0
0
0
0
0
0
3.101346e+08
3.127354e+08
3.177273e+08
3.253993e+08
3.360865e+08
0
0
0
0
0
0
0
0
0
0
3.000596e+08
3.024958e+08
3.072207e+08
3.145052e+08
3.246651e+08
0
0
0
0
0
0
0
0
0
0
2.904953e+08
2.927756e+08
2.972496e+08
3.041713e+08
3.138381e+08
0
0
0
0
0
0
0
0
0
0
2.809547e+08
2.830892e+08
2.87321e+08
2.938903e+08
3.030758e+08
0
0
0
0
0
0
0
0
0
0
0
0
0
0
0
0
0
0
0
0
2.711928e+08
2.731963e+08
2.77196e+08
2.834208e+08
2.921303e+08
0
0
0
0
0
0
0
0
0
0
0
0
0
0
0
0
0
0
0
0
2.615107e+08
2.633829e+08
2.671731e+08
2.730723e+08
2.813303e+08
0
0
0
0
0
0
0
0
0
0
0
0
0
0
0
0
0
0
0
0
2.521959e+08
2.539493e+08
2.575343e+08
2.631426e+08
2.709819e+08
0
0
0
0
0
0
0
0
0
0
0
0
0
0
0
0
0
0
0
0
2.433777e+08
2.450309e+08
2.4843e+08
2.537589e+08
2.612263e+08
0
0
0
0
0
0
0
0
0
0
0
0
0
0
0
0
0
0
0
0
2.351007e+08
2.366444e+08
2.398808e+08
2.449569e+08
2.520719e+08
0
0
0
0
0
0
0
0
0
0
0
0
0
0
0
0
0
0
0
0
2.272977e+08
2.287594e+08
2.318297e+08
2.36681e+08
2.434761e+08
0
0
0
0
0
0
0
0
0
0
0
0
0
0
0
0
0
0
0
0
2.198964e+08
2.212497e+08
2.241839e+08
2.288116e+08
2.353178e+08
0
0
0
0
0
0
0
0
0
0
0
0
0
0
0
0
0
0
0
0
2.127013e+08
2.139743e+08
2.167505e+08
2.211844e+08
2.274039e+08
0
0
0
0
0
0
0
0
0
0
0
0
0
0
0
0
0
0
0
0
2.055643e+08
2.066814e+08
2.093252e+08
2.135429e+08
2.194996e+08
0
0
0
0
0
0
0
0
0
0
0
0
0
0
0
0
0
0
0
0
1.983281e+08
1.992944e+08
2.017321e+08
2.057519e+08
2.114186e+08
0
0
0
0
0
0
0
0
0
0
1.914093e+08
1.92051e+08
1.942789e+08
1.980329e+08
2.034284e+08
0
0
0
0
0
0
0
0
0
0
1.852066e+08
1.854188e+08
1.872805e+08
1.907662e+08
1.958382e+08
0
0
0
0
0
0
0
0
0
0
1.803222e+08
1.796707e+08
1.810625e+08
1.841418e+08
1.888936e+08
0
0
0
0
0
0
0
0
0
0
1.772555e+08
1.752886e+08
1.758054e+08
1.783796e+08
1.82688e+08
0
0
0
0
0
0
0
0
0
0
3.204539e+08
3.232294e+08
3.285033e+08
3.365784e+08
3.478406e+08
0
0
0
0
0
0
0
0
0
0
3.089101e+08
3.11512e+08
3.164907e+08
3.241334e+08
3.347718e+08
0
0
0
0
0
0
0
0
0
0
2.985158e+08
3.009561e+08
3.056672e+08
3.12917e+08
3.230195e+08
0
0
0
0
0
0
0
0
0
0
2.8898e+08
2.912686e+08
2.957335e+08
3.026256e+08
3.122393e+08
0
0
0
0
0
0
0
0
0
0
2.799146e+08
2.820639e+08
2.86297e+08
2.92854e+08
3.020109e+08
0
0
0
0
0
0
0
0
0
0
2.708576e+08
2.728759e+08
2.768876e+08
2.831191e+08
2.918309e+08
0
0
0
0
0
0
0
0
0
0
0
0
0
0
0
0
0
0
0
0
2.615858e+08
2.634706e+08
2.672737e+08
2.731874e+08
2.814598e+08
0
0
0
0
0
0
0
0
0
0
0
0
0
0
0
0
0
0
0
0
2.523767e+08
2.541382e+08
2.577334e+08
2.633537e+08
2.712077e+08
0
0
0
0
0
0
0
0
0
0
0
0
0
0
0
0
0
0
0
0
2.434974e+08
2.451545e+08
2.485587e+08
2.538942e+08
2.613698e+08
0
0
0
0
0
0
0
0
0
0
0
0
0
0
0
0
0
0
0
0
2.351007e+08
2.366444e+08
2.398808e+08
2.44957e+08
2.520719e+08
0
0
0
0
0
0
0
0
0
0
0
0
0
0
0
0
0
0
0
0
2.271928e+08
2.28651e+08
2.317164e+08
2.365618e+08
2.433495e+08
0
0
0
0
0
0
0
0
0
0
0
0
0
0
0
0
0
0
0
0
2.197639e+08
2.211104e+08
2.240362e+08
2.286534e+08
2.351474e+08
0
0
0
0
0
0
0
0
0
0
0
0
0
0
0
0
0
0
0
0
2.126893e+08
2.139529e+08
2.167183e+08
2.211408e+08
2.273474e+08
0
0
0
0
0
0
0
0
0
0
0
0
0
0
0
0
0
0
0
0
2.058873e+08
2.069913e+08
2.096254e+08
2.13835e+08
2.197868e+08
0
0
0
0
0
0
0
0
0
0
0
0
0
0
0
0
0
0
0
0
1.991244e+08
2.000823e+08
2.02513e+08
2.065352e+08
2.122109e+08
0
0
0
0
0
0
0
0
0
0
0
0
0
0
0
0
0
0
0
0
1.924424e+08
1.930754e+08
1.953056e+08
1.990674e+08
2.044837e+08
0
0
0
0
0
0
0
0
0
0
1.861599e+08
1.863721e+08
1.882356e+08
1.917342e+08
1.968257e+08
0
0
0
0
0
0
0
0
0
0
1.810147e+08
1.803609e+08
1.817586e+08
1.848463e+08
1.896151e+08
0
0
0
0
0
0
0
0
0
0
1.77586e+08
1.756245e+08
1.761435e+08
1.787242e+08
1.830408e+08
0
0
0
0
0
0
0
0
0
0
1.726536e+08
1.718606e+08
1.735471e+08
1.773214e+08
0
0
0
0
0
0
0
0
0
0
3.082707e+08
3.10872e+08
3.158423e+08
3.234682e+08
3.340795e+08
0
0
0
0
0
0
0
0
0
0
2.973435e+08
2.997858e+08
3.044855e+08
3.117084e+08
3.21767e+08
0
0
0
0
0
0
0
0
0
0
2.874987e+08
2.897925e+08
2.942457e+08
3.011069e+08
3.106675e+08
0
0
0
0
0
0
0
0
0
0
2.784552e+08
2.806152e+08
2.84841e+08
2.91372e+08
3.004811e+08
0
0
0
0
0
0
0
0
0
0
2.698507e+08
2.718831e+08
2.758988e+08
2.821199e+08
2.90807e+08
0
0
0
0
0
0
0
0
0
0
2.612534e+08
2.631533e+08
2.669677e+08
2.7289e+08
2.811653e+08
0
0
0
0
0
0
0
0
0
0
0
0
0
0
0
0
0
0
0
0
2.524401e+08
2.542134e+08
2.578218e+08
2.634556e+08
2.71325e+08
0
0
0
0
0
0
0
0
0
0
0
0
0
0
0
0
0
0
0
0
2.436654e+08
2.453301e+08
2.487439e+08
2.540914e+08
2.615808e+08
0
0
0
0
0
0
0
0
0
0
0
0
0
0
0
0
0
0
0
0
2.352127e+08
2.367603e+08
2.400016e+08
2.45084e+08
2.522068e+08
0
0
0
0
0
0
0
0
0
0
0
0
0
0
0
0
0
0
0
0
2.271928e+08
2.286509e+08
2.317164e+08
2.365618e+08
2.433495e+08
0
0
0
0
0
0
0
0
0
0
0
0
0
0
0
0
0
0
0
0
2.196657e+08
2.210088e+08
2.239302e+08
2.285416e+08
2.350285e+08
0
0
0
0
0
0
0
0
0
0
0
0
0
0
0
0
0
0
0
0
2.12567e+08
2.138244e+08
2.165818e+08
2.209946e+08
2.271892e+08
0
0
0
0
0
0
0
0
0
0
0
0
0
0
0
0
0
0
0
0
2.058849e+08
2.069787e+08
2.09603e+08
2.138016e+08
2.197414e+08
0
0
0
0
0
0
0
0
0
0
0
0
0
0
0
0
0
0
0
0
1.994429e+08
2.003927e+08
2.028128e+08
2.068278e+08
2.124982e+08
0
0
0
0
0
0
0
0
0
0
0
0
0
0
0
0
0
0
0
0
1.932191e+08
1.938427e+08
1.960712e+08
1.998334e+08
2.052596e+08
0
0
0
0
0
0
0
0
0
0
0
0
0
0
0
0
0
0
0
0
1.871562e+08
1.873684e+08
1.892323e+08
1.927426e+08
1.978518e+08
0
0
0
0
0
0
0
0
0
0
1.819377e+08
1.812809e+08
1.826866e+08
1.857847e+08
1.905753e+08
0
0
0
0
0
0
0
0
0
0
1.78243e+08
1.762928e+08
1.768154e+08
1.794082e+08
1.837398e+08
0
0
0
0
0
0
0
0
0
0
1.729721e+08
1.721873e+08
1.738791e+08
1.776631e+08
0
0
0
0
0
0
0
0
0
0
1.692864e+08
1.696606e+08
1.725241e+08
0
0
0
0
0
0
0
0
0
0
2.967328e+08
2.99175e+08
3.038673e+08
3.110749e+08
3.211089e+08
0
0
0
0
0
0
0
0
0
0
2.863747e+08
2.886711e+08
2.931144e+08
2.999515e+08
3.094714e+08
0
0
0
0
0
0
0
0
0
0
2.770307e+08
2.791977e+08
2.834135e+08
2.899168e+08
2.989777e+08
0
0
0
0
0
0
0
0
0
0
2.684442e+08
2.704865e+08
2.74498e+08
2.806959e+08
2.893398e+08
0
0
0
0
0
0
0
0
0
0
2.602767e+08
2.621912e+08
2.660093e+08
2.719246e+08
2.801778e+08
0
0
0
0
0
0
0
0
0
0
2.521102e+08
2.538981e+08
2.575183e+08
2.6316e+08
2.710344e+08
0
0
0
0
0
0
0
0
0
0
0
0
0
0
0
0
0
0
0
0
2.437177e+08
2.453937e+08
2.488199e+08
2.541811e+08
2.616848e+08
0
0
0
0
0
0
0
0
0
0
0
0
0
0
0
0
0
0
0
0
2.35368e+08
2.369233e+08
2.401737e+08
2.452673e+08
2.524038e+08
0
0
0
0
0
0
0
0
0
0
0
0
0
0
0
0
0
0
0
0
2.272977e+08
2.287594e+08
2.318297e+08
2.36681e+08
2.434761e+08
0
0
0
0
0
0
0
0
0
0
0
0
0
0
0
0
0
0
0
0
2.196657e+08
2.210088e+08
2.239302e+08
2.285415e+08
2.350285e+08
0
0
0
0
0
0
0
0
0
0
0
0
0
0
0
0
0
0
0
0
2.124751e+08
2.137295e+08
2.164826e+08
2.2089e+08
2.270777e+08
0
0
0
0
0
0
0
0
0
0
0
0
0
0
0
0
0
0
0
0
2.05773e+08
2.068603e+08
2.094772e+08
2.136664e+08
2.195952e+08
0
0
0
0
0
0
0
0
0
0
0
0
0
0
0
0
0
0
0
0
1.99446e+08
2.003895e+08
2.027993e+08
2.068042e+08
2.12463e+08
0
0
0
0
0
0
0
0
0
0
0
0
0
0
0
0
0
0
0
0
1.935334e+08
1.941492e+08
1.963718e+08
2.00126e+08
2.055476e+08
0
0
0
0
0
0
0
0
0
0
0
0
0
0
0
0
0
0
0
0
1.879049e+08
1.881172e+08
1.899784e+08
1.934938e+08
1.986107e+08
0
0
0
0
0
0
0
0
0
0
0
0
0
0
0
0
0
0
0
0
1.829018e+08
1.822421e+08
1.836562e+08
1.867639e+08
1.915757e+08
0
0
0
0
0
0
0
0
0
0
1.791155e+08
1.771835e+08
1.777111e+08
1.803201e+08
1.846709e+08
0
0
0
0
0
0
0
0
0
0
1.736062e+08
1.72838e+08
1.745395e+08
1.783419e+08
0
0
0
0
0
0
0
0
0
0
1.695962e+08
1.699814e+08
1.728534e+08
0
0
0
0
0
0
0
0
0
0
1.671257e+08
1.686654e+08
0
0
0
0
0
0
0
0
0
0
2.857905e+08
2.880872e+08
2.925241e+08
2.993473e+08
3.088445e+08
0
0
0
0
0
0
0
0
0
0
2.759506e+08
2.781215e+08
2.823289e+08
2.888102e+08
2.97834e+08
0
0
0
0
0
0
0
0
0
0
2.670734e+08
2.691221e+08
2.731263e+08
2.792992e+08
2.878989e+08
0
0
0
0
0
0
0
0
0
0
2.58919e+08
2.60844e+08
2.64658e+08
2.70554e+08
2.787679e+08
0
0
0
0
0
0
0
0
0
0
2.511614e+08
2.529637e+08
2.565887e+08
2.622238e+08
2.7008e+08
0
0
0
0
0
0
0
0
0
0
2.4339e+08
2.4508e+08
2.485176e+08
2.538874e+08
2.613957e+08
0
0
0
0
0
0
0
0
0
0
0
0
0
0
0
0
0
0
0
0
2.354091e+08
2.369759e+08
2.402381e+08
2.453446e+08
2.524956e+08
0
0
0
0
0
0
0
0
0
0
0
0
0
0
0
0
0
0
0
0
2.274413e+08
2.289101e+08
2.319895e+08
2.368514e+08
2.436594e+08
0
0
0
0
0
0
0
0
0
0
0
0
0
0
0
0
0
0
0
0
2.197639e+08
2.211104e+08
2.240362e+08
2.286533e+08
2.351474e+08
0
0
0
0
0
0
0
0
0
0
0
0
0
0
0
0
0
0
0
0
2.124751e+08
2.137294e+08
2.164825e+08
2.208899e+08
2.270777e+08
0
0
0
0
0
0
0
0
0
0
0
0
0
0
0
0
0
0
0
0
2.056874e+08
2.067714e+08
2.093844e+08
2.135685e+08
2.194909e+08
0
0
0
0
0
0
0
0
0
0
0
0
0
0
0
0
0
0
0
0
1.993417e+08
2.002813e+08
2.026834e+08
2.066796e+08
2.123278e+08
0
0
0
0
0
0
0
0
0
0
0
0
0
0
0
0
0
0
0
0
1.935413e+08
1.941517e+08
1.963678e+08
2.001113e+08
2.055223e+08
0
0
0
0
0
0
0
0
0
0
0
0
0
0
0
0
0
0
0
0
1.88208e+08
1.884199e+08
1.902755e+08
1.937874e+08
1.988989e+08
0
0
0
0
0
0
0
0
0
0
0
0
0
0
0
0
0
0
0
0
1.836258e+08
1.829643e+08
1.843845e+08
1.874962e+08
1.923202e+08
0
0
0
0
0
0
0
0
0
0
0
0
0
0
0
0
0
0
0
0
1.800202e+08
1.781138e+08
1.78647e+08
1.812728e+08
1.856423e+08
0
0
0
0
0
0
0
0
0
0
1.744484e+08
1.737053e+08
1.754198e+08
1.792467e+08
0
0
0
0
0
0
0
0
0
0
1.702137e+08
1.706209e+08
1.735087e+08
0
0
0
0
0
0
0
0
0
0
1.674299e+08
1.689837e+08
0
0
0
0
0
0
0
0
0
0
1.66149e+08
0
0
0
0
0
0
0
0
0
0
2.753906e+08
2.775625e+08
2.817642e+08
2.882329e+08
2.972359e+08
0
0
0
0
0
0
0
0
0
0
2.660348e+08
2.680871e+08
2.720847e+08
2.782377e+08
2.868033e+08
0
0
0
0
0
0
0
0
0
0
2.57598e+08
2.595299e+08
2.633368e+08
2.692112e+08
2.773846e+08
0
0
0
0
0
0
0
0
0
0
2.498489e+08
2.516621e+08
2.552842e+08
2.60901e+08
2.687226e+08
0
0
0
0
0
0
0
0
0
0
2.424675e+08
2.441714e+08
2.476141e+08
2.529788e+08
2.604698e+08
0
0
0
0
0
0
0
0
0
0
2.350824e+08
2.366637e+08
2.399369e+08
2.450517e+08
2.522081e+08
0
0
0
0
0
0
0
0
0
0
0
0
0
0
0
0
0
0
0
0
2.274722e+08
2.289515e+08
2.320429e+08
2.369171e+08
2.437386e+08
0
0
0
0
0
0
0
0
0
0
0
0
0
0
0
0
0
0
0
0
2.198963e+08
2.212497e+08
2.241839e+08
2.288115e+08
2.353178e+08
0
0
0
0
0
0
0
0
0
0
0
0
0
0
0
0
0
0
0
0
2.12567e+08
2.138244e+08
2.165817e+08
2.209945e+08
2.271891e+08
0
0
0
0
0
0
0
0
0
0
0
0
0
0
0
0
0
0
0
0
2.056874e+08
2.067714e+08
2.093844e+08
2.135685e+08
2.194909e+08
0
0
0
0
0
0
0
0
0
0
0
0
0
0
0
0
0
0
0
0
1.992609e+08
2.001985e+08
2.025965e+08
2.065881e+08
2.122302e+08
0
0
0
0
0
0
0
0
0
0
0
0
0
0
0
0
0
0
0
0
1.934437e+08
1.940509e+08
1.962618e+08
1.999965e+08
2.053977e+08
0
0
0
0
0
0
0
0
0
0
0
0
0
0
0
0
0
0
0
0
1.882155e+08
1.884272e+08
1.902771e+08
1.937821e+08
1.988826e+08
0
0
0
0
0
0
0
0
0
0
0
0
0
0
0
0
0
0
0
0
1.839186e+08
1.832565e+08
1.846783e+08
1.877867e+08
1.926096e+08
0
0
0
0
0
0
0
0
0
0
0
0
0
0
0
0
0
0
0
0
1.806879e+08
1.788123e+08
1.793498e+08
1.819879e+08
1.863682e+08
0
0
0
0
0
0
0
0
0
0
0
0
0
0
0
0
0
0
0
0
1.753217e+08
1.746111e+08
1.763395e+08
1.80192e+08
0
0
0
0
0
0
0
0
0
0
1.710339e+08
1.714734e+08
1.743824e+08
0
0
0
0
0
0
0
0
0
0
1.680369e+08
1.696183e+08
0
0
0
0
0
0
0
0
0
0
1.664508e+08
0
0
0
0
0
0
0
0
0
0
0
0
0
0
0
0
0
0
0
0
2.654976e+08
2.675508e+08
2.715438e+08
2.776853e+08
2.862318e+08
0
0
0
0
0
0
0
0
0
0
2.565981e+08
2.585339e+08
2.623344e+08
2.681914e+08
2.763333e+08
0
0
0
0
0
0
0
0
0
0
2.485743e+08
2.503948e+08
2.54011e+08
2.596071e+08
2.673925e+08
0
0
0
0
0
0
0
0
0
0
2.411978e+08
2.429122e+08
2.46353e+08
2.517013e+08
2.591595e+08
0
0
0
0
0
0
0
0
0
0
2.341832e+08
2.357794e+08
2.390576e+08
2.44168e+08
2.513093e+08
0
0
0
0
0
0
0
0
0
0
2.271471e+08
2.286397e+08
2.317426e+08
2.366249e+08
2.434516e+08
0
0
0
0
0
0
0
0
0
0
0
0
0
0
0
0
0
0
0
0
2.199173e+08
2.21281e+08
2.242262e+08
2.288662e+08
2.353854e+08
0
0
0
0
0
0
0
0
0
0
0
0
0
0
0
0
0
0
0
0
2.126892e+08
2.139528e+08
2.167182e+08
2.211408e+08
2.273473e+08
0
0
0
0
0
0
0
0
0
0
0
0
0
0
0
0
0
0
0
0
2.057731e+08
2.068602e+08
2.094771e+08
2.136664e+08
2.195951e+08
0
0
0
0
0
0
0
0
0
0
0
0
0
0
0
0
0
0
0
0
1.992609e+08
2.001985e+08
2.025965e+08
2.06588e+08
2.122302e+08
0
0
0
0
0
0
0
0
0
0
0
0
0
0
0
0
0
0
0
0
1.933671e+08
1.939728e+08
1.96181e+08
1.999108e+08
2.053064e+08
0
0
0
0
0
0
0
0
0
0
0
0
0
0
0
0
0
0
0
0
1.881212e+08
1.883329e+08
1.901786e+08
1.936773e+08
1.987677e+08
0
0
0
0
0
0
0
0
0
0
0
0
0
0
0
0
0
0
0
0
1.839253e+08
1.832637e+08
1.846847e+08
1.877871e+08
1.926027e+08
0
0
0
0
0
0
0
0
0
0
0
0
0
0
0
0
0
0
0
0
1.809428e+08
1.790947e+08
1.796336e+08
1.822752e+08
1.866546e+08
0
0
0
0
0
0
0
0
0
0
0
0
0
0
0
0
0
0
0
0
1.75966e+08
1.752908e+08
1.770298e+08
1.809009e+08
0
0
0
0
0
0
0
0
0
0
0
0
0
0
0
0
0
0
0
0
1.718843e+08
1.723637e+08
1.75295e+08
0
0
0
0
0
0
0
0
0
0
1.688432e+08
1.704643e+08
0
0
0
0
0
0
0
0
0
0
1.670532e+08
0
0
0
0
0
0
0
0
0
0
0
0
0
0
0
0
0
0
0
0
0
0
0
0
0
0
0
0
0
2.560821e+08
2.58019e+08
2.618152e+08
2.67662e+08
2.757863e+08
0
0
0
0
0
0
0
0
0
0
2.476104e+08
2.494351e+08
2.530458e+08
2.586252e+08
2.663823e+08
0
0
0
0
0
0
0
0
0
0
2.39967e+08
2.416884e+08
2.451243e+08
2.504539e+08
2.578775e+08
0
0
0
0
0
0
0
0
0
0
2.329525e+08
2.345603e+08
2.378368e+08
2.429325e+08
2.500436e+08
0
0
0
0
0
0
0
0
0
0
2.262708e+08
2.277769e+08
2.308861e+08
2.357644e+08
2.425773e+08
0
0
0
0
0
0
0
0
0
0
2.195929e+08
2.209701e+08
2.239258e+08
2.285745e+08
2.350987e+08
0
0
0
0
0
0
0
0
0
0
0
0
0
0
0
0
0
0
0
0
2.127012e+08
2.139743e+08
2.167504e+08
2.211844e+08
2.274039e+08
0
0
0
0
0
0
0
0
0
0
0
0
0
0
0
0
0
0
0
0
2.058849e+08
2.069786e+08
2.096029e+08
2.138015e+08
2.197414e+08
0
0
0
0
0
0
0
0
0
0
0
0
0
0
0
0
0
0
0
0
1.993417e+08
2.002813e+08
2.026833e+08
2.066796e+08
2.123278e+08
0
0
0
0
0
0
0
0
0
0
0
0
0
0
0
0
0
0
0
0
1.933671e+08
1.939728e+08
1.96181e+08
1.999108e+08
2.053064e+08
0
0
0
0
0
0
0
0
0
0
0
0
0
0
0
0
0
0
0
0
1.880472e+08
1.882589e+08
1.901024e+08
1.935976e+08
1.986823e+08
0
0
0
0
0
0
0
0
0
0
0
0
0
0
0
0
0
0
0
0
1.838334e+08
1.831727e+08
1.845925e+08
1.876896e+08
1.924977e+08
0
0
0
0
0
0
0
0
0
0
0
0
0
0
0
0
0
0
0
0
1.809279e+08
1.791011e+08
1.796401e+08
1.822805e+08
1.866536e+08
0
0
0
0
0
0
0
0
0
0
0
0
0
0
0
0
0
0
0
0
1.762121e+08
1.755652e+08
1.773076e+08
1.811843e+08
0
0
0
0
0
0
0
0
0
0
0
0
0
0
0
0
0
0
0
0
1.725115e+08
1.730313e+08
1.759793e+08
0
0
0
0
0
0
0
0
0
0
0
0
0
0
0
0
0
0
0
0
1.69679e+08
1.713478e+08
0
0
0
0
0
0
0
0
0
0
1.678534e+08
0
0
0
0
0
0
0
0
0
0
0
0
0
0
0
0
0
0
0
0
0
0
0
0
0
0
0
0
0
0
0
0
0
0
0
0
0
2.471142e+08
2.489403e+08
2.525471e+08
2.581168e+08
2.65858e+08
0
0
0
0
0
0
0
0
0
0
2.39037e+08
2.407627e+08
2.441938e+08
2.495081e+08
2.569048e+08
0
0
0
0
0
0
0
0
0
0
2.317619e+08
2.333777e+08
2.366498e+08
2.417283e+08
2.488074e+08
0
0
0
0
0
0
0
0
0
0
2.250776e+08
2.265943e+08
2.297035e+08
2.345679e+08
2.413529e+08
0
0
0
0
0
0
0
0
0
0
2.187366e+08
2.201285e+08
2.230896e+08
2.27736e+08
2.342471e+08
0
0
0
0
0
0
0
0
0
0
2.123782e+08
2.136636e+08
2.164505e+08
2.208921e+08
2.271174e+08
0
0
0
0
0
0
0
0
0
0
0
0
0
0
0
0
0
0
0
0
2.058874e+08
2.069912e+08
2.096253e+08
2.13835e+08
2.197867e+08
0
0
0
0
0
0
0
0
0
0
0
0
0
0
0
0
0
0
0
0
1.99446e+08
2.003896e+08
2.027992e+08
2.068041e+08
2.124629e+08
0
0
0
0
0
0
0
0
0
0
0
0
0
0
0
0
0
0
0
0
1.934437e+08
1.940509e+08
1.962619e+08
1.999964e+08
2.053976e+08
0
0
0
0
0
0
0
0
0
0
0
0
0
0
0
0
0
0
0
0
1.880472e+08
1.882589e+08
1.901024e+08
1.935976e+08
1.986823e+08
0
0
0
0
0
0
0
0
0
0
0
0
0
0
0
0
0
0
0
0
1.837614e+08
1.831012e+08
1.845203e+08
1.876144e+08
1.924182e+08
0
0
0
0
0
0
0
0
0
0
0
0
0
0
0
0
0
0
0
0
1.808248e+08
1.790125e+08
1.795512e+08
1.821893e+08
1.865559e+08
0
0
0
0
0
0
0
0
0
0
0
0
0
0
0
0
0
0
0
0
1.761979e+08
1.75571e+08
1.773131e+08
1.811882e+08
0
0
0
0
0
0
0
0
0
0
0
0
0
0
0
0
0
0
0
0
1.727506e+08
1.732998e+08
1.762534e+08
0
0
0
0
0
0
0
0
0
0
0
0
0
0
0
0
0
0
0
0
1.702951e+08
1.720096e+08
0
0
0
0
0
0
0
0
0
0
0
0
0
0
0
0
0
0
0
0
1.686828e+08
0
0
0
0
0
0
0
0
0
0
0
0
0
0
0
0
0
0
0
0
0
0
0
0
0
0
0
0
0
0
0
0
0
0
0
0
0
0
0
0
0
0
0
0
2.385595e+08
2.402865e+08
2.437142e+08
2.490197e+08
2.564012e+08
0
0
0
0
0
0
0
0
0
0
2.308633e+08
2.32484e+08
2.357517e+08
2.408162e+08
2.478703e+08
0
0
0
0
0
0
0
0
0
0
2.239256e+08
2.254496e+08
2.285558e+08
2.334041e+08
2.401593e+08
0
0
0
0
0
0
0
0
0
0
2.17577e+08
2.189811e+08
2.219417e+08
2.265764e+08
2.330612e+08
0
0
0
0
0
0
0
0
0
0
2.115425e+08
2.128404e+08
2.156342e+08
2.200731e+08
2.262874e+08
0
0
0
0
0
0
0
0
0
0
2.055644e+08
2.066813e+08
2.093251e+08
2.135429e+08
2.194996e+08
0
0
0
0
0
0
0
0
0
0
0
0
0
0
0
0
0
0
0
0
1.994429e+08
2.003927e+08
2.028127e+08
2.068278e+08
2.124981e+08
0
0
0
0
0
0
0
0
0
0
0
0
0
0
0
0
0
0
0
0
1.935414e+08
1.941517e+08
1.963678e+08
2.001112e+08
2.055223e+08
0
0
0
0
0
0
0
0
0
0
0
0
0
0
0
0
0
0
0
0
1.881212e+08
1.883329e+08
1.901786e+08
1.936773e+08
1.987677e+08
0
0
0
0
0
0
0
0
0
0
0
0
0
0
0
0
0
0
0
0
1.837614e+08
1.831012e+08
1.845203e+08
1.876144e+08
1.924182e+08
0
0
0
0
0
0
0
0
0
0
0
0
0
0
0
0
0
0
0
0
1.807481e+08
1.78943e+08
1.794815e+08
1.821181e+08
1.86481e+08
0
0
0
0
0
0
0
0
0
0
0
0
0
0
0
0
0
0
0
0
1.760985e+08
1.754845e+08
1.772252e+08
1.810968e+08
0
0
0
0
0
0
0
0
0
0
0
0
0
0
0
0
0
0
0
0
1.727365e+08
1.733047e+08
1.762576e+08
0
0
0
0
0
0
0
0
0
0
0
0
0
0
0
0
0
0
0
0
1.705291e+08
1.722746e+08
0
0
0
0
0
0
0
0
0
0
0
0
0
0
0
0
0
0
0
0
1.692935e+08
0
0
0
0
0
0
0
0
0
0
0
0
0
0
0
0
0
0
0
0
0
0
0
0
0
0
0
0
0
0
0
0
0
0
0
0
0
0
0
0
0
0
0
0
0
0
0
0
0
0
0
0
0
0
0
0
0
0
0
0
2.304029e+08
2.320254e+08
2.3529e+08
2.403463e+08
2.473864e+08
0
0
0
0
0
0
0
0
0
0
2.230571e+08
2.245855e+08
2.276883e+08
2.325234e+08
2.392554e+08
0
0
0
0
0
0
0
0
0
0
2.164599e+08
2.178728e+08
2.208302e+08
2.254507e+08
2.319075e+08
0
0
0
0
0
0
0
0
0
0
2.104168e+08
2.117247e+08
2.1452e+08
2.189472e+08
2.251379e+08
0
0
0
0
0
0
0
0
0
0
2.04746e+08
2.058773e+08
2.085263e+08
2.127429e+08
2.186886e+08
0
0
0
0
0
0
0
0
0
0
1.991245e+08
2.000823e+08
2.025129e+08
2.065351e+08
2.122109e+08
0
0
0
0
0
0
0
0
0
0
0
0
0
0
0
0
0
0
0
0
1.935335e+08
1.941492e+08
1.963719e+08
2.001259e+08
2.055476e+08
0
0
0
0
0
0
0
0
0
0
0
0
0
0
0
0
0
0
0
0
1.882155e+08
1.884272e+08
1.902772e+08
1.937822e+08
1.988825e+08
0
0
0
0
0
0
0
0
0
0
0
0
0
0
0
0
0
0
0
0
1.838334e+08
1.831727e+08
1.845925e+08
1.876896e+08
1.924978e+08
0
0
0
0
0
0
0
0
0
0
0
0
0
0
0
0
0
0
0
0
1.807481e+08
1.78943e+08
1.794815e+08
1.821181e+08
1.86481e+08
0
0
0
0
0
0
0
0
0
0
0
0
0
0
0
0
0
0
0
0
1.760245e+08
1.754167e+08
1.771565e+08
1.810258e+08
0
0
0
0
0
0
0
0
0
0
0
0
0
0
0
0
0
0
0
0
1.726396e+08
1.732192e+08
1.761696e+08
0
0
0
0
0
0
0
0
0
0
0
0
0
0
0
0
0
0
0
0
1.705145e+08
1.722782e+08
0
0
0
0
0
0
0
0
0
0
0
0
0
0
0
0
0
0
0
0
1.695242e+08
0
0
0
0
0
0
0
0
0
0
0
0
0
0
0
0
0
0
0
0
0
0
0
0
0
0
0
0
0
0
0
0
0
0
0
0
0
0
0
0
0
0
0
0
0
0
0
0
0
0
0
0
0
0
0
0
0
0
0
0
0
0
0
0
0
0
0
0
0
0
0
0
0
0
0
2.226132e+08
2.241432e+08
2.272435e+08
2.320709e+08
2.387898e+08
0
0
0
0
0
0
0
0
0
0
2.156186e+08
2.170372e+08
2.199911e+08
2.245999e+08
2.310346e+08
0
0
0
0
0
0
0
0
0
0
2.093345e+08
2.106493e+08
2.134433e+08
2.178566e+08
2.240218e+08
0
0
0
0
0
0
0
0
0
0
2.036502e+08
2.047934e+08
2.074422e+08
2.116497e+08
2.175723e+08
0
0
0
0
0
0
0
0
0
0
1.983281e+08
1.992944e+08
2.01732e+08
2.057519e+08
2.114186e+08
0
0
0
0
0
0
0
0
0
0
1.932192e+08
1.938428e+08
1.960712e+08
1.998333e+08
2.052596e+08
0
0
0
0
0
0
0
0
0
0
0
0
0
0
0
0
0
0
0
0
1.88208e+08
1.884199e+08
1.902755e+08
1.937875e+08
1.988988e+08
0
0
0
0
0
0
0
0
0
0
0
0
0
0
0
0
0
0
0
0
1.839253e+08
1.832637e+08
1.846847e+08
1.877872e+08
1.926027e+08
0
0
0
0
0
0
0
0
0
0
0
0
0
0
0
0
0
0
0
0
1.808248e+08
1.790125e+08
1.795512e+08
1.821893e+08
1.865559e+08
0
0
0
0
0
0
0
0
0
0
0
0
0
0
0
0
0
0
0
0
1.760245e+08
1.754167e+08
1.771565e+08
1.810258e+08
0
0
0
0
0
0
0
0
0
0
0
0
0
0
0
0
0
0
0
0
1.725675e+08
1.731524e+08
1.761011e+08
0
0
0
0
0
0
0
0
0
0
0
0
0
0
0
0
0
0
0
0
1.704188e+08
1.721926e+08
0
0
0
0
0
0
0
0
0
0
0
0
0
0
0
0
0
0
0
0
1.695085e+08
0
0
0
0
0
0
0
0
0
0
0
0
0
0
0
0
0
0
0
0
0
0
0
0
0
0
0
0
0
0
0
0
0
0
0
0
0
0
0
0
0
0
0
0
0
0
0
0
0
0
0
0
0
0
0
0
0
0
0
0
0
0
0
0
0
0
0
0
0
0
0
0
0
0
0
0
0
0
0
0
0
0
0
0
0
0
0
0
0
2.151897e+08
2.166104e+08
2.195619e+08
2.241638e+08
2.305861e+08
0
0
0
0
0
0
0
0
0
0
2.085202e+08
2.098393e+08
2.126313e+08
2.170333e+08
2.231783e+08
0
0
0
0
0
0
0
0
0
0
2.02599e+08
2.037508e+08
2.063969e+08
2.105929e+08
2.164909e+08
0
0
0
0
0
0
0
0
0
0
1.972655e+08
1.982387e+08
2.006784e+08
2.046879e+08
2.103345e+08
0
0
0
0
0
0
0
0
0
0
1.924424e+08
1.930755e+08
1.953056e+08
1.990674e+08
2.044837e+08
0
0
0
0
0
0
0
0
0
0
1.87905e+08
1.881172e+08
1.899784e+08
1.934938e+08
1.986107e+08
0
0
0
0
0
0
0
0
0
0
0
0
0
0
0
0
0
0
0
0
1.839186e+08
1.832565e+08
1.846783e+08
1.877867e+08
1.926096e+08
0
0
0
0
0
0
0
0
0
0
0
0
0
0
0
0
0
0
0
0
1.809279e+08
1.791011e+08
1.796401e+08
1.822805e+08
1.866536e+08
0
0
0
0
0
0
0
0
0
0
0
0
0
0
0
0
0
0
0
0
1.760985e+08
1.754845e+08
1.772252e+08
1.810968e+08
0
0
0
0
0
0
0
0
0
0
0
0
0
0
0
0
0
0
0
0
1.725675e+08
1.731524e+08
1.761011e+08
0
0
0
0
0
0
0
0
0
0
0
0
0
0
0
0
0
0
0
0
1.703477e+08
1.72126e+08
0
0
0
0
0
0
0
0
0
0
0
0
0
0
0
0
0
0
0
0
1.694129e+08
0
0
0
0
0
0
0
0
0
0
0
0
0
0
0
0
0
0
0
0
0
0
0
0
0
0
0
0
0
0
0
0
0
0
0
0
0
0
0
0
0
0
0
0
0
0
0
0
0
0
0
0
0
0
0
0
0
0
0
0
0
0
0
0
0
0
0
0
0
0
0
0
0
0
0
0
0
0
0
0
0
0
0
0
0
0
0
0
0
0
0
0
0
0
0
0
0
0
0
0
0
0
2.08106e+08
2.094268e+08
2.122171e+08
2.166124e+08
2.22746e+08
0
0
0
0
0
0
0
0
0
0
2.018092e+08
2.029665e+08
2.056097e+08
2.097961e+08
2.156746e+08
0
0
0
0
0
0
0
0
0
0
1.962475e+08
1.972256e+08
1.996647e+08
2.036617e+08
2.092865e+08
0
0
0
0
0
0
0
0
0
0
1.914093e+08
1.920511e+08
1.942789e+08
1.980329e+08
2.034284e+08
0
0
0
0
0
0
0
0
0
0
1.871562e+08
1.873685e+08
1.892324e+08
1.927426e+08
1.978518e+08
0
0
0
0
0
0
0
0
0
0
1.836258e+08
1.829644e+08
1.843845e+08
1.874962e+08
1.923202e+08
0
0
0
0
0
0
0
0
0
0
0
0
0
0
0
0
0
0
0
0
1.809428e+08
1.790947e+08
1.796336e+08
1.822753e+08
1.866546e+08
0
0
0
0
0
0
0
0
0
0
0
0
0
0
0
0
0
0
0
0
1.761979e+08
1.75571e+08
1.773131e+08
1.811882e+08
0
0
0
0
0
0
0
0
0
0
0
0
0
0
0
0
0
0
0
0
1.726396e+08
1.732192e+08
1.761696e+08
0
0
0
0
0
0
0
0
0
0
0
0
0
0
0
0
0
0
0
0
1.703477e+08
1.72126e+08
0
0
0
0
0
0
0
0
0
0
0
0
0
0
0
0
0
0
0
0
1.69342e+08
0
0
0
0
0
0
0
0
0
0
0
0
0
0
0
0
0
0
0
0
0
0
0
0
0
0
0
0
0
0
0
0
0
0
0
0
0
0
0
0
0
0
0
0
0
0
0
0
0
0
0
0
0
0
0
0
0
0
0
0
0
0
0
0
0
0
0
0
0
0
0
0
0
0
0
0
0
0
0
0
0
0
0
0
0
0
0
0
0
0
0
0
0
0
0
0
0
0
0
0
0
0
0
0
0
0
0
0
0
0
0
0
0
0
2.014083e+08
2.025679e+08
2.05209e+08
2.093897e+08
2.152573e+08
0
0
0
0
0
0
0
0
0
0
1.954832e+08
1.964644e+08
1.98902e+08
2.028888e+08
2.084962e+08
0
0
0
0
0
0
0
0
0
0
1.90421e+08
1.910695e+08
1.932934e+08
1.970374e+08
2.024106e+08
0
0
0
0
0
0
0
0
0
0
1.8616e+08
1.863722e+08
1.882357e+08
1.917342e+08
1.968256e+08
0
0
0
0
0
0
0
0
0
0
1.829019e+08
1.822421e+08
1.836562e+08
1.867639e+08
1.915757e+08
0
0
0
0
0
0
0
0
0
0
1.806879e+08
1.788123e+08
1.793498e+08
1.819879e+08
1.863682e+08
0
0
0
0
0
0
0
0
0
0
0
0
0
0
0
0
0
0
0
0
1.762121e+08
1.755652e+08
1.773076e+08
1.811843e+08
0
0
0
0
0
0
0
0
0
0
0
0
0
0
0
0
0
0
0
0
1.727365e+08
1.733048e+08
1.762576e+08
0
0
0
0
0
0
0
0
0
0
0
0
0
0
0
0
0
0
0
0
1.704188e+08
1.721926e+08
0
0
0
0
0
0
0
0
0
0
0
0
0
0
0
0
0
0
0
0
1.69342e+08
0
0
0
0
0
0
0
0
0
0
0
0
0
0
0
0
0
0
0
0
0
0
0
0
0
0
0
0
0
0
0
0
0
0
0
0
0
0
0
0
0
0
0
0
0
0
0
0
0
0
0
0
0
0
0
0
0
0
0
0
0
0
0
0
0
0
0
0
0
0
0
0
0
0
0
0
0
0
0
0
0
0
0
0
0
0
0
0
0
0
0
0
0
0
0
0
0
0
0
0
0
0
0
0
0
0
0
0
0
0
0
0
0
0
0
0
0
0
0
0
0
0
0
0
0
1.950962e+08
1.960786e+08
1.985147e+08
2.024957e+08
2.080934e+08
0
0
0
0
0
0
0
0
0
0
1.896795e+08
1.903326e+08
1.92553e+08
1.962884e+08
2.01644e+08
0
0
0
0
0
0
0
0
0
0
1.852066e+08
1.854188e+08
1.872805e+08
1.907662e+08
1.958381e+08
0
0
0
0
0
0
0
0
0
0
1.819377e+08
1.812809e+08
1.826866e+08
1.857848e+08
1.905754e+08
0
0
0
0
0
0
0
0
0
0
1.800203e+08
1.781139e+08
1.78647e+08
1.812728e+08
1.856424e+08
0
0
0
0
0
0
0
0
0
0
1.75966e+08
1.752909e+08
1.770298e+08
1.809009e+08
0
0
0
0
0
0
0
0
0
0
0
0
0
0
0
0
0
0
0
0
1.727507e+08
1.732999e+08
1.762534e+08
0
0
0
0
0
0
0
0
0
0
0
0
0
0
0
0
0
0
0
0
1.705145e+08
1.722782e+08
0
0
0
0
0
0
0
0
0
0
0
0
0
0
0
0
0
0
0
0
1.694129e+08
0
0
0
0
0
0
0
0
0
0
0
0
0
0
0
0
0
0
0
0
0
0
0
0
0
0
0
0
0
0
0
0
0
0
0
0
0
0
0
0
0
0
0
0
0
0
0
0
0
0
0
0
0
0
0
0
0
0
0
0
0
0
0
0
0
0
0
0
0
0
0
0
0
0
0
0
0
0
0
0
0
0
0
0
0
0
0
0
0
0
0
0
0
0
0
0
0
0
0
0
0
0
0
0
0
0
0
0
0
0
0
0
0
0
0
0
0
0
0
0
0
0
0
0
0
0
0
0
0
0
0
0
0
0
0
1.893048e+08
1.899599e+08
1.92178e+08
1.959084e+08
2.012543e+08
0
0
0
0
0
0
0
0
0
0
1.844914e+08
1.847036e+08
1.865634e+08
1.900389e+08
1.950952e+08
0
0
0
0
0
0
0
0
0
0
1.810148e+08
1.80361e+08
1.817587e+08
1.848464e+08
1.896151e+08
0
0
0
0
0
0
0
0
0
0
1.791156e+08
1.771835e+08
1.777112e+08
1.803201e+08
1.846709e+08
0
0
0
0
0
0
0
0
0
0
1.753217e+08
1.746111e+08
1.763396e+08
1.801921e+08
0
0
0
0
0
0
0
0
0
0
1.725115e+08
1.730313e+08
1.759794e+08
0
0
0
0
0
0
0
0
0
0
0
0
0
0
0
0
0
0
0
0
1.705291e+08
1.722746e+08
0
0
0
0
0
0
0
0
0
0
0
0
0
0
0
0
0
0
0
0
1.695085e+08
0
0
0
0
0
0
0
0
0
0
0
0
0
0
0
0
0
0
0
0
0
0
0
0
0
0
0
0
0
0
0
0
0
0
0
0
0
0
0
0
0
0
0
0
0
0
0
0
0
0
0
0
0
0
0
0
0
0
0
0
0
0
0
0
0
0
0
0
0
0
0
0
0
0
0
0
0
0
0
0
0
0
0
0
0
0
0
0
0
0
0
0
0
0
0
0
0
0
0
0
0
0
0
0
0
0
0
0
0
0
0
0
0
0
0
0
0
0
0
0
0
0
0
0
0
0
0
0
0
0
0
0
0
0
0
0
0
0
0
0
0
0
0
0
0
1.841306e+08
1.843427e+08
1.862011e+08
1.896709e+08
1.947184e+08
0
0
0
0
0
0
0
0
0
0
1.803223e+08
1.796708e+08
1.810625e+08
1.841418e+08
1.888936e+08
0
0
0
0
0
0
0
0
0
0
1.78243e+08
1.762928e+08
1.768155e+08
1.794083e+08
1.837398e+08
0
0
0
0
0
0
0
0
0
0
1.744484e+08
1.737053e+08
1.754199e+08
1.792467e+08
0
0
0
0
0
0
0
0
0
0
1.718843e+08
1.723637e+08
1.75295e+08
0
0
0
0
0
0
0
0
0
0
1.702951e+08
1.720097e+08
0
0
0
0
0
0
0
0
0
0
0
0
0
0
0
0
0
0
0
0
1.695243e+08
0
0
0
0
0
0
0
0
0
0
0
0
0
0
0
0
0
0
0
0
0
0
0
0
0
0
0
0
0
0
0
0
0
0
0
0
0
0
0
0
0
0
0
0
0
0
0
0
0
0
0
0
0
0
0
0
0
0
0
0
0
0
0
0
0
0
0
0
0
0
0
0
0
0
0
0
0
0
0
0
0
0
0
0
0
0
0
0
0
0
0
0
0
0
0
0
0
0
0
0
0
0
0
0
0
0
0
0
0
0
0
0
0
0
0
0
0
0
0
0
0
0
0
0
0
0
0
0
0
0
0
0
0
0
0
0
0
0
0
0
0
0
0
0
0
0
0
0
0
0
0
0
0
0
0
1.799736e+08
1.793232e+08
1.807116e+08
1.837861e+08
1.885286e+08
0
0
0
0
0
0
0
0
0
0
1.775861e+08
1.756245e+08
1.761435e+08
1.787242e+08
1.830408e+08
0
0
0
0
0
0
0
0
0
0
1.736062e+08
1.72838e+08
1.745395e+08
1.783419e+08
0
0
0
0
0
0
0
0
0
0
1.710339e+08
1.714734e+08
1.743824e+08
0
0
0
0
0
0
0
0
0
0
1.69679e+08
1.713478e+08
0
0
0
0
0
0
0
0
0
0
1.692935e+08
0
0
0
0
0
0
0
0
0
0
0
0
0
0
0
0
0
0
0
0
0
0
0
0
0
0
0
0
0
0
0
0
0
0
0
0
0
0
0
0
0
0
0
0
0
0
0
0
0
0
0
0
0
0
0
0
0
0
0
0
0
0
0
0
0
0
0
0
0
0
0
0
0
0
0
0
0
0
0
0
0
0
0
0
0
0
0
0
0
0
0
0
0
0
0
0
0
0
0
0
0
0
0
0
0
0
0
0
0
0
0
0
0
0
0
0
0
0
0
0
0
0
0
0
0
0
0
0
0
0
0
0
0
0
0
0
0
0
0
0
0
0
0
0
0
0
0
0
0
0
0
0
0
0
0
0
0
0
0
0
0
0
0
0
0
1.772555e+08
1.752886e+08
1.758055e+08
1.783796e+08
1.826881e+08
0
0
0
0
0
0
0
0
0
0
1.729721e+08
1.721873e+08
1.738791e+08
1.776632e+08
0
0
0
0
0
0
0
0
0
0
1.702137e+08
1.706209e+08
1.735088e+08
0
0
0
0
0
0
0
0
0
0
1.688432e+08
1.704644e+08
0
0
0
0
0
0
0
0
0
0
1.686828e+08
0
0
0
0
0
0
0
0
0
0
0
0
0
0
0
0
0
0
0
0
0
0
0
0
0
0
0
0
0
0
0
0
0
0
0
0
0
0
0
0
0
0
0
0
0
0
0
0
0
0
0
0
0
0
0
0
0
0
0
0
0
0
0
0
0
0
0
0
0
0
0
0
0
0
0
0
0
0
0
0
0
0
0
0
0
0
0
0
0
0
0
0
0
0
0
0
0
0
0
0
0
0
0
0
0
0
0
0
0
0
0
0
0
0
0
0
0
0
0
0
0
0
0
0
0
0
0
0
0
0
0
0
0
0
0
0
0
0
0
0
0
0
0
0
0
0
0
0
0
0
0
0
0
0
0
0
0
0
0
0
0
0
0
0
0
1.726536e+08
1.718606e+08
1.735472e+08
1.773214e+08
0
0
0
0
0
0
0
0
0
0
1.695962e+08
1.699814e+08
1.728534e+08
0
0
0
0
0
0
0
0
0
0
1.680369e+08
1.696183e+08
0
0
0
0
0
0
0
0
0
0
1.678534e+08
0
0
0
0
0
0
0
0
0
0
0
0
0
0
0
0
0
0
0
0
0
0
0
0
0
0
0
0
0
0
0
0
0
0
0
0
0
0
0
0
0
0
0
0
0
0
0
0
0
0
0
0
0
0
0
0
0
0
0
0
0
0
0
0
0
0
0
0
0
0
0
0
0
0
0
0
0
0
0
0
0
0
0
0
0
0
0
0
0
0
0
0
0
0
0
0
0
0
0
0
0
0
0
0
0
0
0
0
0
0
0
0
0
0
0
0
0
0
0
0
0
0
0
0
0
0
0
0
0
0
0
0
0
0
0
0
0
0
0
0
0
0
0
0
0
0
0
0
0
0
0
0
0
0
0
0
0
0
0
0
0
0
0
0
0
1.692864e+08
1.696606e+08
1.725242e+08
0
0
0
0
0
0
0
0
0
0
1.6743e+08
1.689837e+08
0
0
0
0
0
0
0
0
0
0
1.670532e+08
0
0
0
0
0
0
0
0
0
0
0
0
0
0
0
0
0
0
0
0
0
0
0
0
0
0
0
0
0
0
0
0
0
0
0
0
0
0
0
0
0
0
0
0
0
0
0
0
0
0
0
0
0
0
0
0
0
0
0
0
0
0
0
0
0
0
0
0
0
0
0
0
0
0
0
0
0
0
0
0
0
0
0
0
0
0
0
0
0
0
0
0
0
0
0
0
0
0
0
0
0
0
0
0
0
0
0
0
0
0
0
0
0
0
0
0
0
0
0
0
0
0
0
0
0
0
0
0
0
0
0
0
0
0
0
0
0
0
0
0
0
0
0
0
0
0
0
0
0
0
0
0
0
0
0
0
0
0
0
0
0
0
0
0
1.671257e+08
1.686655e+08
0
0
0
0
0
0
0
0
0
0
1.664509e+08
0
0
0
0
0
0
0
0
0
0
0
0
0
0
0
0
0
0
0
0
0
0
0
0
0
0
0
0
0
0
0
0
0
0
0
0
0
0
0
0
0
0
0
0
0
0
0
0
0
0
0
0
0
0
0
0
0
0
0
0
0
0
0
0
0
0
0
0
0
0
0
0
0
0
0
0
0
0
0
0
0
0
0
0
0
0
0
0
0
0
0
0
0
0
0
0
0
0
0
0
0
0
0
0
0
0
0
0
0
0
0
0
0
0
0
0
0
0
0
0
0
0
0
0
0
0
0
0
0
0
0
0
0
0
0
0
0
0
0
0
0
0
0
0
0
0
0
0
0
0
0
0
0
0
0
0
0
0
0
0
0
0
1.66149e+08
0
0
0
0
0
0
0
0
0
0
0
0
0
0
0
0
0
0
0
0
0
0
0
0
0
0
0
0
0
0
0
0
0
0
0
0
0
0
0
0
0
0
0
0
0
0
0
0
0
0
0
0
0
0
0
0
0
0
0
0
0
0
0
0
0
0
0
0
0
0
0
0
0
0
0
0
0
0
0
0
0
0
0
0
0
0
0
0
0
0
0
0
0
0
0
0
0
0
0
0
0
0
0
0
0
0
0
0
0
0
0
0
0
0
0
0
0
0
0
0
0
0
0
0
0
0
0
0
0
0
0
0
0
0
0
0
0
0
0
0
0
0
0
0
0
0
0
0
0
0
0
0
0
0
0
0
0
0
0
0
0
0
0
0
0
0
0
0
0
0
0
0
0
0
0
0
0
0
0
0
0
0
0
0
0
0
0
0
0
0
0
0
0
0
0
0
0
0
0
0
0
0
0
0
0
0
0
0
0
0
0
0
0
0
0
0
0
0
0
0
0
0
0
0
0
0
0
0
0
0
0
0
0
0
0
0
0
0
0
0
0
0
0
0
0
0
0
0
0
0
0
0
0
0
0
0
0
0
0
0
0
0
0
0
0
0
0
0
0
0
0
0
0
0
0
0
0
0
0
0
0
0
0
0
0
0
0
0
0
0
0
0
0
0
0
0
0
0
0
0
0
0
0
0
0
0
0
0
0
0
0
0
0
0
0
0
0
0
0
0
0
0
0
0
0
0
0
0
0
0
0
0
0
0
0
0
0
0
0
0
0
0
0
0
0
0
0
0
0
0
0
0
0
0
0
0
0
0
0
0
0
0
0
0
0
0
0
0
0
0
0
0
0
0
0
0
0
0
0
0
0
0
0
0
0
0
0
0
0
0
0
0
0
0
0
0
0
0
0
0
0
0
0
0
0
0
0
0
0
0
0
0
0
0
0
0
0
0
0
0
0
0
0
0
0
0
0
0
0
0
0
0
0
0
0
0
0
0
0
0
0
0
0
0
0
0
0
0
0
0
0
0
0
0
0
0
0
0
0
0
0
0
0
0
0
0
0
0
0
0
0
0
0
0
0
0
0
0
0
0
0
0
0
0
0
0
0
0
0
0
0
0
0
0
0
0
0
0
0
0
0
0
0
0
0
0
0
0
0
0
0
0
0
0
0
0
0
0
0
0
0
0
0
0
0
0
0
0
0
0
0
0
0
0
0
0
0
0
0
0
0
0
0
0
0
0
0
0
0
0
0
0
0
0
0
0
0
0
0
0
0
0
0
0
0
0
0
0
0
0
0
0
0
0
0
0
0
0
0
0
0
0
0
0
0
0
0
0
0
0
0
0
0
0
0
0
0
0
0
0
0
0
0
0
0
0
0
0
0
0
0
0
0
0
0
0
0
0
0
0
0
0
0
0
0
0
0
0
0
0
0
0
0
0
0
0
0
0
0
0
0
0
0
0
0
0
0
0
0
0
0
0
0
0
0
0
0
0
0
0
0
0
0
0
0
0
0
0
0
0
0
0
0
0
0
0
0
0
0
0
0
0
0
0
0
0
0
0
0
0
0
0
0
0
0
0
0
0
0
0
0
0
0
0
0
0
0
0
0
0
0
0
0
0
0
0
0
0
0
0
0
0
0
0
0
0
0
0
0
0
0
0
0
0
0
0
0
0
0
0
0
0
0
0
0
0
0
0
0
0
0
0
0
0
0
0
0
0
0
0
0
0
0
0
0
0
0
0
0
0
0
0
0
0
0
0
0
0
0
0
0
0
0
0
0
0
0
0
0
0
0
0
0
0
0
0
0
0
0
0
0
0
0
0
0
0
0
0
0
0
0
0
0
0
0
0
0
0
0
0
0
0
0
0
0
0
0
0
0
0
0
0
0
0
0
0
0
0
0
0
0
0
0
0
0
0
0
0
0
0
0
0
0
0
0
0
0
0
0
0
0
0
0
0
0
0
0
0
0
0
0
0
0
0
0
0
0
0
0
0
0
0
0
0
0
0
0
0
0
0
0
0
0
0
0
0
0
0
0
0
0
0
0
0
0
0
0
0
0
0
0
0
0
0
0
0
0
0
0
0
0
0
0
0
0
0
0
0
0
0
0
0
0
0
0
0
0
0
0
0
0
0
0
0
0
0
0
0
0
0
0
0
0
0
0
0
0
0
0
0
0
0
0
0
0
0
0
0
0
0
0
0
0
0
0
0
0
0
0
0
0
0
0
0
0
0
0
0
0
)
;

boundaryField
{
    anodeSides
    {
        type            calculated;
        value           uniform 0;
    }
    fuelInlet
    {
        type            calculated;
        value           uniform 0;
    }
    fuelOutlet
    {
        type            calculated;
        value           uniform 0;
    }
    fuel_to_electrolyte
    {
        type            calculated;
        value           uniform 0;
    }
    fuel_to_interconnect
    {
        type            calculated;
        value           uniform 0;
    }
}


// ************************************************************************* //
