/*--------------------------------*- C++ -*----------------------------------*\
| =========                 |                                                 |
| \\      /  F ield         | OpenFOAM: The Open Source CFD Toolbox           |
|  \\    /   O peration     | Version:  2306                                  |
|   \\  /    A nd           | Website:  www.openfoam.com                      |
|    \\/     M anipulation  |                                                 |
\*---------------------------------------------------------------------------*/
FoamFile
{
    version     2.0;
    format      ascii;
    arch        "LSB;label=32;scalar=64";
    class       cellSet;
    location    "constant/air/polyMesh/sets";
    object      ccl;
}
// * * * * * * * * * * * * * * * * * * * * * * * * * * * * * * * * * * * * * //


4000
(
8200
8201
8202
8203
8204
8215
8216
8217
8218
8219
8230
8231
8232
8233
8234
8245
8246
8247
8248
8249
8260
8261
8262
8263
8264
8275
8276
8277
8278
8279
8290
8291
8292
8293
8294
8305
8306
8307
8308
8309
8320
8321
8322
8323
8324
8345
8346
8347
8348
8349
8370
8371
8372
8373
8374
8395
8396
8397
8398
8399
8420
8421
8422
8423
8424
8445
8446
8447
8448
8449
8470
8471
8472
8473
8474
8495
8496
8497
8498
8499
8520
8521
8522
8523
8524
8545
8546
8547
8548
8549
8570
8571
8572
8573
8574
8585
8586
8587
8588
8589
8600
8601
8602
8603
8604
8615
8616
8617
8618
8619
8630
8631
8632
8633
8634
8645
8646
8647
8648
8649
8660
8661
8662
8663
8664
8675
8676
8677
8678
8679
8690
8691
8692
8693
8694
8705
8706
8707
8708
8709
8720
8721
8722
8723
8724
8745
8746
8747
8748
8749
8770
8771
8772
8773
8774
8795
8796
8797
8798
8799
8820
8821
8822
8823
8824
8845
8846
8847
8848
8849
8870
8871
8872
8873
8874
8895
8896
8897
8898
8899
8920
8921
8922
8923
8924
8945
8946
8947
8948
8949
8969
8970
8971
8972
8973
8984
8985
8986
8987
8988
8999
9000
9001
9002
9003
9014
9015
9016
9017
9018
9029
9030
9031
9032
9033
9044
9045
9046
9047
9048
9059
9060
9061
9062
9063
9074
9075
9076
9077
9078
9089
9090
9091
9092
9093
9104
9105
9106
9107
9108
9119
9120
9121
9122
9123
9144
9145
9146
9147
9148
9169
9170
9171
9172
9173
989
9194
9195
9196
9197
9198
9219
9220
9221
9222
9223
9244
9245
9246
9247
9248
9269
9270
9271
9272
9273
9294
9295
9296
9297
9298
9319
9320
9321
9322
9323
9343
9344
1152
9345
9346
9347
1163
1164
9366
9367
9368
9369
9370
9381
9382
9383
9384
9385
9396
9397
9398
9399
9400
9411
9412
9413
9414
9415
9426
9427
9428
9429
9430
9441
9442
9443
9444
9445
9456
9457
9458
9459
9460
9471
9472
9473
9474
9475
9486
9487
9488
9489
9490
9501
9502
9503
9504
9505
9516
9517
9518
9519
9520
1329
1340
1341
9541
9542
9543
9544
1352
9545
1353
1354
9566
9567
9568
9569
9570
9591
9592
9593
9594
9595
9616
9617
9618
9619
9620
9641
9642
9643
9644
9645
9666
9667
9668
9669
9670
9691
9692
9693
9694
9695
1520
9715
9716
9717
9718
9719
1531
1532
1543
1544
1545
9738
9739
9740
9741
9742
1556
1557
1558
1559
9760
9761
9762
9763
9764
9775
9776
9777
9778
9779
9790
9791
9792
9793
9794
9805
9806
9807
9808
9809
9820
9821
9822
9823
9824
9835
9836
9837
9838
9839
9850
9851
9852
9853
9854
9865
9866
9867
9868
9869
9880
9881
9882
9883
9884
9895
9896
9897
9898
9899
9910
9911
9912
9913
9914
1725
1736
1737
9935
9936
9937
9938
9939
1748
1749
1750
1761
1762
1763
1764
9960
9961
9962
9963
9964
1775
1776
1777
1778
1779
9985
9986
9987
9988
9989
10010
10011
10012
10013
10014
10035
10036
10037
10038
10039
10060
10061
10062
10063
10064
10084
10085
10086
10087
10088
10107
10108
10109
10110
10111
10129
10130
10131
10132
10133
1945
1956
1957
10150
10151
10152
10153
10154
1968
1969
1970
10165
10166
10167
10168
10169
1981
1982
1983
1984
10180
10181
10182
10183
10184
1995
1996
1997
1998
1999
10195
10196
10197
10198
10199
2010
2011
2012
2013
2014
10210
10211
10212
10213
10214
10225
10226
10227
10228
10229
10240
10241
10242
10243
10244
10255
10256
10257
10258
10259
10270
10271
10272
10273
10274
10285
10286
10287
10288
10289
10300
10301
10302
10303
10304
10325
10326
10327
10328
10329
10350
10351
10352
10353
10354
2170
10375
10376
10377
10378
10379
2191
2192
2203
2204
2205
10400
10401
10402
10403
10404
2216
2217
2218
2219
2230
2231
2232
10425
2233
10426
2234
10427
10428
10429
2245
2246
2247
2248
2249
10449
10450
10451
10452
2260
10453
2261
2262
2263
2264
10472
10473
10474
10475
10476
10494
10495
10496
10497
10498
10515
10516
10517
10518
10519
10535
10536
10537
10538
10539
10550
10551
10552
10553
10554
10565
10566
10567
10568
10569
10580
10581
10582
10583
10584
10595
10596
10597
10598
10599
2410
10610
10611
10612
10613
10614
2431
2432
10625
10626
10627
10628
10629
10640
10641
10642
10643
10644
2453
2454
2455
10655
10656
10657
10658
2466
10659
2467
2468
2469
10670
10671
10672
2480
10673
2481
10674
2482
2483
2484
10685
10686
10687
2495
10688
2496
10689
2497
2498
2499
2510
2511
2512
2513
2514
10710
10711
10712
10713
10714
2525
2526
2527
2528
2529
10735
10736
10737
10738
10739
10760
10761
10762
10763
10764
10785
10786
10787
10788
10789
10809
10810
10811
10812
10813
10832
10833
10834
10835
10836
10854
10855
10856
10857
2665
10858
10875
10876
10877
10878
2686
10879
2687
10895
10896
10897
10898
10899
2708
2709
2710
10914
10915
10916
10917
10918
2731
2732
2733
2734
10929
10930
10931
10932
10933
2745
2746
2747
2748
2749
10944
10945
10946
10947
10948
2760
2761
2762
2763
2764
10959
10960
10961
10962
10963
2775
2776
2777
2778
2779
10974
10975
10976
10977
10978
2790
2791
2792
2793
2794
10988
10989
10990
10991
10992
2805
2806
2807
2808
2809
11003
11004
11005
11006
11007
11018
11019
11020
11021
11022
11033
11034
11035
11036
11037
11048
11049
11050
11051
11052
11063
11064
11065
11066
11067
11088
11089
11090
11091
11092
11113
11114
11115
11116
11117
2935
11138
11139
11140
11141
11142
2956
2957
11162
11163
11164
11165
11166
2978
2979
2980
11185
11186
11187
11188
11189
3001
3002
3003
3004
11207
11208
11209
11210
11211
3025
3026
3027
3028
3029
11228
11229
11230
11231
11232
3040
3041
3042
3043
3044
3055
11248
3056
11249
3057
11250
3058
11251
3059
11252
3070
3071
3072
3073
3074
11267
11268
11269
11270
11271
3085
3086
3087
3088
3089
11285
11286
11287
11288
11289
3100
3101
3102
3103
3104
11300
11301
11302
11303
11304
11315
11316
11317
11318
11319
11330
11331
11332
11333
11334
11344
11345
11346
11347
11348
11357
11358
11359
11360
11361
11372
11373
11374
11375
11376
11387
11388
11389
11390
11391
11402
11403
11404
11405
11406
3219
11417
11418
11419
11420
11421
11432
3240
11433
3241
11434
11435
11436
3262
3263
3264
11457
11458
11459
11460
11461
3285
3286
3287
3288
11482
11483
11484
11485
11486
3309
3310
3311
3312
3313
11506
11507
11508
11509
11510
3334
3335
3336
11529
3337
11530
3338
11531
11532
11533
3349
3350
3351
3352
3353
11551
11552
11553
11554
11555
3364
3365
3366
3367
3368
3379
11572
3380
11573
3381
11574
3382
11575
3383
11576
3394
3395
3396
3397
3398
11592
11593
11594
11595
11596
3409
3410
3411
3412
3413
11611
11612
11613
11614
11615
11629
11630
11631
11632
11633
11646
11647
11648
11649
11650
11661
11662
11663
11664
11665
11676
11677
11678
11679
11680
11690
11691
11692
11693
11694
11703
11704
11705
11706
11707
3516
11715
11716
11717
11718
11719
3537
11730
3538
11731
11732
11733
11734
11745
11746
11747
11748
11749
3559
3560
3561
11760
11761
11762
11763
11764
3582
11775
3583
11776
3584
11777
3585
11778
11779
11790
11791
11792
11793
11794
3606
3607
3608
3609
3610
11815
11816
11817
11818
11819
3631
3632
3633
3634
3635
11839
11840
11841
11842
11843
3656
3657
3658
3659
3660
11862
11863
3671
11864
3672
11865
3673
11866
3674
3675
3686
3687
3688
3689
3690
11884
11885
11886
11887
11888
3701
3702
3703
3704
3705
11905
11906
11907
11908
3716
11909
3717
3718
3719
3720
3731
3732
11925
3733
11926
3734
11927
3735
11928
11929
11944
11945
11946
11947
11948
11962
11963
11964
11965
11966
11979
11980
11981
11982
11983
11995
11996
11997
11998
11999
12010
12011
12012
12013
12014
3825
12024
12025
12026
12027
12028
12037
12038
3846
12039
3847
12040
12041
12049
12050
12051
12052
12053
12060
3868
12061
3869
12062
3870
12063
12064
12075
12076
12077
12078
12079
3891
3892
3893
3894
12090
12091
12092
12093
12094
12105
12106
12107
3915
12108
3916
12109
3917
3918
3919
12120
12121
12122
12123
12124
3940
3941
3942
12135
3943
12136
3944
12137
12138
12139
3965
3966
12159
3967
12160
3968
12161
3969
12162
12163
12182
3990
12183
3991
12184
3992
12185
3993
12186
3994
4005
4006
4007
4008
4009
12204
12205
12206
12207
12208
4020
4021
4022
4023
4024
12225
12226
12227
4035
12228
4036
12229
4037
4038
4039
4050
4051
4052
12245
4053
12246
4054
12247
12248
12249
4065
4066
4067
4068
4069
12264
12265
12266
12267
12268
12282
12283
12284
12285
12286
12299
12300
12301
12302
12303
12315
12316
12317
12318
12319
12330
12331
12332
12333
12334
4145
12344
12345
12346
12347
12348
12357
12358
4166
12359
4167
12360
12361
12369
12370
12371
12372
12373
12380
4188
12381
4189
12382
4190
12383
12384
12390
12391
12392
12393
12394
4211
4212
12405
4213
12406
4214
12407
12408
12409
12420
12421
12422
12423
12424
4235
4236
4237
4238
4239
12435
12436
12437
12438
12439
12450
12451
12452
4260
12453
4261
12454
4262
4263
4264
12465
12466
12467
12468
12469
4285
4286
4287
4288
4289
12488
12489
12490
12491
12492
4310
4311
4312
4313
4314
12510
12511
12512
12513
12514
4335
4336
4337
4338
12531
4339
12532
12533
12534
12535
4350
4351
4352
4353
4354
12551
12552
12553
12554
12555
4365
4366
4367
4368
4369
12570
12571
12572
4380
12573
4381
12574
4382
4383
4384
4395
12588
4396
12589
4397
12590
4398
12591
4399
12592
4410
4411
4412
12605
4413
12606
4414
12607
12608
12609
12621
12622
12623
12624
12625
12636
12637
12638
12639
12640
12650
12651
12652
12653
12654
12663
12664
12665
12666
12667
4475
12675
12676
12677
12678
12679
12686
12687
12688
4496
12689
4497
12690
12696
12697
12698
12699
12700
12705
12706
12707
12708
12709
4518
4519
4520
12720
12721
12722
12723
12724
4541
4542
12735
4543
12736
4544
12737
12738
12739
12750
12751
12752
12753
12754
4565
4566
4567
4568
4569
12765
12766
12767
12768
12769
12780
12781
12782
4590
12783
4591
12784
4592
4593
4594
12802
12803
12804
12805
12806
4615
4616
4617
4618
4619
12823
12824
12825
12826
12827
4640
4641
4642
4643
4644
12843
12844
12845
12846
12847
4665
4666
4667
4668
4669
12862
12863
12864
12865
12866
12880
12881
12882
4690
12883
4691
12884
4692
4693
4694
12897
4705
12898
4706
12899
4707
12900
4708
12901
4709
4720
12913
4721
12914
4722
12915
4723
12916
4724
12917
4735
12928
4736
12929
4737
12930
4738
12931
4739
12932
12942
4750
12943
4751
12944
4752
12945
4753
12946
4754
12955
12956
12957
4765
12958
4766
12959
4767
4768
4769
12967
12968
12969
12970
12971
12978
12979
12980
12981
12982
12988
12989
12990
12991
12992
12997
12998
12999
13000
13001
13005
13006
4814
13007
13008
13009
13020
13021
13022
13023
13024
4835
4836
13035
13036
13037
13038
13039
4857
13050
4858
13051
4859
13052
13053
13054
13065
13066
13067
13068
13069
4880
4881
4882
4883
13080
13081
13082
13083
13084
4904
4905
4906
4907
4908
13101
13102
13103
13104
13105
13121
4929
13122
4930
13123
4931
13124
4932
13125
4933
13140
13141
13142
13143
13144
4954
4955
4956
4957
4958
13158
13159
13160
13161
13162
4979
4980
4981
4982
13175
4983
13176
13177
13178
13179
13191
13192
13193
13194
13195
5004
5005
5006
5007
5008
13206
13207
13208
13209
13210
13220
13221
5029
13222
5030
13223
5031
13224
5032
5033
13233
13234
13235
13236
13237
13245
13246
5054
13247
5055
13248
5056
13249
5057
5058
13256
13257
13258
13259
13260
5069
5070
5071
5072
5073
13266
13267
13268
13269
13270
13275
13276
5084
13277
5085
13278
5086
13279
5087
5088
13283
13284
13285
13286
13287
13290
13291
5099
13292
5100
13293
5101
13294
5102
5103
13305
13306
5114
13307
5115
13308
5116
13309
5117
5118
13320
13321
5129
13322
5130
13323
5131
13324
5132
5133
13335
13336
13337
13338
13339
13350
13351
13352
13353
13354
5171
13365
13366
13367
13368
13369
5182
5183
13385
13386
13387
13388
13389
5204
5205
5206
13404
13405
13406
13407
13408
5227
5228
5229
13422
5230
13423
13424
13425
13426
13439
13440
13441
13442
13443
5251
5252
5253
5254
5255
13455
13456
13457
13458
13459
5276
5277
13470
5278
13471
5279
13472
5280
13473
13474
13484
13485
13486
13487
13488
5301
5302
5303
5304
13497
5305
13498
13499
13500
13501
13509
13510
13511
13512
13513
5326
5327
13520
5328
13521
5329
13522
5330
13523
13524
13530
13531
13532
13533
13534
13539
13540
13541
13542
13543
5351
5352
5353
5354
13547
5355
13548
13549
13550
13551
13554
13555
13556
13557
13558
13560
13561
13562
13563
13564
5376
5377
5378
5379
5380
13575
13576
13577
13578
13579
13590
13591
13592
13593
5401
13594
5402
5403
5404
5405
13605
13606
13607
13608
13609
5426
5427
13620
5428
13621
5429
13622
5430
13623
13624
5441
5442
13635
5443
13636
5444
13637
5445
13638
13639
5456
5457
5458
5459
5460
13654
13655
13656
13657
13658
5471
5472
5473
5474
5475
13672
13673
13674
13675
13676
5486
5487
5488
5489
5490
13689
13690
13691
13692
13693
5501
5502
5503
5504
5505
13705
13706
13707
13708
13709
13720
13721
13722
13723
13724
5535
13734
13735
13736
13737
13738
5546
5547
13747
13748
13749
13750
5558
13751
5559
5560
13759
13760
13761
13762
13763
13770
13771
13772
13773
5581
13774
5582
5583
5584
13780
13781
13782
13783
13784
13789
13790
13791
13792
13793
13797
5605
13798
5606
13799
5607
13800
5608
13801
5609
13804
13805
13806
13807
13808
13810
13811
13812
13813
13814
13815
13816
13817
13818
13819
5630
5631
5632
5633
5634
13830
13831
13832
13833
13834
13845
13846
13847
5655
13848
5656
13849
5657
5658
5659
13860
13861
13862
13863
13864
5680
5681
5682
13875
5683
13876
5684
13877
13878
13879
13890
13891
13892
13893
13894
5705
5706
5707
5708
5709
13908
13909
13910
13911
13912
5730
5731
5732
13925
5733
13926
5734
13927
13928
13929
13941
13942
13943
13944
13945
5755
5756
5757
5758
5759
13956
13957
13958
13959
13960
13970
13971
13972
5780
13973
5781
13974
5782
5783
5784
13983
13984
13985
13986
13987
13995
13996
13997
5805
13998
5806
13999
5807
5808
5809
14006
14007
14008
14009
14010
5820
5821
5822
5823
14016
5824
14017
14018
14019
14020
14025
14026
14027
5835
14028
5836
14029
5837
5838
5839
14033
14034
14035
14036
14037
14040
14041
14042
5850
14043
5851
14044
5852
5853
14046
5854
14047
14048
14049
14050
14051
14052
14053
14054
14055
14056
14057
5865
14058
5866
14059
5867
5868
5869
14070
14071
14072
5880
14073
5881
14074
5882
5883
5884
14085
14086
14087
14088
14089
5905
14100
14101
14102
14103
14104
5916
5917
14115
14116
14117
14118
14119
5928
5929
5930
14130
14131
14132
14133
5941
14134
5942
5943
5944
14147
14148
14149
14150
14151
5965
5966
5967
5968
5969
14163
14164
14165
14166
14167
14178
14179
14180
14181
14182
5990
5991
5992
5993
5994
14192
14193
14194
14195
14196
14205
14206
14207
6015
14208
6016
14209
6017
6018
6019
14217
14218
14219
14220
14221
14228
14229
14230
14231
14232
6040
6041
6042
6043
6044
14238
14239
14240
14241
14242
14247
14248
14249
14250
14251
14255
14256
14257
6065
14258
6066
14259
6067
6068
6069
14262
14263
14264
14265
14266
14268
14269
14270
14271
14272
14273
14274
14275
14276
14277
14278
14279
14280
14281
14282
6090
14283
6091
14284
6092
6093
6094
14295
14296
14297
14298
14299
6115
6116
6117
14310
6118
14311
6119
14312
14313
14314
14325
14326
14327
14328
14329
6140
6141
6142
6143
6144
14340
14341
14342
14343
14344
14355
14356
14357
6165
14358
6166
14359
6167
6168
6169
14371
14372
14373
14374
14375
6190
6191
6192
6193
14386
6194
14387
14388
14389
14390
6205
6206
6207
14400
6208
14401
6209
14402
14403
14404
6220
14413
6221
14414
6222
14415
6223
14416
6224
14417
14425
14426
14427
6235
14428
6236
14429
6237
6238
6239
14436
14437
14438
14439
14440
6250
6251
6252
6253
14446
6254
14447
14448
14449
14450
14455
14456
14457
6265
14458
6266
14459
6267
6268
6269
14463
14464
14465
14466
14467
14470
14471
14472
6280
14473
14474
14476
14477
14478
14479
14480
14481
14482
14483
6291
14484
6292
14485
14486
14487
14488
14489
14490
14491
14492
14493
14494
6303
6304
6305
14505
14506
14507
14508
6316
14509
6317
6318
6319
14520
14521
14522
6330
14523
6331
14524
6332
6333
6334
14535
14536
14537
14538
14539
6355
6356
6357
14550
6358
14551
6359
14552
14553
14554
14565
14566
14567
14568
14569
6380
6381
6382
6383
6384
14580
14581
14582
14583
14584
14594
14595
14596
14597
6405
14598
6406
6407
6408
6409
14607
14608
14609
14610
14611
14619
14620
14621
14622
6430
14623
6431
6432
6433
6434
14630
14631
14632
14633
14634
14640
14641
14642
14643
14644
6455
6456
14649
6457
14650
6458
14651
6459
14652
14653
14657
14658
14659
14660
14661
14664
14665
14666
14667
14668
14670
14671
14672
6480
14673
6481
14674
6482
14675
6483
14676
6484
14677
14678
14679
14680
14681
14682
14683
14684
14685
14686
14687
14688
14689
6505
6506
6507
14700
6508
14701
6509
14702
14703
14704
14715
14716
14717
14718
14719
6530
6531
6532
6533
6534
14730
14731
14732
14733
14734
14745
14746
14747
6555
14748
6556
14749
6557
6558
6559
14760
14761
14762
14763
14764
6580
6581
14774
6582
14775
6583
14776
6584
14777
14778
14787
6595
14788
6596
14789
6597
14790
6598
14791
6599
14799
14800
14801
14802
6610
14803
6611
6612
6613
6614
14810
14811
14812
14813
14814
6625
6626
6627
14820
6628
14821
6629
14822
14823
14824
14829
14830
14831
14832
6640
14833
6641
6642
6643
6644
14837
14838
14839
14840
14841
14844
14845
14846
14847
6655
14848
6656
6657
14850
6658
14851
6659
14852
14853
14854
14855
14856
14857
14858
14859
14860
14861
14862
6670
14863
6671
14864
14865
14866
14867
14868
14869
6682
6683
6684
14880
14881
14882
14883
14884
6695
6696
6697
6698
14895
14896
14897
14898
14899
6709
6710
6711
6712
6713
14910
14911
14912
14913
14914
6724
6725
6726
6727
6728
14925
14926
14927
14928
14929
14939
14940
14941
6749
14942
6750
14943
6751
6752
6753
14952
14953
14954
14955
14956
14964
14965
14966
6774
14967
6775
14968
6776
6777
6778
14975
14976
14977
14978
14979
14985
14986
14987
14988
14989
6799
6800
6801
14994
6802
14995
6803
14996
14997
14998
15002
15003
15004
15005
15006
15009
15010
15011
15012
15013
15015
15016
6824
15017
6825
15018
6826
15019
6827
15020
6828
15021
15022
15023
15024
15025
15026
15027
15028
15029
15030
15031
15032
15033
15034
6849
6850
6851
6852
15045
6853
15046
15047
15048
15049
15060
15061
15062
15063
15064
6874
6875
6876
6877
6878
15075
15076
15077
15078
15079
15089
15090
15091
6899
15092
6900
15093
6901
6902
6903
15102
15103
15104
15105
15106
15114
15115
15116
6924
15117
6925
15118
6926
6927
6928
15125
15126
15127
15128
15129
15135
15136
15137
15138
15139
6949
6950
6951
15144
6952
15145
6953
15146
15147
15148
15152
15153
15154
15155
15156
15159
15160
15161
15162
15163
15165
15166
6974
15167
6975
15168
6976
15169
6977
15170
6978
15171
15172
15173
15174
15175
15176
15177
15178
15179
15180
15181
6989
15182
6990
15183
6991
15184
6992
6993
15195
15196
7004
15197
7005
15198
7006
15199
7007
7008
15210
15211
7019
15212
7020
15213
7021
15214
7022
7023
15224
15225
15226
7034
15227
7035
15228
7036
7037
7038
15237
15238
15239
15240
15241
7049
7050
7051
7052
7053
15249
15250
15251
15252
15253
7064
7065
7066
15260
15261
15262
15263
15264
7077
15270
7078
15271
7079
15272
7080
15273
15274
15279
15280
15281
15282
15283
7091
7092
7093
7094
15287
7095
15288
15289
15290
15291
15294
15295
15296
15297
15298
7106
7107
15300
7108
15301
7109
15302
7110
15303
15304
15305
15306
15307
15308
15309
15310
15311
15312
15313
7121
15314
7122
15315
7123
15316
7124
15317
7125
15318
15319
15330
15331
15332
15333
15334
7146
7147
7148
7149
7150
15344
15345
15346
15347
15348
15357
15358
15359
15360
15361
7171
7172
7173
7174
7175
15369
15370
15371
15372
15373
15380
15381
15382
15383
15384
7196
7197
15390
7198
15391
7199
15392
7200
15393
15394
15399
15400
15401
15402
15403
15407
15408
15409
15410
15411
7221
15414
7222
15415
7223
15416
7224
15417
7225
15418
15420
15421
15422
15423
15424
15425
15426
15427
15428
15429
15430
15431
15432
15433
15434
15435
15436
15437
15438
7246
15439
7247
7248
7249
7250
15449
15450
15451
15452
15453
15462
15463
7271
15464
7272
15465
7273
15466
7274
7275
15474
15475
15476
15477
15478
15485
15486
15487
15488
7296
15489
7297
7298
7299
7300
15495
15496
15497
15498
15499
15504
15505
15506
15507
15508
15512
15513
7321
15514
7322
15515
7323
15516
7324
7325
15519
15520
15521
15522
15523
15525
15526
15527
15528
15529
15530
15531
15532
15533
15534
15535
15536
15537
15538
7346
15539
7347
15540
7348
15541
7349
15542
7350
15543
15544
15553
15554
15555
15556
15557
7371
7372
15565
7373
15566
7374
15567
7375
15568
15569
15576
15577
15578
7386
15579
7387
15580
7388
7389
7390
15586
15587
15588
15589
15590
7401
7402
15595
7403
15596
7404
15597
7405
15598
15599
15603
15604
15605
15606
15607
7416
7417
15610
7418
15611
7419
15612
7420
15613
15614
15616
15617
15618
15619
15620
15621
15622
15623
7431
15624
7432
15625
7433
15626
7434
15627
7435
15628
15629
15630
15631
15632
15633
15634
15635
7446
7447
7448
7449
7450
15643
15644
15645
15646
15647
7461
15654
7462
15655
7463
15656
7464
15657
15658
15664
15665
15666
15667
7475
15668
7476
7477
7478
7479
15673
15674
15675
15676
15677
15681
15682
7490
15683
7491
15684
7492
15685
7493
7494
15688
15689
15690
15691
15692
15694
15695
15696
15697
7505
15698
7506
15699
7507
15700
7508
15701
7509
15702
15703
15704
15705
15706
15707
15708
15709
15710
15711
15712
7520
15713
7521
7522
7523
7524
15720
15721
15722
15723
15724
15730
15731
15732
15733
15734
7545
7546
15739
7547
15740
7548
15741
7549
15742
15743
15747
15748
15749
15750
15751
15754
15755
15756
15757
15758
15760
15761
15762
7570
15763
7571
15764
7572
15765
7573
15766
7574
15767
15768
15769
15770
15771
15772
15773
15774
15775
15776
15777
15778
15779
15785
15786
15787
7595
15788
7596
15789
7597
7598
7599
15794
15795
15796
15797
15798
15802
15803
15804
15805
15806
15809
15810
15811
15812
7620
15813
7621
7622
15815
7623
15816
7624
15817
15818
15819
15820
15821
15822
15823
15824
15825
15826
15827
15828
15829
15830
15831
15832
15833
15834
7645
7646
15839
7647
15840
7648
15841
7649
15842
15843
15847
15848
15849
15850
15851
15854
15855
15856
15857
15858
15860
15861
15862
7670
15863
7671
15864
7672
15865
7673
15866
7674
15867
15868
15869
15870
15871
15872
15873
15874
15875
15876
15877
15878
15879
15883
15884
15885
15886
15887
7695
7696
7697
15890
7698
15891
7699
15892
15893
15894
15896
15897
15898
15899
15900
15901
15902
15903
15904
15905
15906
15907
15908
15909
15910
15911
15912
7720
15913
7721
15914
7722
15915
7723
7724
15918
15919
15920
15921
15922
15924
15925
15926
15927
15928
15929
15930
15931
15932
15933
15934
15935
15936
15937
7745
15938
7746
15939
7747
15940
7748
15941
7749
15942
15943
15945
15946
15947
15948
15949
15950
15951
15952
15953
15954
15955
15956
15957
15958
15959
15960
15961
15962
7770
15963
7771
15964
7772
15965
7773
15966
7774
15967
15968
15969
15970
15971
15972
15973
15974
15975
15976
15977
7785
15978
7786
15979
7787
15980
7788
15981
7789
15982
15983
15984
15985
15986
15987
15988
15989
15990
15991
15992
7800
15993
7801
15994
7802
15995
7803
15996
7804
15997
15998
15999
7815
7816
7817
7818
7819
7830
7831
7832
7833
7834
7845
7846
7847
7848
7849
7860
7861
7862
7863
7864
7875
7876
7877
7878
7879
7890
7891
7892
7893
7894
7905
7906
7907
7908
7909
7920
7921
7922
7923
7924
7945
7946
7947
7948
7949
7970
7971
7972
7973
7974
7995
7996
7997
7998
7999
8020
8021
8022
8023
8024
8045
8046
8047
8048
8049
8070
8071
8072
8073
8074
8095
8096
8097
8098
8099
8120
8121
8122
8123
8124
8145
8146
8147
8148
8149
8170
8171
8172
8173
8174
8185
8186
8187
8188
8189
)


// ************************************************************************* //
