/*--------------------------------*- C++ -*----------------------------------*\
| =========                 |                                                 |
| \\      /  F ield         | OpenFOAM: The Open Source CFD Toolbox           |
|  \\    /   O peration     | Version:  2306                                  |
|   \\  /    A nd           | Website:  www.openfoam.com                      |
|    \\/     M anipulation  |                                                 |
\*---------------------------------------------------------------------------*/
FoamFile
{
    version     2.0;
    format      ascii;
    arch        "LSB;label=32;scalar=64";
    class       volScalarField;
    location    "1.2/phiEA";
    object      J;
}
// * * * * * * * * * * * * * * * * * * * * * * * * * * * * * * * * * * * * * //

dimensions      [0 -3 0 0 0 1 0];

internalField   nonuniform List<scalar> 
20000
(
-9.122382e+08
-9.203492e+08
-8.35364e+08
-8.697785e+08
-9.367157e+08
-8.406505e+08
-8.772882e+08
-7.703195e+08
-7.984854e+08
-8.39866e+08
-9.613434e+08
-8.510496e+08
-8.924309e+08
-7.743609e+08
-8.034038e+08
-8.46977e+08
-7.180771e+08
-7.379523e+08
-7.722895e+08
-8.215303e+08
-9.932998e+08
-8.660043e+08
-9.151949e+08
-7.822169e+08
-8.13074e+08
-8.613133e+08
-7.213814e+08
-7.417278e+08
-7.76958e+08
-8.28422e+08
-6.746529e+08
-6.891908e+08
-7.148216e+08
-7.560087e+08
-8.137937e+08
-1.027689e+09
-8.840901e+08
-9.446993e+08
-7.932752e+08
-8.269706e+08
-8.82862e+08
-7.277565e+08
-7.490634e+08
-7.86135e+08
-8.423206e+08
-6.774557e+08
-6.922878e+08
-7.184136e+08
-7.605326e+08
-8.206231e+08
-6.373061e+08
-6.485581e+08
-6.684592e+08
-7.003074e+08
-7.488685e+08
0
-1.053454e+09
-9.017137e+08
-9.764102e+08
-8.061787e+08
-8.437626e+08
-9.107968e+08
-7.366084e+08
-7.593828e+08
-7.993198e+08
-8.632267e+08
-6.828349e+08
-6.982605e+08
-7.253913e+08
-7.694259e+08
-8.344068e+08
-6.397385e+08
-6.511926e+08
-6.71412e+08
-7.037901e+08
-7.533401e+08
0
-6.045131e+08
-6.135334e+08
-6.297699e+08
-6.553672e+08
-6.937876e+08
0
0
-1.069538e+09
-9.135642e+08
-1.000077e+09
-8.180551e+08
-8.601094e+08
-9.408362e+08
-7.466958e+08
-7.714144e+08
-8.152501e+08
-8.903705e+08
-6.902322e+08
-7.065487e+08
-7.352043e+08
-7.82207e+08
-8.551719e+08
-6.443883e+08
-6.562464e+08
-6.77105e+08
-7.105553e+08
-7.621342e+08
0
-6.066602e+08
-6.158253e+08
-6.322864e+08
-6.582324e+08
-6.972265e+08
0
0
-5.752343e+08
-5.827157e+08
-5.963735e+08
-6.178509e+08
-6.494009e+08
0
0
0
-1.078532e+09
-9.201326e+08
-1.014799e+09
-8.253925e+08
-8.710676e+08
-9.631956e+08
-7.556179e+08
-7.82477e+08
-8.307574e+08
-9.196282e+08
-6.985182e+08
-7.159858e+08
-7.466424e+08
-7.976601e+08
-8.822085e+08
-6.50736e+08
-6.63192e+08
-6.850025e+08
-7.200703e+08
-7.74782e+08
0
-6.107521e+08
-6.202046e+08
-6.371124e+08
-6.637563e+08
-7.039079e+08
0
0
-5.771532e+08
-5.847433e+08
-5.985664e+08
-6.20295e+08
-6.522293e+08
0
0
0
-5.487926e+08
-5.551474e+08
-5.669488e+08
-5.854499e+08
-6.12368e+08
0
0
0
0
-1.082523e+09
-9.234346e+08
-1.023012e+09
-8.289471e+08
-8.771249e+08
-9.770769e+08
-7.607761e+08
-7.89291e+08
-8.411247e+08
-9.413759e+08
-7.056302e+08
-7.243226e+08
-7.571545e+08
-8.127177e+08
-9.114677e+08
-6.577524e+08
-6.709652e+08
-6.939908e+08
-7.31164e+08
-7.900958e+08
0
-6.16306e+08
-6.261793e+08
-6.437426e+08
-6.714189e+08
-7.13309e+08
0
0
-5.808011e+08
-5.886055e+08
-6.027553e+08
-6.249817e+08
-6.576826e+08
0
0
0
-5.505246e+08
-5.569631e+08
-5.688917e+08
-5.875816e+08
-6.147806e+08
0
0
0
0
-5.24685e+08
-5.302054e+08
-5.405921e+08
-5.568847e+08
-5.803919e+08
0
0
0
0
0
-1.082523e+09
-9.247926e+08
-1.02665e+09
-8.304344e+08
-8.801637e+08
-9.84811e+08
-7.629655e+08
-7.925815e+08
-8.468443e+08
-9.548711e+08
-7.095254e+08
-7.291267e+08
-7.636093e+08
-8.227613e+08
-9.332161e+08
-6.636322e+08
-6.776276e+08
-7.019247e+08
-7.41362e+08
-8.050455e+08
0
-6.2238e+08
-6.327772e+08
-6.511587e+08
-6.801402e+08
-7.242788e+08
0
0
-5.857292e+08
-5.938446e+08
-6.084682e+08
-6.314199e+08
-6.652493e+08
0
0
0
-5.538106e+08
-5.604133e+08
-5.725918e+08
-5.916532e+08
-6.194074e+08
0
0
0
0
-5.262606e+08
-5.318473e+08
-5.423345e+08
-5.587751e+08
-5.824966e+08
0
0
0
0
0
-5.025444e+08
-5.074261e+08
-5.167163e+08
-5.31281e+08
-5.522024e+08
0
0
0
0
0
0
-1.078532e+09
-9.247926e+08
-1.02665e+09
-8.309398e+08
-8.814117e+08
-9.882355e+08
-7.636703e+08
-7.939534e+08
-8.497113e+08
-9.623929e+08
-7.109761e+08
-7.311565e+08
-7.667174e+08
-8.282972e+08
-9.467263e+08
-6.667075e+08
-6.812631e+08
-7.0648e+08
-7.476047e+08
-8.149994e+08
0
-6.273709e+08
-6.382973e+08
-6.575079e+08
-6.87836e+08
-7.34371e+08
0
0
-5.91071e+08
-5.995685e+08
-6.147728e+08
-6.3862e+08
-6.738651e+08
0
0
0
-5.582319e+08
-5.650712e+08
-5.776088e+08
-5.972052e+08
-6.257642e+08
0
0
0
0
-5.292447e+08
-5.349608e+08
-5.456445e+08
-5.623746e+08
-5.865168e+08
0
0
0
0
0
-5.039872e+08
-5.089223e+08
-5.182941e+08
-5.329777e+08
-5.540694e+08
0
0
0
0
0
0
-4.820838e+08
-4.864714e+08
-4.948844e+08
-5.080716e+08
-5.269335e+08
0
0
0
0
0
0
0
-1.069538e+09
-9.234346e+08
-1.023012e+09
-8.309398e+08
-8.814117e+08
-9.882355e+08
-7.638189e+08
-7.944178e+08
-8.508887e+08
-9.657253e+08
-7.112843e+08
-7.318043e+08
-7.680102e+08
-8.310739e+08
-9.542709e+08
-6.677098e+08
-6.826081e+08
-7.083958e+08
-7.506038e+08
-8.20486e+08
0
-6.29879e+08
-6.411724e+08
-6.60958e+08
-6.922373e+08
-7.405301e+08
0
0
-5.953876e+08
-6.042632e+08
-6.200402e+08
-6.4478e+08
-6.814687e+08
0
0
0
-5.629883e+08
-5.701148e+08
-5.830862e+08
-6.033306e+08
-6.32875e+08
0
0
0
0
-5.33246e+08
-5.391474e+08
-5.501113e+08
-5.672544e+08
-5.919992e+08
0
0
0
0
0
-5.067157e+08
-5.117546e+08
-5.21285e+08
-5.362004e+08
-5.576243e+08
0
0
0
0
0
0
-4.834122e+08
-4.878436e+08
-4.963239e+08
-5.096092e+08
-5.286097e+08
0
0
0
0
0
0
0
-4.630801e+08
-4.670768e+08
-4.747778e+08
-4.868345e+08
-5.040241e+08
0
0
0
0
0
0
0
0
-1.053454e+09
-9.201326e+08
-1.014799e+09
-8.304344e+08
-8.801637e+08
-9.84811e+08
-7.638189e+08
-7.944178e+08
-8.508887e+08
-9.657253e+08
-7.112604e+08
-7.31938e+08
-7.68447e+08
-8.322156e+08
-9.576189e+08
-6.677951e+08
-6.82887e+08
-7.090024e+08
-7.518501e+08
-8.232436e+08
0
-6.305909e+08
-6.421005e+08
-6.622252e+08
-6.940803e+08
-7.434839e+08
0
0
-5.974802e+08
-6.066113e+08
-6.227707e+08
-6.481118e+08
-6.857996e+08
0
0
0
-5.667764e+08
-5.741824e+08
-5.875715e+08
-6.084432e+08
-6.389561e+08
0
0
0
0
-5.375221e+08
-5.436463e+08
-5.549442e+08
-5.7258e+08
-5.980483e+08
0
0
0
0
0
-5.103631e+08
-5.155499e+08
-5.253051e+08
-5.405485e+08
-5.624439e+08
0
0
0
0
0
0
-4.859213e+08
-4.904375e+08
-4.990481e+08
-5.125236e+08
-5.317934e+08
0
0
0
0
0
0
0
-4.64309e+08
-4.68342e+08
-4.760996e+08
-4.882384e+08
-5.055435e+08
0
0
0
0
0
0
0
0
-4.453536e+08
-4.490364e+08
-4.561472e+08
-4.672625e+08
-4.830575e+08
0
0
0
0
0
0
0
0
0
-1.027689e+09
-9.135642e+08
-1.000077e+09
-8.289471e+08
-8.771249e+08
-9.770769e+08
-7.636703e+08
-7.939534e+08
-8.497113e+08
-9.623929e+08
-7.112604e+08
-7.31938e+08
-7.68447e+08
-8.322156e+08
-9.576189e+08
-6.676802e+08
-6.828597e+08
-7.091252e+08
-7.522712e+08
-8.243804e+08
0
-6.305435e+08
-6.421711e+08
-6.624815e+08
-6.946601e+08
-7.447121e+08
0
0
-5.979918e+08
-6.072686e+08
-6.236427e+08
-6.493268e+08
-6.876054e+08
0
0
0
-5.685532e+08
-5.761439e+08
-5.89803e+08
-6.110794e+08
-6.422292e+08
0
0
0
0
-5.40884e+08
-5.472216e+08
-5.588349e+08
-5.769357e+08
-6.030935e+08
0
0
0
0
0
-5.142382e+08
-5.196012e+08
-5.296215e+08
-5.452511e+08
-5.677039e+08
0
0
0
0
0
0
-4.892663e+08
-4.939026e+08
-5.026969e+08
-5.164399e+08
-5.36089e+08
0
0
0
0
0
0
0
-4.666275e+08
-4.707308e+08
-4.785973e+08
-4.908949e+08
-5.084236e+08
0
0
0
0
0
0
0
0
-4.46495e+08
-4.502084e+08
-4.573673e+08
-4.685525e+08
-4.844452e+08
0
0
0
0
0
0
0
0
0
-4.287566e+08
-4.321846e+08
-4.387988e+08
-4.49115e+08
-4.637303e+08
0
0
0
0
0
0
0
0
0
0
-9.932998e+08
-9.017137e+08
-9.764102e+08
-8.253925e+08
-8.710676e+08
-9.631956e+08
-7.629655e+08
-7.925815e+08
-8.468443e+08
-9.548711e+08
-7.112843e+08
-7.318043e+08
-7.680102e+08
-8.310739e+08
-9.542709e+08
-6.676802e+08
-6.828597e+08
-7.091252e+08
-7.522712e+08
-8.243804e+08
0
-6.303788e+08
-6.420585e+08
-6.624511e+08
-6.947758e+08
-7.45128e+08
0
0
-5.978612e+08
-6.072149e+08
-6.237009e+08
-6.495667e+08
-6.881707e+08
0
0
0
-5.689212e+08
-5.766143e+08
-5.904184e+08
-6.119123e+08
-6.43414e+08
0
0
0
0
-5.424129e+08
-5.48889e+08
-5.607002e+08
-5.790901e+08
-6.056805e+08
0
0
0
0
0
-5.172497e+08
-5.227791e+08
-5.330453e+08
-5.490315e+08
-5.720017e+08
0
0
0
0
0
0
-4.928014e+08
-4.975797e+08
-5.065886e+08
-5.20643e+08
-5.407346e+08
0
0
0
0
0
0
0
-4.697111e+08
-4.739134e+08
-4.819326e+08
-4.944523e+08
-5.122938e+08
0
0
0
0
0
0
0
0
-4.486466e+08
-4.52419e+08
-4.596702e+08
-4.709899e+08
-4.870712e+08
0
0
0
0
0
0
0
0
0
-4.298207e+08
-4.332747e+08
-4.399302e+08
-4.503067e+08
-4.650059e+08
0
0
0
0
0
0
0
0
0
0
-4.131663e+08
-4.163852e+08
-4.225766e+08
-4.322054e+08
-4.458056e+08
0
0
0
0
0
0
0
0
0
0
0
-9.613434e+08
-8.840901e+08
-9.446993e+08
-8.180551e+08
-8.601094e+08
-9.408362e+08
-7.607761e+08
-7.89291e+08
-8.411247e+08
-9.413759e+08
-7.109761e+08
-7.311565e+08
-7.667174e+08
-8.282972e+08
-9.467263e+08
-6.677951e+08
-6.82887e+08
-7.090024e+08
-7.518501e+08
-8.232436e+08
0
-6.303788e+08
-6.420585e+08
-6.624511e+08
-6.947758e+08
-7.45128e+08
0
0
-5.976684e+08
-6.070552e+08
-6.23589e+08
-6.495334e+08
-6.882824e+08
0
0
0
-5.687367e+08
-5.764822e+08
-5.903582e+08
-6.119603e+08
-6.436427e+08
0
0
0
0
-5.426743e+08
-5.492251e+08
-5.611382e+08
-5.796751e+08
-6.064888e+08
0
0
0
0
0
-5.185798e+08
-5.242153e+08
-5.346317e+08
-5.508324e+08
-5.741143e+08
0
0
0
0
0
0
-4.955198e+08
-5.004304e+08
-5.09635e+08
-5.239717e+08
-5.444649e+08
0
0
0
0
0
0
0
-4.729541e+08
-4.772727e+08
-4.854688e+08
-4.982445e+08
-5.16447e+08
0
0
0
0
0
0
0
0
-4.515019e+08
-4.553569e+08
-4.627369e+08
-4.74244e+08
-4.905877e+08
0
0
0
0
0
0
0
0
0
-4.31825e+08
-4.353288e+08
-4.420635e+08
-4.525555e+08
-4.674161e+08
0
0
0
0
0
0
0
0
0
0
-4.141615e+08
-4.174027e+08
-4.236299e+08
-4.333112e+08
-4.469842e+08
0
0
0
0
0
0
0
0
0
0
0
-3.984801e+08
-4.015247e+08
-4.073522e+08
-4.163834e+08
-4.290993e+08
0
0
0
0
0
0
0
0
0
0
0
0
-9.367157e+08
-8.660043e+08
-9.151949e+08
-8.061787e+08
-8.437626e+08
-9.107968e+08
-7.556179e+08
-7.82477e+08
-8.307574e+08
-9.196282e+08
-7.095254e+08
-7.291267e+08
-7.636093e+08
-8.227613e+08
-9.332161e+08
-6.677098e+08
-6.826081e+08
-7.083958e+08
-7.506038e+08
-8.20486e+08
0
-6.305435e+08
-6.421711e+08
-6.624815e+08
-6.946601e+08
-7.447121e+08
0
0
-5.976684e+08
-6.070552e+08
-6.23589e+08
-6.495334e+08
-6.882824e+08
0
0
0
-5.685283e+08
-5.762959e+08
-5.902012e+08
-6.118477e+08
-6.436065e+08
0
0
0
0
-5.42454e+08
-5.490423e+08
-5.610034e+08
-5.796084e+08
-6.065281e+08
0
0
0
0
0
-5.187601e+08
-5.244515e+08
-5.349424e+08
-5.512464e+08
-5.746791e+08
0
0
0
0
0
0
-4.966874e+08
-5.016809e+08
-5.110022e+08
-5.255035e+08
-5.462301e+08
0
0
0
0
0
0
0
-4.75424e+08
-4.798495e+08
-4.882043e+08
-5.01208e+08
-5.19732e+08
0
0
0
0
0
0
0
0
-4.544917e+08
-4.58443e+08
-4.659708e+08
-4.776921e+08
-4.943359e+08
0
0
0
0
0
0
0
0
0
-4.344794e+08
-4.380529e+08
-4.448973e+08
-4.555495e+08
-4.706337e+08
0
0
0
0
0
0
0
0
0
0
-4.160349e+08
-4.193186e+08
-4.256142e+08
-4.353957e+08
-4.492086e+08
0
0
0
0
0
0
0
0
0
0
0
-3.994136e+08
-4.024775e+08
-4.083363e+08
-4.174135e+08
-4.301933e+08
0
0
0
0
0
0
0
0
0
0
0
0
-3.846123e+08
-3.875086e+08
-3.930187e+08
-4.015253e+08
-4.134634e+08
0
0
0
0
0
0
0
0
0
0
0
0
0
-9.203492e+08
-8.510496e+08
-8.924309e+08
-7.932752e+08
-8.269706e+08
-8.82862e+08
-7.466958e+08
-7.714144e+08
-8.152501e+08
-8.903705e+08
-7.056302e+08
-7.243226e+08
-7.571545e+08
-8.127177e+08
-9.114677e+08
-6.667075e+08
-6.812631e+08
-7.0648e+08
-7.476047e+08
-8.149994e+08
0
-6.305909e+08
-6.421005e+08
-6.622252e+08
-6.940803e+08
-7.434839e+08
0
0
-5.978612e+08
-6.072149e+08
-6.237009e+08
-6.495667e+08
-6.881707e+08
0
0
0
-5.685283e+08
-5.762959e+08
-5.902012e+08
-6.118477e+08
-6.436065e+08
0
0
0
0
-5.422373e+08
-5.48841e+08
-5.608208e+08
-5.794521e+08
-6.064135e+08
0
0
0
0
0
-5.185162e+08
-5.242348e+08
-5.347591e+08
-5.511075e+08
-5.746056e+08
0
0
0
0
0
0
-4.96805e+08
-5.018412e+08
-5.112181e+08
-5.257947e+08
-5.466272e+08
0
0
0
0
0
0
0
-4.76457e+08
-4.809481e+08
-4.893954e+08
-5.025284e+08
-5.212331e+08
0
0
0
0
0
0
0
0
-4.567486e+08
-4.607872e+08
-4.684459e+08
-4.803549e+08
-4.972612e+08
0
0
0
0
0
0
0
0
0
-4.372477e+08
-4.409017e+08
-4.478713e+08
-4.587051e+08
-4.740429e+08
0
0
0
0
0
0
0
0
0
0
-4.185113e+08
-4.218542e+08
-4.282443e+08
-4.381642e+08
-4.5217e+08
0
0
0
0
0
0
0
0
0
0
0
-4.011699e+08
-4.042705e+08
-4.101888e+08
-4.193537e+08
-4.322558e+08
0
0
0
0
0
0
0
0
0
0
0
0
-3.854901e+08
-3.884033e+08
-3.939411e+08
-4.024883e+08
-4.144829e+08
0
0
0
0
0
0
0
0
0
0
0
0
0
-3.714885e+08
-3.742575e+08
-3.79487e+08
-3.875282e+08
-3.987764e+08
0
0
0
0
0
0
0
0
0
0
0
0
0
0
-9.122382e+08
-8.406505e+08
-8.772882e+08
-7.822169e+08
-8.13074e+08
-8.613133e+08
-7.366084e+08
-7.593828e+08
-7.993198e+08
-8.632267e+08
-6.985182e+08
-7.159858e+08
-7.466424e+08
-7.976601e+08
-8.822085e+08
-6.636322e+08
-6.776276e+08
-7.019247e+08
-7.41362e+08
-8.050455e+08
0
-6.29879e+08
-6.411724e+08
-6.60958e+08
-6.922373e+08
-7.405301e+08
0
0
-5.979918e+08
-6.072686e+08
-6.236427e+08
-6.493268e+08
-6.876054e+08
0
0
0
-5.687367e+08
-5.764822e+08
-5.903582e+08
-6.119603e+08
-6.436427e+08
0
0
0
0
-5.422373e+08
-5.48841e+08
-5.608208e+08
-5.794521e+08
-6.064135e+08
0
0
0
0
0
-5.182958e+08
-5.240255e+08
-5.345621e+08
-5.509264e+08
-5.74448e+08
0
0
0
0
0
0
-4.965456e+08
-5.016021e+08
-5.110025e+08
-5.256091e+08
-5.46483e+08
0
0
0
0
0
0
0
-4.765254e+08
-4.810496e+08
-4.895392e+08
-5.027283e+08
-5.2151e+08
0
0
0
0
0
0
0
0
-4.576684e+08
-4.617598e+08
-4.694929e+08
-4.815054e+08
-4.985548e+08
0
0
0
0
0
0
0
0
0
-4.393203e+08
-4.430463e+08
-4.501251e+08
-4.611157e+08
-4.766718e+08
0
0
0
0
0
0
0
0
0
0
-4.210846e+08
-4.244953e+08
-4.309923e+08
-4.41068e+08
-4.552909e+08
0
0
0
0
0
0
0
0
0
0
0
-4.034876e+08
-4.066389e+08
-4.126393e+08
-4.219247e+08
-4.34995e+08
0
0
0
0
0
0
0
0
0
0
0
0
-3.871412e+08
-3.900861e+08
-3.956762e+08
-4.043007e+08
-4.164031e+08
0
0
0
0
0
0
0
0
0
0
0
0
0
-3.72316e+08
-3.750998e+08
-3.803539e+08
-3.884312e+08
-3.997297e+08
0
0
0
0
0
0
0
0
0
0
0
0
0
0
-3.590448e+08
-3.617029e+08
-3.666825e+08
-3.743062e+08
-3.849368e+08
0
0
0
0
0
0
0
0
0
0
0
0
0
0
0
-8.35364e+08
-8.697785e+08
-7.743609e+08
-8.034038e+08
-8.46977e+08
-7.277565e+08
-7.490634e+08
-7.86135e+08
-8.423206e+08
-6.902322e+08
-7.065487e+08
-7.352043e+08
-7.82207e+08
-8.551719e+08
-6.577524e+08
-6.709652e+08
-6.939908e+08
-7.31164e+08
-7.900958e+08
0
-6.273709e+08
-6.382973e+08
-6.575079e+08
-6.87836e+08
-7.34371e+08
0
0
-5.974802e+08
-6.066113e+08
-6.227707e+08
-6.481118e+08
-6.857996e+08
0
0
0
-5.689212e+08
-5.766143e+08
-5.904184e+08
-6.119123e+08
-6.43414e+08
0
0
0
0
-5.42454e+08
-5.490423e+08
-5.610034e+08
-5.796084e+08
-6.065281e+08
0
0
0
0
0
-5.182958e+08
-5.240255e+08
-5.345621e+08
-5.509264e+08
-5.74448e+08
0
0
0
0
0
0
-4.963247e+08
-5.013892e+08
-5.107978e+08
-5.25414e+08
-5.463011e+08
0
0
0
0
0
0
0
-4.762564e+08
-4.807959e+08
-4.893022e+08
-5.025116e+08
-5.213202e+08
0
0
0
0
0
0
0
0
-4.57698e+08
-4.618152e+08
-4.695809e+08
-4.816359e+08
-4.987426e+08
0
0
0
0
0
0
0
0
0
-4.401444e+08
-4.43913e+08
-4.510524e+08
-4.621272e+08
-4.777988e+08
0
0
0
0
0
0
0
0
0
0
-4.229966e+08
-4.26467e+08
-4.330561e+08
-4.432644e+08
-4.576714e+08
0
0
0
0
0
0
0
0
0
0
-4.058878e+08
-4.090968e+08
-4.151892e+08
-4.246096e+08
-4.378676e+08
0
0
0
0
0
0
0
0
0
0
0
0
-3.893166e+08
-3.923053e+08
-3.979672e+08
-4.066976e+08
-4.189477e+08
0
0
0
0
0
0
0
0
0
0
0
0
0
-3.73872e+08
-3.766835e+08
-3.819838e+08
-3.901298e+08
-4.015239e+08
0
0
0
0
0
0
0
0
0
0
0
0
0
0
-3.598266e+08
-3.624977e+08
-3.674992e+08
-3.751554e+08
-3.85831e+08
0
0
0
0
0
0
0
0
0
0
0
0
0
0
0
-3.472242e+08
-3.497856e+08
-3.545405e+08
-3.617876e+08
-3.718603e+08
0
0
0
0
0
0
0
0
0
0
0
0
0
0
0
0
-7.703195e+08
-7.984854e+08
-8.39866e+08
-7.213814e+08
-7.417278e+08
-7.76958e+08
-8.28422e+08
-6.828349e+08
-6.982605e+08
-7.253913e+08
-7.694259e+08
-8.344068e+08
-6.50736e+08
-6.63192e+08
-6.850025e+08
-7.200703e+08
-7.74782e+08
0
-6.2238e+08
-6.327772e+08
-6.511587e+08
-6.801402e+08
-7.242788e+08
0
0
-5.953876e+08
-6.042632e+08
-6.200402e+08
-6.4478e+08
-6.814687e+08
0
0
0
-5.685532e+08
-5.761439e+08
-5.89803e+08
-6.110794e+08
-6.422292e+08
0
0
0
0
-5.426743e+08
-5.492251e+08
-5.611382e+08
-5.796751e+08
-6.064888e+08
0
0
0
0
0
-5.185162e+08
-5.242348e+08
-5.347591e+08
-5.511075e+08
-5.746056e+08
0
0
0
0
0
0
-4.963247e+08
-5.013892e+08
-5.107978e+08
-5.25414e+08
-5.463011e+08
0
0
0
0
0
0
0
-4.760368e+08
-4.805822e+08
-4.890939e+08
-5.02309e+08
-5.211246e+08
0
0
0
0
0
0
0
0
-4.574235e+08
-4.615522e+08
-4.693299e+08
-4.813986e+08
-4.985226e+08
0
0
0
0
0
0
0
0
0
-4.40143e+08
-4.43932e+08
-4.510966e+08
-4.622041e+08
-4.779189e+08
0
0
0
0
0
0
0
0
0
0
-4.23739e+08
-4.27244e+08
-4.338828e+08
-4.441604e+08
-4.586622e+08
0
0
0
0
0
0
0
0
0
0
-4.076588e+08
-4.109179e+08
-4.170883e+08
-4.266219e+08
-4.400372e+08
0
0
0
0
0
0
0
0
0
0
-3.915624e+08
-3.946005e+08
-4.003424e+08
-4.091904e+08
-4.216045e+08
0
0
0
0
0
0
0
0
0
0
0
0
0
-3.759193e+08
-3.787688e+08
-3.841323e+08
-3.92372e+08
-4.038968e+08
0
0
0
0
0
0
0
0
0
0
0
0
0
0
-3.612965e+08
-3.639919e+08
-3.690345e+08
-3.767519e+08
-3.87513e+08
0
0
0
0
0
0
0
0
0
0
0
0
0
0
0
-3.479644e+08
-3.505374e+08
-3.553118e+08
-3.625881e+08
-3.727014e+08
0
0
0
0
0
0
0
0
0
0
0
0
0
0
0
0
-3.35978e+08
-3.38453e+08
-3.430052e+08
-3.499101e+08
-3.594762e+08
0
0
0
0
0
0
0
0
0
0
0
0
0
0
0
0
0
-7.180771e+08
-7.379523e+08
-7.722895e+08
-8.215303e+08
-6.774557e+08
-6.922878e+08
-7.184136e+08
-7.605326e+08
-8.206231e+08
-6.443883e+08
-6.562464e+08
-6.77105e+08
-7.105553e+08
-7.621342e+08
0
-6.16306e+08
-6.261793e+08
-6.437426e+08
-6.714189e+08
-7.13309e+08
0
0
-5.91071e+08
-5.995685e+08
-6.147728e+08
-6.3862e+08
-6.738651e+08
0
0
0
-5.667764e+08
-5.741824e+08
-5.875715e+08
-6.084432e+08
-6.389561e+08
0
0
0
0
-5.424129e+08
-5.48889e+08
-5.607002e+08
-5.790901e+08
-6.056805e+08
0
0
0
0
0
-5.187601e+08
-5.244515e+08
-5.349424e+08
-5.512464e+08
-5.746791e+08
0
0
0
0
0
0
-4.965456e+08
-5.016021e+08
-5.110025e+08
-5.256091e+08
-5.46483e+08
0
0
0
0
0
0
0
-4.760368e+08
-4.805822e+08
-4.890939e+08
-5.02309e+08
-5.211246e+08
0
0
0
0
0
0
0
0
-4.572067e+08
-4.613397e+08
-4.691208e+08
-4.811926e+08
-4.983197e+08
0
0
0
0
0
0
0
0
0
-4.398661e+08
-4.436637e+08
-4.508369e+08
-4.619534e+08
-4.77679e+08
0
0
0
0
0
0
0
0
0
0
-4.237132e+08
-4.27234e+08
-4.338925e+08
-4.441953e+08
-4.5873e+08
0
0
0
0
0
0
0
0
0
0
-4.083309e+08
-4.116183e+08
-4.178297e+08
-4.274208e+08
-4.409147e+08
0
0
0
0
0
0
0
0
0
0
-3.932088e+08
-3.96289e+08
-4.020978e+08
-4.110432e+08
-4.235928e+08
0
0
0
0
0
0
0
0
0
0
-3.780267e+08
-3.809187e+08
-3.863522e+08
-3.946953e+08
-4.063642e+08
0
0
0
0
0
0
0
0
0
0
0
0
0
0
-3.632279e+08
-3.659564e+08
-3.71055e+08
-3.788558e+08
-3.897334e+08
0
0
0
0
0
0
0
0
0
0
0
0
0
0
0
-3.49356e+08
-3.519502e+08
-3.567613e+08
-3.640926e+08
-3.742827e+08
0
0
0
0
0
0
0
0
0
0
0
0
0
0
0
0
-3.366801e+08
-3.391654e+08
-3.437353e+08
-3.506665e+08
-3.602693e+08
0
0
0
0
0
0
0
0
0
0
0
0
0
0
0
0
0
-3.252641e+08
-3.276599e+08
-3.320271e+08
-3.386201e+08
-3.477235e+08
0
0
0
0
0
0
0
0
0
0
0
0
0
0
0
0
0
0
-6.746529e+08
-6.891908e+08
-7.148216e+08
-7.560087e+08
-8.137937e+08
-6.397385e+08
-6.511926e+08
-6.71412e+08
-7.037901e+08
-7.533401e+08
0
-6.107521e+08
-6.202046e+08
-6.371124e+08
-6.637563e+08
-7.039079e+08
0
0
-5.857292e+08
-5.938446e+08
-6.084682e+08
-6.314199e+08
-6.652493e+08
0
0
0
-5.629883e+08
-5.701148e+08
-5.830862e+08
-6.033306e+08
-6.32875e+08
0
0
0
0
-5.40884e+08
-5.472216e+08
-5.588349e+08
-5.769357e+08
-6.030935e+08
0
0
0
0
0
-5.185798e+08
-5.242153e+08
-5.346317e+08
-5.508324e+08
-5.741143e+08
0
0
0
0
0
0
-4.96805e+08
-5.018412e+08
-5.112181e+08
-5.257947e+08
-5.466272e+08
0
0
0
0
0
0
0
-4.762564e+08
-4.807959e+08
-4.893022e+08
-5.025116e+08
-5.213202e+08
0
0
0
0
0
0
0
0
-4.572067e+08
-4.613397e+08
-4.691208e+08
-4.811926e+08
-4.983197e+08
0
0
0
0
0
0
0
0
0
-4.39653e+08
-4.434537e+08
-4.506289e+08
-4.617466e+08
-4.774729e+08
0
0
0
0
0
0
0
0
0
0
-4.234362e+08
-4.269634e+08
-4.336277e+08
-4.439362e+08
-4.584772e+08
0
0
0
0
0
0
0
0
0
0
-4.082856e+08
-4.115854e+08
-4.17812e+08
-4.274225e+08
-4.409417e+08
0
0
0
0
0
0
0
0
0
0
-3.938202e+08
-3.969236e+08
-4.027665e+08
-4.117598e+08
-4.243752e+08
0
0
0
0
0
0
0
0
0
0
-3.795624e+08
-3.824901e+08
-3.879812e+08
-3.964089e+08
-4.081954e+08
0
0
0
0
0
0
0
0
0
0
-3.652106e+08
-3.679758e+08
-3.73136e+08
-3.810283e+08
-3.920336e+08
0
0
0
0
0
0
0
0
0
0
0
0
0
0
0
-3.511823e+08
-3.538054e+08
-3.586663e+08
-3.660722e+08
-3.763666e+08
0
0
0
0
0
0
0
0
0
0
0
0
0
0
0
0
-3.380001e+08
-3.405043e+08
-3.451069e+08
-3.520877e+08
-3.617599e+08
0
0
0
0
0
0
0
0
0
0
0
0
0
0
0
0
0
-3.259313e+08
-3.283363e+08
-3.327194e+08
-3.393363e+08
-3.484731e+08
0
0
0
0
0
0
0
0
0
0
0
0
0
0
0
0
0
0
-3.150433e+08
-3.173675e+08
-3.215634e+08
-3.278697e+08
-3.365494e+08
0
0
0
0
0
0
0
0
0
0
0
0
0
0
0
0
0
0
0
-6.373061e+08
-6.485581e+08
-6.684592e+08
-7.003074e+08
-7.488685e+08
0
-6.066602e+08
-6.158253e+08
-6.322864e+08
-6.582324e+08
-6.972265e+08
0
0
-5.808011e+08
-5.886055e+08
-6.027553e+08
-6.249817e+08
-6.576826e+08
0
0
0
-5.582319e+08
-5.650712e+08
-5.776088e+08
-5.972052e+08
-6.257642e+08
0
0
0
0
-5.375221e+08
-5.436463e+08
-5.549442e+08
-5.7258e+08
-5.980483e+08
0
0
0
0
0
-5.172497e+08
-5.227791e+08
-5.330453e+08
-5.490315e+08
-5.720017e+08
0
0
0
0
0
0
-4.966874e+08
-5.016809e+08
-5.110022e+08
-5.255035e+08
-5.462301e+08
0
0
0
0
0
0
0
-4.765254e+08
-4.810496e+08
-4.895392e+08
-5.027283e+08
-5.2151e+08
0
0
0
0
0
0
0
0
-4.574235e+08
-4.615522e+08
-4.693299e+08
-4.813986e+08
-4.985226e+08
0
0
0
0
0
0
0
0
0
-4.39653e+08
-4.434537e+08
-4.506289e+08
-4.617466e+08
-4.774729e+08
0
0
0
0
0
0
0
0
0
0
-4.232275e+08
-4.267568e+08
-4.334221e+08
-4.437305e+08
-4.582705e+08
0
0
0
0
0
0
0
0
0
0
-4.080103e+08
-4.113147e+08
-4.17545e+08
-4.271587e+08
-4.406809e+08
0
0
0
0
0
0
0
0
0
0
-3.937594e+08
-3.968724e+08
-4.02727e+08
-4.117352e+08
-4.2437e+08
0
0
0
0
0
0
0
0
0
0
-3.80121e+08
-3.830676e+08
-3.885871e+08
-3.970553e+08
-4.088972e+08
0
0
0
0
0
0
0
0
0
0
-3.666475e+08
-3.694431e+08
-3.746531e+08
-3.826193e+08
-3.937276e+08
0
0
0
0
0
0
0
0
0
0
-3.530525e+08
-3.557073e+08
-3.606226e+08
-3.6811e+08
-3.785182e+08
0
0
0
0
0
0
0
0
0
0
0
0
0
0
0
0
-3.397305e+08
-3.422602e+08
-3.469072e+08
-3.539551e+08
-3.637212e+08
0
0
0
0
0
0
0
0
0
0
0
0
0
0
0
0
0
-3.271858e+08
-3.296074e+08
-3.340202e+08
-3.406819e+08
-3.498815e+08
0
0
0
0
0
0
0
0
0
0
0
0
0
0
0
0
0
0
-3.156784e+08
-3.180108e+08
-3.222211e+08
-3.285493e+08
-3.372593e+08
0
0
0
0
0
0
0
0
0
0
0
0
0
0
0
0
0
0
0
-3.052833e+08
-3.075393e+08
-3.115776e+08
-3.17618e+08
-3.259068e+08
0
0
0
0
0
0
0
0
0
0
0
0
0
0
0
0
0
0
0
0
-6.045131e+08
-6.135334e+08
-6.297699e+08
-6.553672e+08
-6.937876e+08
0
0
-5.771532e+08
-5.847433e+08
-5.985664e+08
-6.20295e+08
-6.522293e+08
0
0
0
-5.538106e+08
-5.604133e+08
-5.725918e+08
-5.916532e+08
-6.194074e+08
0
0
0
0
-5.33246e+08
-5.391474e+08
-5.501113e+08
-5.672544e+08
-5.919992e+08
0
0
0
0
0
-5.142382e+08
-5.196012e+08
-5.296215e+08
-5.452511e+08
-5.677039e+08
0
0
0
0
0
0
-4.955198e+08
-5.004304e+08
-5.09635e+08
-5.239717e+08
-5.444649e+08
0
0
0
0
0
0
0
-4.76457e+08
-4.809481e+08
-4.893954e+08
-5.025284e+08
-5.212331e+08
0
0
0
0
0
0
0
0
-4.57698e+08
-4.618152e+08
-4.695809e+08
-4.816359e+08
-4.987426e+08
0
0
0
0
0
0
0
0
0
-4.398661e+08
-4.436637e+08
-4.508369e+08
-4.619534e+08
-4.77679e+08
0
0
0
0
0
0
0
0
0
0
-4.232275e+08
-4.267568e+08
-4.334221e+08
-4.437305e+08
-4.582705e+08
0
0
0
0
0
0
0
0
0
0
-4.078064e+08
-4.111122e+08
-4.173426e+08
-4.269554e+08
-4.404755e+08
0
0
0
0
0
0
0
0
0
0
-3.934871e+08
-3.966033e+08
-4.0246e+08
-4.114694e+08
-4.241047e+08
0
0
0
0
0
0
0
0
0
0
-3.80048e+08
-3.830019e+08
-3.885304e+08
-3.970099e+08
-4.088664e+08
0
0
0
0
0
0
0
0
0
0
-3.671599e+08
-3.69971e+08
-3.752048e+08
-3.832052e+08
-3.943607e+08
0
0
0
0
0
0
0
0
0
0
-3.544012e+08
-3.570815e+08
-3.620403e+08
-3.695925e+08
-3.800914e+08
0
0
0
0
0
0
0
0
0
0
-3.414985e+08
-3.44056e+08
-3.487511e+08
-3.558717e+08
-3.657398e+08
0
0
0
0
0
0
0
0
0
0
0
0
0
0
0
0
0
-3.288287e+08
-3.312727e+08
-3.357254e+08
-3.424476e+08
-3.51732e+08
0
0
0
0
0
0
0
0
0
0
0
0
0
0
0
0
0
0
-3.168726e+08
-3.192199e+08
-3.23457e+08
-3.29826e+08
-3.385931e+08
0
0
0
0
0
0
0
0
0
0
0
0
0
0
0
0
0
0
0
-3.058888e+08
-3.081521e+08
-3.122036e+08
-3.182639e+08
-3.265805e+08
0
0
0
0
0
0
0
0
0
0
0
0
0
0
0
0
0
0
0
0
-2.959506e+08
-2.981456e+08
-3.020354e+08
-3.078298e+08
-3.157555e+08
0
0
0
0
0
0
0
0
0
0
0
0
0
0
0
0
0
0
0
0
0
-5.752343e+08
-5.827157e+08
-5.963735e+08
-6.178509e+08
-6.494009e+08
0
0
0
-5.505246e+08
-5.569631e+08
-5.688917e+08
-5.875816e+08
-6.147806e+08
0
0
0
0
-5.292447e+08
-5.349608e+08
-5.456445e+08
-5.623746e+08
-5.865168e+08
0
0
0
0
0
-5.103631e+08
-5.155499e+08
-5.253051e+08
-5.405485e+08
-5.624439e+08
0
0
0
0
0
0
-4.928014e+08
-4.975797e+08
-5.065886e+08
-5.20643e+08
-5.407346e+08
0
0
0
0
0
0
0
-4.75424e+08
-4.798495e+08
-4.882043e+08
-5.01208e+08
-5.19732e+08
0
0
0
0
0
0
0
0
-4.576684e+08
-4.617598e+08
-4.694929e+08
-4.815054e+08
-4.985548e+08
0
0
0
0
0
0
0
0
0
-4.40143e+08
-4.43932e+08
-4.510966e+08
-4.622041e+08
-4.779189e+08
0
0
0
0
0
0
0
0
0
0
-4.234362e+08
-4.269634e+08
-4.336277e+08
-4.439362e+08
-4.584772e+08
0
0
0
0
0
0
0
0
0
0
-4.078064e+08
-4.111122e+08
-4.173426e+08
-4.269554e+08
-4.404755e+08
0
0
0
0
0
0
0
0
0
0
-3.932882e+08
-3.964052e+08
-4.022616e+08
-4.112693e+08
-4.239017e+08
0
0
0
0
0
0
0
0
0
0
-3.797796e+08
-3.827357e+08
-3.88265e+08
-3.967442e+08
-4.085995e+08
0
0
0
0
0
0
0
0
0
0
-3.670773e+08
-3.69894e+08
-3.751345e+08
-3.831433e+08
-3.943097e+08
0
0
0
0
0
0
0
0
0
0
-3.548733e+08
-3.575661e+08
-3.625448e+08
-3.701261e+08
-3.806652e+08
0
0
0
0
0
0
0
0
0
0
-3.427675e+08
-3.45347e+08
-3.500798e+08
-3.572577e+08
-3.672061e+08
0
0
0
0
0
0
0
0
0
0
-3.305037e+08
-3.329719e+08
-3.374676e+08
-3.442549e+08
-3.536311e+08
0
0
0
0
0
0
0
0
0
0
0
0
0
0
0
0
0
0
-3.184352e+08
-3.208024e+08
-3.250754e+08
-3.314992e+08
-3.403432e+08
0
0
0
0
0
0
0
0
0
0
0
0
0
0
0
0
0
0
0
-3.070277e+08
-3.093043e+08
-3.1338e+08
-3.194774e+08
-3.278463e+08
0
0
0
0
0
0
0
0
0
0
0
0
0
0
0
0
0
0
0
0
-2.965286e+08
-2.987303e+08
-3.026321e+08
-3.084447e+08
-3.16396e+08
0
0
0
0
0
0
0
0
0
0
0
0
0
0
0
0
0
0
0
0
0
-2.870214e+08
-2.89155e+08
-2.929086e+08
-2.984718e+08
-3.06061e+08
0
0
0
0
0
0
0
0
0
0
0
0
0
0
0
0
0
0
0
0
0
0
-5.487926e+08
-5.551474e+08
-5.669488e+08
-5.854499e+08
-6.12368e+08
0
0
0
0
-5.262606e+08
-5.318473e+08
-5.423345e+08
-5.587751e+08
-5.824966e+08
0
0
0
0
0
-5.067157e+08
-5.117546e+08
-5.21285e+08
-5.362004e+08
-5.576243e+08
0
0
0
0
0
0
-4.892663e+08
-4.939026e+08
-5.026969e+08
-5.164399e+08
-5.36089e+08
0
0
0
0
0
0
0
-4.729541e+08
-4.772727e+08
-4.854688e+08
-4.982445e+08
-5.16447e+08
0
0
0
0
0
0
0
0
-4.567486e+08
-4.607872e+08
-4.684459e+08
-4.803549e+08
-4.972612e+08
0
0
0
0
0
0
0
0
0
-4.401444e+08
-4.43913e+08
-4.510524e+08
-4.621272e+08
-4.777988e+08
0
0
0
0
0
0
0
0
0
0
-4.237132e+08
-4.27234e+08
-4.338925e+08
-4.441953e+08
-4.5873e+08
0
0
0
0
0
0
0
0
0
0
-4.080103e+08
-4.113147e+08
-4.17545e+08
-4.271587e+08
-4.406809e+08
0
0
0
0
0
0
0
0
0
0
-3.932882e+08
-3.964052e+08
-4.022616e+08
-4.112693e+08
-4.239017e+08
0
0
0
0
0
0
0
0
0
0
-3.79586e+08
-3.825424e+08
-3.880709e+08
-3.965479e+08
-4.083997e+08
0
0
0
0
0
0
0
0
0
0
-3.668136e+08
-3.696315e+08
-3.748719e+08
-3.828793e+08
-3.940432e+08
0
0
0
0
0
0
0
0
0
0
-3.547836e+08
-3.574801e+08
-3.624637e+08
-3.700511e+08
-3.805983e+08
0
0
0
0
0
0
0
0
0
0
-3.432042e+08
-3.457938e+08
-3.505431e+08
-3.577458e+08
-3.677287e+08
0
0
0
0
0
0
0
0
0
0
-3.31701e+08
-3.341879e+08
-3.387169e+08
-3.455546e+08
-3.550023e+08
0
0
0
0
0
0
0
0
0
0
-3.200253e+08
-3.224138e+08
-3.267251e+08
-3.332077e+08
-3.421344e+08
0
0
0
0
0
0
0
0
0
0
0
0
0
0
0
0
0
0
0
-3.085166e+08
-3.108107e+08
-3.14919e+08
-3.210661e+08
-3.295051e+08
0
0
0
0
0
0
0
0
0
0
0
0
0
0
0
0
0
0
0
0
-2.976164e+08
-2.9983e+08
-3.037538e+08
-3.096004e+08
-3.175994e+08
0
0
0
0
0
0
0
0
0
0
0
0
0
0
0
0
0
0
0
0
0
-2.875742e+08
-2.897137e+08
-2.934783e+08
-2.990583e+08
-3.066709e+08
0
0
0
0
0
0
0
0
0
0
0
0
0
0
0
0
0
0
0
0
0
0
-2.784681e+08
-2.805458e+08
-2.841676e+08
-2.895173e+08
-2.967906e+08
0
0
0
0
0
0
0
0
0
0
0
0
0
0
0
0
0
0
0
0
0
0
0
-5.24685e+08
-5.302054e+08
-5.405921e+08
-5.568847e+08
-5.803919e+08
0
0
0
0
0
-5.039872e+08
-5.089223e+08
-5.182941e+08
-5.329777e+08
-5.540694e+08
0
0
0
0
0
0
-4.859213e+08
-4.904375e+08
-4.990481e+08
-5.125236e+08
-5.317934e+08
0
0
0
0
0
0
0
-4.697111e+08
-4.739134e+08
-4.819326e+08
-4.944523e+08
-5.122938e+08
0
0
0
0
0
0
0
0
-4.544917e+08
-4.58443e+08
-4.659708e+08
-4.776921e+08
-4.943359e+08
0
0
0
0
0
0
0
0
0
-4.393203e+08
-4.430463e+08
-4.501251e+08
-4.611157e+08
-4.766718e+08
0
0
0
0
0
0
0
0
0
0
-4.23739e+08
-4.27244e+08
-4.338828e+08
-4.441604e+08
-4.586622e+08
0
0
0
0
0
0
0
0
0
0
-4.082856e+08
-4.115854e+08
-4.17812e+08
-4.274225e+08
-4.409417e+08
0
0
0
0
0
0
0
0
0
0
-3.934871e+08
-3.966033e+08
-4.0246e+08
-4.114694e+08
-4.241047e+08
0
0
0
0
0
0
0
0
0
0
-3.79586e+08
-3.825424e+08
-3.880709e+08
-3.965479e+08
-4.083997e+08
0
0
0
0
0
0
0
0
0
0
-3.666253e+08
-3.694432e+08
-3.746823e+08
-3.826873e+08
-3.938472e+08
0
0
0
0
0
0
0
0
0
0
-3.545253e+08
-3.572221e+08
-3.622049e+08
-3.6979e+08
-3.803336e+08
0
0
0
0
0
0
0
0
0
0
-3.431089e+08
-3.457013e+08
-3.504537e+08
-3.576606e+08
-3.676493e+08
0
0
0
0
0
0
0
0
0
0
-3.321063e+08
-3.346013e+08
-3.391442e+08
-3.460028e+08
-3.554802e+08
0
0
0
0
0
0
0
0
0
0
-3.211576e+08
-3.23562e+08
-3.279025e+08
-3.344302e+08
-3.434205e+08
0
0
0
0
0
0
0
0
0
0
-3.100291e+08
-3.123417e+08
-3.164844e+08
-3.226846e+08
-3.311988e+08
0
0
0
0
0
0
0
0
0
0
0
0
0
0
0
0
0
0
0
0
-2.990375e+08
-3.012666e+08
-3.052197e+08
-3.111117e+08
-3.191748e+08
0
0
0
0
0
0
0
0
0
0
0
0
0
0
0
0
0
0
0
0
0
-2.886148e+08
-2.907649e+08
-2.945496e+08
-3.001606e+08
-3.078171e+08
0
0
0
0
0
0
0
0
0
0
0
0
0
0
0
0
0
0
0
0
0
0
-2.789973e+08
-2.810805e+08
-2.847123e+08
-2.900774e+08
-2.973724e+08
0
0
0
0
0
0
0
0
0
0
0
0
0
0
0
0
0
0
0
0
0
0
0
-2.702759e+08
-2.722922e+08
-2.757919e+08
-2.809373e+08
-2.879178e+08
0
0
0
0
0
0
0
0
0
0
0
0
0
0
0
0
0
0
0
0
0
0
0
0
-5.025444e+08
-5.074261e+08
-5.167163e+08
-5.31281e+08
-5.522024e+08
0
0
0
0
0
0
-4.834122e+08
-4.878436e+08
-4.963239e+08
-5.096092e+08
-5.286097e+08
0
0
0
0
0
0
0
-4.666275e+08
-4.707308e+08
-4.785973e+08
-4.908949e+08
-5.084236e+08
0
0
0
0
0
0
0
0
-4.515019e+08
-4.553569e+08
-4.627369e+08
-4.74244e+08
-4.905877e+08
0
0
0
0
0
0
0
0
0
-4.372477e+08
-4.409017e+08
-4.478713e+08
-4.587051e+08
-4.740429e+08
0
0
0
0
0
0
0
0
0
0
-4.229966e+08
-4.264671e+08
-4.330561e+08
-4.432644e+08
-4.576714e+08
0
0
0
0
0
0
0
0
0
0
-4.083309e+08
-4.116183e+08
-4.178297e+08
-4.274208e+08
-4.409147e+08
0
0
0
0
0
0
0
0
0
0
-3.937594e+08
-3.968724e+08
-4.02727e+08
-4.117352e+08
-4.2437e+08
0
0
0
0
0
0
0
0
0
0
-3.797796e+08
-3.827357e+08
-3.88265e+08
-3.967442e+08
-4.085995e+08
0
0
0
0
0
0
0
0
0
0
-3.666253e+08
-3.694432e+08
-3.746823e+08
-3.826873e+08
-3.938472e+08
0
0
0
0
0
0
0
0
0
0
-3.543424e+08
-3.570388e+08
-3.620201e+08
-3.696025e+08
-3.801419e+08
0
0
0
0
0
0
0
0
0
0
-3.428563e+08
-3.454484e+08
-3.501993e+08
-3.574033e+08
-3.673875e+08
0
0
0
0
0
0
0
0
0
0
-3.320072e+08
-3.345037e+08
-3.390487e+08
-3.459098e+08
-3.553911e+08
0
0
0
0
0
0
0
0
0
0
-3.215351e+08
-3.23946e+08
-3.282981e+08
-3.348438e+08
-3.438595e+08
0
0
0
0
0
0
0
0
0
0
-3.111024e+08
-3.134285e+08
-3.175971e+08
-3.238374e+08
-3.324088e+08
0
0
0
0
0
0
0
0
0
0
-3.004787e+08
-3.027241e+08
-3.067081e+08
-3.126483e+08
-3.207796e+08
0
0
0
0
0
0
0
0
0
0
0
0
0
0
0
0
0
0
0
0
0
-2.899733e+08
-2.921371e+08
-2.959485e+08
-3.016009e+08
-3.093162e+08
0
0
0
0
0
0
0
0
0
0
0
0
0
0
0
0
0
0
0
0
0
0
-2.799941e+08
-2.820868e+08
-2.857369e+08
-2.911306e+08
-2.984659e+08
0
0
0
0
0
0
0
0
0
0
0
0
0
0
0
0
0
0
0
0
0
0
0
-2.707833e+08
-2.728044e+08
-2.763135e+08
-2.814731e+08
-2.884736e+08
0
0
0
0
0
0
0
0
0
0
0
0
0
0
0
0
0
0
0
0
0
0
0
0
-2.624173e+08
-2.643806e+08
-2.677572e+08
-2.727126e+08
-2.794146e+08
0
0
0
0
0
0
0
0
0
0
0
0
0
0
0
0
0
0
0
0
0
0
0
0
0
-4.820838e+08
-4.864714e+08
-4.948844e+08
-5.080716e+08
-5.269335e+08
0
0
0
0
0
0
0
-4.64309e+08
-4.68342e+08
-4.760996e+08
-4.882384e+08
-5.055435e+08
0
0
0
0
0
0
0
0
-4.486466e+08
-4.52419e+08
-4.596702e+08
-4.709899e+08
-4.870712e+08
0
0
0
0
0
0
0
0
0
-4.344794e+08
-4.380529e+08
-4.448973e+08
-4.555495e+08
-4.706337e+08
0
0
0
0
0
0
0
0
0
0
-4.210846e+08
-4.244953e+08
-4.309923e+08
-4.41068e+08
-4.552909e+08
0
0
0
0
0
0
0
0
0
0
0
-4.076588e+08
-4.109179e+08
-4.170883e+08
-4.266219e+08
-4.400372e+08
0
0
0
0
0
0
0
0
0
0
-3.938202e+08
-3.969236e+08
-4.027665e+08
-4.117598e+08
-4.243752e+08
0
0
0
0
0
0
0
0
0
0
-3.80048e+08
-3.830019e+08
-3.885304e+08
-3.970099e+08
-4.088664e+08
0
0
0
0
0
0
0
0
0
0
-3.668136e+08
-3.696315e+08
-3.748719e+08
-3.828793e+08
-3.940432e+08
0
0
0
0
0
0
0
0
0
0
-3.543424e+08
-3.570388e+08
-3.620201e+08
-3.696025e+08
-3.801419e+08
0
0
0
0
0
0
0
0
0
0
-3.426787e+08
-3.452703e+08
-3.500193e+08
-3.572204e+08
-3.672003e+08
0
0
0
0
0
0
0
0
0
0
-3.317605e+08
-3.342564e+08
-3.387993e+08
-3.456569e+08
-3.551332e+08
0
0
0
0
0
0
0
0
0
0
-3.214333e+08
-3.238449e+08
-3.281979e+08
-3.34745e+08
-3.437629e+08
0
0
0
0
0
0
0
0
0
0
-3.114555e+08
-3.137865e+08
-3.179647e+08
-3.242203e+08
-3.328138e+08
0
0
0
0
0
0
0
0
0
0
-3.014983e+08
-3.037552e+08
-3.077619e+08
-3.137381e+08
-3.219209e+08
0
0
0
0
0
0
0
0
0
0
0
-2.913491e+08
-2.935271e+08
-2.973663e+08
-3.030624e+08
-3.1084e+08
0
0
0
0
0
0
0
0
0
0
0
0
0
0
0
0
0
0
0
0
0
0
-2.812945e+08
-2.833998e+08
-2.870739e+08
-2.925056e+08
-2.998947e+08
0
0
0
0
0
0
0
0
0
0
0
0
0
0
0
0
0
0
0
0
0
0
0
-2.717396e+08
-2.737691e+08
-2.77295e+08
-2.824809e+08
-2.895186e+08
0
0
0
0
0
0
0
0
0
0
0
0
0
0
0
0
0
0
0
0
0
0
0
0
-2.629042e+08
-2.648721e+08
-2.682571e+08
-2.732258e+08
-2.799463e+08
0
0
0
0
0
0
0
0
0
0
0
0
0
0
0
0
0
0
0
0
0
0
0
0
0
-2.548902e+08
-2.567854e+08
-2.600507e+08
-2.648193e+08
-2.712617e+08
0
0
0
0
0
0
0
0
0
0
0
0
0
0
0
0
0
0
0
0
0
0
0
0
0
-4.630801e+08
-4.670768e+08
-4.747778e+08
-4.868345e+08
-5.040241e+08
0
0
0
0
0
0
0
0
-4.46495e+08
-4.502084e+08
-4.573673e+08
-4.685525e+08
-4.844452e+08
0
0
0
0
0
0
0
0
0
-4.31825e+08
-4.353288e+08
-4.420635e+08
-4.525555e+08
-4.674161e+08
0
0
0
0
0
0
0
0
0
0
-4.185113e+08
-4.218542e+08
-4.282443e+08
-4.381642e+08
-4.5217e+08
0
0
0
0
0
0
0
0
0
0
0
-4.058878e+08
-4.090968e+08
-4.151892e+08
-4.246096e+08
-4.378676e+08
0
0
0
0
0
0
0
0
0
0
0
0
-3.932088e+08
-3.96289e+08
-4.020978e+08
-4.110432e+08
-4.235928e+08
0
0
0
0
0
0
0
0
0
0
-3.80121e+08
-3.830676e+08
-3.885871e+08
-3.970553e+08
-4.088972e+08
0
0
0
0
0
0
0
0
0
0
-3.670773e+08
-3.69894e+08
-3.751345e+08
-3.831433e+08
-3.943097e+08
0
0
0
0
0
0
0
0
0
0
-3.545253e+08
-3.572221e+08
-3.622049e+08
-3.6979e+08
-3.803336e+08
0
0
0
0
0
0
0
0
0
0
-3.426787e+08
-3.452703e+08
-3.500193e+08
-3.572204e+08
-3.672003e+08
0
0
0
0
0
0
0
0
0
0
-3.315882e+08
-3.340833e+08
-3.386243e+08
-3.454788e+08
-3.549506e+08
0
0
0
0
0
0
0
0
0
0
-3.211928e+08
-3.236033e+08
-3.279538e+08
-3.344971e+08
-3.435094e+08
0
0
0
0
0
0
0
0
0
0
-3.11352e+08
-3.13683e+08
-3.178613e+08
-3.241173e+08
-3.327118e+08
0
0
0
0
0
0
0
0
0
0
-3.018295e+08
-3.040902e+08
-3.081048e+08
-3.140941e+08
-3.222959e+08
0
0
0
0
0
0
0
0
0
0
0
-2.923198e+08
-2.945074e+08
-2.983668e+08
-3.040951e+08
-3.119192e+08
0
0
0
0
0
0
0
0
0
0
0
0
-2.826096e+08
-2.847277e+08
-2.884269e+08
-2.938984e+08
-3.013444e+08
0
0
0
0
0
0
0
0
0
0
0
0
0
0
0
0
0
0
0
0
0
0
0
-2.729865e+08
-2.750268e+08
-2.78575e+08
-2.837956e+08
-2.908829e+08
0
0
0
0
0
0
0
0
0
0
0
0
0
0
0
0
0
0
0
0
0
0
0
0
-2.638225e+08
-2.657983e+08
-2.691985e+08
-2.741915e+08
-2.809464e+08
0
0
0
0
0
0
0
0
0
0
0
0
0
0
0
0
0
0
0
0
0
0
0
0
0
-2.553583e+08
-2.572574e+08
-2.605307e+08
-2.653114e+08
-2.71771e+08
0
0
0
0
0
0
0
0
0
0
0
0
0
0
0
0
0
0
0
0
0
0
0
0
0
-2.476667e+08
-2.495051e+08
-2.52648e+08
-2.572455e+08
-2.634358e+08
0
0
0
0
0
0
0
0
0
0
0
0
0
0
0
0
0
0
0
0
0
0
0
0
0
-4.453536e+08
-4.490364e+08
-4.561472e+08
-4.672625e+08
-4.830575e+08
0
0
0
0
0
0
0
0
0
-4.298207e+08
-4.332747e+08
-4.399302e+08
-4.503067e+08
-4.650059e+08
0
0
0
0
0
0
0
0
0
0
-4.160349e+08
-4.193186e+08
-4.256142e+08
-4.353957e+08
-4.492086e+08
0
0
0
0
0
0
0
0
0
0
0
-4.034876e+08
-4.066389e+08
-4.126393e+08
-4.219247e+08
-4.34995e+08
0
0
0
0
0
0
0
0
0
0
0
0
-3.915624e+08
-3.946005e+08
-4.003424e+08
-4.091904e+08
-4.216045e+08
0
0
0
0
0
0
0
0
0
0
0
0
0
-3.795624e+08
-3.824901e+08
-3.879812e+08
-3.964089e+08
-4.081954e+08
0
0
0
0
0
0
0
0
0
0
-3.671599e+08
-3.69971e+08
-3.752048e+08
-3.832052e+08
-3.943607e+08
0
0
0
0
0
0
0
0
0
0
-3.547836e+08
-3.574801e+08
-3.624637e+08
-3.700511e+08
-3.805983e+08
0
0
0
0
0
0
0
0
0
0
-3.428563e+08
-3.454484e+08
-3.501993e+08
-3.574033e+08
-3.673875e+08
0
0
0
0
0
0
0
0
0
0
-3.315882e+08
-3.340833e+08
-3.386243e+08
-3.454788e+08
-3.549506e+08
0
0
0
0
0
0
0
0
0
0
-3.210257e+08
-3.234353e+08
-3.277838e+08
-3.343238e+08
-3.433316e+08
0
0
0
0
0
0
0
0
0
0
-3.111178e+08
-3.134473e+08
-3.176228e+08
-3.238747e+08
-3.324634e+08
0
0
0
0
0
0
0
0
0
0
-3.017252e+08
-3.039853e+08
-3.079992e+08
-3.139881e+08
-3.221898e+08
0
0
0
0
0
0
0
0
0
0
0
-2.926317e+08
-2.948219e+08
-2.986878e+08
-3.044272e+08
-3.122679e+08
0
0
0
0
0
0
0
0
0
0
0
0
-2.835352e+08
-2.856618e+08
-2.893787e+08
-2.948793e+08
-3.023673e+08
0
0
0
0
0
0
0
0
0
0
0
0
0
-2.742461e+08
-2.762971e+08
-2.798684e+08
-2.851252e+08
-2.922648e+08
0
0
0
0
0
0
0
0
0
0
0
0
0
0
0
0
0
0
0
0
0
0
0
0
-2.650191e+08
-2.670051e+08
-2.704253e+08
-2.754506e+08
-2.822511e+08
0
0
0
0
0
0
0
0
0
0
0
0
0
0
0
0
0
0
0
0
0
0
0
0
0
-2.562416e+08
-2.581473e+08
-2.61435e+08
-2.662379e+08
-2.727296e+08
0
0
0
0
0
0
0
0
0
0
0
0
0
0
0
0
0
0
0
0
0
0
0
0
0
-2.481168e+08
-2.499591e+08
-2.531092e+08
-2.577181e+08
-2.639243e+08
0
0
0
0
0
0
0
0
0
0
0
0
0
0
0
0
0
0
0
0
0
0
0
0
0
-2.40766e+08
-2.425134e+08
-2.455483e+08
-2.499674e+08
-2.559252e+08
0
0
0
0
0
0
0
0
0
0
0
0
0
0
0
0
0
0
0
0
0
0
0
0
0
-4.287566e+08
-4.321846e+08
-4.387988e+08
-4.49115e+08
-4.637303e+08
0
0
0
0
0
0
0
0
0
0
-4.141615e+08
-4.174027e+08
-4.236299e+08
-4.333112e+08
-4.469842e+08
0
0
0
0
0
0
0
0
0
0
0
-4.011699e+08
-4.042705e+08
-4.101888e+08
-4.193537e+08
-4.322558e+08
0
0
0
0
0
0
0
0
0
0
0
0
-3.893166e+08
-3.923053e+08
-3.979672e+08
-4.066976e+08
-4.189477e+08
0
0
0
0
0
0
0
0
0
0
0
0
0
-3.780267e+08
-3.809187e+08
-3.863522e+08
-3.946953e+08
-4.063642e+08
0
0
0
0
0
0
0
0
0
0
0
0
0
0
-3.666475e+08
-3.694431e+08
-3.746531e+08
-3.826193e+08
-3.937276e+08
0
0
0
0
0
0
0
0
0
0
-3.548733e+08
-3.575661e+08
-3.625448e+08
-3.701261e+08
-3.806652e+08
0
0
0
0
0
0
0
0
0
0
-3.431089e+08
-3.457013e+08
-3.504537e+08
-3.576606e+08
-3.676493e+08
0
0
0
0
0
0
0
0
0
0
-3.317605e+08
-3.342564e+08
-3.387993e+08
-3.456569e+08
-3.551332e+08
0
0
0
0
0
0
0
0
0
0
-3.210257e+08
-3.234353e+08
-3.277838e+08
-3.343238e+08
-3.433316e+08
0
0
0
0
0
0
0
0
0
0
-3.109559e+08
-3.132843e+08
-3.174577e+08
-3.237063e+08
-3.322905e+08
0
0
0
0
0
0
0
0
0
0
-3.014974e+08
-3.037557e+08
-3.077666e+08
-3.13751e+08
-3.219468e+08
0
0
0
0
0
0
0
0
0
0
0
-2.925275e+08
-2.947165e+08
-2.985811e+08
-3.043194e+08
-3.121591e+08
0
0
0
0
0
0
0
0
0
0
0
0
-2.838296e+08
-2.859582e+08
-2.896803e+08
-2.951903e+08
-3.026926e+08
0
0
0
0
0
0
0
0
0
0
0
0
0
-2.751308e+08
-2.771886e+08
-2.807759e+08
-2.860588e+08
-2.932365e+08
0
0
0
0
0
0
0
0
0
0
0
0
0
0
-2.662265e+08
-2.682228e+08
-2.716633e+08
-2.767222e+08
-2.835705e+08
0
0
0
0
0
0
0
0
0
0
0
0
0
0
0
0
0
0
0
0
0
0
0
0
0
-2.573923e+08
-2.593063e+08
-2.626129e+08
-2.674452e+08
-2.739793e+08
0
0
0
0
0
0
0
0
0
0
0
0
0
0
0
0
0
0
0
0
0
0
0
0
0
-2.489668e+08
-2.508158e+08
-2.539785e+08
-2.586085e+08
-2.648441e+08
0
0
0
0
0
0
0
0
0
0
0
0
0
0
0
0
0
0
0
0
0
0
0
0
0
-2.411998e+08
-2.429503e+08
-2.459922e+08
-2.504217e+08
-2.563945e+08
0
0
0
0
0
0
0
0
0
0
0
0
0
0
0
0
0
0
0
0
0
0
0
0
0
-2.341603e+08
-2.358296e+08
-2.387263e+08
-2.429847e+08
-2.487066e+08
0
0
0
0
0
0
0
0
0
0
0
0
0
0
0
0
0
0
0
0
0
0
0
0
0
-4.131663e+08
-4.163852e+08
-4.225766e+08
-4.322054e+08
-4.458056e+08
0
0
0
0
0
0
0
0
0
0
0
-3.994136e+08
-4.024775e+08
-4.083363e+08
-4.174135e+08
-4.301933e+08
0
0
0
0
0
0
0
0
0
0
0
0
-3.871412e+08
-3.900861e+08
-3.956762e+08
-4.043007e+08
-4.164031e+08
0
0
0
0
0
0
0
0
0
0
0
0
0
-3.759193e+08
-3.787688e+08
-3.841323e+08
-3.92372e+08
-4.038968e+08
0
0
0
0
0
0
0
0
0
0
0
0
0
0
-3.652106e+08
-3.679758e+08
-3.73136e+08
-3.810283e+08
-3.920336e+08
0
0
0
0
0
0
0
0
0
0
0
0
0
0
0
-3.544012e+08
-3.570815e+08
-3.620403e+08
-3.695925e+08
-3.800914e+08
0
0
0
0
0
0
0
0
0
0
-3.432042e+08
-3.457938e+08
-3.505431e+08
-3.577458e+08
-3.677287e+08
0
0
0
0
0
0
0
0
0
0
-3.320072e+08
-3.345037e+08
-3.390487e+08
-3.459098e+08
-3.553911e+08
0
0
0
0
0
0
0
0
0
0
-3.211928e+08
-3.236033e+08
-3.279538e+08
-3.344971e+08
-3.435094e+08
0
0
0
0
0
0
0
0
0
0
-3.109559e+08
-3.132843e+08
-3.174577e+08
-3.237063e+08
-3.322905e+08
0
0
0
0
0
0
0
0
0
0
-3.013405e+08
-3.035976e+08
-3.076063e+08
-3.135875e+08
-3.217787e+08
0
0
0
0
0
0
0
0
0
0
0
-2.923061e+08
-2.94493e+08
-2.983545e+08
-3.040881e+08
-3.119217e+08
0
0
0
0
0
0
0
0
0
0
0
0
-2.837259e+08
-2.85853e+08
-2.895733e+08
-2.950815e+08
-3.025821e+08
0
0
0
0
0
0
0
0
0
0
0
0
0
-2.754099e+08
-2.774685e+08
-2.810602e+08
-2.86351e+08
-2.935412e+08
0
0
0
0
0
0
0
0
0
0
0
0
0
0
-2.670729e+08
-2.690756e+08
-2.725299e+08
-2.776127e+08
-2.844956e+08
0
0
0
0
0
0
0
0
0
0
0
0
0
0
0
-2.585524e+08
-2.604744e+08
-2.638002e+08
-2.686628e+08
-2.752414e+08
0
0
0
0
0
0
0
0
0
0
0
0
0
0
0
0
0
0
0
0
0
0
0
0
0
-2.500736e+08
-2.519312e+08
-2.551104e+08
-2.59768e+08
-2.660426e+08
0
0
0
0
0
0
0
0
0
0
0
0
0
0
0
0
0
0
0
0
0
0
0
0
0
-2.420197e+08
-2.437752e+08
-2.468295e+08
-2.512779e+08
-2.572785e+08
0
0
0
0
0
0
0
0
0
0
0
0
0
0
0
0
0
0
0
0
0
0
0
0
0
-2.345781e+08
-2.362509e+08
-2.391536e+08
-2.43422e+08
-2.491577e+08
0
0
0
0
0
0
0
0
0
0
0
0
0
0
0
0
0
0
0
0
0
0
0
0
0
-2.279157e+08
-2.294271e+08
-2.322013e+08
-2.362726e+08
-2.417797e+08
0
0
0
0
0
0
0
0
0
0
0
0
0
0
0
0
0
0
0
0
0
0
0
0
0
-3.984801e+08
-4.015247e+08
-4.073522e+08
-4.163834e+08
-4.290993e+08
0
0
0
0
0
0
0
0
0
0
0
0
-3.854901e+08
-3.884033e+08
-3.939411e+08
-4.024883e+08
-4.144829e+08
0
0
0
0
0
0
0
0
0
0
0
0
0
-3.73872e+08
-3.766835e+08
-3.819838e+08
-3.901298e+08
-4.015239e+08
0
0
0
0
0
0
0
0
0
0
0
0
0
0
-3.632279e+08
-3.659564e+08
-3.71055e+08
-3.788558e+08
-3.897334e+08
0
0
0
0
0
0
0
0
0
0
0
0
0
0
0
-3.530525e+08
-3.557073e+08
-3.606226e+08
-3.6811e+08
-3.785182e+08
0
0
0
0
0
0
0
0
0
0
0
0
0
0
0
0
-3.427675e+08
-3.45347e+08
-3.500798e+08
-3.572577e+08
-3.672061e+08
0
0
0
0
0
0
0
0
0
0
-3.321063e+08
-3.346013e+08
-3.391442e+08
-3.460028e+08
-3.554802e+08
0
0
0
0
0
0
0
0
0
0
-3.214333e+08
-3.238449e+08
-3.281979e+08
-3.34745e+08
-3.437629e+08
0
0
0
0
0
0
0
0
0
0
-3.111178e+08
-3.134473e+08
-3.176228e+08
-3.238747e+08
-3.324634e+08
0
0
0
0
0
0
0
0
0
0
-3.013405e+08
-3.035976e+08
-3.076063e+08
-3.135875e+08
-3.217787e+08
0
0
0
0
0
0
0
0
0
0
0
-2.921541e+08
-2.943397e+08
-2.981989e+08
-3.039293e+08
-3.117584e+08
0
0
0
0
0
0
0
0
0
0
0
0
-2.835107e+08
-2.856358e+08
-2.893526e+08
-2.948561e+08
-3.023506e+08
0
0
0
0
0
0
0
0
0
0
0
0
0
-2.753074e+08
-2.77364e+08
-2.809537e+08
-2.862421e+08
-2.9343e+08
0
0
0
0
0
0
0
0
0
0
0
0
0
0
-2.673377e+08
-2.693412e+08
-2.727987e+08
-2.778883e+08
-2.84782e+08
0
0
0
0
0
0
0
0
0
0
0
0
0
0
0
-2.593645e+08
-2.612908e+08
-2.646297e+08
-2.695135e+08
-2.76124e+08
0
0
0
0
0
0
0
0
0
0
0
0
0
0
0
-2.511882e+08
-2.530542e+08
-2.5625e+08
-2.609362e+08
-2.672514e+08
0
0
0
0
0
0
0
0
0
0
0
0
0
0
0
0
0
0
0
0
0
0
0
0
0
-2.430871e+08
-2.448487e+08
-2.479192e+08
-2.523925e+08
-2.584299e+08
0
0
0
0
0
0
0
0
0
0
0
0
0
0
0
0
0
0
0
0
0
0
0
0
0
-2.353683e+08
-2.370471e+08
-2.399603e+08
-2.44247e+08
-2.50008e+08
0
0
0
0
0
0
0
0
0
0
0
0
0
0
0
0
0
0
0
0
0
0
0
0
0
-2.283194e+08
-2.298331e+08
-2.326136e+08
-2.366937e+08
-2.42214e+08
0
0
0
0
0
0
0
0
0
0
0
0
0
0
0
0
0
0
0
0
0
0
0
0
0
-2.220152e+08
-2.233709e+08
-2.259478e+08
-2.298506e+08
-2.351201e+08
0
0
0
0
0
0
0
0
0
0
0
0
0
0
0
0
0
0
0
0
0
0
0
0
0
-3.846123e+08
-3.875086e+08
-3.930187e+08
-4.015253e+08
-4.134634e+08
0
0
0
0
0
0
0
0
0
0
0
0
0
-3.72316e+08
-3.750998e+08
-3.803539e+08
-3.884312e+08
-3.997297e+08
0
0
0
0
0
0
0
0
0
0
0
0
0
0
-3.612965e+08
-3.639919e+08
-3.690345e+08
-3.767519e+08
-3.87513e+08
0
0
0
0
0
0
0
0
0
0
0
0
0
0
0
-3.511823e+08
-3.538054e+08
-3.586663e+08
-3.660722e+08
-3.763666e+08
0
0
0
0
0
0
0
0
0
0
0
0
0
0
0
0
-3.414985e+08
-3.44056e+08
-3.487511e+08
-3.558717e+08
-3.657398e+08
0
0
0
0
0
0
0
0
0
0
0
0
0
0
0
0
0
-3.31701e+08
-3.341879e+08
-3.387169e+08
-3.455546e+08
-3.550023e+08
0
0
0
0
0
0
0
0
0
0
-3.215351e+08
-3.23946e+08
-3.282981e+08
-3.348438e+08
-3.438595e+08
0
0
0
0
0
0
0
0
0
0
-3.11352e+08
-3.13683e+08
-3.178613e+08
-3.241173e+08
-3.327118e+08
0
0
0
0
0
0
0
0
0
0
-3.014974e+08
-3.037557e+08
-3.077666e+08
-3.13751e+08
-3.219468e+08
0
0
0
0
0
0
0
0
0
0
0
-2.921541e+08
-2.943397e+08
-2.981989e+08
-3.039293e+08
-3.117584e+08
0
0
0
0
0
0
0
0
0
0
0
0
-2.833634e+08
-2.854872e+08
-2.892018e+08
-2.94702e+08
-3.021921e+08
0
0
0
0
0
0
0
0
0
0
0
0
0
-2.750985e+08
-2.771528e+08
-2.807391e+08
-2.860227e+08
-2.932044e+08
0
0
0
0
0
0
0
0
0
0
0
0
0
0
-2.672362e+08
-2.692379e+08
-2.726929e+08
-2.7778e+08
-2.846708e+08
0
0
0
0
0
0
0
0
0
0
0
0
0
0
0
-2.596171e+08
-2.61543e+08
-2.648849e+08
-2.697742e+08
-2.763942e+08
0
0
0
0
0
0
0
0
0
0
0
0
0
0
0
-2.51967e+08
-2.538381e+08
-2.570446e+08
-2.617508e+08
-2.680947e+08
0
0
0
0
0
0
0
0
0
0
0
0
0
0
0
-2.441611e+08
-2.459284e+08
-2.490155e+08
-2.535142e+08
-2.595897e+08
0
0
0
0
0
0
0
0
0
0
0
0
0
0
0
0
0
0
0
0
0
0
0
0
0
-2.363964e+08
-2.38083e+08
-2.410096e+08
-2.453205e+08
-2.511149e+08
0
0
0
0
0
0
0
0
0
0
0
0
0
0
0
0
0
0
0
0
0
0
0
0
0
-2.290837e+08
-2.306009e+08
-2.333926e+08
-2.374888e+08
-2.430334e+08
0
0
0
0
0
0
0
0
0
0
0
0
0
0
0
0
0
0
0
0
0
0
0
0
0
-2.224042e+08
-2.237635e+08
-2.263452e+08
-2.30257e+08
-2.355384e+08
0
0
0
0
0
0
0
0
0
0
0
0
0
0
0
0
0
0
0
0
0
0
0
0
0
-2.16632e+08
-2.176448e+08
-2.200297e+08
-2.236936e+08
-2.287473e+08
0
0
0
0
0
0
0
0
0
0
0
0
0
0
0
0
0
0
0
0
0
0
0
0
0
-3.714885e+08
-3.742575e+08
-3.79487e+08
-3.875282e+08
-3.987764e+08
0
0
0
0
0
0
0
0
0
0
0
0
0
0
-3.598266e+08
-3.624977e+08
-3.674992e+08
-3.751554e+08
-3.85831e+08
0
0
0
0
0
0
0
0
0
0
0
0
0
0
0
-3.49356e+08
-3.519502e+08
-3.567613e+08
-3.640926e+08
-3.742827e+08
0
0
0
0
0
0
0
0
0
0
0
0
0
0
0
0
-3.397305e+08
-3.422602e+08
-3.469072e+08
-3.539551e+08
-3.637212e+08
0
0
0
0
0
0
0
0
0
0
0
0
0
0
0
0
0
-3.305037e+08
-3.329719e+08
-3.374676e+08
-3.442549e+08
-3.536311e+08
0
0
0
0
0
0
0
0
0
0
0
0
0
0
0
0
0
0
-3.211576e+08
-3.23562e+08
-3.279025e+08
-3.344302e+08
-3.434205e+08
0
0
0
0
0
0
0
0
0
0
-3.114555e+08
-3.137865e+08
-3.179647e+08
-3.242203e+08
-3.328138e+08
0
0
0
0
0
0
0
0
0
0
-3.017252e+08
-3.039853e+08
-3.079992e+08
-3.139881e+08
-3.221898e+08
0
0
0
0
0
0
0
0
0
0
0
-2.923061e+08
-2.94493e+08
-2.983545e+08
-3.040881e+08
-3.119217e+08
0
0
0
0
0
0
0
0
0
0
0
0
-2.833634e+08
-2.854872e+08
-2.892018e+08
-2.94702e+08
-3.021921e+08
0
0
0
0
0
0
0
0
0
0
0
0
0
-2.749559e+08
-2.770088e+08
-2.805928e+08
-2.858732e+08
-2.930506e+08
0
0
0
0
0
0
0
0
0
0
0
0
0
0
-2.670333e+08
-2.690329e+08
-2.724843e+08
-2.775666e+08
-2.844512e+08
0
0
0
0
0
0
0
0
0
0
0
0
0
0
0
-2.595177e+08
-2.61441e+08
-2.647805e+08
-2.696668e+08
-2.762837e+08
0
0
0
0
0
0
0
0
0
0
0
0
0
0
0
-2.522075e+08
-2.54079e+08
-2.57287e+08
-2.619984e+08
-2.683502e+08
0
0
0
0
0
0
0
0
0
0
0
0
0
0
0
-2.449111e+08
-2.466808e+08
-2.497789e+08
-2.542948e+08
-2.603974e+08
0
0
0
0
0
0
0
0
0
0
0
0
0
0
0
-2.374298e+08
-2.391242e+08
-2.420641e+08
-2.463998e+08
-2.522287e+08
0
0
0
0
0
0
0
0
0
0
0
0
0
0
0
0
0
0
0
0
0
0
0
0
0
-2.300779e+08
-2.315994e+08
-2.344057e+08
-2.385228e+08
-2.440997e+08
0
0
0
0
0
0
0
0
0
0
0
0
0
0
0
0
0
0
0
0
0
0
0
0
0
-2.231411e+08
-2.245066e+08
-2.270968e+08
-2.31025e+08
-2.363282e+08
0
0
0
0
0
0
0
0
0
0
0
0
0
0
0
0
0
0
0
0
0
0
0
0
0
-2.170089e+08
-2.180232e+08
-2.204141e+08
-2.240855e+08
-2.29151e+08
0
0
0
0
0
0
0
0
0
0
0
0
0
0
0
0
0
0
0
0
0
0
0
0
0
-2.118039e+08
-2.124179e+08
-2.144315e+08
-2.178651e+08
-2.226364e+08
0
0
0
0
0
0
0
0
0
0
0
0
0
0
0
0
0
0
0
0
0
0
0
0
0
-3.590448e+08
-3.617029e+08
-3.666825e+08
-3.743062e+08
-3.849368e+08
0
0
0
0
0
0
0
0
0
0
0
0
0
0
0
-3.479644e+08
-3.505374e+08
-3.553118e+08
-3.625881e+08
-3.727014e+08
0
0
0
0
0
0
0
0
0
0
0
0
0
0
0
0
-3.380001e+08
-3.405043e+08
-3.451069e+08
-3.520877e+08
-3.617599e+08
0
0
0
0
0
0
0
0
0
0
0
0
0
0
0
0
0
-3.288287e+08
-3.312727e+08
-3.357254e+08
-3.424476e+08
-3.51732e+08
0
0
0
0
0
0
0
0
0
0
0
0
0
0
0
0
0
0
-3.200253e+08
-3.224138e+08
-3.267251e+08
-3.332077e+08
-3.421344e+08
0
0
0
0
0
0
0
0
0
0
0
0
0
0
0
0
0
0
0
-3.111024e+08
-3.134285e+08
-3.175971e+08
-3.238374e+08
-3.324088e+08
0
0
0
0
0
0
0
0
0
0
-3.018295e+08
-3.040902e+08
-3.081048e+08
-3.140941e+08
-3.222959e+08
0
0
0
0
0
0
0
0
0
0
0
-2.925275e+08
-2.947165e+08
-2.985811e+08
-3.043194e+08
-3.121591e+08
0
0
0
0
0
0
0
0
0
0
0
0
-2.835107e+08
-2.856358e+08
-2.893526e+08
-2.948561e+08
-3.023506e+08
0
0
0
0
0
0
0
0
0
0
0
0
0
-2.749559e+08
-2.770088e+08
-2.805928e+08
-2.858732e+08
-2.930506e+08
0
0
0
0
0
0
0
0
0
0
0
0
0
0
-2.668951e+08
-2.688934e+08
-2.723424e+08
-2.774216e+08
-2.843019e+08
0
0
0
0
0
0
0
0
0
0
0
0
0
0
0
-2.593211e+08
-2.612417e+08
-2.645779e+08
-2.694593e+08
-2.760701e+08
0
0
0
0
0
0
0
0
0
0
0
0
0
0
0
-2.521095e+08
-2.539791e+08
-2.57184e+08
-2.618926e+08
-2.682408e+08
0
0
0
0
0
0
0
0
0
0
0
0
0
0
0
-2.45142e+08
-2.469103e+08
-2.500107e+08
-2.545302e+08
-2.606402e+08
0
0
0
0
0
0
0
0
0
0
0
0
0
0
0
-2.381499e+08
-2.398492e+08
-2.427973e+08
-2.471502e+08
-2.530029e+08
0
0
0
0
0
0
0
0
0
0
0
0
0
0
0
-2.310766e+08
-2.326018e+08
-2.354231e+08
-2.395614e+08
-2.451716e+08
0
0
0
0
0
0
0
0
0
0
0
0
0
0
0
0
0
0
0
0
0
0
0
0
0
-2.240988e+08
-2.254727e+08
-2.280737e+08
-2.320236e+08
-2.373554e+08
0
0
0
0
0
0
0
0
0
0
0
0
0
0
0
0
0
0
0
0
0
0
0
0
0
-2.177235e+08
-2.187401e+08
-2.211418e+08
-2.248267e+08
-2.299141e+08
0
0
0
0
0
0
0
0
0
0
0
0
0
0
0
0
0
0
0
0
0
0
0
0
0
-2.121664e+08
-2.127848e+08
-2.148022e+08
-2.182443e+08
-2.230258e+08
0
0
0
0
0
0
0
0
0
0
0
0
0
0
0
0
0
0
0
0
0
0
0
0
0
-2.079733e+08
-2.077271e+08
-2.093192e+08
-2.123498e+08
-2.168507e+08
0
0
0
0
0
0
0
0
0
0
0
0
0
0
0
0
0
0
0
0
0
0
0
0
0
-3.472242e+08
-3.497856e+08
-3.545405e+08
-3.617876e+08
-3.718603e+08
0
0
0
0
0
0
0
0
0
0
0
0
0
0
0
0
-3.366801e+08
-3.391654e+08
-3.437353e+08
-3.506665e+08
-3.602693e+08
0
0
0
0
0
0
0
0
0
0
0
0
0
0
0
0
0
-3.271858e+08
-3.296074e+08
-3.340202e+08
-3.406819e+08
-3.498815e+08
0
0
0
0
0
0
0
0
0
0
0
0
0
0
0
0
0
0
-3.184352e+08
-3.208024e+08
-3.250754e+08
-3.314992e+08
-3.403432e+08
0
0
0
0
0
0
0
0
0
0
0
0
0
0
0
0
0
0
0
-3.100291e+08
-3.123417e+08
-3.164844e+08
-3.226846e+08
-3.311988e+08
0
0
0
0
0
0
0
0
0
0
0
0
0
0
0
0
0
0
0
0
-3.014983e+08
-3.037552e+08
-3.077619e+08
-3.137381e+08
-3.219209e+08
0
0
0
0
0
0
0
0
0
0
0
-2.926317e+08
-2.948219e+08
-2.986878e+08
-3.044272e+08
-3.122679e+08
0
0
0
0
0
0
0
0
0
0
0
0
-2.837259e+08
-2.85853e+08
-2.895733e+08
-2.950815e+08
-3.025821e+08
0
0
0
0
0
0
0
0
0
0
0
0
0
-2.750985e+08
-2.771528e+08
-2.807391e+08
-2.860227e+08
-2.932044e+08
0
0
0
0
0
0
0
0
0
0
0
0
0
0
-2.668951e+08
-2.688934e+08
-2.723424e+08
-2.774216e+08
-2.843019e+08
0
0
0
0
0
0
0
0
0
0
0
0
0
0
0
-2.591872e+08
-2.611064e+08
-2.644405e+08
-2.693187e+08
-2.759254e+08
0
0
0
0
0
0
0
0
0
0
0
0
0
0
0
-2.519182e+08
-2.537859e+08
-2.569871e+08
-2.616911e+08
-2.680331e+08
0
0
0
0
0
0
0
0
0
0
0
0
0
0
0
-2.450465e+08
-2.468118e+08
-2.499099e+08
-2.544258e+08
-2.605325e+08
0
0
0
0
0
0
0
0
0
0
0
0
0
0
0
-2.383697e+08
-2.400698e+08
-2.430182e+08
-2.473753e+08
-2.532337e+08
0
0
0
0
0
0
0
0
0
0
0
0
0
0
0
-2.317722e+08
-2.332984e+08
-2.3613e+08
-2.402823e+08
-2.459159e+08
0
0
0
0
0
0
0
0
0
0
0
0
0
0
0
-2.250591e+08
-2.26442e+08
-2.290537e+08
-2.33026e+08
-2.383871e+08
0
0
0
0
0
0
0
0
0
0
0
0
0
0
0
0
0
0
0
0
0
0
0
0
0
-2.186518e+08
-2.196712e+08
-2.220875e+08
-2.2579e+08
-2.309062e+08
0
0
0
0
0
0
0
0
0
0
0
0
0
0
0
0
0
0
0
0
0
0
0
0
0
-2.128536e+08
-2.134802e+08
-2.155044e+08
-2.189621e+08
-2.237623e+08
0
0
0
0
0
0
0
0
0
0
0
0
0
0
0
0
0
0
0
0
0
0
0
0
0
-2.083256e+08
-2.0808e+08
-2.096787e+08
-2.127156e+08
-2.172276e+08
0
0
0
0
0
0
0
0
0
0
0
0
0
0
0
0
0
0
0
0
0
0
0
0
0
-2.053654e+08
-2.040037e+08
-2.04729e+08
-2.07312e+08
-2.113751e+08
0
0
0
0
0
0
0
0
0
0
0
0
0
0
0
0
0
0
0
0
0
0
0
0
0
-3.35978e+08
-3.38453e+08
-3.430052e+08
-3.499101e+08
-3.594762e+08
0
0
0
0
0
0
0
0
0
0
0
0
0
0
0
0
0
-3.259313e+08
-3.283363e+08
-3.327194e+08
-3.393363e+08
-3.484731e+08
0
0
0
0
0
0
0
0
0
0
0
0
0
0
0
0
0
0
-3.168726e+08
-3.192199e+08
-3.23457e+08
-3.29826e+08
-3.385931e+08
0
0
0
0
0
0
0
0
0
0
0
0
0
0
0
0
0
0
0
-3.085166e+08
-3.108107e+08
-3.14919e+08
-3.210661e+08
-3.295051e+08
0
0
0
0
0
0
0
0
0
0
0
0
0
0
0
0
0
0
0
0
-3.004787e+08
-3.027241e+08
-3.067081e+08
-3.126483e+08
-3.207796e+08
0
0
0
0
0
0
0
0
0
0
0
0
0
0
0
0
0
0
0
0
0
-2.923198e+08
-2.945074e+08
-2.983668e+08
-3.040951e+08
-3.119192e+08
0
0
0
0
0
0
0
0
0
0
0
0
-2.838296e+08
-2.859582e+08
-2.896802e+08
-2.951903e+08
-3.026926e+08
0
0
0
0
0
0
0
0
0
0
0
0
0
-2.753074e+08
-2.77364e+08
-2.809537e+08
-2.862421e+08
-2.9343e+08
0
0
0
0
0
0
0
0
0
0
0
0
0
0
-2.670333e+08
-2.690329e+08
-2.724843e+08
-2.775666e+08
-2.844512e+08
0
0
0
0
0
0
0
0
0
0
0
0
0
0
0
-2.591872e+08
-2.611064e+08
-2.644405e+08
-2.693187e+08
-2.759254e+08
0
0
0
0
0
0
0
0
0
0
0
0
0
0
0
-2.517883e+08
-2.536549e+08
-2.568538e+08
-2.615548e+08
-2.678927e+08
0
0
0
0
0
0
0
0
0
0
0
0
0
0
0
-2.448613e+08
-2.46624e+08
-2.497189e+08
-2.542299e+08
-2.603308e+08
0
0
0
0
0
0
0
0
0
0
0
0
0
0
0
-2.38275e+08
-2.39974e+08
-2.42919e+08
-2.472732e+08
-2.531276e+08
0
0
0
0
0
0
0
0
0
0
0
0
0
0
0
-2.319843e+08
-2.335085e+08
-2.363425e+08
-2.404969e+08
-2.461367e+08
0
0
0
0
0
0
0
0
0
0
0
0
0
0
0
-2.257253e+08
-2.271154e+08
-2.297332e+08
-2.337213e+08
-2.391022e+08
0
0
0
0
0
0
0
0
0
0
0
0
0
0
0
-2.195818e+08
-2.206038e+08
-2.230356e+08
-2.267558e+08
-2.319021e+08
0
0
0
0
0
0
0
0
0
0
0
0
0
0
0
0
0
0
0
0
0
0
0
0
0
-2.137448e+08
-2.143833e+08
-2.164163e+08
-2.198949e+08
-2.247195e+08
0
0
0
0
0
0
0
0
0
0
0
0
0
0
0
0
0
0
0
0
0
0
0
0
0
-2.089938e+08
-2.087492e+08
-2.103603e+08
-2.134085e+08
-2.179409e+08
0
0
0
0
0
0
0
0
0
0
0
0
0
0
0
0
0
0
0
0
0
0
0
0
0
-2.05699e+08
-2.043468e+08
-2.05075e+08
-2.076668e+08
-2.117386e+08
0
0
0
0
0
0
0
0
0
0
0
0
0
0
0
0
0
0
0
0
0
0
0
0
0
-2.014662e+08
-2.010843e+08
-2.027872e+08
-2.063729e+08
0
0
0
0
0
0
0
0
0
0
0
0
0
0
0
0
0
0
0
0
0
0
0
0
0
-3.252641e+08
-3.276599e+08
-3.320271e+08
-3.386201e+08
-3.477235e+08
0
0
0
0
0
0
0
0
0
0
0
0
0
0
0
0
0
0
-3.156784e+08
-3.180108e+08
-3.222211e+08
-3.285493e+08
-3.372593e+08
0
0
0
0
0
0
0
0
0
0
0
0
0
0
0
0
0
0
0
-3.070277e+08
-3.093043e+08
-3.1338e+08
-3.194774e+08
-3.278463e+08
0
0
0
0
0
0
0
0
0
0
0
0
0
0
0
0
0
0
0
0
-2.990375e+08
-3.012666e+08
-3.052197e+08
-3.111117e+08
-3.191748e+08
0
0
0
0
0
0
0
0
0
0
0
0
0
0
0
0
0
0
0
0
0
-2.913491e+08
-2.935271e+08
-2.973663e+08
-3.030624e+08
-3.1084e+08
0
0
0
0
0
0
0
0
0
0
0
0
0
0
0
0
0
0
0
0
0
0
-2.835352e+08
-2.856618e+08
-2.893787e+08
-2.948793e+08
-3.023673e+08
0
0
0
0
0
0
0
0
0
0
0
0
0
-2.754099e+08
-2.774685e+08
-2.810602e+08
-2.86351e+08
-2.935412e+08
0
0
0
0
0
0
0
0
0
0
0
0
0
0
-2.672362e+08
-2.692379e+08
-2.726929e+08
-2.7778e+08
-2.846708e+08
0
0
0
0
0
0
0
0
0
0
0
0
0
0
0
-2.593211e+08
-2.612417e+08
-2.645779e+08
-2.694593e+08
-2.760701e+08
0
0
0
0
0
0
0
0
0
0
0
0
0
0
0
-2.517883e+08
-2.536549e+08
-2.568538e+08
-2.615548e+08
-2.678927e+08
0
0
0
0
0
0
0
0
0
0
0
0
0
0
0
-2.447355e+08
-2.464967e+08
-2.495897e+08
-2.540976e+08
-2.601947e+08
0
0
0
0
0
0
0
0
0
0
0
0
0
0
0
-2.380943e+08
-2.397919e+08
-2.427332e+08
-2.470832e+08
-2.529315e+08
0
0
0
0
0
0
0
0
0
0
0
0
0
0
0
-2.318925e+08
-2.334136e+08
-2.362459e+08
-2.403965e+08
-2.46033e+08
0
0
0
0
0
0
0
0
0
0
0
0
0
0
0
-2.25925e+08
-2.273184e+08
-2.299358e+08
-2.339279e+08
-2.393129e+08
0
0
0
0
0
0
0
0
0
0
0
0
0
0
0
-2.20226e+08
-2.212492e+08
-2.236928e+08
-2.274244e+08
-2.325919e+08
0
0
0
0
0
0
0
0
0
0
0
0
0
0
0
-2.14634e+08
-2.15287e+08
-2.173288e+08
-2.208296e+08
-2.256791e+08
0
0
0
0
0
0
0
0
0
0
0
0
0
0
0
0
0
0
0
0
0
0
0
0
0
-2.098596e+08
-2.096166e+08
-2.112451e+08
-2.143081e+08
-2.188679e+08
0
0
0
0
0
0
0
0
0
0
0
0
0
0
0
0
0
0
0
0
0
0
0
0
0
-2.063307e+08
-2.049978e+08
-2.057311e+08
-2.083396e+08
-2.124273e+08
0
0
0
0
0
0
0
0
0
0
0
0
0
0
0
0
0
0
0
0
0
0
0
0
0
-2.017912e+08
-2.014208e+08
-2.031287e+08
-2.067256e+08
0
0
0
0
0
0
0
0
0
0
0
0
0
0
0
0
0
0
0
0
0
0
0
0
0
-1.985986e+08
-1.991936e+08
-2.018793e+08
0
0
0
0
0
0
0
0
0
0
0
0
0
0
0
0
0
0
0
0
0
0
0
0
0
-3.150433e+08
-3.173675e+08
-3.215634e+08
-3.278697e+08
-3.365494e+08
0
0
0
0
0
0
0
0
0
0
0
0
0
0
0
0
0
0
0
-3.058888e+08
-3.081521e+08
-3.122036e+08
-3.182639e+08
-3.265805e+08
0
0
0
0
0
0
0
0
0
0
0
0
0
0
0
0
0
0
0
0
-2.976164e+08
-2.9983e+08
-3.037538e+08
-3.096004e+08
-3.175994e+08
0
0
0
0
0
0
0
0
0
0
0
0
0
0
0
0
0
0
0
0
0
-2.899733e+08
-2.921371e+08
-2.959485e+08
-3.016009e+08
-3.093162e+08
0
0
0
0
0
0
0
0
0
0
0
0
0
0
0
0
0
0
0
0
0
0
-2.826096e+08
-2.847277e+08
-2.884269e+08
-2.938984e+08
-3.013444e+08
0
0
0
0
0
0
0
0
0
0
0
0
0
0
0
0
0
0
0
0
0
0
0
-2.751308e+08
-2.771886e+08
-2.807759e+08
-2.860588e+08
-2.932365e+08
0
0
0
0
0
0
0
0
0
0
0
0
0
0
-2.673377e+08
-2.693412e+08
-2.727987e+08
-2.778883e+08
-2.84782e+08
0
0
0
0
0
0
0
0
0
0
0
0
0
0
0
-2.595177e+08
-2.61441e+08
-2.647805e+08
-2.696668e+08
-2.762837e+08
0
0
0
0
0
0
0
0
0
0
0
0
0
0
0
-2.519182e+08
-2.537859e+08
-2.569871e+08
-2.616911e+08
-2.680331e+08
0
0
0
0
0
0
0
0
0
0
0
0
0
0
0
-2.447355e+08
-2.464967e+08
-2.495897e+08
-2.540976e+08
-2.601947e+08
0
0
0
0
0
0
0
0
0
0
0
0
0
0
0
-2.379719e+08
-2.396686e+08
-2.426077e+08
-2.46955e+08
-2.527995e+08
0
0
0
0
0
0
0
0
0
0
0
0
0
0
0
-2.317174e+08
-2.33236e+08
-2.360659e+08
-2.402117e+08
-2.458428e+08
0
0
0
0
0
0
0
0
0
0
0
0
0
0
0
-2.25832e+08
-2.272264e+08
-2.298402e+08
-2.338302e+08
-2.392108e+08
0
0
0
0
0
0
0
0
0
0
0
0
0
0
0
-2.204185e+08
-2.214404e+08
-2.238887e+08
-2.276214e+08
-2.327948e+08
0
0
0
0
0
0
0
0
0
0
0
0
0
0
0
-2.15244e+08
-2.159114e+08
-2.17959e+08
-2.214764e+08
-2.263427e+08
0
0
0
0
0
0
0
0
0
0
0
0
0
0
0
-2.107212e+08
-2.104809e+08
-2.121297e+08
-2.15208e+08
-2.197968e+08
0
0
0
0
0
0
0
0
0
0
0
0
0
0
0
0
0
0
0
0
0
0
0
0
0
-2.071442e+08
-2.058407e+08
-2.065811e+08
-2.092126e+08
-2.133215e+08
0
0
0
0
0
0
0
0
0
0
0
0
0
0
0
0
0
0
0
0
0
0
0
0
0
-2.024068e+08
-2.020593e+08
-2.037764e+08
-2.073943e+08
0
0
0
0
0
0
0
0
0
0
0
0
0
0
0
0
0
0
0
0
0
0
0
0
0
-1.989174e+08
-1.995258e+08
-2.022188e+08
0
0
0
0
0
0
0
0
0
0
0
0
0
0
0
0
0
0
0
0
0
0
0
0
0
-1.967414e+08
-1.983102e+08
0
0
0
0
0
0
0
0
0
0
0
0
0
0
0
0
0
0
0
0
0
0
0
0
0
-3.052833e+08
-3.075393e+08
-3.115776e+08
-3.17618e+08
-3.259068e+08
0
0
0
0
0
0
0
0
0
0
0
0
0
0
0
0
0
0
0
0
-2.965286e+08
-2.987303e+08
-3.026321e+08
-3.084447e+08
-3.16396e+08
0
0
0
0
0
0
0
0
0
0
0
0
0
0
0
0
0
0
0
0
0
-2.886148e+08
-2.907649e+08
-2.945496e+08
-3.001606e+08
-3.078171e+08
0
0
0
0
0
0
0
0
0
0
0
0
0
0
0
0
0
0
0
0
0
0
-2.812945e+08
-2.833998e+08
-2.870739e+08
-2.925056e+08
-2.998947e+08
0
0
0
0
0
0
0
0
0
0
0
0
0
0
0
0
0
0
0
0
0
0
0
-2.742461e+08
-2.762971e+08
-2.798683e+08
-2.851252e+08
-2.922648e+08
0
0
0
0
0
0
0
0
0
0
0
0
0
0
0
0
0
0
0
0
0
0
0
0
-2.670729e+08
-2.690755e+08
-2.7253e+08
-2.776127e+08
-2.844956e+08
0
0
0
0
0
0
0
0
0
0
0
0
0
0
0
-2.596171e+08
-2.61543e+08
-2.648849e+08
-2.697742e+08
-2.763942e+08
0
0
0
0
0
0
0
0
0
0
0
0
0
0
0
-2.521095e+08
-2.539791e+08
-2.57184e+08
-2.618926e+08
-2.682408e+08
0
0
0
0
0
0
0
0
0
0
0
0
0
0
0
-2.448613e+08
-2.46624e+08
-2.497189e+08
-2.542299e+08
-2.603308e+08
0
0
0
0
0
0
0
0
0
0
0
0
0
0
0
-2.379719e+08
-2.396686e+08
-2.426077e+08
-2.46955e+08
-2.527995e+08
0
0
0
0
0
0
0
0
0
0
0
0
0
0
0
-2.315988e+08
-2.33116e+08
-2.359443e+08
-2.400872e+08
-2.457149e+08
0
0
0
0
0
0
0
0
0
0
0
0
0
0
0
-2.256596e+08
-2.270543e+08
-2.296645e+08
-2.336511e+08
-2.390259e+08
0
0
0
0
0
0
0
0
0
0
0
0
0
0
0
-2.203273e+08
-2.213473e+08
-2.237961e+08
-2.275248e+08
-2.326956e+08
0
0
0
0
0
0
0
0
0
0
0
0
0
0
0
-2.154181e+08
-2.160959e+08
-2.181435e+08
-2.216671e+08
-2.265361e+08
0
0
0
0
0
0
0
0
0
0
0
0
0
0
0
-2.113091e+08
-2.110725e+08
-2.127397e+08
-2.158284e+08
-2.204388e+08
0
0
0
0
0
0
0
0
0
0
0
0
0
0
0
-2.07943e+08
-2.066787e+08
-2.074276e+08
-2.100852e+08
-2.142159e+08
0
0
0
0
0
0
0
0
0
0
0
0
0
0
0
0
0
0
0
0
0
0
0
0
0
-2.03199e+08
-2.028856e+08
-2.046155e+08
-2.082621e+08
0
0
0
0
0
0
0
0
0
0
0
0
0
0
0
0
0
0
0
0
0
0
0
0
0
-1.995211e+08
-2.001562e+08
-2.028627e+08
0
0
0
0
0
0
0
0
0
0
0
0
0
0
0
0
0
0
0
0
0
0
0
0
0
-1.970562e+08
-1.986405e+08
0
0
0
0
0
0
0
0
0
0
0
0
0
0
0
0
0
0
0
0
0
0
0
0
0
-1.958739e+08
0
0
0
0
0
0
0
0
0
0
0
0
0
0
0
0
0
0
0
0
0
0
0
0
0
-2.959506e+08
-2.981456e+08
-3.020354e+08
-3.078298e+08
-3.157555e+08
0
0
0
0
0
0
0
0
0
0
0
0
0
0
0
0
0
0
0
0
0
-2.875742e+08
-2.897137e+08
-2.934783e+08
-2.990583e+08
-3.066709e+08
0
0
0
0
0
0
0
0
0
0
0
0
0
0
0
0
0
0
0
0
0
0
-2.799941e+08
-2.820868e+08
-2.857369e+08
-2.911306e+08
-2.984659e+08
0
0
0
0
0
0
0
0
0
0
0
0
0
0
0
0
0
0
0
0
0
0
0
-2.729865e+08
-2.750268e+08
-2.78575e+08
-2.837956e+08
-2.908829e+08
0
0
0
0
0
0
0
0
0
0
0
0
0
0
0
0
0
0
0
0
0
0
0
0
-2.662265e+08
-2.682228e+08
-2.716633e+08
-2.767222e+08
-2.835705e+08
0
0
0
0
0
0
0
0
0
0
0
0
0
0
0
0
0
0
0
0
0
0
0
0
0
-2.593645e+08
-2.612908e+08
-2.646297e+08
-2.695135e+08
-2.76124e+08
0
0
0
0
0
0
0
0
0
0
0
0
0
0
0
-2.522075e+08
-2.54079e+08
-2.57287e+08
-2.619984e+08
-2.683502e+08
0
0
0
0
0
0
0
0
0
0
0
0
0
0
0
-2.450465e+08
-2.468118e+08
-2.499099e+08
-2.544258e+08
-2.605325e+08
0
0
0
0
0
0
0
0
0
0
0
0
0
0
0
-2.380943e+08
-2.397919e+08
-2.427332e+08
-2.470832e+08
-2.529315e+08
0
0
0
0
0
0
0
0
0
0
0
0
0
0
0
-2.315988e+08
-2.33116e+08
-2.359443e+08
-2.400872e+08
-2.457149e+08
0
0
0
0
0
0
0
0
0
0
0
0
0
0
0
-2.255433e+08
-2.269379e+08
-2.295462e+08
-2.335304e+08
-2.389016e+08
0
0
0
0
0
0
0
0
0
0
0
0
0
0
0
-2.201594e+08
-2.211778e+08
-2.236258e+08
-2.2735e+08
-2.325163e+08
0
0
0
0
0
0
0
0
0
0
0
0
0
0
0
-2.153202e+08
-2.160047e+08
-2.1805e+08
-2.215735e+08
-2.264381e+08
0
0
0
0
0
0
0
0
0
0
0
0
0
0
0
-2.114737e+08
-2.112394e+08
-2.129179e+08
-2.160081e+08
-2.206261e+08
0
0
0
0
0
0
0
0
0
0
0
0
0
0
0
-2.084693e+08
-2.072491e+08
-2.080057e+08
-2.10686e+08
-2.148318e+08
0
0
0
0
0
0
0
0
0
0
0
0
0
0
0
-2.03976e+08
-2.037064e+08
-2.054506e+08
-2.091295e+08
0
0
0
0
0
0
0
0
0
0
0
0
0
0
0
0
0
0
0
0
0
0
0
0
0
-2.002978e+08
-2.00972e+08
-2.036968e+08
0
0
0
0
0
0
0
0
0
0
0
0
0
0
0
0
0
0
0
0
0
0
0
0
0
-1.976524e+08
-1.992672e+08
0
0
0
0
0
0
0
0
0
0
0
0
0
0
0
0
0
0
0
0
0
0
0
0
0
-1.961869e+08
0
0
0
0
0
0
0
0
0
0
0
0
0
0
0
0
0
0
0
0
0
0
0
0
0
0
0
0
0
0
0
0
0
0
0
0
0
0
0
0
0
0
0
0
0
0
0
0
0
0
-2.870214e+08
-2.89155e+08
-2.929086e+08
-2.984718e+08
-3.06061e+08
0
0
0
0
0
0
0
0
0
0
0
0
0
0
0
0
0
0
0
0
0
0
-2.789973e+08
-2.810805e+08
-2.847123e+08
-2.900774e+08
-2.973724e+08
0
0
0
0
0
0
0
0
0
0
0
0
0
0
0
0
0
0
0
0
0
0
0
-2.717396e+08
-2.737691e+08
-2.77295e+08
-2.824809e+08
-2.895186e+08
0
0
0
0
0
0
0
0
0
0
0
0
0
0
0
0
0
0
0
0
0
0
0
0
-2.650191e+08
-2.670051e+08
-2.704253e+08
-2.754506e+08
-2.822511e+08
0
0
0
0
0
0
0
0
0
0
0
0
0
0
0
0
0
0
0
0
0
0
0
0
0
-2.585524e+08
-2.604744e+08
-2.638002e+08
-2.686628e+08
-2.752414e+08
0
0
0
0
0
0
0
0
0
0
0
0
0
0
0
0
0
0
0
0
0
0
0
0
0
-2.51967e+08
-2.538381e+08
-2.570446e+08
-2.617508e+08
-2.680947e+08
0
0
0
0
0
0
0
0
0
0
0
0
0
0
0
-2.45142e+08
-2.469103e+08
-2.500107e+08
-2.545302e+08
-2.606402e+08
0
0
0
0
0
0
0
0
0
0
0
0
0
0
0
-2.38275e+08
-2.39974e+08
-2.42919e+08
-2.472732e+08
-2.531276e+08
0
0
0
0
0
0
0
0
0
0
0
0
0
0
0
-2.317174e+08
-2.33236e+08
-2.360658e+08
-2.402117e+08
-2.458428e+08
0
0
0
0
0
0
0
0
0
0
0
0
0
0
0
-2.255433e+08
-2.269379e+08
-2.295462e+08
-2.335304e+08
-2.389016e+08
0
0
0
0
0
0
0
0
0
0
0
0
0
0
0
-2.200461e+08
-2.210637e+08
-2.23511e+08
-2.272325e+08
-2.323958e+08
0
0
0
0
0
0
0
0
0
0
0
0
0
0
0
-2.151508e+08
-2.158396e+08
-2.178823e+08
-2.214041e+08
-2.262631e+08
0
0
0
0
0
0
0
0
0
0
0
0
0
0
0
-2.113745e+08
-2.111417e+08
-2.128263e+08
-2.159137e+08
-2.205311e+08
0
0
0
0
0
0
0
0
0
0
0
0
0
0
0
-2.085891e+08
-2.074069e+08
-2.081668e+08
-2.108595e+08
-2.150082e+08
0
0
0
0
0
0
0
0
0
0
0
0
0
0
0
-2.044865e+08
-2.04264e+08
-2.0602e+08
-2.09726e+08
0
0
0
0
0
0
0
0
0
0
0
0
0
0
0
-2.010591e+08
-2.017821e+08
-2.04527e+08
0
0
0
0
0
0
0
0
0
0
0
0
0
0
0
0
0
0
0
0
0
0
0
0
0
-1.984193e+08
-2.000783e+08
0
0
0
0
0
0
0
0
0
0
0
0
0
0
0
0
0
0
0
0
0
0
0
0
0
-1.967797e+08
0
0
0
0
0
0
0
0
0
0
0
0
0
0
0
0
0
0
0
0
0
0
0
0
0
0
0
0
0
0
0
0
0
0
0
0
0
0
0
0
0
0
0
0
0
0
0
0
0
0
0
0
0
0
0
0
0
0
0
0
0
0
0
0
0
0
0
0
0
0
0
0
0
0
-2.784681e+08
-2.805458e+08
-2.841676e+08
-2.895173e+08
-2.967906e+08
0
0
0
0
0
0
0
0
0
0
0
0
0
0
0
0
0
0
0
0
0
0
0
-2.707833e+08
-2.728044e+08
-2.763135e+08
-2.814731e+08
-2.884736e+08
0
0
0
0
0
0
0
0
0
0
0
0
0
0
0
0
0
0
0
0
0
0
0
0
-2.638224e+08
-2.657983e+08
-2.691985e+08
-2.741915e+08
-2.809464e+08
0
0
0
0
0
0
0
0
0
0
0
0
0
0
0
0
0
0
0
0
0
0
0
0
0
-2.573923e+08
-2.593063e+08
-2.626129e+08
-2.674452e+08
-2.739793e+08
0
0
0
0
0
0
0
0
0
0
0
0
0
0
0
0
0
0
0
0
0
0
0
0
0
-2.511882e+08
-2.530542e+08
-2.5625e+08
-2.609362e+08
-2.672514e+08
0
0
0
0
0
0
0
0
0
0
0
0
0
0
0
0
0
0
0
0
0
0
0
0
0
-2.449111e+08
-2.466808e+08
-2.497789e+08
-2.542948e+08
-2.603974e+08
0
0
0
0
0
0
0
0
0
0
0
0
0
0
0
-2.383697e+08
-2.400698e+08
-2.430182e+08
-2.473753e+08
-2.532337e+08
0
0
0
0
0
0
0
0
0
0
0
0
0
0
0
-2.318925e+08
-2.334136e+08
-2.362459e+08
-2.403965e+08
-2.46033e+08
0
0
0
0
0
0
0
0
0
0
0
0
0
0
0
-2.256596e+08
-2.270543e+08
-2.296645e+08
-2.336511e+08
-2.390259e+08
0
0
0
0
0
0
0
0
0
0
0
0
0
0
0
-2.200461e+08
-2.210637e+08
-2.23511e+08
-2.272325e+08
-2.323958e+08
0
0
0
0
0
0
0
0
0
0
0
0
0
0
0
-2.150376e+08
-2.157284e+08
-2.177698e+08
-2.212901e+08
-2.261458e+08
0
0
0
0
0
0
0
0
0
0
0
0
0
0
0
-2.112068e+08
-2.109752e+08
-2.126629e+08
-2.157469e+08
-2.203616e+08
0
0
0
0
0
0
0
0
0
0
0
0
0
0
0
-2.084616e+08
-2.073081e+08
-2.080689e+08
-2.107671e+08
-2.149125e+08
0
0
0
0
0
0
0
0
0
0
0
0
0
0
0
-2.046008e+08
-2.044165e+08
-2.061768e+08
-2.098964e+08
0
0
0
0
0
0
0
0
0
0
0
0
0
0
0
-2.015579e+08
-2.023314e+08
-2.050924e+08
0
0
0
0
0
0
0
0
0
0
0
0
0
0
0
-1.991705e+08
-2.008836e+08
0
0
0
0
0
0
0
0
0
0
0
0
0
0
0
0
0
0
0
0
0
0
0
0
0
-1.975422e+08
0
0
0
0
0
0
0
0
0
0
0
0
0
0
0
0
0
0
0
0
0
0
0
0
0
0
0
0
0
0
0
0
0
0
0
0
0
0
0
0
0
0
0
0
0
0
0
0
0
0
0
0
0
0
0
0
0
0
0
0
0
0
0
0
0
0
0
0
0
0
0
0
0
0
0
0
0
0
0
0
0
0
0
0
0
0
0
0
0
0
0
0
0
0
0
0
0
-2.702759e+08
-2.722922e+08
-2.757919e+08
-2.809373e+08
-2.879178e+08
0
0
0
0
0
0
0
0
0
0
0
0
0
0
0
0
0
0
0
0
0
0
0
0
-2.629042e+08
-2.648721e+08
-2.682571e+08
-2.732258e+08
-2.799463e+08
0
0
0
0
0
0
0
0
0
0
0
0
0
0
0
0
0
0
0
0
0
0
0
0
0
-2.562416e+08
-2.581473e+08
-2.61435e+08
-2.662379e+08
-2.727296e+08
0
0
0
0
0
0
0
0
0
0
0
0
0
0
0
0
0
0
0
0
0
0
0
0
0
-2.500736e+08
-2.519312e+08
-2.551104e+08
-2.59768e+08
-2.660426e+08
0
0
0
0
0
0
0
0
0
0
0
0
0
0
0
0
0
0
0
0
0
0
0
0
0
-2.441611e+08
-2.459284e+08
-2.490155e+08
-2.535142e+08
-2.595897e+08
0
0
0
0
0
0
0
0
0
0
0
0
0
0
0
0
0
0
0
0
0
0
0
0
0
-2.381499e+08
-2.398492e+08
-2.427973e+08
-2.471502e+08
-2.530029e+08
0
0
0
0
0
0
0
0
0
0
0
0
0
0
0
-2.319844e+08
-2.335085e+08
-2.363425e+08
-2.404969e+08
-2.461367e+08
0
0
0
0
0
0
0
0
0
0
0
0
0
0
0
-2.25832e+08
-2.272264e+08
-2.298402e+08
-2.338302e+08
-2.392108e+08
0
0
0
0
0
0
0
0
0
0
0
0
0
0
0
-2.201594e+08
-2.211778e+08
-2.236258e+08
-2.2735e+08
-2.325163e+08
0
0
0
0
0
0
0
0
0
0
0
0
0
0
0
-2.150376e+08
-2.157284e+08
-2.177698e+08
-2.212901e+08
-2.261458e+08
0
0
0
0
0
0
0
0
0
0
0
0
0
0
0
-2.11095e+08
-2.108641e+08
-2.125532e+08
-2.156351e+08
-2.202478e+08
0
0
0
0
0
0
0
0
0
0
0
0
0
0
0
-2.082774e+08
-2.071432e+08
-2.079042e+08
-2.106045e+08
-2.147456e+08
0
0
0
0
0
0
0
0
0
0
0
0
0
0
0
-2.044744e+08
-2.043176e+08
-2.060783e+08
-2.098028e+08
0
0
0
0
0
0
0
0
0
0
0
0
0
0
0
-2.016678e+08
-2.024798e+08
-2.052464e+08
0
0
0
0
0
0
0
0
0
0
0
0
0
0
0
-1.996619e+08
-2.01429e+08
0
0
0
0
0
0
0
0
0
0
0
0
0
0
0
-1.98289e+08
0
0
0
0
0
0
0
0
0
0
0
0
0
0
0
0
0
0
0
0
0
0
0
0
0
0
0
0
0
0
0
0
0
0
0
0
0
0
0
0
0
0
0
0
0
0
0
0
0
0
0
0
0
0
0
0
0
0
0
0
0
0
0
0
0
0
0
0
0
0
0
0
0
0
0
0
0
0
0
0
0
0
0
0
0
0
0
0
0
0
0
0
0
0
0
0
0
0
0
0
0
0
0
0
0
0
0
0
0
0
0
0
0
0
0
0
0
0
0
-2.624173e+08
-2.643806e+08
-2.677572e+08
-2.727126e+08
-2.794146e+08
0
0
0
0
0
0
0
0
0
0
0
0
0
0
0
0
0
0
0
0
0
0
0
0
0
-2.553583e+08
-2.572574e+08
-2.605307e+08
-2.653114e+08
-2.71771e+08
0
0
0
0
0
0
0
0
0
0
0
0
0
0
0
0
0
0
0
0
0
0
0
0
0
-2.489668e+08
-2.508158e+08
-2.539785e+08
-2.586085e+08
-2.648441e+08
0
0
0
0
0
0
0
0
0
0
0
0
0
0
0
0
0
0
0
0
0
0
0
0
0
-2.430871e+08
-2.448487e+08
-2.479192e+08
-2.523925e+08
-2.584299e+08
0
0
0
0
0
0
0
0
0
0
0
0
0
0
0
0
0
0
0
0
0
0
0
0
0
-2.374298e+08
-2.391242e+08
-2.420641e+08
-2.463998e+08
-2.522287e+08
0
0
0
0
0
0
0
0
0
0
0
0
0
0
0
0
0
0
0
0
0
0
0
0
0
-2.317722e+08
-2.332984e+08
-2.361299e+08
-2.402823e+08
-2.459159e+08
0
0
0
0
0
0
0
0
0
0
0
0
0
0
0
-2.25925e+08
-2.273184e+08
-2.299358e+08
-2.339279e+08
-2.393129e+08
0
0
0
0
0
0
0
0
0
0
0
0
0
0
0
-2.203273e+08
-2.213473e+08
-2.237961e+08
-2.275248e+08
-2.326956e+08
0
0
0
0
0
0
0
0
0
0
0
0
0
0
0
-2.151508e+08
-2.158396e+08
-2.178823e+08
-2.214041e+08
-2.262631e+08
0
0
0
0
0
0
0
0
0
0
0
0
0
0
0
-2.11095e+08
-2.108641e+08
-2.125532e+08
-2.156351e+08
-2.202478e+08
0
0
0
0
0
0
0
0
0
0
0
0
0
0
0
-2.081581e+08
-2.070336e+08
-2.077946e+08
-2.104957e+08
-2.14634e+08
0
0
0
0
0
0
0
0
0
0
0
0
0
0
0
-2.042935e+08
-2.041545e+08
-2.059145e+08
-2.096401e+08
0
0
0
0
0
0
0
0
0
0
0
0
0
0
0
-2.015419e+08
-2.023804e+08
-2.051468e+08
0
0
0
0
0
0
0
0
0
0
0
0
0
0
0
-1.997683e+08
-2.015747e+08
0
0
0
0
0
0
0
0
0
0
0
0
0
0
0
-1.987768e+08
0
0
0
0
0
0
0
0
0
0
0
0
0
0
0
0
0
0
0
0
0
0
0
0
0
0
0
0
0
0
0
0
0
0
0
0
0
0
0
0
0
0
0
0
0
0
0
0
0
0
0
0
0
0
0
0
0
0
0
0
0
0
0
0
0
0
0
0
0
0
0
0
0
0
0
0
0
0
0
0
0
0
0
0
0
0
0
0
0
0
0
0
0
0
0
0
0
0
0
0
0
0
0
0
0
0
0
0
0
0
0
0
0
0
0
0
0
0
0
0
0
0
0
0
0
0
0
0
0
0
-2.548902e+08
-2.567854e+08
-2.600507e+08
-2.648193e+08
-2.712617e+08
0
0
0
0
0
0
0
0
0
0
0
0
0
0
0
0
0
0
0
0
0
0
0
0
0
-2.481168e+08
-2.499591e+08
-2.531092e+08
-2.577181e+08
-2.639243e+08
0
0
0
0
0
0
0
0
0
0
0
0
0
0
0
0
0
0
0
0
0
0
0
0
0
-2.420197e+08
-2.437752e+08
-2.468295e+08
-2.512779e+08
-2.572785e+08
0
0
0
0
0
0
0
0
0
0
0
0
0
0
0
0
0
0
0
0
0
0
0
0
0
-2.363964e+08
-2.38083e+08
-2.410096e+08
-2.453205e+08
-2.511149e+08
0
0
0
0
0
0
0
0
0
0
0
0
0
0
0
0
0
0
0
0
0
0
0
0
0
-2.310766e+08
-2.326018e+08
-2.354231e+08
-2.395614e+08
-2.451716e+08
0
0
0
0
0
0
0
0
0
0
0
0
0
0
0
0
0
0
0
0
0
0
0
0
0
-2.257253e+08
-2.271154e+08
-2.297332e+08
-2.337213e+08
-2.391022e+08
0
0
0
0
0
0
0
0
0
0
0
0
0
0
0
-2.204185e+08
-2.214404e+08
-2.238887e+08
-2.276214e+08
-2.327948e+08
0
0
0
0
0
0
0
0
0
0
0
0
0
0
0
-2.153202e+08
-2.160047e+08
-2.1805e+08
-2.215735e+08
-2.264381e+08
0
0
0
0
0
0
0
0
0
0
0
0
0
0
0
-2.112068e+08
-2.109752e+08
-2.126629e+08
-2.157469e+08
-2.203616e+08
0
0
0
0
0
0
0
0
0
0
0
0
0
0
0
-2.081581e+08
-2.070336e+08
-2.077946e+08
-2.104957e+08
-2.14634e+08
0
0
0
0
0
0
0
0
0
0
0
0
0
0
0
-2.041764e+08
-2.040464e+08
-2.058057e+08
-2.095314e+08
0
0
0
0
0
0
0
0
0
0
0
0
0
0
0
-2.013631e+08
-2.022182e+08
-2.049828e+08
0
0
0
0
0
0
0
0
0
0
0
0
0
0
0
-1.996422e+08
-2.014743e+08
0
0
0
0
0
0
0
0
0
0
0
0
0
0
0
-1.988808e+08
0
0
0
0
0
0
0
0
0
0
0
0
0
0
0
0
0
0
0
0
0
0
0
0
0
0
0
0
0
0
0
0
0
0
0
0
0
0
0
0
0
0
0
0
0
0
0
0
0
0
0
0
0
0
0
0
0
0
0
0
0
0
0
0
0
0
0
0
0
0
0
0
0
0
0
0
0
0
0
0
0
0
0
0
0
0
0
0
0
0
0
0
0
0
0
0
0
0
0
0
0
0
0
0
0
0
0
0
0
0
0
0
0
0
0
0
0
0
0
0
0
0
0
0
0
0
0
0
0
0
0
0
0
0
0
0
0
0
0
0
-2.476667e+08
-2.495051e+08
-2.52648e+08
-2.572455e+08
-2.634358e+08
0
0
0
0
0
0
0
0
0
0
0
0
0
0
0
0
0
0
0
0
0
0
0
0
0
-2.411998e+08
-2.429503e+08
-2.459922e+08
-2.504217e+08
-2.563945e+08
0
0
0
0
0
0
0
0
0
0
0
0
0
0
0
0
0
0
0
0
0
0
0
0
0
-2.353683e+08
-2.370471e+08
-2.399603e+08
-2.44247e+08
-2.50008e+08
0
0
0
0
0
0
0
0
0
0
0
0
0
0
0
0
0
0
0
0
0
0
0
0
0
-2.300779e+08
-2.315994e+08
-2.344057e+08
-2.385228e+08
-2.440997e+08
0
0
0
0
0
0
0
0
0
0
0
0
0
0
0
0
0
0
0
0
0
0
0
0
0
-2.250591e+08
-2.26442e+08
-2.290537e+08
-2.33026e+08
-2.383871e+08
0
0
0
0
0
0
0
0
0
0
0
0
0
0
0
0
0
0
0
0
0
0
0
0
0
-2.20226e+08
-2.212492e+08
-2.236928e+08
-2.274244e+08
-2.325919e+08
0
0
0
0
0
0
0
0
0
0
0
0
0
0
0
-2.154181e+08
-2.160959e+08
-2.181436e+08
-2.216671e+08
-2.26536e+08
0
0
0
0
0
0
0
0
0
0
0
0
0
0
0
-2.113745e+08
-2.111417e+08
-2.128263e+08
-2.159137e+08
-2.205311e+08
0
0
0
0
0
0
0
0
0
0
0
0
0
0
0
-2.082774e+08
-2.071432e+08
-2.079042e+08
-2.106045e+08
-2.147456e+08
0
0
0
0
0
0
0
0
0
0
0
0
0
0
0
-2.041764e+08
-2.040464e+08
-2.058057e+08
-2.095314e+08
0
0
0
0
0
0
0
0
0
0
0
0
0
0
0
-2.012476e+08
-2.021108e+08
-2.048742e+08
0
0
0
0
0
0
0
0
0
0
0
0
0
0
0
-1.994645e+08
-2.01312e+08
0
0
0
0
0
0
0
0
0
0
0
0
0
0
0
-1.987539e+08
0
0
0
0
0
0
0
0
0
0
0
0
0
0
0
0
0
0
0
0
0
0
0
0
0
0
0
0
0
0
0
0
0
0
0
0
0
0
0
0
0
0
0
0
0
0
0
0
0
0
0
0
0
0
0
0
0
0
0
0
0
0
0
0
0
0
0
0
0
0
0
0
0
0
0
0
0
0
0
0
0
0
0
0
0
0
0
0
0
0
0
0
0
0
0
0
0
0
0
0
0
0
0
0
0
0
0
0
0
0
0
0
0
0
0
0
0
0
0
0
0
0
0
0
0
0
0
0
0
0
0
0
0
0
0
0
0
0
0
0
0
0
0
0
0
0
0
0
0
-2.40766e+08
-2.425134e+08
-2.455483e+08
-2.499674e+08
-2.559252e+08
0
0
0
0
0
0
0
0
0
0
0
0
0
0
0
0
0
0
0
0
0
0
0
0
0
-2.345781e+08
-2.362509e+08
-2.391536e+08
-2.43422e+08
-2.491577e+08
0
0
0
0
0
0
0
0
0
0
0
0
0
0
0
0
0
0
0
0
0
0
0
0
0
-2.290837e+08
-2.306009e+08
-2.333926e+08
-2.374888e+08
-2.430334e+08
0
0
0
0
0
0
0
0
0
0
0
0
0
0
0
0
0
0
0
0
0
0
0
0
0
-2.240988e+08
-2.254727e+08
-2.280737e+08
-2.320236e+08
-2.373554e+08
0
0
0
0
0
0
0
0
0
0
0
0
0
0
0
0
0
0
0
0
0
0
0
0
0
-2.195818e+08
-2.206038e+08
-2.230356e+08
-2.267558e+08
-2.319021e+08
0
0
0
0
0
0
0
0
0
0
0
0
0
0
0
0
0
0
0
0
0
0
0
0
0
-2.15244e+08
-2.159115e+08
-2.17959e+08
-2.214764e+08
-2.263426e+08
0
0
0
0
0
0
0
0
0
0
0
0
0
0
0
-2.114737e+08
-2.112394e+08
-2.129179e+08
-2.160081e+08
-2.206261e+08
0
0
0
0
0
0
0
0
0
0
0
0
0
0
0
-2.084616e+08
-2.073081e+08
-2.080689e+08
-2.107671e+08
-2.149125e+08
0
0
0
0
0
0
0
0
0
0
0
0
0
0
0
-2.042935e+08
-2.041545e+08
-2.059145e+08
-2.096401e+08
0
0
0
0
0
0
0
0
0
0
0
0
0
0
0
-2.012476e+08
-2.021108e+08
-2.048742e+08
0
0
0
0
0
0
0
0
0
0
0
0
0
0
0
-1.993499e+08
-2.012048e+08
0
0
0
0
0
0
0
0
0
0
0
0
0
0
0
-1.985762e+08
0
0
0
0
0
0
0
0
0
0
0
0
0
0
0
0
0
0
0
0
0
0
0
0
0
0
0
0
0
0
0
0
0
0
0
0
0
0
0
0
0
0
0
0
0
0
0
0
0
0
0
0
0
0
0
0
0
0
0
0
0
0
0
0
0
0
0
0
0
0
0
0
0
0
0
0
0
0
0
0
0
0
0
0
0
0
0
0
0
0
0
0
0
0
0
0
0
0
0
0
0
0
0
0
0
0
0
0
0
0
0
0
0
0
0
0
0
0
0
0
0
0
0
0
0
0
0
0
0
0
0
0
0
0
0
0
0
0
0
0
0
0
0
0
0
0
0
0
0
0
0
0
0
0
0
0
0
-2.341603e+08
-2.358296e+08
-2.387263e+08
-2.429847e+08
-2.487066e+08
0
0
0
0
0
0
0
0
0
0
0
0
0
0
0
0
0
0
0
0
0
0
0
0
0
-2.283194e+08
-2.298331e+08
-2.326136e+08
-2.366937e+08
-2.42214e+08
0
0
0
0
0
0
0
0
0
0
0
0
0
0
0
0
0
0
0
0
0
0
0
0
0
-2.231411e+08
-2.245066e+08
-2.270968e+08
-2.31025e+08
-2.363282e+08
0
0
0
0
0
0
0
0
0
0
0
0
0
0
0
0
0
0
0
0
0
0
0
0
0
-2.186518e+08
-2.196712e+08
-2.220875e+08
-2.2579e+08
-2.309062e+08
0
0
0
0
0
0
0
0
0
0
0
0
0
0
0
0
0
0
0
0
0
0
0
0
0
-2.14634e+08
-2.15287e+08
-2.173288e+08
-2.208296e+08
-2.256791e+08
0
0
0
0
0
0
0
0
0
0
0
0
0
0
0
0
0
0
0
0
0
0
0
0
0
-2.113091e+08
-2.110725e+08
-2.127397e+08
-2.158284e+08
-2.204388e+08
0
0
0
0
0
0
0
0
0
0
0
0
0
0
0
-2.085891e+08
-2.074069e+08
-2.081668e+08
-2.108595e+08
-2.150082e+08
0
0
0
0
0
0
0
0
0
0
0
0
0
0
0
-2.044744e+08
-2.043176e+08
-2.060783e+08
-2.098028e+08
0
0
0
0
0
0
0
0
0
0
0
0
0
0
0
-2.013631e+08
-2.022182e+08
-2.049828e+08
0
0
0
0
0
0
0
0
0
0
0
0
0
0
0
-1.993499e+08
-2.012048e+08
0
0
0
0
0
0
0
0
0
0
0
0
0
0
0
-1.984619e+08
0
0
0
0
0
0
0
0
0
0
0
0
0
0
0
0
0
0
0
0
0
0
0
0
0
0
0
0
0
0
0
0
0
0
0
0
0
0
0
0
0
0
0
0
0
0
0
0
0
0
0
0
0
0
0
0
0
0
0
0
0
0
0
0
0
0
0
0
0
0
0
0
0
0
0
0
0
0
0
0
0
0
0
0
0
0
0
0
0
0
0
0
0
0
0
0
0
0
0
0
0
0
0
0
0
0
0
0
0
0
0
0
0
0
0
0
0
0
0
0
0
0
0
0
0
0
0
0
0
0
0
0
0
0
0
0
0
0
0
0
0
0
0
0
0
0
0
0
0
0
0
0
0
0
0
0
0
0
0
0
0
0
0
0
-2.279157e+08
-2.294271e+08
-2.322013e+08
-2.362726e+08
-2.417797e+08
0
0
0
0
0
0
0
0
0
0
0
0
0
0
0
0
0
0
0
0
0
0
0
0
0
-2.224042e+08
-2.237635e+08
-2.263452e+08
-2.30257e+08
-2.355384e+08
0
0
0
0
0
0
0
0
0
0
0
0
0
0
0
0
0
0
0
0
0
0
0
0
0
-2.177235e+08
-2.187401e+08
-2.211418e+08
-2.248267e+08
-2.299141e+08
0
0
0
0
0
0
0
0
0
0
0
0
0
0
0
0
0
0
0
0
0
0
0
0
0
-2.137449e+08
-2.143833e+08
-2.164163e+08
-2.198949e+08
-2.247194e+08
0
0
0
0
0
0
0
0
0
0
0
0
0
0
0
0
0
0
0
0
0
0
0
0
0
-2.107212e+08
-2.104809e+08
-2.121297e+08
-2.15208e+08
-2.197968e+08
0
0
0
0
0
0
0
0
0
0
0
0
0
0
0
0
0
0
0
0
0
0
0
0
0
-2.084693e+08
-2.072491e+08
-2.080057e+08
-2.10686e+08
-2.148318e+08
0
0
0
0
0
0
0
0
0
0
0
0
0
0
0
-2.046008e+08
-2.044165e+08
-2.061768e+08
-2.098964e+08
0
0
0
0
0
0
0
0
0
0
0
0
0
0
0
-2.015419e+08
-2.023804e+08
-2.051468e+08
0
0
0
0
0
0
0
0
0
0
0
0
0
0
0
-1.994645e+08
-2.01312e+08
0
0
0
0
0
0
0
0
0
0
0
0
0
0
0
-1.984619e+08
0
0
0
0
0
0
0
0
0
0
0
0
0
0
0
0
0
0
0
0
0
0
0
0
0
0
0
0
0
0
0
0
0
0
0
0
0
0
0
0
0
0
0
0
0
0
0
0
0
0
0
0
0
0
0
0
0
0
0
0
0
0
0
0
0
0
0
0
0
0
0
0
0
0
0
0
0
0
0
0
0
0
0
0
0
0
0
0
0
0
0
0
0
0
0
0
0
0
0
0
0
0
0
0
0
0
0
0
0
0
0
0
0
0
0
0
0
0
0
0
0
0
0
0
0
0
0
0
0
0
0
0
0
0
0
0
0
0
0
0
0
0
0
0
0
0
0
0
0
0
0
0
0
0
0
0
0
0
0
0
0
0
0
0
0
0
0
0
0
0
-2.220153e+08
-2.233709e+08
-2.259478e+08
-2.298506e+08
-2.351201e+08
0
0
0
0
0
0
0
0
0
0
0
0
0
0
0
0
0
0
0
0
0
0
0
0
0
-2.170089e+08
-2.180232e+08
-2.204141e+08
-2.240855e+08
-2.29151e+08
0
0
0
0
0
0
0
0
0
0
0
0
0
0
0
0
0
0
0
0
0
0
0
0
0
-2.128536e+08
-2.134802e+08
-2.155044e+08
-2.189621e+08
-2.237623e+08
0
0
0
0
0
0
0
0
0
0
0
0
0
0
0
0
0
0
0
0
0
0
0
0
0
-2.098596e+08
-2.096166e+08
-2.112451e+08
-2.143081e+08
-2.188679e+08
0
0
0
0
0
0
0
0
0
0
0
0
0
0
0
0
0
0
0
0
0
0
0
0
0
-2.07943e+08
-2.066787e+08
-2.074276e+08
-2.100852e+08
-2.142159e+08
0
0
0
0
0
0
0
0
0
0
0
0
0
0
0
0
0
0
0
0
0
0
0
0
0
-2.044865e+08
-2.04264e+08
-2.0602e+08
-2.09726e+08
0
0
0
0
0
0
0
0
0
0
0
0
0
0
0
-2.016678e+08
-2.024798e+08
-2.052464e+08
0
0
0
0
0
0
0
0
0
0
0
0
0
0
0
-1.996422e+08
-2.014743e+08
0
0
0
0
0
0
0
0
0
0
0
0
0
0
0
-1.985762e+08
0
0
0
0
0
0
0
0
0
0
0
0
0
0
0
0
0
0
0
0
0
0
0
0
0
0
0
0
0
0
0
0
0
0
0
0
0
0
0
0
0
0
0
0
0
0
0
0
0
0
0
0
0
0
0
0
0
0
0
0
0
0
0
0
0
0
0
0
0
0
0
0
0
0
0
0
0
0
0
0
0
0
0
0
0
0
0
0
0
0
0
0
0
0
0
0
0
0
0
0
0
0
0
0
0
0
0
0
0
0
0
0
0
0
0
0
0
0
0
0
0
0
0
0
0
0
0
0
0
0
0
0
0
0
0
0
0
0
0
0
0
0
0
0
0
0
0
0
0
0
0
0
0
0
0
0
0
0
0
0
0
0
0
0
0
0
0
0
0
0
0
0
0
0
0
-2.16632e+08
-2.176448e+08
-2.200297e+08
-2.236936e+08
-2.287473e+08
0
0
0
0
0
0
0
0
0
0
0
0
0
0
0
0
0
0
0
0
0
0
0
0
0
-2.121664e+08
-2.127848e+08
-2.148022e+08
-2.182443e+08
-2.230258e+08
0
0
0
0
0
0
0
0
0
0
0
0
0
0
0
0
0
0
0
0
0
0
0
0
0
-2.089938e+08
-2.087492e+08
-2.103603e+08
-2.134085e+08
-2.179409e+08
0
0
0
0
0
0
0
0
0
0
0
0
0
0
0
0
0
0
0
0
0
0
0
0
0
-2.071442e+08
-2.058407e+08
-2.065812e+08
-2.092126e+08
-2.133215e+08
0
0
0
0
0
0
0
0
0
0
0
0
0
0
0
0
0
0
0
0
0
0
0
0
0
-2.03976e+08
-2.037065e+08
-2.054506e+08
-2.091295e+08
0
0
0
0
0
0
0
0
0
0
0
0
0
0
0
0
0
0
0
0
0
0
0
0
0
-2.015579e+08
-2.023314e+08
-2.050924e+08
0
0
0
0
0
0
0
0
0
0
0
0
0
0
0
-1.997683e+08
-2.015747e+08
0
0
0
0
0
0
0
0
0
0
0
0
0
0
0
-1.987539e+08
0
0
0
0
0
0
0
0
0
0
0
0
0
0
0
0
0
0
0
0
0
0
0
0
0
0
0
0
0
0
0
0
0
0
0
0
0
0
0
0
0
0
0
0
0
0
0
0
0
0
0
0
0
0
0
0
0
0
0
0
0
0
0
0
0
0
0
0
0
0
0
0
0
0
0
0
0
0
0
0
0
0
0
0
0
0
0
0
0
0
0
0
0
0
0
0
0
0
0
0
0
0
0
0
0
0
0
0
0
0
0
0
0
0
0
0
0
0
0
0
0
0
0
0
0
0
0
0
0
0
0
0
0
0
0
0
0
0
0
0
0
0
0
0
0
0
0
0
0
0
0
0
0
0
0
0
0
0
0
0
0
0
0
0
0
0
0
0
0
0
0
0
0
0
0
0
0
0
0
-2.11804e+08
-2.124179e+08
-2.144315e+08
-2.178651e+08
-2.226364e+08
0
0
0
0
0
0
0
0
0
0
0
0
0
0
0
0
0
0
0
0
0
0
0
0
0
-2.083256e+08
-2.0808e+08
-2.096787e+08
-2.127156e+08
-2.172276e+08
0
0
0
0
0
0
0
0
0
0
0
0
0
0
0
0
0
0
0
0
0
0
0
0
0
-2.063307e+08
-2.049978e+08
-2.057311e+08
-2.083396e+08
-2.124273e+08
0
0
0
0
0
0
0
0
0
0
0
0
0
0
0
0
0
0
0
0
0
0
0
0
0
-2.03199e+08
-2.028856e+08
-2.046155e+08
-2.082622e+08
0
0
0
0
0
0
0
0
0
0
0
0
0
0
0
0
0
0
0
0
0
0
0
0
0
-2.010591e+08
-2.017821e+08
-2.04527e+08
0
0
0
0
0
0
0
0
0
0
0
0
0
0
0
0
0
0
0
0
0
0
0
0
0
-1.996619e+08
-2.01429e+08
0
0
0
0
0
0
0
0
0
0
0
0
0
0
0
-1.988808e+08
0
0
0
0
0
0
0
0
0
0
0
0
0
0
0
0
0
0
0
0
0
0
0
0
0
0
0
0
0
0
0
0
0
0
0
0
0
0
0
0
0
0
0
0
0
0
0
0
0
0
0
0
0
0
0
0
0
0
0
0
0
0
0
0
0
0
0
0
0
0
0
0
0
0
0
0
0
0
0
0
0
0
0
0
0
0
0
0
0
0
0
0
0
0
0
0
0
0
0
0
0
0
0
0
0
0
0
0
0
0
0
0
0
0
0
0
0
0
0
0
0
0
0
0
0
0
0
0
0
0
0
0
0
0
0
0
0
0
0
0
0
0
0
0
0
0
0
0
0
0
0
0
0
0
0
0
0
0
0
0
0
0
0
0
0
0
0
0
0
0
0
0
0
0
0
0
0
0
0
0
0
0
-2.079733e+08
-2.077271e+08
-2.093192e+08
-2.123498e+08
-2.168507e+08
0
0
0
0
0
0
0
0
0
0
0
0
0
0
0
0
0
0
0
0
0
0
0
0
0
-2.05699e+08
-2.043468e+08
-2.05075e+08
-2.076668e+08
-2.117386e+08
0
0
0
0
0
0
0
0
0
0
0
0
0
0
0
0
0
0
0
0
0
0
0
0
0
-2.024068e+08
-2.020593e+08
-2.037764e+08
-2.073943e+08
0
0
0
0
0
0
0
0
0
0
0
0
0
0
0
0
0
0
0
0
0
0
0
0
0
-2.002978e+08
-2.00972e+08
-2.036968e+08
0
0
0
0
0
0
0
0
0
0
0
0
0
0
0
0
0
0
0
0
0
0
0
0
0
-1.991705e+08
-2.008836e+08
0
0
0
0
0
0
0
0
0
0
0
0
0
0
0
0
0
0
0
0
0
0
0
0
0
-1.987769e+08
0
0
0
0
0
0
0
0
0
0
0
0
0
0
0
0
0
0
0
0
0
0
0
0
0
0
0
0
0
0
0
0
0
0
0
0
0
0
0
0
0
0
0
0
0
0
0
0
0
0
0
0
0
0
0
0
0
0
0
0
0
0
0
0
0
0
0
0
0
0
0
0
0
0
0
0
0
0
0
0
0
0
0
0
0
0
0
0
0
0
0
0
0
0
0
0
0
0
0
0
0
0
0
0
0
0
0
0
0
0
0
0
0
0
0
0
0
0
0
0
0
0
0
0
0
0
0
0
0
0
0
0
0
0
0
0
0
0
0
0
0
0
0
0
0
0
0
0
0
0
0
0
0
0
0
0
0
0
0
0
0
0
0
0
0
0
0
0
0
0
0
0
0
0
0
0
0
0
0
0
0
0
0
0
-2.053654e+08
-2.040037e+08
-2.04729e+08
-2.07312e+08
-2.113751e+08
0
0
0
0
0
0
0
0
0
0
0
0
0
0
0
0
0
0
0
0
0
0
0
0
0
-2.017912e+08
-2.014208e+08
-2.031287e+08
-2.067256e+08
0
0
0
0
0
0
0
0
0
0
0
0
0
0
0
0
0
0
0
0
0
0
0
0
0
-1.995211e+08
-2.001562e+08
-2.028627e+08
0
0
0
0
0
0
0
0
0
0
0
0
0
0
0
0
0
0
0
0
0
0
0
0
0
-1.984193e+08
-2.000783e+08
0
0
0
0
0
0
0
0
0
0
0
0
0
0
0
0
0
0
0
0
0
0
0
0
0
-1.98289e+08
0
0
0
0
0
0
0
0
0
0
0
0
0
0
0
0
0
0
0
0
0
0
0
0
0
0
0
0
0
0
0
0
0
0
0
0
0
0
0
0
0
0
0
0
0
0
0
0
0
0
0
0
0
0
0
0
0
0
0
0
0
0
0
0
0
0
0
0
0
0
0
0
0
0
0
0
0
0
0
0
0
0
0
0
0
0
0
0
0
0
0
0
0
0
0
0
0
0
0
0
0
0
0
0
0
0
0
0
0
0
0
0
0
0
0
0
0
0
0
0
0
0
0
0
0
0
0
0
0
0
0
0
0
0
0
0
0
0
0
0
0
0
0
0
0
0
0
0
0
0
0
0
0
0
0
0
0
0
0
0
0
0
0
0
0
0
0
0
0
0
0
0
0
0
0
0
0
0
0
0
0
0
0
0
0
0
0
0
0
0
0
0
0
0
0
-2.014662e+08
-2.010843e+08
-2.027872e+08
-2.063729e+08
0
0
0
0
0
0
0
0
0
0
0
0
0
0
0
0
0
0
0
0
0
0
0
0
0
-1.989174e+08
-1.995259e+08
-2.022188e+08
0
0
0
0
0
0
0
0
0
0
0
0
0
0
0
0
0
0
0
0
0
0
0
0
0
-1.976524e+08
-1.992672e+08
0
0
0
0
0
0
0
0
0
0
0
0
0
0
0
0
0
0
0
0
0
0
0
0
0
-1.975422e+08
0
0
0
0
0
0
0
0
0
0
0
0
0
0
0
0
0
0
0
0
0
0
0
0
0
0
0
0
0
0
0
0
0
0
0
0
0
0
0
0
0
0
0
0
0
0
0
0
0
0
0
0
0
0
0
0
0
0
0
0
0
0
0
0
0
0
0
0
0
0
0
0
0
0
0
0
0
0
0
0
0
0
0
0
0
0
0
0
0
0
0
0
0
0
0
0
0
0
0
0
0
0
0
0
0
0
0
0
0
0
0
0
0
0
0
0
0
0
0
0
0
0
0
0
0
0
0
0
0
0
0
0
0
0
0
0
0
0
0
0
0
0
0
0
0
0
0
0
0
0
0
0
0
0
0
0
0
0
0
0
0
0
0
0
0
0
0
0
0
0
0
0
0
0
0
0
0
0
0
0
0
0
0
0
0
0
0
0
0
0
0
0
0
0
0
0
0
0
0
0
0
0
0
0
0
-1.985986e+08
-1.991936e+08
-2.018793e+08
0
0
0
0
0
0
0
0
0
0
0
0
0
0
0
0
0
0
0
0
0
0
0
0
0
-1.970562e+08
-1.986405e+08
0
0
0
0
0
0
0
0
0
0
0
0
0
0
0
0
0
0
0
0
0
0
0
0
0
-1.967797e+08
0
0
0
0
0
0
0
0
0
0
0
0
0
0
0
0
0
0
0
0
0
0
0
0
0
0
0
0
0
0
0
0
0
0
0
0
0
0
0
0
0
0
0
0
0
0
0
0
0
0
0
0
0
0
0
0
0
0
0
0
0
0
0
0
0
0
0
0
0
0
0
0
0
0
0
0
0
0
0
0
0
0
0
0
0
0
0
0
0
0
0
0
0
0
0
0
0
0
0
0
0
0
0
0
0
0
0
0
0
0
0
0
0
0
0
0
0
0
0
0
0
0
0
0
0
0
0
0
0
0
0
0
0
0
0
0
0
0
0
0
0
0
0
0
0
0
0
0
0
0
0
0
0
0
0
0
0
0
0
0
0
0
0
0
0
0
0
0
0
0
0
0
0
0
0
0
0
0
0
0
0
0
0
0
0
0
0
0
0
0
0
0
0
0
0
0
0
0
0
0
0
0
0
0
0
0
0
0
0
0
0
0
0
0
0
-1.967414e+08
-1.983102e+08
0
0
0
0
0
0
0
0
0
0
0
0
0
0
0
0
0
0
0
0
0
0
0
0
0
-1.961869e+08
0
0
0
0
0
0
0
0
0
0
0
0
0
0
0
0
0
0
0
0
0
0
0
0
0
0
0
0
0
0
0
0
0
0
0
0
0
0
0
0
0
0
0
0
0
0
0
0
0
0
0
0
0
0
0
0
0
0
0
0
0
0
0
0
0
0
0
0
0
0
0
0
0
0
0
0
0
0
0
0
0
0
0
0
0
0
0
0
0
0
0
0
0
0
0
0
0
0
0
0
0
0
0
0
0
0
0
0
0
0
0
0
0
0
0
0
0
0
0
0
0
0
0
0
0
0
0
0
0
0
0
0
0
0
0
0
0
0
0
0
0
0
0
0
0
0
0
0
0
0
0
0
0
0
0
0
0
0
0
0
0
0
0
0
0
0
0
0
0
0
0
0
0
0
0
0
0
0
0
0
0
0
0
0
0
0
0
0
0
0
0
0
0
0
0
0
0
0
0
0
0
0
0
0
0
0
0
0
0
0
0
0
0
0
0
0
0
0
0
0
0
0
0
0
0
-1.958739e+08
0
0
0
0
0
0
0
0
0
0
0
0
0
0
0
0
0
0
0
0
0
0
0
0
0
0
0
0
0
0
0
0
0
0
0
0
0
0
0
0
0
0
0
0
0
0
0
0
0
0
0
0
0
0
0
0
0
0
0
0
0
0
0
0
0
0
0
0
0
0
0
0
0
0
0
0
0
0
0
0
0
0
0
0
0
0
0
0
0
0
0
0
0
0
0
0
0
0
0
0
0
0
0
0
0
0
0
0
0
0
0
0
0
0
0
0
0
0
0
0
0
0
0
0
0
0
0
0
0
0
0
0
0
0
0
0
0
0
0
0
0
0
0
0
0
0
0
0
0
0
0
0
0
0
0
0
0
0
0
0
0
0
0
0
0
0
0
0
0
0
0
0
0
0
0
0
0
0
0
0
0
0
0
0
0
0
0
0
0
0
0
0
0
0
0
0
0
0
0
0
0
0
0
0
0
0
0
0
0
0
0
0
0
0
0
0
0
0
0
0
0
0
0
0
0
0
0
0
0
0
0
0
0
0
0
0
0
0
0
0
0
0
0
0
0
0
0
0
0
0
0
0
0
0
0
0
0
0
0
0
0
0
0
0
0
0
0
0
0
0
0
0
0
0
0
0
0
0
0
0
0
0
0
0
0
0
0
0
0
0
0
0
0
0
0
0
0
0
0
0
0
0
0
0
0
0
0
0
0
0
0
0
0
0
0
0
0
0
0
0
0
0
0
0
0
0
0
0
0
0
0
0
0
0
0
0
0
0
0
0
0
0
0
0
0
0
0
0
0
0
0
0
0
0
0
0
0
0
0
0
0
0
0
0
0
0
0
0
0
0
0
0
0
0
0
0
0
0
0
0
0
0
0
0
0
0
0
0
0
0
0
0
0
0
0
0
0
0
0
0
0
0
0
0
0
0
0
0
0
0
0
0
0
0
0
0
0
0
0
0
0
0
0
0
0
0
0
0
0
0
0
0
0
0
0
0
0
0
0
0
0
0
0
0
0
0
0
0
0
0
0
0
0
0
0
0
0
0
0
0
0
0
0
0
0
0
0
0
0
0
0
0
0
0
0
0
0
0
0
0
0
0
0
0
0
0
0
0
0
0
0
0
0
0
0
0
0
0
0
0
0
0
0
0
0
0
0
0
0
0
0
0
0
0
0
0
0
0
0
0
0
0
0
0
0
0
0
0
0
0
0
0
0
0
0
0
0
0
0
0
0
0
0
0
0
0
0
0
0
0
0
0
0
0
0
0
0
0
0
0
0
0
0
0
0
0
0
0
0
0
0
0
0
0
0
0
0
0
0
0
0
0
0
0
0
0
0
0
0
0
0
0
0
0
0
0
0
0
0
0
0
0
0
0
0
0
0
0
0
0
0
0
0
0
0
0
0
0
0
0
0
0
0
0
0
0
0
0
0
0
0
0
0
0
0
0
0
0
0
0
0
0
0
0
0
0
0
0
0
0
0
0
0
0
0
0
0
0
0
0
0
0
0
0
0
0
0
0
0
0
0
0
0
0
0
0
0
0
0
0
0
0
0
0
0
0
0
0
0
0
0
0
0
0
0
0
0
0
0
0
0
0
0
0
0
0
0
0
0
0
0
0
0
0
0
0
0
0
0
0
0
0
0
0
0
0
0
0
0
0
0
0
0
0
0
0
0
0
0
0
0
0
0
0
0
0
0
0
0
0
0
0
0
0
0
0
0
0
0
0
0
0
0
0
0
0
0
0
0
0
0
0
0
0
0
0
0
0
0
0
0
0
0
0
0
0
0
0
0
0
0
0
0
0
0
0
0
0
0
0
0
0
0
0
0
0
0
0
0
0
0
0
0
0
0
0
0
0
0
0
0
0
0
0
0
0
0
0
0
0
0
0
0
0
0
0
0
0
0
0
0
0
0
0
0
0
0
0
0
0
0
0
0
0
0
0
0
0
0
0
0
0
0
0
0
0
0
0
0
0
0
0
0
0
0
0
0
0
0
0
0
0
0
0
0
0
0
0
0
0
0
0
0
0
0
0
0
0
0
0
0
0
0
0
0
0
0
0
0
0
0
0
0
0
0
0
0
0
0
0
0
0
0
0
0
0
0
0
0
0
0
0
0
0
0
0
0
0
0
0
0
0
0
0
0
0
0
0
0
0
0
0
0
0
0
0
0
0
0
0
0
0
0
0
0
0
0
0
0
0
0
0
0
0
0
0
0
0
0
0
0
0
0
0
0
0
0
0
0
0
0
0
0
0
0
0
0
0
0
0
0
0
0
0
0
0
0
0
0
0
0
0
0
0
0
0
0
0
0
0
0
0
0
0
0
0
0
0
0
0
0
0
0
0
0
0
0
0
0
0
0
0
0
0
0
0
0
0
0
0
0
0
0
0
0
0
0
0
0
0
0
0
0
0
0
0
0
0
0
0
0
0
0
0
0
0
0
0
0
0
0
0
0
0
0
0
0
0
0
0
0
0
0
0
0
0
0
0
0
0
0
0
0
0
0
0
0
0
0
0
0
0
0
0
0
0
0
0
0
0
0
0
0
0
0
0
0
0
0
0
0
0
0
0
0
0
0
0
0
0
0
0
0
0
0
0
0
0
0
0
0
0
0
0
0
0
0
0
0
0
0
0
0
0
0
0
0
0
0
0
0
0
0
0
0
0
0
0
0
0
0
0
0
0
0
0
0
0
0
0
0
0
0
0
0
0
0
0
0
0
0
0
0
0
0
0
0
0
0
0
0
0
0
0
0
0
0
0
0
0
0
0
0
0
0
0
0
0
0
0
0
0
0
0
0
0
0
0
0
0
0
0
0
0
0
0
0
0
0
0
0
0
0
0
0
0
0
0
0
0
0
0
0
0
0
0
0
0
0
0
0
0
0
0
0
0
0
0
0
0
0
0
0
0
0
0
0
0
0
0
0
0
0
0
0
0
0
0
0
0
0
0
0
0
0
0
0
0
0
0
0
0
0
0
0
0
0
0
0
0
0
0
0
0
0
0
0
0
0
0
0
0
0
0
0
0
0
0
0
0
0
0
0
0
0
0
0
0
0
0
0
0
0
0
0
0
0
0
0
0
0
0
0
0
0
0
0
0
0
0
0
0
0
0
0
0
0
0
0
0
0
0
0
0
0
0
0
0
0
0
0
0
0
0
0
0
0
0
0
0
0
0
0
0
0
0
0
0
0
0
0
0
0
0
0
0
0
0
0
0
0
0
0
0
0
0
0
0
0
0
0
0
0
0
0
0
0
0
0
0
0
0
0
0
0
0
0
0
0
0
0
0
0
0
0
0
0
0
0
0
0
0
0
0
0
0
0
0
0
0
0
0
0
0
0
0
0
0
0
0
0
0
0
0
0
0
0
0
0
0
0
0
0
0
0
0
0
0
0
0
0
0
0
0
0
0
0
0
0
0
0
0
0
0
0
0
0
0
0
0
0
0
0
0
0
0
0
0
0
0
0
0
0
0
0
0
0
0
0
0
0
0
0
0
0
0
0
0
0
0
0
0
0
0
0
0
0
0
0
0
0
0
0
0
0
0
0
0
0
0
0
0
0
0
0
0
0
0
0
0
0
0
0
0
0
0
0
0
0
0
0
0
0
0
0
0
0
0
0
0
0
0
0
0
0
0
0
0
0
0
0
0
0
0
0
0
0
0
0
0
0
0
0
0
0
0
0
0
0
0
0
0
0
0
0
0
0
0
0
0
0
0
0
0
0
0
0
0
0
0
0
0
0
0
0
0
0
0
0
0
0
0
0
0
0
0
0
0
0
0
0
0
0
0
0
0
0
0
0
0
0
0
0
0
0
0
0
0
0
0
0
0
0
0
0
0
0
0
0
0
0
0
0
0
0
0
0
0
0
0
0
0
0
0
0
0
0
0
0
0
0
0
0
0
0
0
0
0
0
0
0
0
0
0
0
0
0
0
0
0
0
0
0
0
0
0
0
0
0
0
0
0
0
0
0
0
0
0
0
0
0
0
0
0
0
0
0
0
0
0
0
0
0
0
0
0
0
0
0
0
0
0
0
0
0
0
0
0
0
0
0
0
0
0
0
0
0
0
0
0
0
0
0
0
0
0
0
0
0
0
0
0
0
0
0
0
0
0
0
0
0
0
0
0
0
0
0
0
0
0
0
0
0
0
0
0
0
0
0
0
0
0
0
0
0
0
0
0
0
0
0
0
0
0
0
0
0
0
0
0
0
0
0
0
0
0
0
0
0
0
0
0
0
0
0
0
0
0
0
0
0
0
0
0
0
0
0
0
0
0
0
0
0
0
0
0
0
0
0
0
0
0
0
0
0
0
0
0
0
0
0
0
0
0
0
0
0
0
0
0
0
0
0
0
0
0
0
0
0
0
0
0
0
0
0
0
0
0
0
0
0
0
0
0
0
0
0
0
0
0
0
0
0
0
0
0
0
0
0
0
0
0
0
0
0
0
0
0
0
0
0
0
0
0
0
0
0
0
0
0
0
0
0
0
0
0
0
0
0
0
0
0
0
0
0
0
0
0
0
0
0
0
0
0
0
0
0
0
0
0
0
0
0
0
0
0
0
0
0
0
0
0
0
0
0
0
0
0
0
0
0
0
0
0
0
0
0
0
0
0
0
0
0
0
0
0
0
0
0
0
0
0
0
0
0
0
0
0
0
0
0
0
0
0
0
0
0
0
0
0
0
0
0
0
0
0
0
0
0
0
0
0
0
0
0
0
0
0
0
0
0
0
0
0
0
0
0
0
0
0
0
0
0
0
0
0
0
0
0
0
0
0
0
0
0
0
0
0
0
0
0
0
0
0
0
0
0
0
0
0
0
0
0
0
0
0
0
0
0
0
0
0
0
0
0
0
0
0
0
0
0
0
0
0
0
0
0
0
0
0
0
0
0
0
0
0
0
0
0
0
0
0
0
0
0
0
0
0
0
0
0
0
0
0
0
0
0
0
0
0
0
0
0
0
0
0
0
0
0
0
0
0
0
0
0
0
0
0
0
0
0
0
0
0
0
0
0
0
0
0
0
0
0
0
0
0
0
0
0
0
0
0
0
0
0
0
0
0
0
0
0
0
0
0
0
0
0
0
0
0
0
0
0
0
0
0
0
0
0
0
0
0
0
0
0
0
0
0
0
0
0
0
0
0
0
0
0
0
0
0
0
0
0
0
0
0
0
0
0
0
0
0
0
0
0
0
0
0
0
0
0
0
0
0
0
0
0
0
0
0
0
0
0
0
0
0
0
0
0
0
0
0
0
0
0
0
0
0
0
0
0
0
0
0
0
0
0
0
0
0
0
0
0
0
0
0
0
0
0
0
0
0
0
0
0
0
0
0
0
0
0
0
0
0
0
0
0
0
0
0
0
0
0
0
0
0
0
0
0
0
0
0
0
0
0
0
0
0
0
0
0
0
0
0
0
0
0
0
0
0
0
0
0
0
0
0
0
0
0
0
0
0
0
0
0
0
0
0
0
0
0
0
0
0
0
0
0
0
0
0
0
0
0
0
0
0
0
0
0
0
0
0
0
0
0
0
0
0
0
0
0
0
0
0
0
0
0
0
0
0
0
0
0
0
0
0
0
0
0
0
0
0
0
0
0
0
0
0
0
0
0
0
0
0
0
0
0
0
0
0
0
0
0
0
0
0
0
0
0
0
0
0
0
0
0
0
0
0
0
0
0
0
0
0
0
)
;

boundaryField
{
    interconnectSides
    {
        type            zeroGradient;
    }
    anodeSides
    {
        type            zeroGradient;
    }
    interconnect1
    {
        type            zeroGradient;
    }
    phiEA_to_phiE0
    {
        type            zeroGradient;
    }
}


// ************************************************************************* //
