/*--------------------------------*- C++ -*----------------------------------*\
| =========                 |                                                 |
| \\      /  F ield         | OpenFOAM: The Open Source CFD Toolbox           |
|  \\    /   O peration     | Version:  2306                                  |
|   \\  /    A nd           | Website:  www.openfoam.com                      |
|    \\/     M anipulation  |                                                 |
\*---------------------------------------------------------------------------*/
FoamFile
{
    version     2.0;
    format      ascii;
    arch        "LSB;label=32;scalar=64";
    class       volScalarField;
    location    "0.6/phiI";
    object      act;
}
// * * * * * * * * * * * * * * * * * * * * * * * * * * * * * * * * * * * * * //

dimensions      [0 0 0 0 0 0 0];

internalField   nonuniform List<scalar> 
12000
(
0
0
0
0
0
0
0
0
0
0
0
0
0
0
0
0
0
0
0
0
0
0
0
0
0
0
0
0
0
0
0
0
0
0
0
0
0
0
0
0
0
0
0
0
0
0
0
0
0
0
0
0
0
0
0
0
0
0
0
0
0
0
0
0
0
0
0
0
0
0
0
0
0
0
0
0
0
0
0
0
0
0
0
0
0
0
0
0
0
0
0
0
0
0
0
0
0
0
0
0
0
0
0
0
0
0
0
0
0
0
0
0
0
0
0
0
0
0
0
0
0
0
0
0
0
0
0
0
0
0
0
0
0
0
0
0
0
0
0
0
0
0
0
0
0
0
0
0
0
0
0
0
0
0
0
0
0
0
0
0
0
0
0
0
0
0
0
0
0
0
0
0
0
0
0
0
0
0
0
0
0
0
0
0
0
0
0
0
0
0
0
0
0
0
0
0
0
0
0
0
0
0
0
0
0
0
0
0
0
0
0
0
0
0
0
0
0
0
0
0
0
0
0
0
0
0
0
0
0
0
0
0
0
0
0
0
0
0
0
0
0
0
0
0
0
0
0
0
0
0
0
0
0
0
0
0
0
0
0
0
0
0
0
0
0
0
0
0
0
0
0
0
0
0
0
0
0
0
0
0
0
0
0
0
0
0.0001152733
0
0
0
0
0
0
0
0
0
0
0
0
0
0
0
0
0
0
0
0
0
0
0
0
0
0
0
0
0
0
0
0
0
0
0
0
0
0
0
0
0
0
0
0
0
0
0
0
0
0
0
0
0
0
0
0
0
0
0
0
0
0
0
0
0
0.0001131072
0
0
0
0
0
0
0
0
0
0
0.0001487965
0.0001151282
0
0
0
0
0
0
0
0
0
0
0
0
0
0
0
0
0
0
0
0
0
0
0
0
0
0
0
0
0
0
0
0
0
0
0
0
0
0
0
0
0
0
0
0
0
0
0
0
0
0
0
0
0
0
0
0
0
0
0
0
0
0
0
0
0
0.0001087923
0
0
0
0
0
0
0
0
0
0
0.0001471074
0.0001129612
0
0
0
0
0
0
0
0
0
0
0.0001862079
0.0001486608
0.0001148394
0
0
0
0
0
0
0
0
0
0
0
0
0
0
0
0
0
0
0
0
0
0
0
0
0
0
0
0
0
0
0
0
0
0
0
0
0
0
0
0
0
0
0
0
0
0
0
0
0
0
0
0
0
0
0
0
0
0
0
0
0
0
0
0
0
0.0001024497
0
0
0
0
0
0
0
0
0
0
0.0001437464
0.0001086446
0
0
0
0
0
0
0
0
0
0
0.0001847003
0.0001469711
0.0001126708
0
0
0
0
0
0
0
0
0
0
0.0002224712
0.0001860807
0.0001483898
0.0001144296
0
0
0
0
0
0
0
0
0
0
0
0
0
0
0
0
0
0
0
0
0
0
0
0
0
0
0
0
0
0
0
0
0
0
0
0
0
0
0
0
0
0
0
0
0
0
0
0
0
0
0
0
0
0
0
0
0
0
0
0
0
0
0
0
0
9.454405e-05
0
0
0
0
0
0
0
0
0
0
0.0001388083
0.0001022988
0
0
0
0
0
0
0
0
0
0
0.0001817003
0.0001436088
0.0001083506
0
0
0
0
0
0
0
0
0
0
0.0002210734
0.0001845726
0.0001466989
0.0001122585
0
0
0
0
0
0
0
0
0
0
0.0002569876
0.0002223512
0.000185826
0.0001480069
0.0001138487
0
0
0
0
0
0
0
0
0
0
0
0
0
0
0
0
0
0
0
0
0
0
0
0
0
0
0
0
0
0
0
0
0
0
0
0
0
0
0
0
0
0
0
0
0
0
0
0
0
0
0
0
0
0
0
0
0
0
0
0
0
0
0
0
0
8.636553e-05
0
0
0
0
0
0
0
0
0
0
0.0001326531
9.438808e-05
0
0
0
0
0
0
0
0
0
0
0.0001772889
0.0001386686
0.0001019989
0
0
0
0
0
0
0
0
0
0
0.0002182932
0.0001815715
0.0001433342
0.0001079332
0
0
0
0
0
0
0
0
0
0
0.0002556767
0.0002209529
0.000184317
0.0001463143
0.0001116747
0
0
0
0
0
0
0
0
0
0
0.0002897913
0.0002568737
0.0002221105
0.0001854677
0.0001474578
0
0
0
0
0
0
0
0
0
0
0
0
0
0
0
0
0
0
0
0
0
0
0
0
0
0
0
0
0
0
0
0
0
0
0
0
0
0
0
0
0
0
0
0
0
0
0
0
0
0
0
0
0
0
0
0
0
0
0
0
0
0
0
0
0
8.038118e-05
0
0
0
0
0
0
0
0
0
0
0.0001262555
8.620257e-05
0
0
0
0
0
0
0
0
0
0
0.0001717857
0.0001325097
9.407823e-05
0
0
0
0
0
0
0
0
0
0
0.0002142058
0.0001771582
0.0001383898
0.0001015725
0
0
0
0
0
0
0
0
0
0
0.0002530703
0.0002181717
0.0001813139
0.0001429461
0.000107343
0
0
0
0
0
0
0
0
0
0
0.000288555
0.0002555624
0.0002207114
0.0001839572
0.0001457632
0
0
0
0
0
0
0
0
0
0
0.0003210095
0.0002896828
0.0002566453
0.0002217729
0.0001849486
0
0
0
0
0
0
0
0
0
0
0
0
0
0
0
0
0
0
0
0
0
0
0
0
0
0
0
0
0
0
0
0
0
0
0
0
0
0
0
0
0
0
0
0
0
0
0
0
0
0
0
0
0
0
0
0
0
0
0
0
0
0
0
0
0
7.662437e-05
0
0
0
0
0
0
0
0
0
0
0.000121522
8.021604e-05
0
0
0
0
0
0
0
0
0
0
0.0001660564
0.0001261071
8.587888e-05
0
0
0
0
0
0
0
0
0
0
0.0002091093
0.0001716519
0.0001322241
9.363675e-05
0
0
0
0
0
0
0
0
0
0
0.0002492398
0.0002140826
0.0001768971
0.0001379956
0.0001009714
0
0
0
0
0
0
0
0
0
0
0.0002860981
0.0002529551
0.0002179284
0.0001809512
0.0001423904
0
0
0
0
0
0
0
0
0
0
0.0003198394
0.0002884462
0.0002553332
0.0002203726
0.0001834364
0
0
0
0
0
0
0
0
0
0
0.0003507679
0.0003209058
0.0002894653
0.0002563257
0.0002212802
0
0
0
0
0
0
0
0
0
0
0
0
0
0
0
0
0
0
0
0
0
0
0
0
0
0
0
0
0
0
0
0
0
0
0
0
0
0
0
0
0
0
0
0
0
0
0
0
0
0
0
0
0
0
0
0
0
0
0
0
0
0
0
0
0
7.450273e-05
0
0
0
0
0
0
0
0
0
0
0.0001184993
7.645909e-05
0
0
0
0
0
0
0
0
0
0
0.0001618192
0.0001213724
7.988794e-05
0
0
0
0
0
0
0
0
0
0
0.0002038036
0.0001659182
0.0001258121
8.541636e-05
0
0
0
0
0
0
0
0
0
0
0.0002444665
0.0002089833
0.000171385
0.0001318199
9.301707e-05
0
0
0
0
0
0
0
0
0
0
0.0002824884
0.000249123
0.0002138362
0.0001765294
0.0001374324
0
0
0
0
0
0
0
0
0
0
0.0003175149
0.0002859884
0.0002527243
0.000217587
0.0001804265
0
0
0
0
0
0
0
0
0
0
0.0003496575
0.0003197354
0.000288228
0.0002550125
0.0002198783
0
0
0
0
0
0
0
0
0
0
0.00037918
0.0003506687
0.0003206982
0.0002891618
0.0002558566
0
0
0
0
0
0
0
0
0
0
0
0
0
0
0
0
0
0
0
0
0
0
0
0
0
0
0
0
0
0
0
0
0
0
0
0
0
0
0
0
0
0
0
0
0
0
0
0
0
0
0
0
0
0
0
0
0
0
0
0
0
0
0
0
0
7.355073e-05
0
0
0
0
0
0
0
0
0
0
0.0001167641
7.433769e-05
0
0
0
0
0
0
0
0
0
0
0.0001591108
0.00011835
7.613063e-05
0
0
0
0
0
0
0
0
0
0
0.0001998846
0.0001616798
0.0001210751
7.941845e-05
0
0
0
0
0
0
0
0
0
0
0.0002394985
0.0002036735
0.000165643
0.0001253937
8.47702e-05
0
0
0
0
0
0
0
0
0
0
0.0002779925
0.0002443471
0.0002087316
0.0001710088
0.0001312438
0
0
0
0
0
0
0
0
0
0
0.0003141005
0.0002823772
0.0002488894
0.0002134904
0.0001759982
0
0
0
0
0
0
0
0
0
0
0.0003474522
0.0003174102
0.0002857687
0.0002524013
0.0002170893
0
0
0
0
0
0
0
0
0
0
0.000378124
0.000349558
0.0003195272
0.0002879234
0.0002545419
0
0
0
0
0
0
0
0
0
0
0.0004063453
0.0003790848
0.0003504701
0.0003204091
0.0002887141
0
0
0
0
0
0
0
0
0
0
0
0
0
0
0
0
0
0
0
0
0
0
0
0
0
0
0
0
0
0
0
0
0
0
0
0
0
0
0
0
0
0
0
0
0
0
0
0
0
0
0
0
0
0
0
0
0
0
0
0
0
0
0
0
7.355073e-05
0
0
0
0
0
0
0
0
0
0
0.0001159757
7.338584e-05
0
0
0
0
0
0
0
0
0
0
0.000157555
0.0001166153
7.400961e-05
0
0
0
0
0
0
0
0
0
0
0.0001973806
0.0001589716
0.0001180532
7.566024e-05
0
0
0
0
0
0
0
0
0
0
0.0002358329
0.0001997534
0.0001614027
0.0001206531
7.876447e-05
0
0
0
0
0
0
0
0
0
0
0.0002733144
0.0002393752
0.0002034143
0.0001652547
0.0001247996
0
0
0
0
0
0
0
0
0
0
0.0003098499
0.0002778789
0.0002441086
0.0002083783
0.0001704667
0
0
0
0
0
0
0
0
0
0
0.0003442136
0.0003139944
0.0002821549
0.0002485624
0.0002129869
0
0
0
0
0
0
0
0
0
0
0.000376027
0.0003473519
0.0003172005
0.0002854621
0.0002519276
0
0
0
0
0
0
0
0
0
0
0.0004053391
0.0003780285
0.0003493589
0.0003192372
0.0002874744
0
0
0
0
0
0
0
0
0
0
0.0004323513
0.0004062538
0.0003788947
0.0003501942
0.0003199811
0
0
0
0
0
0
0
0
0
0
0
0
0
0
0
0
0
0
0
0
0
0
0
0
0
0
0
0
0
0
0
0
0
0
0
0
0
0
0
0
0
0
0
0
0
0
0
0
0
0
0
0
0
0
0
0
0
0
0
0
0
0
7.450273e-05
0
0
0
0
0
0
0
0
0
0
0.0001159757
7.338584e-05
0
0
0
0
0
0
0
0
0
0
0.0001568475
0.0001158271
7.305803e-05
0
0
0
0
0
0
0
0
0
0
0.0001959429
0.0001574162
0.0001163193
7.353957e-05
0
0
0
0
0
0
0
0
0
0
0.0002334917
0.0001972495
0.0001586951
0.0001176318
7.500608e-05
0
0
0
0
0
0
0
0
0
0
0.0002698661
0.0002357086
0.0001994925
0.0001610117
0.000120055
0
0
0
0
0
0
0
0
0
0
0.000305428
0.0002731972
0.0002391298
0.00020305
0.0001646969
0
0
0
0
0
0
0
0
0
0
0.0003401834
0.0003097415
0.0002776521
0.0002437748
0.0002078648
0
0
0
0
0
0
0
0
0
0
0.0003729482
0.000344112
0.0003137824
0.0002818446
0.0002480834
0
0
0
0
0
0
0
0
0
0
0.0004033415
0.0003759308
0.0003471515
0.0003169086
0.0002850102
0
0
0
0
0
0
0
0
0
0
0.000431391
0.0004052473
0.0003778378
0.0003490821
0.000318808
0
0
0
0
0
0
0
0
0
0
0.0004572752
0.0004322633
0.0004060715
0.0003786308
0.0003497845
0
0
0
0
0
0
0
0
0
0
0
0
0
0
0
0
0
0
0
0
0
0
0
0
0
0
0
0
0
0
0
0
0
0
0
0
0
0
0
0
0
0
0
0
0
0
0
0
0
0
0
0
0
0
0
0
0
0
0
7.662437e-05
0
0
0
0
0
0
0
0
0
0
0.0001167641
7.433769e-05
0
0
0
0
0
0
0
0
0
0
0.0001568475
0.0001158271
7.305803e-05
0
0
0
0
0
0
0
0
0
0
0.0001952893
0.000156709
0.0001155317
7.258828e-05
0
0
0
0
0
0
0
0
0
0
0.0002321482
0.0001958122
0.0001571406
0.0001158991
7.288645e-05
0
0
0
0
0
0
0
0
0
0
0.0002676644
0.0002333675
0.0001969891
0.000158305
0.0001170351
0
0
0
0
0
0
0
0
0
0
0.0003021712
0.0002697479
0.0002354616
0.0001991259
0.0001604508
0
0
0
0
0
0
0
0
0
0
0.0003359918
0.0003053162
0.0002729639
0.0002387859
0.0002025223
0
0
0
0
0
0
0
0
0
0
0.0003691183
0.0003400797
0.0003095253
0.0002773355
0.0002432866
0
0
0
0
0
0
0
0
0
0
0.0004004092
0.0003728509
0.0003439094
0.0003134871
0.0002813878
0
0
0
0
0
0
0
0
0
0
0.0004294851
0.0004032491
0.0003757389
0.000346873
0.0003164767
0
0
0
0
0
0
0
0
0
0
0.0004563576
0.0004313028
0.0004050644
0.0003775732
0.0003486712
0
0
0
0
0
0
0
0
0
0
0.0004811858
0.0004571904
0.0004320882
0.0004058189
0.0003782382
0
0
0
0
0
0
0
0
0
0
0
0
0
0
0
0
0
0
0
0
0
0
0
0
0
0
0
0
0
0
0
0
0
0
0
0
0
0
0
0
0
0
0
0
0
0
0
0
0
0
0
0
0
0
0
8.038118e-05
0
0
0
0
0
0
0
0
0
0
0.0001184993
7.645909e-05
0
0
0
0
0
0
0
0
0
0
0.000157555
0.0001166153
7.400961e-05
0
0
0
0
0
0
0
0
0
0
0.0001952893
0.000156709
0.0001155317
7.258828e-05
0
0
0
0
0
0
0
0
0
0
0.0002315375
0.0001951587
0.0001564338
0.0001151121
7.193581e-05
0
0
0
0
0
0
0
0
0
0
0.0002664016
0.0002320243
0.0001955526
0.0001567516
0.0001153042
0
0
0
0
0
0
0
0
0
0
0.0003000925
0.0002675463
0.000233121
0.0001966235
0.0001577457
0
0
0
0
0
0
0
0
0
0
0.000332907
0.0003020584
0.0002695131
0.0002351157
0.0001985956
0
0
0
0
0
0
0
0
0
0
0.000365136
0.0003358849
0.0003050939
0.0002726379
0.0002382845
0
0
0
0
0
0
0
0
0
0
0.0003967628
0.0003690189
0.0003398731
0.000309224
0.0002768702
0
0
0
0
0
0
0
0
0
0
0.0004266879
0.0004003157
0.0003726569
0.0003436277
0.0003130506
0
0
0
0
0
0
0
0
0
0
0.0004545367
0.0004293962
0.0004030651
0.0003754727
0.0003464596
0
0
0
0
0
0
0
0
0
0
0.000480308
0.0004562726
0.0004311272
0.0004048111
0.0003771794
0
0
0
0
0
0
0
0
0
0
0.000504145
0.0004811041
0.0004570221
0.000431846
0.0004054421
0
0
0
0
0
0
0
0
0
0
0
0
0
0
0
0
0
0
0
0
0
0
0
0
0
0
0
0
0
0
0
0
0
0
0
0
0
0
0
0
0
0
0
0
0
0
0
0
0
0
8.636553e-05
0
0
0
0
0
0
0
0
0
0
0.000121522
8.021604e-05
0
0
0
0
0
0
0
0
0
0
0.0001591108
0.00011835
7.613063e-05
0
0
0
0
0
0
0
0
0
0
0.0001959429
0.0001574162
0.0001163193
7.353957e-05
0
0
0
0
0
0
0
0
0
0
0.0002315375
0.0001951587
0.0001564338
0.0001151121
7.193581e-05
0
0
0
0
0
0
0
0
0
0
0.0002658276
0.0002314137
0.0001948996
0.0001560455
0.0001145182
0
0
0
0
0
0
0
0
0
0
0.0002989008
0.0002662837
0.0002317785
0.0001951881
0.0001561941
0
0
0
0
0
0
0
0
0
0
0.0003309388
0.0002999799
0.0002673121
0.000232776
0.0001960947
0
0
0
0
0
0
0
0
0
0
0.0003622073
0.0003327991
0.0003018348
0.0002691853
0.000234612
0
0
0
0
0
0
0
0
0
0
0.0003929722
0.0003650336
0.0003356726
0.0003047839
0.0002721603
0
0
0
0
0
0
0
0
0
0
0.0004232107
0.0003966674
0.0003688212
0.0003395858
0.0003087797
0
0
0
0
0
0
0
0
0
0
0.0004518647
0.000426598
0.0004001297
0.0003723876
0.0003432101
0
0
0
0
0
0
0
0
0
0
0.0004785661
0.0004544511
0.0004292196
0.0004028102
0.0003750766
0
0
0
0
0
0
0
0
0
0
0.0005033042
0.000480226
0.0004561038
0.0004308843
0.0004044333
0
0
0
0
0
0
0
0
0
0
0.0005262084
0.0005040661
0.0004809422
0.0004567897
0.0004314841
0
0
0
0
0
0
0
0
0
0
0
0
0
0
0
0
0
0
0
0
0
0
0
0
0
0
0
0
0
0
0
0
0
0
0
0
0
0
0
0
0
0
0
0
9.454405e-05
0
0
0
0
0
0
0
0
0
0
0.0001262555
8.620257e-05
0
0
0
0
0
0
0
0
0
0
0.0001618192
0.0001213724
7.988794e-05
0
0
0
0
0
0
0
0
0
0
0.0001973806
0.0001589716
0.0001180532
7.566024e-05
0
0
0
0
0
0
0
0
0
0
0.0002321482
0.0001958122
0.0001571406
0.0001158991
7.288645e-05
0
0
0
0
0
0
0
0
0
0
0.0002658276
0.0002314137
0.0001948996
0.0001560455
0.0001145182
0
0
0
0
0
0
0
0
0
0
0.0002983592
0.0002657099
0.0002311683
0.0001945357
0.000155489
0
0
0
0
0
0
0
0
0
0
0.0003298108
0.0002987883
0.0002660501
0.0002314346
0.000194661
0
0
0
0
0
0
0
0
0
0
0.0003603394
0.000330831
0.0002997567
0.0002669851
0.0002322738
0
0
0
0
0
0
0
0
0
0
0.0003901864
0.000362104
0.0003325856
0.0003015232
0.0002687056
0
0
0
0
0
0
0
0
0
0
0.0004195969
0.0003928739
0.0003648305
0.0003353771
0.000304328
0
0
0
0
0
0
0
0
0
0
0.0004485442
0.0004231189
0.0003964779
0.0003685468
0.0003391608
0
0
0
0
0
0
0
0
0
0
0.0004760107
0.0004517781
0.0004264195
0.000399872
0.0003719875
0
0
0
0
0
0
0
0
0
0
0.0005016363
0.0004784836
0.0004542813
0.0004289753
0.0004024302
0
0
0
0
0
0
0
0
0
0
0.0005254024
0.0005032251
0.0004800636
0.0004558707
0.0004305215
0
0
0
0
0
0
0
0
0
0
0.0005474266
0.0005261322
0.0005039102
0.0004807189
0.0004564419
0
0
0
0
0
0
0
0
0
0
0
0
0
0
0
0
0
0
0
0
0
0
0
0
0
0
0
0
0
0
0
0
0
0
0
0
0
0.0001024497
0
0
0
0
0
0
0
0
0
0
0.0001326531
9.438808e-05
0
0
0
0
0
0
0
0
0
0
0.0001660564
0.0001261071
8.587888e-05
0
0
0
0
0
0
0
0
0
0
0.0001998846
0.0001616798
0.0001210751
7.941845e-05
0
0
0
0
0
0
0
0
0
0
0.0002334917
0.0001972495
0.0001586951
0.0001176318
7.500608e-05
0
0
0
0
0
0
0
0
0
0
0.0002664016
0.0002320243
0.0001955526
0.0001567516
0.0001153042
0
0
0
0
0
0
0
0
0
0
0.0002983592
0.0002657099
0.0002311683
0.0001945357
0.000155489
0
0
0
0
0
0
0
0
0
0
0.0003292983
0.0002982468
0.0002654767
0.000230825
0.0001940096
0
0
0
0
0
0
0
0
0
0
0.0003592693
0.0003297032
0.0002985657
0.0002657243
0.000230934
0
0
0
0
0
0
0
0
0
0
0.0003884105
0.0003602362
0.000330618
0.000299446
0.0002665069
0
0
0
0
0
0
0
0
0
0
0.0004169428
0.0003900873
0.0003618997
0.0003322887
0.0003010654
0
0
0
0
0
0
0
0
0
0
0.0004450943
0.0004195024
0.0003926793
0.0003645483
0.0003349412
0
0
0
0
0
0
0
0
0
0
0.0004728361
0.0004484559
0.0004229371
0.0003962153
0.0003681397
0
0
0
0
0
0
0
0
0
0
0.0004991898
0.0004759273
0.0004516065
0.0004261725
0.0003994883
0
0
0
0
0
0
0
0
0
0
0.0005238038
0.0005015567
0.0004783203
0.0004540468
0.0004286104
0
0
0
0
0
0
0
0
0
0
0.0005466533
0.000525326
0.0005030688
0.0004798397
0.000455522
0
0
0
0
0
0
0
0
0
0
0.0005678454
0.000547353
0.000525982
0.0005036955
0.0004803843
0
0
0
0
0
0
0
0
0
0
0
0
0
0
0
0
0
0
0
0
0
0
0
0
0
0
0
0
0
0.0001087923
0
0
0
0
0
0
0
0
0
0
0.0001388083
0.0001022988
0
0
0
0
0
0
0
0
0
0
0.0001717857
0.0001325097
9.407823e-05
0
0
0
0
0
0
0
0
0
0
0.0002038036
0.0001659182
0.0001258121
8.541636e-05
0
0
0
0
0
0
0
0
0
0
0.0002358329
0.0001997534
0.0001614027
0.0001206531
7.876447e-05
0
0
0
0
0
0
0
0
0
0
0.0002676644
0.0002333675
0.0001969891
0.000158305
0.0001170351
0
0
0
0
0
0
0
0
0
0
0.0002989008
0.0002662837
0.0002317785
0.0001951881
0.0001561941
0
0
0
0
0
0
0
0
0
0
0.0003292983
0.0002982468
0.0002654767
0.000230825
0.0001940096
0
0
0
0
0
0
0
0
0
0
0.0003587833
0.0003291909
0.0002980247
0.0002651514
0.0002303253
0
0
0
0
0
0
0
0
0
0
0.0003873935
0.0003591663
0.0003294908
0.000298256
0.0002652476
0
0
0
0
0
0
0
0
0
0
0.0004152516
0.0003883114
0.0003600324
0.0003303219
0.0002989896
0
0
0
0
0
0
0
0
0
0
0.0004425623
0.0004168476
0.0003898917
0.0003616162
0.000331851
0
0
0
0
0
0
0
0
0
0
0.0004695388
0.0004450034
0.0004193157
0.0003924094
0.000364131
0
0
0
0
0
0
0
0
0
0
0.0004961515
0.000472751
0.0004482812
0.0004226855
0.0003958249
0
0
0
0
0
0
0
0
0
0
0.0005214594
0.0004991093
0.0004757623
0.0004513696
0.0004258041
0
0
0
0
0
0
0
0
0
0
0.0005451198
0.0005237269
0.0005013995
0.0004780951
0.0004536962
0
0
0
0
0
0
0
0
0
0
0.0005671029
0.0005465795
0.0005251754
0.0005028535
0.0004795043
0
0
0
0
0
0
0
0
0
0
0.0005875068
0.0005677742
0.0005472082
0.0005257754
0.0005033735
0
0
0
0
0
0
0
0
0
0
0
0
0
0
0
0
0
0
0
0
0.0001131072
0
0
0
0
0
0
0
0
0
0
0.0001437464
0.0001086446
0
0
0
0
0
0
0
0
0
0
0.0001772889
0.0001386686
0.0001019989
0
0
0
0
0
0
0
0
0
0
0.0002091093
0.0001716519
0.0001322241
9.363675e-05
0
0
0
0
0
0
0
0
0
0
0.0002394985
0.0002036735
0.000165643
0.0001253937
8.47702e-05
0
0
0
0
0
0
0
0
0
0
0.0002698661
0.0002357086
0.0001994925
0.0001610117
0.000120055
0
0
0
0
0
0
0
0
0
0
0.0003000925
0.0002675463
0.000233121
0.0001966235
0.0001577457
0
0
0
0
0
0
0
0
0
0
0.0003298108
0.0002987883
0.0002660501
0.0002314346
0.000194661
0
0
0
0
0
0
0
0
0
0
0.0003587833
0.0003291909
0.0002980247
0.0002651514
0.0002303253
0
0
0
0
0
0
0
0
0
0
0.0003869317
0.0003586803
0.0003289787
0.0002977155
0.0002646755
0
0
0
0
0
0
0
0
0
0
0.0004142836
0.0003872946
0.0003589631
0.0003291957
0.0002978011
0
0
0
0
0
0
0
0
0
0
0.0004409496
0.0004151565
0.0003881162
0.0003597497
0.0003298856
0
0
0
0
0
0
0
0
0
0
0.0004671204
0.0004424707
0.0004166599
0.0003896205
0.0003611973
0
0
0
0
0
0
0
0
0
0
0.0004929967
0.0004694512
0.0004448241
0.0004190572
0.0003920094
0
0
0
0
0
0
0
0
0
0
0.0005185488
0.0004960694
0.000472583
0.0004480398
0.0004223108
0
0
0
0
0
0
0
0
0
0
0.0005428712
0.0005213817
0.0004989505
0.0004755347
0.0004510156
0
0
0
0
0
0
0
0
0
0
0.0005656307
0.0005450455
0.0005235755
0.000501183
0.0004777579
0
0
0
0
0
0
0
0
0
0
0.0005867934
0.0005670315
0.0005464343
0.0005249683
0.0005025307
0
0
0
0
0
0
0
0
0
0
0.0006064492
0.000587438
0.0005676345
0.0005470092
0.0005254652
0
0
0
0
0
0
0
0
0
0
0.0001152733
0
0
0
0
0
0
0
0
0
0
0.0001471074
0.0001129612
0
0
0
0
0
0
0
0
0
0
0.0001817003
0.0001436088
0.0001083506
0
0
0
0
0
0
0
0
0
0
0.0002142058
0.0001771582
0.0001383898
0.0001015725
0
0
0
0
0
0
0
0
0
0
0.0002444665
0.0002089833
0.000171385
0.0001318199
9.301707e-05
0
0
0
0
0
0
0
0
0
0
0.0002733144
0.0002393752
0.0002034143
0.0001652547
0.0001247996
0
0
0
0
0
0
0
0
0
0
0.0003021712
0.0002697479
0.0002354616
0.0001991259
0.0001604508
0
0
0
0
0
0
0
0
0
0
0.0003309388
0.0002999799
0.0002673121
0.000232776
0.0001960947
0
0
0
0
0
0
0
0
0
0
0.0003592693
0.0003297032
0.0002985657
0.0002657243
0.000230934
0
0
0
0
0
0
0
0
0
0
0.0003869317
0.0003586803
0.0003289787
0.0002977155
0.0002646755
0
0
0
0
0
0
0
0
0
0
0.0004138441
0.0003868329
0.0003584775
0.0003286841
0.0002972613
0
0
0
0
0
0
0
0
0
0
0.0004400271
0.0004141886
0.0003871
0.0003586814
0.0003287608
0
0
0
0
0
0
0
0
0
0
0.0004655809
0.0004408581
0.0004149692
0.0003878459
0.0003593321
0
0
0
0
0
0
0
0
0
0
0.0004906845
0.0004670322
0.0004422905
0.0004164003
0.000389219
0
0
0
0
0
0
0
0
0
0
0.0005155275
0.0004929123
0.0004692788
0.0004445762
0.0004186733
0
0
0
0
0
0
0
0
0
0
0.0005400806
0.0005184695
0.0004959078
0.0004723513
0.0004476799
0
0
0
0
0
0
0
0
0
0
0.0005634725
0.0005427962
0.0005212287
0.0004987317
0.0004751942
0
0
0
0
0
0
0
0
0
0
0.000585379
0.0005655589
0.0005448995
0.0005233671
0.0005008584
0
0
0
0
0
0
0
0
0
0
0.0006057633
0.0005867243
0.0005668915
0.0005462348
0.0005246573
0
0
0
0
0
0
0
0
0
0
0.0006247081
0.0006063826
0.0005873031
0.0005674428
0.0005467103
0
0
0
0
0
0
0
0
0
0
0.0001487965
0.0001151282
0
0
0
0
0
0
0
0
0
0
0.0001847003
0.0001469711
0.0001126708
0
0
0
0
0
0
0
0
0
0
0.0002182932
0.0001815715
0.0001433342
0.0001079332
0
0
0
0
0
0
0
0
0
0
0.0002492398
0.0002140826
0.0001768971
0.0001379956
0.0001009714
0
0
0
0
0
0
0
0
0
0
0.0002779925
0.0002443471
0.0002087316
0.0001710088
0.0001312438
0
0
0
0
0
0
0
0
0
0
0.000305428
0.0002731972
0.0002391298
0.00020305
0.0001646969
0
0
0
0
0
0
0
0
0
0
0.000332907
0.0003020584
0.0002695131
0.0002351157
0.0001985956
0
0
0
0
0
0
0
0
0
0
0.0003603394
0.000330831
0.0002997567
0.0002669851
0.0002322738
0
0
0
0
0
0
0
0
0
0
0.0003873935
0.0003591663
0.0003294908
0.000298256
0.0002652476
0
0
0
0
0
0
0
0
0
0
0.0004138441
0.0003868329
0.0003584775
0.0003286841
0.0002972613
0
0
0
0
0
0
0
0
0
0
0.0004396083
0.0004137493
0.0003866386
0.0003581962
0.00032825
0
0
0
0
0
0
0
0
0
0
0.0004647006
0.0004399357
0.0004140019
0.0003868306
0.0003582651
0
0
0
0
0
0
0
0
0
0
0.0004892133
0.0004654927
0.0004406783
0.0004147104
0.0003874457
0
0
0
0
0
0
0
0
0
0
0.0005133147
0.0004905994
0.0004668589
0.0004420415
0.000416015
0
0
0
0
0
0
0
0
0
0
0.0005371849
0.000515446
0.0004927464
0.0004690409
0.0004442075
0
0
0
0
0
0
0
0
0
0
0.0005607948
0.000540004
0.0005183138
0.000495685
0.0004720052
0
0
0
0
0
0
0
0
0
0
0.000583306
0.0005633999
0.0005426487
0.0005210182
0.0004984041
0
0
0
0
0
0
0
0
0
0
0.0006044037
0.0005853096
0.0005654181
0.0005446989
0.0005230545
0
0
0
0
0
0
0
0
0
0
0.0006240482
0.0006056965
0.0005865892
0.0005666992
0.0005459351
0
0
0
0
0
0
0
0
0
0
0.0006423161
0.0006246436
0.0006062524
0.0005871182
0.0005671546
0
0
0
0
0
0
0
0
0
0
0.0001862079
0.0001486608
0.0001148394
0
0
0
0
0
0
0
0
0
0
0.0002210734
0.0001845726
0.0001466989
0.0001122585
0
0
0
0
0
0
0
0
0
0
0.0002530703
0.0002181717
0.0001813139
0.0001429461
0.000107343
0
0
0
0
0
0
0
0
0
0
0.0002824884
0.000249123
0.0002138362
0.0001765294
0.0001374324
0
0
0
0
0
0
0
0
0
0
0.0003098499
0.0002778789
0.0002441086
0.0002083783
0.0001704667
0
0
0
0
0
0
0
0
0
0
0.0003359918
0.0003053162
0.0002729639
0.0002387859
0.0002025223
0
0
0
0
0
0
0
0
0
0
0.0003622073
0.0003327991
0.0003018348
0.0002691853
0.000234612
0
0
0
0
0
0
0
0
0
0
0.0003884105
0.0003602362
0.000330618
0.000299446
0.0002665069
0
0
0
0
0
0
0
0
0
0
0.0004142836
0.0003872946
0.0003589631
0.0003291957
0.0002978011
0
0
0
0
0
0
0
0
0
0
0.0004396083
0.0004137493
0.0003866386
0.0003581962
0.00032825
0
0
0
0
0
0
0
0
0
0
0.0004643012
0.000439517
0.0004135628
0.0003863696
0.0003577807
0
0
0
0
0
0
0
0
0
0
0.0004883726
0.0004646126
0.0004397564
0.000413744
0.0003864316
0
0
0
0
0
0
0
0
0
0
0.0005119076
0.0004891283
0.0004653199
0.0004404301
0.0004143264
0
0
0
0
0
0
0
0
0
0
0.0005350654
0.0005132326
0.0004904327
0.0004666199
0.0004416715
0
0
0
0
0
0
0
0
0
0
0.0005580172
0.0005371061
0.0005152863
0.0004925177
0.0004686864
0
0
0
0
0
0
0
0
0
0
0.0005807349
0.0005607208
0.000539854
0.0005180995
0.000495352
0
0
0
0
0
0
0
0
0
0
0.0006024112
0.0005832358
0.0005632576
0.000542446
0.0005207027
0
0
0
0
0
0
0
0
0
0
0.0006227404
0.0006043364
0.0005851736
0.0005652248
0.0005443977
0
0
0
0
0
0
0
0
0
0
0.0006416809
0.0006239835
0.0006055659
0.0005864038
0.0005664103
0
0
0
0
0
0
0
0
0
0
0.0006593032
0.0006422536
0.0006245178
0.000606074
0.0005868402
0
0
0
0
0
0
0
0
0
0
0.0002224712
0.0001860807
0.0001483898
0.0001144296
0
0
0
0
0
0
0
0
0
0
0.0002556767
0.0002209529
0.000184317
0.0001463143
0.0001116747
0
0
0
0
0
0
0
0
0
0
0.0002860981
0.0002529551
0.0002179284
0.0001809512
0.0001423904
0
0
0
0
0
0
0
0
0
0
0.0003141005
0.0002823772
0.0002488894
0.0002134904
0.0001759982
0
0
0
0
0
0
0
0
0
0
0.0003401834
0.0003097415
0.0002776521
0.0002437748
0.0002078648
0
0
0
0
0
0
0
0
0
0
0.000365136
0.0003358849
0.0003050939
0.0002726379
0.0002382845
0
0
0
0
0
0
0
0
0
0
0.0003901864
0.000362104
0.0003325856
0.0003015232
0.0002687056
0
0
0
0
0
0
0
0
0
0
0.0004152516
0.0003883114
0.0003600324
0.0003303219
0.0002989896
0
0
0
0
0
0
0
0
0
0
0.0004400271
0.0004141886
0.0003871
0.0003586814
0.0003287608
0
0
0
0
0
0
0
0
0
0
0.0004643012
0.000439517
0.0004135628
0.0003863696
0.0003577807
0
0
0
0
0
0
0
0
0
0
0.0004879913
0.0004642133
0.000439338
0.0004133053
0.0003859714
0
0
0
0
0
0
0
0
0
0
0.000511104
0.0004882878
0.0004644403
0.0004395091
0.0004133612
0
0
0
0
0
0
0
0
0
0
0.0005337186
0.0005118256
0.0004889621
0.0004650817
0.0004400613
0
0
0
0
0
0
0
0
0
0
0.0005559857
0.0005349861
0.0005130722
0.0004902031
0.0004662643
0
0
0
0
0
0
0
0
0
0
0.0005780688
0.0005579411
0.0005369523
0.0005150664
0.0004921768
0
0
0
0
0
0
0
0
0
0
0.0005999408
0.0005806633
0.000560576
0.0005396477
0.0005177789
0
0
0
0
0
0
0
0
0
0
0.0006208242
0.0006023432
0.0005830985
0.0005630624
0.000542142
0
0
0
0
0
0
0
0
0
0
0.0006404222
0.0006226753
0.0006042052
0.0005849873
0.0005649343
0
0
0
0
0
0
0
0
0
0
0.0006586915
0.0006416182
0.0006238574
0.0006053871
0.0005861251
0
0
0
0
0
0
0
0
0
0
0.0006756979
0.0006592427
0.000642132
0.0006243457
0.0006058057
0
0
0
0
0
0
0
0
0
0
0.0002569876
0.0002223512
0.000185826
0.0001480069
0.0001138487
0
0
0
0
0
0
0
0
0
0
0.000288555
0.0002555624
0.0002207114
0.0001839572
0.0001457632
0
0
0
0
0
0
0
0
0
0
0.0003175149
0.0002859884
0.0002527243
0.000217587
0.0001804265
0
0
0
0
0
0
0
0
0
0
0.0003442136
0.0003139944
0.0002821549
0.0002485624
0.0002129869
0
0
0
0
0
0
0
0
0
0
0.0003691183
0.0003400797
0.0003095253
0.0002773355
0.0002432866
0
0
0
0
0
0
0
0
0
0
0.0003929722
0.0003650336
0.0003356726
0.0003047839
0.0002721603
0
0
0
0
0
0
0
0
0
0
0.0004169428
0.0003900873
0.0003618997
0.0003322887
0.0003010654
0
0
0
0
0
0
0
0
0
0
0.0004409496
0.0004151565
0.0003881162
0.0003597497
0.0003298856
0
0
0
0
0
0
0
0
0
0
0.0004647006
0.0004399357
0.0004140019
0.0003868306
0.0003582651
0
0
0
0
0
0
0
0
0
0
0.0004879913
0.0004642133
0.000439338
0.0004133053
0.0003859714
0
0
0
0
0
0
0
0
0
0
0.0005107396
0.0004879065
0.0004640413
0.0004390911
0.0004129232
0
0
0
0
0
0
0
0
0
0
0.0005329498
0.0005110221
0.000488122
0.0004642029
0.0004391415
0
0
0
0
0
0
0
0
0
0
0.0005546955
0.0005336394
0.0005116656
0.0004887332
0.0004647272
0
0
0
0
0
0
0
0
0
0
0.0005761202
0.0005559091
0.0005348315
0.0005128513
0.000489861
0
0
0
0
0
0
0
0
0
0
0.0005973802
0.0005779953
0.0005577927
0.0005367406
0.0005147382
0
0
0
0
0
0
0
0
0
0
0.0006184492
0.0005998715
0.0005805236
0.0005603773
0.0005393388
0
0
0
0
0
0
0
0
0
0
0.0006385784
0.0006207584
0.0006022107
0.0005829103
0.0005627693
0
0
0
0
0
0
0
0
0
0
0.0006574794
0.0006403591
0.0006225485
0.0006040254
0.0005847071
0
0
0
0
0
0
0
0
0
0
0.0006751084
0.0006586307
0.0006414963
0.0006236848
0.0006051182
0
0
0
0
0
0
0
0
0
0
0.0006915263
0.0006756391
0.0006591251
0.0006419658
0.0006240865
0
0
0
0
0
0
0
0
0
0
0.0002897913
0.0002568737
0.0002221105
0.0001854677
0.0001474578
0
0
0
0
0
0
0
0
0
0
0.0003198394
0.0002884462
0.0002553332
0.0002203726
0.0001834364
0
0
0
0
0
0
0
0
0
0
0.0003474522
0.0003174102
0.0002857687
0.0002524013
0.0002170893
0
0
0
0
0
0
0
0
0
0
0.0003729482
0.000344112
0.0003137824
0.0002818446
0.0002480834
0
0
0
0
0
0
0
0
0
0
0.0003967628
0.0003690189
0.0003398731
0.000309224
0.0002768702
0
0
0
0
0
0
0
0
0
0
0.0004195969
0.0003928739
0.0003648305
0.0003353771
0.000304328
0
0
0
0
0
0
0
0
0
0
0.0004425623
0.0004168476
0.0003898917
0.0003616162
0.000331851
0
0
0
0
0
0
0
0
0
0
0.0004655809
0.0004408581
0.0004149692
0.0003878459
0.0003593321
0
0
0
0
0
0
0
0
0
0
0.0004883726
0.0004646126
0.0004397564
0.000413744
0.0003864316
0
0
0
0
0
0
0
0
0
0
0.0005107396
0.0004879065
0.0004640413
0.0004390911
0.0004129232
0
0
0
0
0
0
0
0
0
0
0.0005326013
0.0005106578
0.000487741
0.0004638043
0.0004387242
0
0
0
0
0
0
0
0
0
0
0.0005539595
0.0005328707
0.0005108625
0.0004878939
0.0004638496
0
0
0
0
0
0
0
0
0
0
0.0005748836
0.000554619
0.0005334851
0.0005114455
0.0004883923
0
0
0
0
0
0
0
0
0
0
0.00059551
0.0005760462
0.00055576
0.000534619
0.000512522
0
0
0
0
0
0
0
0
0
0
0.0006159884
0.000597309
0.0005778521
0.0005575889
0.0005364244
0
0
0
0
0
0
0
0
0
0
0.0006362938
0.0006183821
0.0005997367
0.0005803321
0.0005600795
0
0
0
0
0
0
0
0
0
0
0.0006557044
0.0006385146
0.0006206303
0.0006020291
0.0005826276
0
0
0
0
0
0
0
0
0
0
0.0006739408
0.0006574183
0.0006402365
0.0006223749
0.000603755
0
0
0
0
0
0
0
0
0
0
0.0006909582
0.0006750495
0.0006585128
0.0006413297
0.0006234251
0
0
0
0
0
0
0
0
0
0
0.0007068134
0.0006914694
0.0006755254
0.0006589645
0.0006417155
0
0
0
0
0
0
0
0
0
0
0.0003210095
0.0002896828
0.0002566453
0.0002217729
0.0001849486
0
0
0
0
0
0
0
0
0
0
0.0003496575
0.0003197354
0.000288228
0.0002550125
0.0002198783
0
0
0
0
0
0
0
0
0
0
0.000376027
0.0003473519
0.0003172005
0.0002854621
0.0002519276
0
0
0
0
0
0
0
0
0
0
0.0004004092
0.0003728509
0.0003439094
0.0003134871
0.0002813878
0
0
0
0
0
0
0
0
0
0
0.0004232107
0.0003966674
0.0003688212
0.0003395858
0.0003087797
0
0
0
0
0
0
0
0
0
0
0.0004450943
0.0004195024
0.0003926793
0.0003645483
0.0003349412
0
0
0
0
0
0
0
0
0
0
0.0004671204
0.0004424707
0.0004166599
0.0003896205
0.0003611973
0
0
0
0
0
0
0
0
0
0
0.0004892133
0.0004654927
0.0004406783
0.0004147104
0.0003874457
0
0
0
0
0
0
0
0
0
0
0.000511104
0.0004882878
0.0004644403
0.0004395091
0.0004133612
0
0
0
0
0
0
0
0
0
0
0.0005326013
0.0005106578
0.000487741
0.0004638043
0.0004387242
0
0
0
0
0
0
0
0
0
0
0.0005536261
0.0005325223
0.0005104985
0.0004875133
0.0004634516
0
0
0
0
0
0
0
0
0
0
0.0005741786
0.0005538832
0.0005327169
0.0005106432
0.0004875541
0
0
0
0
0
0
0
0
0
0
0.000594324
0.0005748096
0.0005544703
0.0005332733
0.0005111173
0
0
0
0
0
0
0
0
0
0
0.0006141926
0.0005954384
0.0005759024
0.0005555553
0.0005343018
0
0
0
0
0
0
0
0
0
0
0.0006339277
0.0006159195
0.0005971708
0.0005776556
0.0005572841
0
0
0
0
0
0
0
0
0
0
0.0006535058
0.0006362289
0.0006182519
0.0005995519
0.0005800449
0
0
0
0
0
0
0
0
0
0
0.0006722311
0.0006556426
0.0006383908
0.0006204551
0.0006017563
0
0
0
0
0
0
0
0
0
0
0.0006898328
0.0006738815
0.0006572998
0.000640069
0.0006221139
0
0
0
0
0
0
0
0
0
0
0.0007062655
0.000690901
0.0006749355
0.0006583519
0.0006410788
0
0
0
0
0
0
0
0
0
0
0.0007215812
0.0007067582
0.0006913593
0.0006753702
0.0006587226
0
0
0
0
0
0
0
0
0
0
0.0003507679
0.0003209058
0.0002894653
0.0002563257
0.0002212802
0
0
0
0
0
0
0
0
0
0
0.000378124
0.000349558
0.0003195272
0.0002879234
0.0002545419
0
0
0
0
0
0
0
0
0
0
0.0004033415
0.0003759308
0.0003471515
0.0003169086
0.0002850102
0
0
0
0
0
0
0
0
0
0
0.0004266879
0.0004003157
0.0003726569
0.0003436277
0.0003130506
0
0
0
0
0
0
0
0
0
0
0.0004485442
0.0004231189
0.0003964779
0.0003685468
0.0003391608
0
0
0
0
0
0
0
0
0
0
0.0004695388
0.0004450034
0.0004193157
0.0003924094
0.000364131
0
0
0
0
0
0
0
0
0
0
0.0004906845
0.0004670322
0.0004422905
0.0004164003
0.000389219
0
0
0
0
0
0
0
0
0
0
0.0005119076
0.0004891283
0.0004653199
0.0004404301
0.0004143264
0
0
0
0
0
0
0
0
0
0
0.0005329498
0.0005110221
0.000488122
0.0004642029
0.0004391415
0
0
0
0
0
0
0
0
0
0
0.0005536261
0.0005325223
0.0005104985
0.0004875133
0.0004634516
0
0
0
0
0
0
0
0
0
0
0.0005738593
0.0005535498
0.0005323688
0.0005102795
0.000487174
0
0
0
0
0
0
0
0
0
0
0.0005936483
0.0005741048
0.0005537349
0.0005325058
0.0005103161
0
0
0
0
0
0
0
0
0
0
0.0006130545
0.0005942524
0.0005746662
0.0005542663
0.0005329572
0
0
0
0
0
0
0
0
0
0
0.0006322023
0.0006141232
0.0005952996
0.0005757051
0.0005552497
0
0
0
0
0
0
0
0
0
0
0.0006512297
0.000633861
0.000615786
0.0005969813
0.0005773617
0
0
0
0
0
0
0
0
0
0
0.0006701143
0.0006534428
0.0006361029
0.0006180736
0.0005992748
0
0
0
0
0
0
0
0
0
0
0.0006881854
0.0006721712
0.0006555229
0.0006382216
0.0006201917
0
0
0
0
0
0
0
0
0
0
0.0007051804
0.0006897753
0.0006737669
0.0006571379
0.0006398168
0
0
0
0
0
0
0
0
0
0
0.0007210526
0.0007062101
0.0006907907
0.0006747799
0.0006581094
0
0
0
0
0
0
0
0
0
0
0.0007358499
0.0007215275
0.0007066516
0.0006912092
0.0006751363
0
0
0
0
0
0
0
0
0
0
0.00037918
0.0003506687
0.0003206982
0.0002891618
0.0002558566
0
0
0
0
0
0
0
0
0
0
0.0004053391
0.0003780285
0.0003493589
0.0003192372
0.0002874744
0
0
0
0
0
0
0
0
0
0
0.0004294851
0.0004032491
0.0003757389
0.000346873
0.0003164767
0
0
0
0
0
0
0
0
0
0
0.0004518647
0.000426598
0.0004001297
0.0003723876
0.0003432101
0
0
0
0
0
0
0
0
0
0
0.0004728361
0.0004484559
0.0004229371
0.0003962153
0.0003681397
0
0
0
0
0
0
0
0
0
0
0.0004929967
0.0004694512
0.0004448241
0.0004190572
0.0003920094
0
0
0
0
0
0
0
0
0
0
0.0005133147
0.0004905994
0.0004668589
0.0004420415
0.000416015
0
0
0
0
0
0
0
0
0
0
0.0005337186
0.0005118256
0.0004889621
0.0004650817
0.0004400613
0
0
0
0
0
0
0
0
0
0
0.0005539595
0.0005328707
0.0005108625
0.0004878939
0.0004638496
0
0
0
0
0
0
0
0
0
0
0.0005738593
0.0005535498
0.0005323688
0.0005102795
0.000487174
0
0
0
0
0
0
0
0
0
0
0.0005933424
0.0005737855
0.0005534017
0.000532158
0.0005099529
0
0
0
0
0
0
0
0
0
0
0.0006124066
0.0005935769
0.0005739617
0.0005535316
0.0005321907
0
0
0
0
0
0
0
0
0
0
0.0006311097
0.0006129852
0.000594114
0.0005744696
0.0005539617
0
0
0
0
0
0
0
0
0
0
0.0006495712
0.0006321352
0.0006139891
0.0005951094
0.0005754104
0
0
0
0
0
0
0
0
0
0
0.0006679238
0.000651165
0.000633732
0.0006156032
0.0005966977
0
0
0
0
0
0
0
0
0
0
0.0006861464
0.0006700532
0.0006533211
0.0006359308
0.000617806
0
0
0
0
0
0
0
0
0
0
0.0007035923
0.0006881273
0.0006720554
0.0006553594
0.0006379672
0
0
0
0
0
0
0
0
0
0
0.0007200059
0.0007051246
0.0006896644
0.0006736104
0.0006568943
0
0
0
0
0
0
0
0
0
0
0.0007353398
0.0007209988
0.0007061032
0.0006906402
0.0006745455
0
0
0
0
0
0
0
0
0
0
0.0007496379
0.0007357979
0.0007214243
0.0007065064
0.0006909831
0
0
0
0
0
0
0
0
0
0
0.0004063453
0.0003790848
0.0003504701
0.0003204091
0.0002887141
0
0
0
0
0
0
0
0
0
0
0.000431391
0.0004052473
0.0003778378
0.0003490821
0.000318808
0
0
0
0
0
0
0
0
0
0
0.0004545367
0.0004293962
0.0004030651
0.0003754727
0.0003464596
0
0
0
0
0
0
0
0
0
0
0.0004760107
0.0004517781
0.0004264195
0.000399872
0.0003719875
0
0
0
0
0
0
0
0
0
0
0.0004961515
0.000472751
0.0004482812
0.0004226855
0.0003958249
0
0
0
0
0
0
0
0
0
0
0.0005155275
0.0004929123
0.0004692788
0.0004445762
0.0004186733
0
0
0
0
0
0
0
0
0
0
0.0005350654
0.0005132326
0.0004904327
0.0004666199
0.0004416715
0
0
0
0
0
0
0
0
0
0
0.0005546955
0.0005336394
0.0005116656
0.0004887332
0.0004647272
0
0
0
0
0
0
0
0
0
0
0.0005741786
0.0005538832
0.0005327169
0.0005106432
0.0004875541
0
0
0
0
0
0
0
0
0
0
0.0005933424
0.0005737855
0.0005534017
0.000532158
0.0005099529
0
0
0
0
0
0
0
0
0
0
0.0006121134
0.0005932711
0.0005736427
0.0005531988
0.0005318435
0
0
0
0
0
0
0
0
0
0
0.0006304881
0.0006123374
0.0005934388
0.0005737658
0.0005532279
0
0
0
0
0
0
0
0
0
0
0.0006485218
0.0006310426
0.0006128514
0.0005939244
0.0005741758
0
0
0
0
0
0
0
0
0
0
0.0006663291
0.0006495062
0.0006320056
0.0006138056
0.000594825
0
0
0
0
0
0
0
0
0
0
0.0006840374
0.0006678611
0.0006510403
0.0006335555
0.0006153295
0
0
0
0
0
0
0
0
0
0
0.0007016275
0.0006860872
0.0006699355
0.0006531548
0.0006356724
0
0
0
0
0
0
0
0
0
0
0.0007184744
0.0007035359
0.0006880152
0.0006718975
0.0006551136
0
0
0
0
0
0
0
0
0
0
0.0007343298
0.0007199518
0.0007050172
0.0006895131
0.0006733749
0
0
0
0
0
0
0
0
0
0
0.0007491453
0.0007352875
0.0007208953
0.0007059577
0.0006904136
0
0
0
0
0
0
0
0
0
0
0.0007629611
0.0007495873
0.0007356978
0.0007212838
0.0007062877
0
0
0
0
0
0
0
0
0
0
0.0004323513
0.0004062538
0.0003788947
0.0003501942
0.0003199811
0
0
0
0
0
0
0
0
0
0
0.0004563576
0.0004313028
0.0004050644
0.0003775732
0.0003486712
0
0
0
0
0
0
0
0
0
0
0.0004785661
0.0004544511
0.0004292196
0.0004028102
0.0003750766
0
0
0
0
0
0
0
0
0
0
0.0004991898
0.0004759273
0.0004516065
0.0004261725
0.0003994883
0
0
0
0
0
0
0
0
0
0
0.0005185488
0.0004960694
0.000472583
0.0004480398
0.0004223108
0
0
0
0
0
0
0
0
0
0
0.0005371849
0.000515446
0.0004927464
0.0004690409
0.0004442075
0
0
0
0
0
0
0
0
0
0
0.0005559857
0.0005349861
0.0005130722
0.0004902031
0.0004662643
0
0
0
0
0
0
0
0
0
0
0.0005748836
0.000554619
0.0005334851
0.0005114455
0.0004883923
0
0
0
0
0
0
0
0
0
0
0.0005936483
0.0005741048
0.0005537349
0.0005325058
0.0005103161
0
0
0
0
0
0
0
0
0
0
0.0006121134
0.0005932711
0.0005736427
0.0005531988
0.0005318435
0
0
0
0
0
0
0
0
0
0
0.000630207
0.0006120443
0.0005931332
0.0005734471
0.0005528956
0
0
0
0
0
0
0
0
0
0
0.0006479253
0.0006304212
0.000612204
0.0005932498
0.000573473
0
0
0
0
0
0
0
0
0
0
0.0006653208
0.0006484568
0.0006309134
0.0006126685
0.000593641
0
0
0
0
0
0
0
0
0
0
0.0006825033
0.000666266
0.0006493809
0.0006318284
0.0006135311
0
0
0
0
0
0
0
0
0
0
0.0006995961
0.0006839767
0.0006677405
0.0006508698
0.0006332912
0
0
0
0
0
0
0
0
0
0
0.0007165802
0.00070157
0.0006859732
0.0006697748
0.0006529051
0
0
0
0
0
0
0
0
0
0
0.0007328523
0.0007184196
0.0007034274
0.0006878625
0.0006716598
0
0
0
0
0
0
0
0
0
0
0.0007481704
0.0007342772
0.0007198477
0.0007048709
0.0006892853
0
0
0
0
0
0
0
0
0
0
0.0007624855
0.0007490946
0.0007351873
0.0007207545
0.0007057384
0
0
0
0
0
0
0
0
0
0
0.0007758316
0.000762912
0.0007494904
0.0007355619
0.0007210722
0
0
0
0
0
0
0
0
0
0
0.0004572752
0.0004322633
0.0004060715
0.0003786308
0.0003497845
0
0
0
0
0
0
0
0
0
0
0.000480308
0.0004562726
0.0004311272
0.0004048111
0.0003771794
0
0
0
0
0
0
0
0
0
0
0.0005016363
0.0004784836
0.0004542813
0.0004289753
0.0004024302
0
0
0
0
0
0
0
0
0
0
0.0005214594
0.0004991093
0.0004757623
0.0004513696
0.0004258041
0
0
0
0
0
0
0
0
0
0
0.0005400806
0.0005184695
0.0004959078
0.0004723513
0.0004476799
0
0
0
0
0
0
0
0
0
0
0.0005580172
0.0005371061
0.0005152863
0.0004925177
0.0004686864
0
0
0
0
0
0
0
0
0
0
0.0005761202
0.0005559091
0.0005348315
0.0005128513
0.000489861
0
0
0
0
0
0
0
0
0
0
0.000594324
0.0005748096
0.0005544703
0.0005332733
0.0005111173
0
0
0
0
0
0
0
0
0
0
0.0006124066
0.0005935769
0.0005739617
0.0005535316
0.0005321907
0
0
0
0
0
0
0
0
0
0
0.000630207
0.0006120443
0.0005931332
0.0005734471
0.0005528956
0
0
0
0
0
0
0
0
0
0
0.0006476556
0.0006301401
0.0006119111
0.0005929446
0.0005731548
0
0
0
0
0
0
0
0
0
0
0.0006647481
0.0006478604
0.0006302923
0.0006120217
0.0005929673
0
0
0
0
0
0
0
0
0
0
0.0006815342
0.0006652578
0.0006483319
0.0006307368
0.0006123949
0
0
0
0
0
0
0
0
0
0
0.0006981198
0.0006824422
0.0006661448
0.0006492098
0.0006315633
0
0
0
0
0
0
0
0
0
0
0.000714623
0.0006995372
0.0006838599
0.0006675757
0.0006506144
0
0
0
0
0
0
0
0
0
0
0.0007310256
0.0007165245
0.0007014597
0.0006858179
0.0006695334
0
0
0
0
0
0
0
0
0
0
0.0007467446
0.0007327991
0.0007183146
0.0007032797
0.0006876327
0
0
0
0
0
0
0
0
0
0
0.000761544
0.0007481194
0.0007341764
0.0007197061
0.0007046506
0
0
0
0
0
0
0
0
0
0
0.000775372
0.0007624362
0.0007489975
0.000735051
0.0007205423
0
0
0
0
0
0
0
0
0
0.0007882563
0.0007757838
0.000762818
0.0007493587
0.000735357
0
0
0
0
0
0
0
0
0
0
0.0004811858
0.0004571904
0.0004320882
0.0004058189
0.0003782382
0
0
0
0
0
0
0
0
0
0
0.0005033042
0.000480226
0.0004561038
0.0004308843
0.0004044333
0
0
0
0
0
0
0
0
0
0
0.0005238038
0.0005015567
0.0004783203
0.0004540468
0.0004286104
0
0
0
0
0
0
0
0
0
0
0.0005428712
0.0005213817
0.0004989505
0.0004755347
0.0004510156
0
0
0
0
0
0
0
0
0
0
0.0005607948
0.000540004
0.0005183138
0.000495685
0.0004720052
0
0
0
0
0
0
0
0
0
0
0.0005780688
0.0005579411
0.0005369523
0.0005150664
0.0004921768
0
0
0
0
0
0
0
0
0
0
0.00059551
0.0005760462
0.00055576
0.000534619
0.000512522
0
0
0
0
0
0
0
0
0
0
0.0006130545
0.0005942524
0.0005746662
0.0005542663
0.0005329572
0
0
0
0
0
0
0
0
0
0
0.0006304881
0.0006123374
0.0005934388
0.0005737658
0.0005532279
0
0
0
0
0
0
0
0
0
0
0.0006476556
0.0006301401
0.0006119111
0.0005929446
0.0005731548
0
0
0
0
0
0
0
0
0
0
0.0006644893
0.0006475908
0.0006300114
0.0006117291
0.0005926625
0
0
0
0
0
0
0
0
0
0
0.0006809843
0.0006646852
0.0006477358
0.0006301163
0.000611749
0
0
0
0
0
0
0
0
0
0
0.000697188
0.0006814731
0.0006651369
0.0006481613
0.0006304726
0
0
0
0
0
0
0
0
0
0
0.0007132017
0.0006980604
0.0006823249
0.0006659795
0.0006489537
0
0
0
0
0
0
0
0
0
0
0.0007291391
0.0007145658
0.0006994242
0.0006837007
0.0006673289
0
0
0
0
0
0
0
0
0
0
0.0007449825
0.0007309715
0.0007164176
0.0007013094
0.0006855845
0
0
0
0
0
0
0
0
0
0
0.0007601676
0.000746693
0.0007326973
0.0007181716
0.0007030574
0
0
0
0
0
0
0
0
0
0
0.0007744627
0.0007614945
0.0007480217
0.0007340394
0.0007194929
0
0
0
0
0
0
0
0
0
0.0007878123
0.0007753241
0.000762342
0.0007488655
0.0007348456
0
0
0
0
0
0
0
0
0.0008002347
0.0007882099
0.0007756927
0.0007626905
0.0007491603
0
0
0
0
0
0
0
0
0
0
0.000504145
0.0004811041
0.0004570221
0.000431846
0.0004054421
0
0
0
0
0
0
0
0
0
0
0.0005254024
0.0005032251
0.0004800636
0.0004558707
0.0004305215
0
0
0
0
0
0
0
0
0
0
0.0005451198
0.0005237269
0.0005013995
0.0004780951
0.0004536962
0
0
0
0
0
0
0
0
0
0
0.0005634725
0.0005427962
0.0005212287
0.0004987317
0.0004751942
0
0
0
0
0
0
0
0
0
0
0.0005807349
0.0005607208
0.000539854
0.0005180995
0.000495352
0
0
0
0
0
0
0
0
0
0
0.0005973802
0.0005779953
0.0005577927
0.0005367406
0.0005147382
0
0
0
0
0
0
0
0
0
0
0.0006141926
0.0005954384
0.0005759024
0.0005555553
0.0005343018
0
0
0
0
0
0
0
0
0
0
0.0006311097
0.0006129852
0.000594114
0.0005744696
0.0005539617
0
0
0
0
0
0
0
0
0
0
0.0006479253
0.0006304212
0.000612204
0.0005932498
0.000573473
0
0
0
0
0
0
0
0
0
0
0.0006644893
0.0006475908
0.0006300114
0.0006117291
0.0005926625
0
0
0
0
0
0
0
0
0
0
0.0006807359
0.0006644265
0.0006474663
0.0006298357
0.0006114568
0
0
0
0
0
0
0
0
0
0
0.0006966597
0.0006809232
0.0006645646
0.0006475658
0.0006298529
0
0
0
0
0
0
0
0
0
0
0.0007123056
0.0006971287
0.0006813561
0.0006649721
0.0006479061
0
0
0
0
0
0
0
0
0
0
0.0007277705
0.0007131441
0.0006979469
0.0006821651
0.0006657319
0
0
0
0
0
0
0
0
0
0
0.0007431636
0.0007290836
0.0007144563
0.0006992701
0.000683462
0
0
0
0
0
0
0
0
0
0
0.0007584672
0.0007449299
0.000730868
0.0007162722
0.0007010837
0
0
0
0
0
0
0
0
0
0
0.0007731335
0.0007601174
0.0007465943
0.000732559
0.0007179565
0
0
0
0
0
0
0
0
0
0.0007869338
0.0007744145
0.0007613997
0.000747889
0.000733833
0
0
0
0
0
0
0
0
0.0007998055
0.0007877657
0.0007752328
0.0007622141
0.0007486666
0
0
0
0
0
0
0
0.0008117548
0.0008001895
0.0007881215
0.0007755691
0.0007624982
0
0
0
0
0
0
0
0
0
0
0.0005262084
0.0005040661
0.0004809422
0.0004567897
0.0004314841
0
0
0
0
0
0
0
0
0
0
0.0005466533
0.000525326
0.0005030688
0.0004798397
0.000455522
0
0
0
0
0
0
0
0
0
0
0.0005656307
0.0005450455
0.0005235755
0.000501183
0.0004777579
0
0
0
0
0
0
0
0
0
0
0.000583306
0.0005633999
0.0005426487
0.0005210182
0.0004984041
0
0
0
0
0
0
0
0
0
0
0.0005999408
0.0005806633
0.000560576
0.0005396477
0.0005177789
0
0
0
0
0
0
0
0
0
0
0.0006159884
0.000597309
0.0005778521
0.0005575889
0.0005364244
0
0
0
0
0
0
0
0
0
0
0.0006322023
0.0006141232
0.0005952996
0.0005757051
0.0005552497
0
0
0
0
0
0
0
0
0
0
0.0006485218
0.0006310426
0.0006128514
0.0005939244
0.0005741758
0
0
0
0
0
0
0
0
0
0
0.0006647481
0.0006478604
0.0006302923
0.0006120217
0.0005929673
0
0
0
0
0
0
0
0
0
0
0.0006807359
0.0006644265
0.0006474663
0.0006298357
0.0006114568
0
0
0
0
0
0
0
0
0
0
0.0006964212
0.0006806749
0.0006643061
0.0006472966
0.0006295728
0
0
0
0
0
0
0
0
0
0
0.0007117978
0.0006966004
0.0006808066
0.0006644004
0.0006473114
0
0
0
0
0
0
0
0
0
0
0.0007269084
0.000712248
0.0006970155
0.0006811968
0.0006647254
0
0
0
0
0
0
0
0
0
0
0.0007418453
0.0007277146
0.0007130342
0.0006977923
0.0006819258
0
0
0
0
0
0
0
0
0
0
0.000756713
0.0007431096
0.0007289776
0.0007143073
0.0006990393
0
0
0
0
0
0
0
0
0
0
0.0007714923
0.0007584161
0.0007448296
0.0007307272
0.0007160537
0
0
0
0
0
0
0
0
0
0.00078565
0.0007730848
0.0007600218
0.0007464603
0.0007323507
0
0
0
0
0
0
0
0
0.0007989567
0.000786887
0.0007743227
0.0007612712
0.0007476891
0
0
0
0
0
0
0
0.0008113401
0.0007997603
0.0007876771
0.0007751089
0.0007620214
0
0
0
0
0
0
0.0008227852
0.0008117109
0.0008001037
0.0007880017
0.0007753828
0
0
0
0
0
0
0
0
0
0
0.0005474266
0.0005261322
0.0005039102
0.0004807189
0.0004564419
0
0
0
0
0
0
0
0
0
0
0.0005671029
0.0005465795
0.0005251754
0.0005028535
0.0004795043
0
0
0
0
0
0
0
0
0
0
0.000585379
0.0005655589
0.0005448995
0.0005233671
0.0005008584
0
0
0
0
0
0
0
0
0
0
0.0006024112
0.0005832358
0.0005632576
0.000542446
0.0005207027
0
0
0
0
0
0
0
0
0
0
0.0006184492
0.0005998715
0.0005805236
0.0005603773
0.0005393388
0
0
0
0
0
0
0
0
0
0
0.0006339277
0.0006159195
0.0005971708
0.0005776556
0.0005572841
0
0
0
0
0
0
0
0
0
0
0.0006495712
0.0006321352
0.0006139891
0.0005951094
0.0005754104
0
0
0
0
0
0
0
0
0
0
0.0006653208
0.0006484568
0.0006309134
0.0006126685
0.000593641
0
0
0
0
0
0
0
0
0
0
0.0006809843
0.0006646852
0.0006477358
0.0006301163
0.000611749
0
0
0
0
0
0
0
0
0
0
0.0006964212
0.0006806749
0.0006643061
0.0006472966
0.0006295728
0
0
0
0
0
0
0
0
0
0
0.0007115688
0.000696362
0.0006805584
0.0006641421
0.0006470426
0
0
0
0
0
0
0
0
0
0
0.0007264204
0.0007117404
0.0006964875
0.0006806478
0.0006641544
0
0
0
0
0
0
0
0
0
0
0.0007410157
0.0007268524
0.0007121383
0.0006968614
0.0006809583
0
0
0
0
0
0
0
0
0
0
0.0007554428
0.000741791
0.0007276081
0.0007128846
0.0006975609
0
0
0
0
0
0
0
0
0
0
0.0007698001
0.0007566606
0.0007430069
0.0007288333
0.0007140839
0
0
0
0
0
0
0
0
0
0.0007840655
0.0007714426
0.0007583188
0.0007446933
0.0007305158
0
0
0
0
0
0
0
0
0.0007977165
0.0007856026
0.000772992
0.000759892
0.0007462586
0
0
0
0
0
0
0
0.0008105198
0.0007989111
0.0007867978
0.0007741981
0.0007610776
0
0
0
0
0
0
0.0008223844
0.000811296
0.0007996742
0.000787557
0.0007749222
0
0
0
0
0
0.0008332665
0.0008227425
0.0008116276
0.0007999875
0.0007878211
0
0
0
0
0
0
0
0
0
0
0.0005678454
0.000547353
0.000525982
0.0005036955
0.0004803843
0
0
0
0
0
0
0
0
0
0
0.0005867934
0.0005670315
0.0005464343
0.0005249683
0.0005025307
0
0
0
0
0
0
0
0
0
0
0.0006044037
0.0005853096
0.0005654181
0.0005446989
0.0005230545
0
0
0
0
0
0
0
0
0
0
0.0006208242
0.0006023432
0.0005830985
0.0005630624
0.000542142
0
0
0
0
0
0
0
0
0
0
0.0006362938
0.0006183821
0.0005997367
0.0005803321
0.0005600795
0
0
0
0
0
0
0
0
0
0
0.0006512297
0.000633861
0.000615786
0.0005969813
0.0005773617
0
0
0
0
0
0
0
0
0
0
0.0006663291
0.0006495062
0.0006320056
0.0006138056
0.000594825
0
0
0
0
0
0
0
0
0
0
0.0006815342
0.0006652578
0.0006483319
0.0006307368
0.0006123949
0
0
0
0
0
0
0
0
0
0
0.0006966597
0.0006809232
0.0006645646
0.0006475658
0.0006298529
0
0
0
0
0
0
0
0
0
0
0.0007115688
0.000696362
0.0006805584
0.0006641421
0.0006470426
0
0
0
0
0
0
0
0
0
0
0.0007262004
0.0007115114
0.0006962493
0.0006803999
0.0006638966
0
0
0
0
0
0
0
0
0
0
0.0007405465
0.0007263645
0.000711631
0.0006963339
0.00068041
0
0
0
0
0
0
0
0
0
0
0.0007546443
0.0007409613
0.0007267462
0.0007119892
0.0006966307
0
0
0
0
0
0
0
0
0
0
0.0007685759
0.00075539
0.0007416877
0.0007274633
0.0007126606
0
0
0
0
0
0
0
0
0
0.0007824326
0.0007697491
0.000756561
0.0007428672
0.0007286171
0
0
0
0
0
0
0
0
0.0007961865
0.0007840172
0.0007713483
0.0007581868
0.0007444885
0
0
0
0
0
0
0
0.0008093217
0.0007976704
0.0007855126
0.0007728662
0.0007596966
0
0
0
0
0
0
0.0008215919
0.0008104755
0.0007988246
0.000786677
0.0007740105
0
0
0
0
0
0.0008328794
0.0008223415
0.0008112125
0.0007995577
0.000787376
0
0
0
0
0.0008430864
0.0008332248
0.0008226615
0.0008115148
0.0007998124
0
0
0
0
0
0
0
0
0
0
0.0005875068
0.0005677742
0.0005472082
0.0005257754
0.0005033735
0
0
0
0
0
0
0
0
0
0
0.0006057633
0.0005867243
0.0005668915
0.0005462348
0.0005246573
0
0
0
0
0
0
0
0
0
0
0.0006227404
0.0006043364
0.0005851736
0.0005652248
0.0005443977
0
0
0
0
0
0
0
0
0
0
0.0006385784
0.0006207584
0.0006022107
0.0005829103
0.0005627693
0
0
0
0
0
0
0
0
0
0
0.0006535058
0.0006362289
0.0006182519
0.0005995519
0.0005800449
0
0
0
0
0
0
0
0
0
0
0.0006679238
0.000651165
0.000633732
0.0006156032
0.0005966977
0
0
0
0
0
0
0
0
0
0
0.0006825033
0.000666266
0.0006493809
0.0006318284
0.0006135311
0
0
0
0
0
0
0
0
0
0
0.000697188
0.0006814731
0.0006651369
0.0006481613
0.0006304726
0
0
0
0
0
0
0
0
0
0
0.0007117978
0.0006966004
0.0006808066
0.0006644004
0.0006473114
0
0
0
0
0
0
0
0
0
0
0.0007262004
0.0007115114
0.0006962493
0.0006803999
0.0006638966
0
0
0
0
0
0
0
0
0
0
0.0007403352
0.0007261446
0.0007114022
0.0006960959
0.0006801625
0
0
0
0
0
0
0
0
0
0
0.0007541933
0.0007404923
0.0007262586
0.0007114823
0.0006961039
0
0
0
0
0
0
0
0
0
0
0.0007678072
0.0007545915
0.0007408584
0.0007266019
0.000711766
0
0
0
0
0
0
0
0
0
0.0007812528
0.0007685246
0.00075529
0.0007415475
0.0007272465
0
0
0
0
0
0
0
0
0.0007946108
0.0007823831
0.0007696525
0.0007564256
0.0007426579
0
0
0
0
0
0
0
0.0008078444
0.0007961395
0.0007839256
0.0007712203
0.0007579884
0
0
0
0
0
0
0.0008204348
0.0008092769
0.000797583
0.0007853906
0.0007726769
0
0
0
0
0
0.0008321141
0.0008215488
0.0008103915
0.0007987075
0.0007864952
0
0
0
0
0.0008427129
0.0008328376
0.0008222604
0.0008110994
0.0007993822
0
0
0
0.000852058
0.0008430457
0.0008331461
0.000822552
0.0008113449
0
0
0
0
0
0
0
0
0
0
0.0006064492
0.000587438
0.0005676345
0.0005470092
0.0005254652
0
0
0
0
0
0
0
0
0
0
0.0006240482
0.0006056965
0.0005865892
0.0005666992
0.0005459351
0
0
0
0
0
0
0
0
0
0
0.0006404222
0.0006226753
0.0006042052
0.0005849873
0.0005649343
0
0
0
0
0
0
0
0
0
0
0.0006557044
0.0006385146
0.0006206303
0.0006020291
0.0005826276
0
0
0
0
0
0
0
0
0
0
0.0006701143
0.0006534428
0.0006361029
0.0006180736
0.0005992748
0
0
0
0
0
0
0
0
0
0
0.0006840374
0.0006678611
0.0006510403
0.0006335555
0.0006153295
0
0
0
0
0
0
0
0
0
0
0.0006981198
0.0006824422
0.0006661448
0.0006492098
0.0006315633
0
0
0
0
0
0
0
0
0
0
0.0007123056
0.0006971287
0.0006813561
0.0006649721
0.0006479061
0
0
0
0
0
0
0
0
0
0
0.0007264204
0.0007117404
0.0006964875
0.0006806478
0.0006641544
0
0
0
0
0
0
0
0
0
0
0.0007403352
0.0007261446
0.0007114022
0.0006960959
0.0006801625
0
0
0
0
0
0
0
0
0
0
0.0007539902
0.000740281
0.0007260388
0.0007112538
0.0006958663
0
0
0
0
0
0
0
0
0
0
0.0007673735
0.0007541406
0.0007403896
0.0007261147
0.0007112598
0
0
0
0
0
0
0
0
0
0.0007805127
0.0007677559
0.0007544917
0.0007407186
0.0007263858
0
0
0
0
0
0
0
0
0.0007934735
0.0007812029
0.0007684276
0.0007551541
0.0007413376
0
0
0
0
0
0
0
0.0008063239
0.0007945626
0.0007822893
0.0007695213
0.0007562229
0
0
0
0
0
0
0.0008190085
0.0008077987
0.0007960506
0.0007838015
0.0007710281
0
0
0
0
0
0.0008309969
0.0008203911
0.000809192
0.0007974647
0.0007852071
0
0
0
0
0.0008419746
0.000832072
0.0008214671
0.0008102778
0.0007985311
0
0
0
0.0008516983
0.0008426721
0.0008327587
0.0008221506
0.0008109292
0
0
0.0008598551
0.0008520183
0.0008429691
0.0008330397
0.0008223871
0
0
0
0
0
0
0
0
0
0
0.0006247081
0.0006063826
0.0005873031
0.0005674428
0.0005467103
0
0
0
0
0
0
0
0
0
0
0.0006416809
0.0006239835
0.0006055659
0.0005864038
0.0005664103
0
0
0
0
0
0
0
0
0
0
0.0006574794
0.0006403591
0.0006225485
0.0006040254
0.0005847071
0
0
0
0
0
0
0
0
0
0
0.0006722311
0.0006556426
0.0006383908
0.0006204551
0.0006017563
0
0
0
0
0
0
0
0
0
0
0.0006861464
0.0006700532
0.0006533211
0.0006359308
0.000617806
0
0
0
0
0
0
0
0
0
0
0.0006995961
0.0006839767
0.0006677405
0.0006508698
0.0006332912
0
0
0
0
0
0
0
0
0
0
0.0007132017
0.0006980604
0.0006823249
0.0006659795
0.0006489537
0
0
0
0
0
0
0
0
0
0
0.0007269084
0.000712248
0.0006970155
0.0006811968
0.0006647254
0
0
0
0
0
0
0
0
0
0
0.0007405465
0.0007263645
0.000711631
0.0006963339
0.00068041
0
0
0
0
0
0
0
0
0
0
0.0007539902
0.000740281
0.0007260388
0.0007112538
0.0006958663
0
0
0
0
0
0
0
0
0
0
0.0007671784
0.0007539376
0.0007401785
0.0007258952
0.0007110316
0
0
0
0
0
0
0
0
0
0.0007800956
0.0007673223
0.000754041
0.0007402503
0.0007258992
0
0
0
0
0
0
0
0
0.000792761
0.0007804628
0.0007676591
0.0007543563
0.0007405093
0
0
0
0
0
0
0
0.0008052277
0.000793425
0.0007811087
0.0007682959
0.0007549508
0
0
0
0
0
0
0.0008175416
0.000806277
0.0007944716
0.0007821622
0.0007693248
0
0
0
0
0
0.0008296207
0.000818964
0.0008077124
0.0007959303
0.0007836152
0
0
0
0
0.0008408972
0.0008309544
0.0008203086
0.0008090773
0.0007972868
0
0
0
0.0008509875
0.0008419336
0.0008319926
0.0008213568
0.0008101067
0
0
0.00085951
0.0008516585
0.0008425953
0.000832652
0.0008219854
0
0.0008659538
0.0008598163
0.0008519436
0.0008428656
0.0008328795
0
0
0
0
0
0
0
0
0
0
0.0006423161
0.0006246436
0.0006062524
0.0005871182
0.0005671546
0
0
0
0
0
0
0
0
0
0
0.0006586915
0.0006416182
0.0006238574
0.0006053871
0.0005861251
0
0
0
0
0
0
0
0
0
0
0.0006739408
0.0006574183
0.0006402365
0.0006223749
0.000603755
0
0
0
0
0
0
0
0
0
0
0.0006881854
0.0006721712
0.0006555229
0.0006382216
0.0006201917
0
0
0
0
0
0
0
0
0
0
0.0007016275
0.0006860872
0.0006699355
0.0006531548
0.0006356724
0
0
0
0
0
0
0
0
0
0
0.000714623
0.0006995372
0.0006838599
0.0006675757
0.0006506144
0
0
0
0
0
0
0
0
0
0
0.0007277705
0.0007131441
0.0006979469
0.0006821651
0.0006657319
0
0
0
0
0
0
0
0
0
0
0.0007410157
0.0007268524
0.0007121383
0.0006968614
0.0006809583
0
0
0
0
0
0
0
0
0
0
0.0007541933
0.0007404923
0.0007262586
0.0007114823
0.0006961039
0
0
0
0
0
0
0
0
0
0
0.0007671784
0.0007539376
0.0007401785
0.0007258952
0.0007110316
0
0
0
0
0
0
0
0
0
0.0007799081
0.0007671272
0.0007538381
0.0007400394
0.0007256801
0
0
0
0
0
0
0
0
0.00079236
0.0007800458
0.0007672257
0.000753906
0.0007400416
0
0
0
0
0
0
0
0.0008045419
0.0007927125
0.0007803688
0.0007675279
0.0007541536
0
0
0
0
0
0
0.0008164853
0.0008051804
0.0007933336
0.0007809811
0.0007680989
0
0
0
0
0
0.0008282062
0.0008174959
0.0008061886
0.0007943483
0.0007819717
0
0
0
0
0.0008395707
0.0008295773
0.0008188801
0.0008075956
0.0007957496
0
0
0
0.0008499506
0.0008408557
0.0008308742
0.0008201972
0.0008089046
0
0
0.0008588281
0.0008509475
0.0008418563
0.0008318854
0.0008211907
0
0.0008656242
0.000859471
0.0008515836
0.0008424916
0.0008324915
0.0008695089
0.0008659156
0.0008597433
0.0008518428
0.0008427099
0
0
0
0
0
0
0
0
0
0
0.0006593032
0.0006422536
0.0006245178
0.000606074
0.0005868402
0
0
0
0
0
0
0
0
0
0
0.0006751084
0.0006586307
0.0006414963
0.0006236848
0.0006051182
0
0
0
0
0
0
0
0
0
0
0.0006898328
0.0006738815
0.0006572998
0.000640069
0.0006221139
0
0
0
0
0
0
0
0
0
0
0.0007035923
0.0006881273
0.0006720554
0.0006553594
0.0006379672
0
0
0
0
0
0
0
0
0
0
0.0007165802
0.00070157
0.0006859732
0.0006697748
0.0006529051
0
0
0
0
0
0
0
0
0
0
0.0007291391
0.0007145658
0.0006994242
0.0006837007
0.0006673289
0
0
0
0
0
0
0
0
0
0
0.0007418453
0.0007277146
0.0007130342
0.0006977923
0.0006819258
0
0
0
0
0
0
0
0
0
0
0.0007546443
0.0007409613
0.0007267462
0.0007119892
0.0006966307
0
0
0
0
0
0
0
0
0
0
0.0007673735
0.0007541406
0.0007403896
0.0007261147
0.0007112598
0
0
0
0
0
0
0
0
0
0.0007799081
0.0007671272
0.0007538381
0.0007400394
0.0007256801
0
0
0
0
0
0
0
0
0.0007921798
0.0007798583
0.0007670307
0.0007537033
0.0007398311
0
0
0
0
0
0
0
0.0008041563
0.0007923115
0.000779952
0.0007670948
0.0007537039
0
0
0
0
0
0
0.0008158254
0.0008044946
0.0007926213
0.0007802416
0.0007673314
0
0
0
0
0
0.0008271891
0.0008164393
0.0008050917
0.0007932098
0.0007807901
0
0
0
0
0.0008382084
0.0008281617
0.00081741
0.000806069
0.0007941636
0
0
0
0.0008486746
0.0008395284
0.0008294958
0.0008187668
0.0008074203
0
0
0.0008578336
0.0008499101
0.0008407777
0.0008307659
0.0008200296
0
0.0008649733
0.0008587889
0.0008508721
0.000841752
0.000831724
0.0008691943
0.000865586
0.0008593978
0.0008514826
0.0008423354
0.0008694712
0.000865844
0.0008596448
0.000851691
0
0
0
0
0
0
0
0
0
0
0.0006756979
0.0006592427
0.000642132
0.0006243457
0.0006058057
0
0
0
0
0
0
0
0
0
0
0.0006909582
0.0006750495
0.0006585128
0.0006413297
0.0006234251
0
0
0
0
0
0
0
0
0
0
0.0007051804
0.0006897753
0.0006737669
0.0006571379
0.0006398168
0
0
0
0
0
0
0
0
0
0
0.0007184744
0.0007035359
0.0006880152
0.0006718975
0.0006551136
0
0
0
0
0
0
0
0
0
0
0.0007310256
0.0007165245
0.0007014597
0.0006858179
0.0006695334
0
0
0
0
0
0
0
0
0
0
0.0007431636
0.0007290836
0.0007144563
0.0006992701
0.000683462
0
0
0
0
0
0
0
0
0
0
0.0007554428
0.000741791
0.0007276081
0.0007128846
0.0006975609
0
0
0
0
0
0
0
0
0
0
0.0007678072
0.0007545915
0.0007408584
0.0007266019
0.000711766
0
0
0
0
0
0
0
0
0
0.0007800956
0.0007673223
0.000754041
0.0007402503
0.0007258992
0
0
0
0
0
0
0
0
0.0007921798
0.0007798583
0.0007670307
0.0007537033
0.0007398311
0
0
0
0
0
0
0
0.0008039833
0.0007921314
0.0007797647
0.0007669001
0.0007535015
0
0
0
0
0
0
0.0008154549
0.0008041091
0.0007922204
0.0007798252
0.000766899
0
0
0
0
0
0.0008265547
0.0008157794
0.000804406
0.0007924979
0.0007800512
0
0
0
0
0.0008372303
0.0008271443
0.000816353
0.0008049716
0.0007930246
0
0
0
0.0008473652
0.000838165
0.0008280782
0.0008172939
0.0008058898
0
0
0.0008566107
0.0008486333
0.000839449
0.0008293856
0.0008185966
0
0.0008640244
0.0008577939
0.000849834
0.0008406724
0.0008306031
0.0008685732
0.0008649348
0.0008587153
0.0008507705
0.0008415951
0.0008691565
0.0008655141
0.0008592991
0.0008513304
0.0008694005
0.0008657474
0.0008594966
0
0
0
0
0
0
0
0
0
0
0.0006915263
0.0006756391
0.0006591251
0.0006419658
0.0006240865
0
0
0
0
0
0
0
0
0
0
0.0007062655
0.000690901
0.0006749355
0.0006583519
0.0006410788
0
0
0
0
0
0
0
0
0
0
0.0007200059
0.0007051246
0.0006896644
0.0006736104
0.0006568943
0
0
0
0
0
0
0
0
0
0
0.0007328523
0.0007184196
0.0007034274
0.0006878625
0.0006716598
0
0
0
0
0
0
0
0
0
0
0.0007449825
0.0007309715
0.0007164176
0.0007013094
0.0006855845
0
0
0
0
0
0
0
0
0
0
0.000756713
0.0007431096
0.0007289776
0.0007143073
0.0006990393
0
0
0
0
0
0
0
0
0
0
0.0007685759
0.00075539
0.0007416877
0.0007274633
0.0007126606
0
0
0
0
0
0
0
0
0
0.0007805127
0.0007677559
0.0007544917
0.0007407186
0.0007263858
0
0
0
0
0
0
0
0
0.00079236
0.0007800458
0.0007672257
0.000753906
0.0007400416
0
0
0
0
0
0
0
0.0008039833
0.0007921314
0.0007797647
0.0007669001
0.0007535015
0
0
0
0
0
0
0.0008152889
0.0008039361
0.0007920405
0.000779638
0.0007667046
0
0
0
0
0
0.0008261991
0.000815409
0.0008040207
0.0007920974
0.0007796353
0
0
0
0
0.0008366212
0.0008265098
0.0008156933
0.0008042862
0.0007923132
0
0
0
0.0008464268
0.0008371865
0.0008270604
0.0008162364
0.0008047919
0
0
0.0008553568
0.0008473228
0.0008380837
0.0008279653
0.00081712
0
0.0008628585
0.0008565702
0.0008485559
0.0008393419
0.0008292203
0.0008676685
0.0008639855
0.0008577196
0.0008497313
0.000840514
0.0008685352
0.0008648626
0.000858616
0.0008506176
0.0008690856
0.0008654173
0.0008591506
0.0008693052
0.000865602
0
0
0
0
0
0
0
0
0
0
0.0007068134
0.0006914694
0.0006755254
0.0006589645
0.0006417155
0
0
0
0
0
0
0
0
0
0
0.0007210526
0.0007062101
0.0006907907
0.0006747799
0.0006581094
0
0
0
0
0
0
0
0
0
0
0.0007343298
0.0007199518
0.0007050172
0.0006895131
0.0006733749
0
0
0
0
0
0
0
0
0
0
0.0007467446
0.0007327991
0.0007183146
0.0007032797
0.0006876327
0
0
0
0
0
0
0
0
0
0
0.0007584672
0.0007449299
0.000730868
0.0007162722
0.0007010837
0
0
0
0
0
0
0
0
0
0
0.0007698001
0.0007566606
0.0007430069
0.0007288333
0.0007140839
0
0
0
0
0
0
0
0
0
0.0007812528
0.0007685246
0.00075529
0.0007415475
0.0007272465
0
0
0
0
0
0
0
0
0.000792761
0.0007804628
0.0007676591
0.0007543563
0.0007405093
0
0
0
0
0
0
0
0.0008041563
0.0007923115
0.000779952
0.0007670948
0.0007537039
0
0
0
0
0
0
0.0008152889
0.0008039361
0.0007920405
0.000779638
0.0007667046
0
0
0
0
0
0.0008260399
0.0008152429
0.0008038478
0.0007919176
0.0007794485
0
0
0
0
0.0008362806
0.0008261543
0.000815323
0.0008039013
0.0007919133
0
0
0
0.0008458439
0.0008365775
0.0008264261
0.000815577
0.0008041071
0
0
0.0008544604
0.0008463841
0.0008371049
0.0008269471
0.000816062
0
0.0008616644
0.0008553153
0.0008472436
0.0008379739
0.0008277964
0.0008665584
0.0008628188
0.0008564946
0.0008484515
0.0008391811
0.00086763
0.0008639125
0.0008576193
0.0008495771
0.0008684639
0.0008647652
0.0008584667
0.0008689901
0.0008652716
0.0008691617
0
0
0
0
0
0
0
0
0
0
0.0007215812
0.0007067582
0.0006913593
0.0006753702
0.0006587226
0
0
0
0
0
0
0
0
0
0
0.0007353398
0.0007209988
0.0007061032
0.0006906402
0.0006745455
0
0
0
0
0
0
0
0
0
0
0.0007481704
0.0007342772
0.0007198477
0.0007048709
0.0006892853
0
0
0
0
0
0
0
0
0
0
0.0007601676
0.000746693
0.0007326973
0.0007181716
0.0007030574
0
0
0
0
0
0
0
0
0
0
0.0007714923
0.0007584161
0.0007448296
0.0007307272
0.0007160537
0
0
0
0
0
0
0
0
0
0.0007824326
0.0007697491
0.000756561
0.0007428672
0.0007286171
0
0
0
0
0
0
0
0
0.0007934735
0.0007812029
0.0007684276
0.0007551541
0.0007413376
0
0
0
0
0
0
0
0.0008045419
0.0007927125
0.0007803688
0.0007675279
0.0007541536
0
0
0
0
0
0
0.0008154549
0.0008041091
0.0007922204
0.0007798252
0.000766899
0
0
0
0
0
0.0008260399
0.0008152429
0.0008038478
0.0007919176
0.0007794485
0
0
0
0
0.0008361283
0.0008259951
0.0008151571
0.0008037286
0.0007917338
0
0
0
0.0008455186
0.0008362369
0.0008260707
0.0008152071
0.0008037226
0
0
0.0008539051
0.0008458011
0.000836496
0.0008263131
0.0008154031
0
0.0008608134
0.0008544186
0.0008463045
0.0008369947
0.0008267776
0.0008654234
0.0008616237
0.000855238
0.0008471367
0.0008378097
0.0008665192
0.0008627446
0.0008563927
0.0008482949
0.000867558
0.0008638142
0.0008574687
0.0008683678
0.0008646188
0.0008688463
0
0
0
0
0
0
0
0
0
0
0.0007358499
0.0007215275
0.0007066516
0.0006912092
0.0006751363
0
0
0
0
0
0
0
0
0
0
0.0007491453
0.0007352875
0.0007208953
0.0007059577
0.0006904136
0
0
0
0
0
0
0
0
0
0
0.000761544
0.0007481194
0.0007341764
0.0007197061
0.0007046506
0
0
0
0
0
0
0
0
0
0
0.0007731335
0.0007601174
0.0007465943
0.000732559
0.0007179565
0
0
0
0
0
0
0
0
0
0.0007840655
0.0007714426
0.0007583188
0.0007446933
0.0007305158
0
0
0
0
0
0
0
0
0.0007946108
0.0007823831
0.0007696525
0.0007564256
0.0007426579
0
0
0
0
0
0
0
0.0008052277
0.000793425
0.0007811087
0.0007682959
0.0007549508
0
0
0
0
0
0
0.0008158254
0.0008044946
0.0007926213
0.0007802416
0.0007673314
0
0
0
0
0
0.0008261991
0.000815409
0.0008040207
0.0007920974
0.0007796353
0
0
0
0
0.0008361283
0.0008259951
0.0008151571
0.0008037286
0.0007917338
0
0
0
0.0008453734
0.0008360846
0.0008259116
0.0008150414
0.0008035502
0
0
0.0008535962
0.0008454759
0.0008361555
0.000825958
0.0008150337
0
0.0008602883
0.0008538632
0.0008457217
0.0008363861
0.0008261441
0.0008646179
0.0008607723
0.0008543408
0.0008461972
0.0008368299
0.0008653832
0.0008615478
0.0008551336
0.0008469766
0.000866446
0.0008626446
0.0008562398
0.0008674611
0.0008636664
0.0008682234
0
0
0
0
0
0
0
0
0
0
0.0007496379
0.0007357979
0.0007214243
0.0007065064
0.0006909831
0
0
0
0
0
0
0
0
0
0
0.0007624855
0.0007490946
0.0007351873
0.0007207545
0.0007057384
0
0
0
0
0
0
0
0
0
0
0.0007744627
0.0007614945
0.0007480217
0.0007340394
0.0007194929
0
0
0
0
0
0
0
0
0
0.00078565
0.0007730848
0.0007600218
0.0007464603
0.0007323507
0
0
0
0
0
0
0
0
0.0007961865
0.0007840172
0.0007713483
0.0007581868
0.0007444885
0
0
0
0
0
0
0
0.0008063239
0.0007945626
0.0007822893
0.0007695213
0.0007562229
0
0
0
0
0
0
0.0008164853
0.0008051804
0.0007933336
0.0007809811
0.0007680989
0
0
0
0
0
0.0008265547
0.0008157794
0.000804406
0.0007924979
0.0007800512
0
0
0
0
0.0008362806
0.0008261543
0.000815323
0.0008039013
0.0007919133
0
0
0
0.0008453734
0.0008360846
0.0008259116
0.0008150414
0.0008035502
0
0
0.0008534587
0.0008453307
0.0008360033
0.0008257991
0.0008148682
0
0.0008599976
0.0008535544
0.0008453966
0.0008360459
0.0008257895
0.0008641238
0.0008602472
0.0008537856
0.0008456146
0.0008362218
0.0008645774
0.000860696
0.000854236
0.0008460367
0.0008653084
0.0008614454
0.0008549774
0.0008663475
0.0008624947
0.0008673153
0
0
0
0
0
0
0
0
0
0
0.0007629611
0.0007495873
0.0007356978
0.0007212838
0.0007062877
0
0
0
0
0
0
0
0
0
0
0.000775372
0.0007624362
0.0007489975
0.000735051
0.0007205423
0
0
0
0
0
0
0
0
0
0.0007869338
0.0007744145
0.0007613997
0.000747889
0.000733833
0
0
0
0
0
0
0
0
0.0007977165
0.0007856026
0.000772992
0.000759892
0.0007462586
0
0
0
0
0
0
0
0.0008078444
0.0007961395
0.0007839256
0.0007712203
0.0007579884
0
0
0
0
0
0
0.0008175416
0.000806277
0.0007944716
0.0007821622
0.0007693248
0
0
0
0
0
0.0008271891
0.0008164393
0.0008050917
0.0007932098
0.0007807901
0
0
0
0
0.0008366212
0.0008265098
0.0008156933
0.0008042862
0.0007923132
0
0
0
0.0008455186
0.0008362369
0.0008260707
0.0008152071
0.0008037226
0
0
0.0008534587
0.0008453307
0.0008360033
0.0008257991
0.0008148682
0
0.0008598687
0.0008534169
0.0008452515
0.0008358939
0.0008256309
0.0008638522
0.0008599565
0.0008534769
0.0008452898
0.0008358821
0.0008640833
0.000860171
0.0008536811
0.0008454545
0.0008645023
0.0008605933
0.0008540794
0.0008652076
0.0008612923
0.0008661996
0
0
0
0
0
0
0
0
0
0
0.0007758316
0.000762912
0.0007494904
0.0007355619
0.0007210722
0
0
0
0
0
0
0
0
0
0.0007878123
0.0007753241
0.000762342
0.0007488655
0.0007348456
0
0
0
0
0
0
0
0
0.0007989567
0.000786887
0.0007743227
0.0007612712
0.0007476891
0
0
0
0
0
0
0
0.0008093217
0.0007976704
0.0007855126
0.0007728662
0.0007596966
0
0
0
0
0
0
0.0008190085
0.0008077987
0.0007960506
0.0007838015
0.0007710281
0
0
0
0
0
0.0008282062
0.0008174959
0.0008061886
0.0007943483
0.0007819717
0
0
0
0
0.0008372303
0.0008271443
0.000816353
0.0008049716
0.0007930246
0
0
0
0.0008458439
0.0008365775
0.0008264261
0.000815577
0.0008041071
0
0
0.0008535962
0.0008454759
0.0008361555
0.000825958
0.0008150337
0
0.0008598687
0.0008534169
0.0008452515
0.0008358939
0.0008256309
0.0008637323
0.0008598276
0.0008533395
0.0008451449
0.0008357303
0.0008638116
0.0008598805
0.0008533727
0.0008451302
0.0008640082
0.0008600686
0.0008535249
0.0008644011
0.0008604398
0.0008650567
0
0
0
0
0
0
0
0
0
0.0007882563
0.0007757838
0.000762818
0.0007493587
0.000735357
0
0
0
0
0
0
0
0
0.0007998055
0.0007877657
0.0007752328
0.0007622141
0.0007486666
0
0
0
0
0
0
0
0.0008105198
0.0007989111
0.0007867978
0.0007741981
0.0007610776
0
0
0
0
0
0
0.0008204348
0.0008092769
0.000797583
0.0007853906
0.0007726769
0
0
0
0
0
0.0008296207
0.000818964
0.0008077124
0.0007959303
0.0007836152
0
0
0
0
0.0008382084
0.0008281617
0.00081741
0.000806069
0.0007941636
0
0
0
0.0008464268
0.0008371865
0.0008270604
0.0008162364
0.0008047919
0
0
0.0008539051
0.0008458011
0.000836496
0.0008263131
0.0008154031
0
0.0008599976
0.0008535544
0.0008453966
0.0008360459
0.0008257895
0.0008637323
0.0008598276
0.0008533395
0.0008451449
0.0008357303
0.0008636918
0.0008597517
0.0008532354
0.0008449855
0.0008637367
0.0008597783
0.0008532169
0.0008639073
0.0008599154
0.0008642498
0
0
0
0
0
0
0
0
0.0008002347
0.0007882099
0.0007756927
0.0007626905
0.0007491603
0
0
0
0
0
0
0
0.0008113401
0.0007997603
0.0007876771
0.0007751089
0.0007620214
0
0
0
0
0
0
0.0008215919
0.0008104755
0.0007988246
0.000786677
0.0007740105
0
0
0
0
0
0.0008309969
0.0008203911
0.000809192
0.0007974647
0.0007852071
0
0
0
0
0.0008395707
0.0008295773
0.0008188801
0.0008075956
0.0007957496
0
0
0
0.0008473652
0.000838165
0.0008280782
0.0008172939
0.0008058898
0
0
0.0008544604
0.0008463841
0.0008371049
0.0008269471
0.000816062
0
0.0008602883
0.0008538632
0.0008457217
0.0008363861
0.0008261441
0.0008638522
0.0008599565
0.0008534769
0.0008452898
0.0008358821
0.0008636918
0.0008597517
0.0008532354
0.0008449855
0.0008636169
0.0008596496
0.0008530799
0.000863636
0.0008596256
0.0008637564
0
0
0
0
0
0
0
0.0008117548
0.0008001895
0.0007881215
0.0007755691
0.0007624982
0
0
0
0
0
0
0.0008223844
0.000811296
0.0007996742
0.000787557
0.0007749222
0
0
0
0
0
0.0008321141
0.0008215488
0.0008103915
0.0007987075
0.0007864952
0
0
0
0
0.0008408972
0.0008309544
0.0008203086
0.0008090773
0.0007972868
0
0
0
0.0008486746
0.0008395284
0.0008294958
0.0008187668
0.0008074203
0
0
0.0008553568
0.0008473228
0.0008380837
0.0008279653
0.00081712
0
0.0008608134
0.0008544186
0.0008463045
0.0008369947
0.0008267776
0.0008641238
0.0008602472
0.0008537856
0.0008456146
0.0008362218
0.0008638116
0.0008598805
0.0008533727
0.0008451302
0.0008636169
0.0008596496
0.0008530799
0.0008635164
0.0008594971
0.0008634856
0
0
0
0
0
0
0.0008227852
0.0008117109
0.0008001037
0.0007880017
0.0007753828
0
0
0
0
0
0.0008328794
0.0008223415
0.0008112125
0.0007995577
0.000787376
0
0
0
0
0.0008419746
0.000832072
0.0008214671
0.0008102778
0.0007985311
0
0
0
0.0008499506
0.0008408557
0.0008308742
0.0008201972
0.0008089046
0
0
0.0008566107
0.0008486333
0.000839449
0.0008293856
0.0008185966
0
0.0008616644
0.0008553153
0.0008472436
0.0008379739
0.0008277964
0.0008646179
0.0008607723
0.0008543408
0.0008461972
0.0008368299
0.0008640833
0.000860171
0.0008536811
0.0008454545
0.0008637367
0.0008597783
0.0008532169
0.0008635164
0.0008594971
0.0008633662
0
0
0
0
0
0.0008332665
0.0008227425
0.0008116276
0.0007999875
0.0007878211
0
0
0
0
0.0008427129
0.0008328376
0.0008222604
0.0008110994
0.0007993822
0
0
0
0.0008509875
0.0008419336
0.0008319926
0.0008213568
0.0008101067
0
0
0.0008578336
0.0008499101
0.0008407777
0.0008307659
0.0008200296
0
0.0008628585
0.0008565702
0.0008485559
0.0008393419
0.0008292203
0.0008654234
0.0008616237
0.000855238
0.0008471367
0.0008378097
0.0008645774
0.000860696
0.000854236
0.0008460367
0.0008640082
0.0008600686
0.0008535249
0.000863636
0.0008596256
0.0008633662
0
0
0
0
0.0008430864
0.0008332248
0.0008226615
0.0008115148
0.0007998124
0
0
0
0.0008516983
0.0008426721
0.0008327587
0.0008221506
0.0008109292
0
0
0.0008588281
0.0008509475
0.0008418563
0.0008318854
0.0008211907
0
0.0008640244
0.0008577939
0.000849834
0.0008406724
0.0008306031
0.0008665584
0.0008628188
0.0008564946
0.0008484515
0.0008391811
0.0008653832
0.0008615478
0.0008551336
0.0008469766
0.0008645023
0.0008605933
0.0008540794
0.0008639073
0.0008599154
0.0008634856
0
0
0
0.000852058
0.0008430457
0.0008331461
0.000822552
0.0008113449
0
0
0.00085951
0.0008516585
0.0008425953
0.000832652
0.0008219854
0
0.0008649733
0.0008587889
0.0008508721
0.000841752
0.000831724
0.0008676685
0.0008639855
0.0008577196
0.0008497313
0.000840514
0.0008665192
0.0008627446
0.0008563927
0.0008482949
0.0008653084
0.0008614454
0.0008549774
0.0008644011
0.0008604398
0.0008637564
0
0
0.0008598551
0.0008520183
0.0008429691
0.0008330397
0.0008223871
0
0.0008656242
0.000859471
0.0008515836
0.0008424916
0.0008324915
0.0008685732
0.0008649348
0.0008587153
0.0008507705
0.0008415951
0.00086763
0.0008639125
0.0008576193
0.0008495771
0.000866446
0.0008626446
0.0008562398
0.0008652076
0.0008612923
0.0008642498
0
0.0008659538
0.0008598163
0.0008519436
0.0008428656
0.0008328795
0.0008691943
0.000865586
0.0008593978
0.0008514826
0.0008423354
0.0008685352
0.0008648626
0.000858616
0.0008506176
0.000867558
0.0008638142
0.0008574687
0.0008663475
0.0008624947
0.0008650567
0.0008695089
0.0008659156
0.0008597433
0.0008518428
0.0008427099
0.0008691565
0.0008655141
0.0008592991
0.0008513304
0.0008684639
0.0008647652
0.0008584667
0.0008674611
0.0008636664
0.0008661996
0.0008694712
0.000865844
0.0008596448
0.000851691
0.0008690856
0.0008654173
0.0008591506
0.0008683678
0.0008646188
0.0008673153
0.0008694005
0.0008657474
0.0008594966
0.0008689901
0.0008652716
0.0008682234
0.0008693052
0.000865602
0.0008688463
0.0008691617
)
;

boundaryField
{
    cathodeSides
    {
        type            zeroGradient;
    }
    electrolyteSides
    {
        type            zeroGradient;
    }
    anodeSides
    {
        type            zeroGradient;
    }
    phiI_to_phiI0
    {
        type            zeroGradient;
    }
}


// ************************************************************************* //
