/*--------------------------------*- C++ -*----------------------------------*\
| =========                 |                                                 |
| \\      /  F ield         | OpenFOAM: The Open Source CFD Toolbox           |
|  \\    /   O peration     | Version:  2306                                  |
|   \\  /    A nd           | Website:  www.openfoam.com                      |
|    \\/     M anipulation  |                                                 |
\*---------------------------------------------------------------------------*/
FoamFile
{
    version     2.0;
    format      ascii;
    arch        "LSB;label=32;scalar=64";
    class       cellSet;
    location    "constant/phiEA/polyMesh/sets";
    object      anode;
}
// * * * * * * * * * * * * * * * * * * * * * * * * * * * * * * * * * * * * * //


4000
(
8196
8197
8198
8199
8200
16399
16400
16401
16402
16403
8218
8219
8220
8221
8222
16427
16428
16429
16430
16431
8241
8242
8243
8244
8245
16454
16455
16456
16457
8265
16458
8266
8267
8268
8269
16480
16481
16482
8290
16483
8291
16484
8292
8293
8294
8306
8307
8308
8309
8310
16505
16506
16507
16508
16509
8323
8324
8325
8326
16519
8327
16520
16521
16522
16523
16532
16533
8341
16534
8342
16535
8343
16536
8344
8345
16544
16545
16546
16547
16548
8360
8361
8362
16555
8363
16556
8364
16557
16558
16559
16565
16566
16567
16568
16569
8380
8381
8382
16575
8383
16576
8384
16577
16578
16584
16585
16586
16592
8400
16593
8401
8402
8403
8404
16599
8420
8421
8422
8423
8424
8440
8441
8442
8443
8444
8460
8461
8462
8463
8464
285
8480
8481
8482
8483
8484
16679
16680
16681
16682
16683
8510
8511
8512
8513
8514
16707
16708
16709
16710
16711
8540
8541
16734
8542
16735
8543
351
16736
8544
16737
16738
362
363
16760
16761
16762
8570
16763
8571
16764
8572
8573
8574
16785
16786
16787
16788
16789
8600
8601
8602
8603
8604
16809
16810
16811
16812
16813
429
16822
8630
16823
8631
16824
8632
440
16825
8633
441
16826
8634
16834
16835
16836
452
16837
453
16838
454
8652
16845
8653
16846
8654
16847
8655
16848
8656
16849
16855
16856
16857
16858
16859
16865
16866
16867
8675
16868
8676
8677
8678
8679
16874
16875
16876
16882
16883
16889
8699
8700
8701
8702
8703
520
531
8724
532
8725
8726
8727
8728
543
544
545
556
557
8750
558
8751
559
8752
8753
8754
8767
8768
8769
8770
8771
16968
16969
16970
16971
16972
8785
8786
8787
8788
8789
16995
16996
8804
16997
8805
16998
8806
16999
8807
8808
625
8824
8825
8826
8827
8828
636
17021
637
17022
17023
17024
17025
648
649
650
8844
8845
8846
8847
8848
661
17046
662
17047
663
17048
664
17049
17050
8864
8865
8866
8867
675
8868
676
677
678
679
17070
17071
17072
17073
17074
8884
8885
8886
8887
8888
17093
17094
17095
17096
8904
17097
8905
8906
8907
8908
17105
17106
17107
17108
17109
17116
8924
17117
8925
17118
8926
17119
8927
17120
8928
17126
17127
17128
17129
745
17130
17136
8944
17137
8945
17138
8946
17139
8947
8948
756
757
17145
17146
17147
768
17153
769
17154
770
17160
781
8974
782
8975
783
8976
784
8977
8978
795
796
797
798
799
810
811
9004
812
9005
813
9006
814
9007
9008
9034
9035
9036
9037
9038
17238
17239
17240
17241
17242
9063
9064
9065
9066
9067
17264
17265
881
17266
17267
17268
892
893
9093
9094
9095
9096
904
17289
9097
905
17290
906
17291
17292
17293
917
918
919
920
9116
9117
9118
9119
9120
17313
17314
17315
931
17316
932
17317
933
934
935
946
947
9140
948
9141
949
9142
950
9143
17336
9144
17337
17338
17339
17340
962
963
964
965
966
9165
17358
9166
17359
9167
17360
9168
17361
9169
17362
17369
17370
17371
17372
17373
17379
17380
17381
17382
17383
9191
9192
9193
9194
9195
17389
17390
17391
17392
17398
17399
17400
17406
17407
9218
9219
9220
17413
9221
9222
1034
9236
9237
1045
9238
1046
9239
9240
1057
1058
1059
9255
9256
9257
9258
9259
1070
1071
1072
1073
9275
9276
1084
9277
1085
9278
1086
9279
1087
1088
1099
1100
1101
1102
9295
1103
9296
9297
17490
9298
17491
9299
17492
17493
17494
1115
1116
1117
1118
1119
9315
9316
9317
9318
9319
17515
17516
1132
17517
1133
17518
1134
17519
1135
1136
9335
9336
9337
9338
9339
17539
17540
17541
17542
17543
9355
9356
9357
9358
9359
17562
17563
17564
17565
17566
9375
9376
9377
9378
9379
17584
17585
17586
17587
9395
17588
9396
9397
1205
9398
9399
1216
1217
17605
17606
17607
9415
17608
9416
17609
9417
9418
9419
1228
1229
1230
17615
17616
17617
17618
17619
17625
1241
17626
1242
17627
1243
17628
1244
17634
17635
17636
9445
9446
9447
1255
9448
1256
9449
1257
17642
1258
17643
1259
17649
1270
1271
1272
1273
1274
9475
9476
9477
9478
1286
9479
1287
1288
1289
1290
1303
1304
1305
1306
1307
9504
9505
9506
9507
9508
1321
1322
1323
1324
1325
9532
17725
9533
17726
9534
17727
9535
17728
9536
17729
17749
17750
17751
17752
17753
9562
9563
9564
9565
9566
17772
17773
17774
17775
17776
9586
9587
1395
9588
9589
9590
1406
1407
17794
17795
17796
17797
17798
1418
9611
1419
9612
1420
9613
9614
9615
17815
1431
17816
1432
17817
1433
17818
1434
17819
9637
1445
9638
1446
9639
1447
9640
1448
9641
1449
17835
17836
17837
17838
17839
1460
17845
1461
17846
1462
17847
1463
17848
1464
17854
17855
17856
9664
9665
9666
9667
9668
1476
1477
17862
1478
17863
1479
1480
17869
1493
1494
1495
1496
1497
9692
9693
9694
9695
9696
1511
1512
1513
1514
1515
9711
9712
9713
9714
9715
1530
1531
1532
1533
1534
9731
9732
9733
9734
9735
9751
17944
9752
17945
9753
17946
9754
17947
9755
17948
9771
9772
9773
9774
17967
9775
17968
17969
17970
17971
9791
9792
9793
9794
9795
1604
17989
17990
17991
17992
17993
1615
1616
9811
9812
9813
9814
9815
18010
18011
1627
18012
1628
18013
1629
18014
9831
9832
1640
9833
1641
9834
1642
9835
1643
18030
18031
18032
18033
18034
1654
1655
1656
1657
1658
9851
9852
9853
9854
9855
18050
18051
18052
18053
1669
1670
1671
1672
1673
18059
18060
18061
9871
9872
9873
9874
18067
9875
18068
1684
1685
1686
1687
1688
18074
9891
9892
9893
1701
9894
1702
9895
1703
1704
1705
1719
1720
1721
1722
1723
9921
9922
9923
9924
9925
1738
1739
1740
1741
1742
9950
1758
9951
1759
9952
1760
9953
1761
9954
1762
18148
18149
18150
18151
18152
18170
9978
18171
9979
18172
9980
18173
9981
18174
9982
18191
18192
18193
18194
18195
10005
10006
10007
10008
10009
18211
18212
18213
18214
18215
1831
1842
10035
1843
10036
10037
10038
18231
10039
18232
18233
18234
1854
1855
1856
18250
18251
1867
18252
10060
1868
10061
1869
10062
1870
10063
10064
18258
18259
18265
1881
1882
1883
1884
1885
10086
10087
10088
1896
10089
1897
10090
1898
1899
1900
1911
1912
1913
1914
1915
10113
10114
10115
10116
10117
1926
1927
1928
1929
1930
1944
1945
1946
1947
1948
10141
10142
10143
10144
10145
18338
18339
18340
18341
18342
1963
1964
1965
1966
1967
18359
18360
18361
18362
10170
18363
10171
10172
10173
10174
1983
1984
1985
1986
1987
18379
18380
18381
18382
10190
18383
10191
10192
10193
10194
2004
2005
2006
2007
2008
18399
18400
18401
18402
10210
10211
10212
10213
10214
18418
18419
18420
10230
10231
10232
10233
10234
18436
18437
10250
18443
10251
10252
10253
10254
2075
10270
10271
10272
10273
10274
2086
2087
10290
2098
10291
2099
10292
2100
10293
10294
2111
2112
2113
2114
10310
10311
10312
10313
10314
2125
2126
2127
2128
2129
18515
18516
18517
18518
18519
10330
10331
10332
2140
10333
2141
10334
2142
2143
2144
18535
18536
18537
18538
18539
2155
2156
2157
10350
2158
10351
2159
10352
10353
10354
2170
18555
2171
18556
2172
18557
2173
18558
2174
10370
10371
10372
10373
10374
2185
2186
2187
2188
2189
18574
18575
18576
2204
2205
2206
10399
2207
18592
10400
2208
18593
10401
10402
10403
2224
18609
2225
2226
2227
2228
10427
10428
10429
10430
10431
2245
2246
2247
2248
2249
10454
10455
10456
10457
10458
2267
2268
2269
2270
2271
10480
10481
10482
10483
10484
18680
18681
18682
18683
18684
18700
18701
18702
10510
18703
10511
10512
10513
10514
18719
2335
18720
18721
10536
10537
10538
2346
10539
2347
10540
18737
18738
2358
2359
2360
18754
10563
2371
10564
2372
10565
2373
10566
2374
10567
2385
2386
2387
2388
2389
10591
10592
2400
10593
2401
10594
2402
10595
2403
2404
2415
2416
2417
2418
2419
10620
10621
10622
2430
10623
2431
10624
2432
2433
2434
2445
2446
2447
2448
2449
18835
18836
18837
18838
10650
10651
10652
2460
10653
2461
10654
2462
2463
2464
18854
18855
18856
10670
10671
10672
2480
10673
2481
10674
2482
2483
2484
18872
18873
10690
10691
10692
10693
2501
10694
2502
2503
2504
18889
2505
10710
10711
10712
10713
10714
2523
2524
2525
2526
2527
10730
10731
10732
10733
10734
2546
2547
2548
2549
2550
10750
10751
10752
10753
10754
10770
10771
10772
10773
10774
18980
18981
18982
10790
10791
10792
10793
10794
2610
18998
18999
10810
10811
10812
10813
2621
10814
2622
19015
2633
2634
2635
10830
10831
10832
10833
10834
2646
2647
2648
2649
10849
10850
10851
10852
2660
10853
2661
2662
2663
2664
2675
2676
2677
2678
2679
10877
10878
10879
10880
10881
2690
2691
2692
2693
2694
2705
2706
2707
2708
2709
10904
10905
10906
10907
10908
2720
2721
2722
2723
2724
19115
19116
2735
2736
2737
10930
2738
10931
2739
10932
10933
10934
19132
2750
2751
2752
2753
2754
10955
10956
10957
10958
10959
2771
2772
2773
2774
2775
10985
2793
10986
2794
10987
2795
10988
2796
10989
2797
2816
2817
2818
2819
11012
2820
11013
11014
11015
11016
2840
2841
2842
2843
2844
11040
11041
11042
11043
11044
19240
11069
11070
11071
11072
11073
2899
11099
11100
11101
11102
2910
11103
2911
2922
2923
2924
2935
2936
11129
2937
11130
2938
11131
11132
11133
2949
2950
2951
2952
2953
11149
11150
11151
11152
11153
2964
2965
2966
2967
2968
11169
11170
11171
2979
11172
2980
11173
2981
2982
2983
2994
2995
2996
11189
2997
11190
2998
11191
11192
11193
3009
3010
3011
3012
3013
11209
11210
11211
11212
11213
3024
3025
3026
3027
3028
11229
11230
11231
3039
11232
3040
11233
3041
3042
3043
3054
3055
3056
11249
3057
11250
3058
11251
11252
11253
3076
11269
3077
11270
3078
11271
3079
11272
3080
11273
11289
11290
11291
3099
11292
3100
11293
3101
3102
3103
11308
11309
11310
11311
11312
3123
3124
3125
3126
3127
11326
11327
11328
11329
11330
3148
3149
3150
3151
3152
11353
11354
11355
11356
11357
11379
11380
11381
11382
11383
3201
11404
3212
11405
3213
11406
11407
11408
3224
3225
3226
11428
11429
3237
11430
3238
11431
3239
11432
3240
3251
3252
3253
3254
3255
11458
3266
11459
3267
11460
3268
11461
3269
11462
3270
3281
3282
3283
3284
3285
11486
11487
11488
3296
11489
3297
11490
3298
3299
3300
3311
3312
3313
3314
3315
11515
11516
11517
11518
3326
11519
3327
3328
3329
3330
3341
3342
3343
3344
3345
11545
11546
11547
11548
3356
11549
3357
3358
3359
3360
3371
3372
3373
3374
3375
11575
11576
11577
11578
11579
3394
3395
3396
3397
3398
11605
11606
11607
11608
11609
3418
3419
3420
3421
3422
11625
11626
11627
11628
11629
3443
3444
3445
3446
3447
11645
11646
11647
11648
11649
3469
3470
3471
3472
11665
3473
11666
11667
11668
11669
11685
11686
11687
11688
11689
11705
11706
11707
3515
11708
11709
3526
3527
11725
11726
11727
11728
11729
3538
3539
3540
3551
3552
11745
3553
11746
3554
11747
11748
11749
3565
3566
3567
3568
3569
11764
11765
11766
11767
11768
3580
3581
3582
3583
3584
11782
11783
11784
11785
11786
3595
3596
3597
3598
3599
11799
11800
11801
11802
3610
11803
3611
3612
3613
3614
3625
3626
3627
3628
3629
11825
11826
11827
11828
11829
3640
3641
3642
3643
3644
3655
3656
3657
11850
3658
11851
3659
11852
11853
11854
3670
3671
3672
3673
3674
11874
11875
11876
11877
3685
11878
3686
3687
3688
3689
3700
3701
3702
3703
3704
11897
11898
11899
11900
11901
3724
3725
3726
3727
3728
11927
11928
11929
11930
11931
3749
3750
3751
3752
3753
11956
11957
11958
11959
11960
3775
3776
3777
3778
3779
11986
11987
11988
11989
11990
3802
3803
3804
3805
3806
12016
12017
12018
12019
12020
3840
3851
3852
12046
12047
12048
12049
12050
3863
3864
3865
3876
3877
3878
3879
12076
12077
12078
12079
12080
3890
3891
3892
3893
3894
12096
12097
3905
12098
3906
12099
3907
12100
3908
3909
3920
3921
3922
3923
12116
3924
12117
12118
12119
12120
3935
3936
3937
3938
3939
12136
12137
12138
12139
12140
3950
3951
3952
3953
3954
12156
12157
3965
12158
3966
12159
3967
12160
3968
3969
3980
3981
3982
3983
12176
3984
12177
12178
12179
12180
3995
3996
3997
3998
3999
12196
12197
12198
12199
12200
4010
4011
4012
4013
4014
12215
12216
12217
4025
12218
4026
12219
4027
4028
4029
4040
12233
4041
12234
4042
12235
4043
12236
4044
12237
12250
12251
12252
12253
12254
4065
4066
4067
4068
4069
12266
12267
12268
12269
12270
4091
4092
4093
4094
4095
12291
12292
12293
12294
12295
4118
4119
4120
4121
4122
12315
12316
12317
12318
12319
12338
4146
12339
4147
12340
4148
12341
4149
12342
4150
12360
12361
12362
12363
12364
4175
4186
4187
12390
4198
12391
4199
12392
4200
12393
12394
4211
4212
4213
4214
4225
4226
4227
12420
4228
12421
4229
12422
12423
12424
4240
4241
4242
4243
4244
4255
4256
4257
12450
4258
12451
4259
12452
12453
12454
4270
4271
4272
4273
4274
4285
4286
4287
12480
4288
12481
4289
12482
12483
12484
4300
4301
4302
4303
4304
4315
4316
4317
12510
4318
12511
4319
12512
12513
12514
4330
4331
4332
4333
4334
4345
4346
4347
12540
4348
12541
4349
12542
12543
12544
4360
4361
4362
4363
4364
12560
12561
12562
12563
12564
4375
4376
4377
4378
4379
12580
12581
12582
4390
12583
4391
12584
4392
4393
4394
12600
12601
12602
12603
12604
4416
4417
4418
4419
4420
12620
12621
12622
12623
12624
4443
4444
4445
4446
4447
12640
12641
12642
12643
12644
12659
12660
12661
12662
12663
4471
4472
4473
4474
4475
12677
12678
12679
12680
12681
4500
4501
12694
4502
12695
4503
12696
4504
12697
12698
12710
12711
12712
12713
12714
4530
4531
12725
12726
12727
12728
12729
4542
4543
4544
4555
4556
12749
4557
12750
4558
12751
12752
12753
4569
4570
4571
4572
4573
12772
12773
12774
12775
12776
4584
4585
4586
4587
4588
4600
4601
12794
4602
12795
4603
12796
4604
12797
12798
4615
4616
4617
4618
4619
12815
12816
12817
12818
12819
4630
4631
4632
4633
4634
4645
4646
4647
4648
4649
12845
12846
12847
12848
12849
4660
4661
4662
4663
4664
4675
4676
4677
4678
4679
12875
12876
12877
12878
12879
4690
4691
4692
4693
4694
4705
4706
4707
4708
4709
12905
12906
12907
12908
12909
4720
4721
4722
4723
4724
4735
4736
4737
4738
4739
12935
12936
12937
12938
12939
4751
4752
4753
4754
4755
12965
12966
12967
12968
12969
4778
4779
4780
4781
4782
12995
12996
12997
12998
4806
12999
4807
4808
4809
4810
13015
13016
13017
13018
13019
4835
4836
4837
4838
4839
13035
13036
13037
13038
13039
13055
13056
13057
4865
13058
4866
13059
4867
4868
4869
13075
13076
13077
13078
13079
4895
4896
4897
13094
13095
13096
13097
13098
4908
4909
4910
4911
13112
13113
13114
4922
13115
4923
13116
4924
4925
4926
13129
4937
13130
4938
13131
4939
13132
4940
13133
4941
13145
4953
13146
4954
13147
4955
13148
4956
13149
4957
13160
13161
13162
4970
13163
4971
13164
4972
4973
4974
13174
13175
13176
13177
4985
13178
4986
4987
4988
4989
5000
5001
5002
5003
5004
13197
13198
13199
13200
13201
5015
5016
5017
5018
5019
13219
13220
13221
13222
5030
13223
5031
5032
5033
5034
5045
5046
5047
13240
5048
13241
5049
13242
13243
13244
5060
5061
5062
5063
5064
13260
13261
13262
13263
13264
5075
5076
5077
5078
5079
5090
5091
5092
5093
5094
13290
13291
13292
13293
13294
5106
5107
5108
5109
5110
5123
5124
5125
5126
5127
13320
13321
13322
13323
13324
5151
5152
5153
5154
5155
13350
13351
13352
13353
13354
5180
5181
5182
5183
5184
13380
13381
13382
13383
13384
5210
5211
5212
5213
5214
13410
13411
13412
13413
13414
5240
5241
5242
5243
5244
13440
13441
13442
13443
13444
13460
13461
13462
5270
13463
5271
13464
5272
5273
5284
5285
5286
5287
13480
5288
13481
13482
13483
13484
5299
5300
5301
5302
5303
13500
13501
13502
13503
13504
5315
5316
5317
5318
5319
13519
13520
13521
13522
13523
5332
5333
5334
5335
5336
13537
13538
13539
13540
13541
5350
5351
5352
5353
5354
13554
13555
13556
13557
5365
13558
5366
5367
5368
5369
13570
13571
13572
5380
13573
5381
13574
5382
5383
5384
13585
13586
13587
5395
13588
5396
13589
5397
5398
5399
13599
13600
13601
13602
5410
13603
5411
5412
5413
5414
13612
13613
13614
13615
13616
5425
5426
5427
5428
5429
5440
5441
13634
5442
13635
5443
13636
5444
13637
13638
5455
5456
5457
5458
5459
13655
13656
13657
13658
13659
5471
5472
5473
5474
5475
13675
13676
13677
13678
13679
5488
5489
5490
5491
5492
13695
13696
13697
13698
5506
5507
5508
5509
5510
13724
13725
13726
13727
5535
13728
5536
5537
5538
5539
13754
13755
13756
13757
5565
13758
5566
5567
5568
5569
13784
13785
13786
13787
5595
13788
5596
5597
5598
5599
13814
13815
13816
13817
5625
13818
5626
5627
5628
5629
13844
13845
13846
13847
5655
13848
5656
5657
5658
5659
5670
5671
5672
5673
5674
13874
13875
13876
13877
13878
5686
5687
5688
5689
5690
13894
13895
5703
13896
5704
13897
5705
13898
5706
5707
5721
13914
5722
13915
5723
13916
5724
13917
5725
13918
5740
13933
5741
13934
5742
13935
5743
13936
5744
13937
5755
5756
5757
5758
13951
5759
13952
13953
13954
13955
5770
5771
5772
5773
5774
13968
13969
13970
13971
13972
5785
5786
5787
5788
5789
13984
13985
13986
13987
13988
5800
5801
5802
5803
5804
13999
14000
14001
14002
14003
5815
5816
5817
5818
5819
14013
14014
14015
14016
14017
5830
5831
5832
5833
14026
5834
14027
14028
14029
14030
14038
5846
14039
5847
14040
5848
14041
5849
14042
5850
5863
5864
5865
5866
14059
5867
14060
14061
14062
14063
5881
5882
5883
5884
5885
14079
14080
14081
14082
14083
5900
5901
5902
5903
5904
14099
14100
14101
14102
14118
14119
14120
5930
5931
5932
5933
5934
14146
14147
14148
14149
14150
5960
5961
5962
5963
5964
14176
14177
14178
14179
14180
5990
5991
5992
5993
5994
14206
14207
14208
14209
14210
6020
6021
6022
6023
6024
14236
14237
14238
14239
14240
6050
6051
6052
6053
6054
6066
6067
6068
6069
6070
14266
14267
14268
14269
14270
6083
6084
6085
6086
6087
6101
6102
6103
14296
6104
14297
6105
14298
14299
14300
6120
6121
6122
6123
14316
6124
14317
14318
14319
14320
6140
6141
6142
14335
6143
14336
6144
14337
14338
14339
6155
6156
6157
6158
6159
14353
14354
14355
14356
14357
6170
6171
6172
6173
6174
14370
14371
14372
14373
14374
6185
6186
6187
6188
6189
14386
14387
14388
14389
14390
6200
6201
6202
6203
6204
14401
14402
14403
14404
14405
6215
6216
6217
6218
6219
14415
14416
14417
14418
14419
6231
6232
6233
6234
6235
14428
14429
14430
14431
14432
14440
6248
14441
6249
14442
6250
14443
6251
14444
6252
14451
14452
14453
14454
14455
6266
6267
6268
6269
6270
14471
14472
14473
14474
14475
6285
6286
6287
6288
6289
14491
14492
14493
14494
6305
6306
6307
6308
6309
14510
14511
14512
6335
14528
6336
14529
6337
6338
6339
14555
14556
14557
6365
14558
6366
14559
6367
6368
6369
14585
14586
14587
6395
14588
6396
14589
6397
6398
6399
14615
14616
14617
6425
14618
6426
14619
6427
6428
6429
14645
14646
14647
6455
14648
6456
14649
6457
6458
6459
6472
6473
6474
6475
6476
14675
14676
14677
14678
14679
6490
6491
6492
6493
6494
6509
6510
6511
6512
14705
6513
14706
14707
14708
14709
6529
6530
6531
14724
6532
14725
6533
14726
14727
14728
14742
6550
14743
6551
14744
6552
14745
6553
14746
6554
6565
6566
14759
6567
14760
6568
14761
6569
14762
14763
6580
6581
6582
14775
6583
14776
6584
14777
14778
14779
6595
6596
6597
14790
6598
14791
6599
14792
14793
14794
6610
6611
14804
6612
14805
6613
14806
6614
14807
14808
14817
14818
6626
14819
6627
14820
6628
14821
6629
6630
14829
14830
14831
14832
14833
6643
6644
6645
6646
6647
14840
14841
14842
14843
14844
14850
14851
14852
14853
6661
14854
6662
6663
6664
6665
14870
14871
14872
6680
14873
6681
6682
6683
6684
14889
14890
14891
6700
6701
6702
6703
6704
14907
14908
6720
6721
6722
6723
6724
14924
6750
6751
6752
6753
6754
14950
14951
14952
14953
14954
6780
6781
6782
6783
6784
14980
14981
14982
14983
14984
6810
6811
6812
6813
6814
15010
15011
15012
15013
15014
6840
6841
6842
6843
6844
15040
15041
15042
15043
15044
6870
6871
6872
6873
6874
15070
15071
15072
15073
15074
6888
6889
6890
6891
6892
15099
6907
15100
6908
15101
6909
15102
6910
15103
6911
15117
15118
15119
6927
15120
6928
15121
6929
6930
6931
15134
15135
15136
15137
15138
6948
6949
6950
6951
6952
15150
15151
15152
15153
15154
6970
6971
6972
15165
6973
15166
6974
15167
15168
15169
6985
6986
15179
6987
15180
6988
15181
6989
15182
15183
15192
7000
15193
7001
15194
7002
15195
7003
15196
7004
15204
15205
15206
15207
7015
15208
7016
7017
7018
7019
15215
15216
15217
15218
15219
7031
7032
15225
7033
15226
7034
15227
7035
15228
15229
15235
15236
15237
15238
7048
7049
7050
7051
7052
15254
15255
15256
7066
7067
7068
7069
7070
15272
15273
7085
7086
7087
7088
7089
15289
7105
7106
7107
7108
7109
7125
7126
7127
7128
7129
15330
15331
15332
15333
15334
7145
7146
7147
7148
7149
15360
15361
15362
15363
15364
7175
7176
7177
7178
7179
15390
15391
15392
15393
15394
7205
7206
7207
7208
7209
15420
15421
15422
15423
15424
7235
7236
7237
7238
7239
15449
15450
15451
15452
15453
7265
7266
7267
7268
7269
15477
15478
15479
15480
15481
7295
7296
7297
7298
7299
15494
15495
15496
15497
15498
7314
7315
7316
7317
15510
7318
15511
15512
15513
15514
15525
15526
7334
15527
7335
15528
7336
15529
7337
7338
15539
15540
15541
15542
15543
7355
7356
7357
7358
7359
15552
15553
15554
15555
15556
15564
15565
15566
15567
15568
7377
7378
7379
7380
7381
15575
15576
15577
15578
15579
15585
15586
15587
15588
15589
7400
7401
7402
15595
7403
15596
7404
15597
15598
15604
15605
15606
7415
7416
7417
7418
7419
15622
7430
15623
7431
7432
7433
7434
7446
15639
7447
7448
7449
7450
7463
7464
7465
7466
7467
7481
7482
7483
7484
7485
7500
7501
15694
7502
15695
7503
15696
7504
15697
15698
7520
7521
7522
7523
7524
15724
15725
15726
15727
15728
7540
7541
7542
7543
7544
7560
7561
15754
7562
15755
7563
15756
7564
15757
15758
7580
7581
7582
7583
7584
15783
15784
15785
15786
15787
7610
7611
7612
7613
7614
15811
15812
15813
15814
15815
7640
7641
7642
7643
7644
15838
15839
15840
15841
15842
15854
15855
15856
15857
15858
7670
7671
7672
7673
7674
15869
15870
15871
15872
15873
15883
15884
15885
15886
15887
7700
7701
7702
7703
15896
7704
15897
15898
15899
15900
15908
15909
15910
15911
15912
15919
15920
15921
15922
7730
15923
7731
7732
7733
7734
15929
15930
15931
15932
15933
15939
15940
15941
15942
7750
7751
7752
7753
7754
15948
15949
15950
15956
15957
7771
7772
7773
7774
7775
15973
7793
7794
7795
7796
7797
7816
7817
7818
7819
7820
7840
7841
7842
7843
7844
16041
16042
16043
16044
16045
7855
7856
7857
7858
7859
7871
7872
7873
7874
7875
16071
16072
16073
16074
16075
7888
7889
7890
7891
7892
7906
7907
16100
7908
16101
7909
16102
7910
16103
16104
7925
7926
7927
7928
7929
16128
16129
16130
16131
16132
7945
7946
7947
7948
7949
16155
16156
16157
7965
16158
7966
16159
7967
7968
7969
7985
7986
7987
7988
16181
7989
16182
16183
16184
16185
16196
16197
8005
16198
8006
16199
8007
16200
8008
8009
16210
16211
16212
16213
16214
8025
8026
8027
8028
8029
16223
16224
16225
16226
16227
16235
16236
16237
16238
16239
16246
16247
8055
16248
8056
16249
8057
16250
8058
8059
16256
16257
16258
16259
16260
16266
16267
16268
16269
16275
16276
16277
8085
8086
8087
8088
8089
16283
16284
16290
8115
8116
8117
8118
8119
8145
8146
8147
8148
8149
8175
8176
8177
16370
8178
16371
8179
16372
16373
16374
)


// ************************************************************************* //
