/*--------------------------------*- C++ -*----------------------------------*\
| =========                 |                                                 |
| \\      /  F ield         | OpenFOAM: The Open Source CFD Toolbox           |
|  \\    /   O peration     | Version:  2306                                  |
|   \\  /    A nd           | Website:  www.openfoam.com                      |
|    \\/     M anipulation  |                                                 |
\*---------------------------------------------------------------------------*/
FoamFile
{
    version     2.0;
    format      ascii;
    arch        "LSB;label=32;scalar=64";
    class       cellSet;
    location    "constant/phiEA/polyMesh/sets";
    object      bpp;
}
// * * * * * * * * * * * * * * * * * * * * * * * * * * * * * * * * * * * * * //


8000
(
16384
16385
16386
16387
16388
16389
16404
16405
16406
16407
16408
16409
16410
16411
16412
16413
16414
16415
16416
16417
16418
16432
16433
16434
16435
16436
16437
16438
16439
16440
16441
16442
16443
16444
16445
16446
16459
16460
16461
16462
16463
16464
16465
16466
16467
16468
16469
16470
16471
16472
16473
16485
16486
16487
16488
16489
16490
16491
16492
16493
16494
16495
16496
16497
16498
16499
16510
16511
16512
16513
16514
16524
16525
16526
16527
16528
16537
16538
16539
16540
16541
16549
16550
16551
16552
16553
16560
16561
16562
16563
16564
16570
16571
16572
16573
16574
16579
16580
16581
16582
16583
16587
16588
16589
16590
16591
16594
16595
16596
16597
16598
16600
16601
16602
16603
16604
16605
16606
16607
16608
16609
16610
16611
16612
16613
16614
16615
16616
16617
16618
16619
16620
16621
16622
16623
16624
16625
16626
16627
16628
16629
16630
16631
16632
16633
16634
16635
16636
16637
16638
16639
16640
16641
16642
16643
16644
16645
16646
16647
16648
16649
16650
16651
16652
16653
16654
16655
16656
16657
16658
16659
16660
16661
16662
16663
16664
16665
16666
16667
16668
16669
16684
16685
16686
16687
16688
16689
16690
16691
16692
16693
16694
16695
16696
16697
16698
16712
16713
16714
16715
16716
16717
16718
16719
16720
16721
16722
16723
16724
16725
16726
16739
16740
16741
16742
16743
16744
16745
16746
16747
16748
16749
16750
16751
16752
16753
16765
16766
16767
16768
16769
16770
16771
16772
16773
16774
16775
16776
16777
16778
16779
16790
16791
16792
16793
16794
16795
16796
16797
16798
16799
16800
16801
16802
16803
16804
16814
16815
16816
16817
16818
16827
16828
16829
16830
16831
16839
16840
16841
16842
16843
16850
16851
16852
16853
16854
16860
16861
16862
16863
16864
16869
16870
16871
16872
16873
16877
16878
16879
16880
16881
16884
16885
16886
16887
16888
16890
16891
16892
16893
16894
16895
16896
16897
16898
16899
16900
16901
16902
16903
16904
16905
16906
16907
16908
16909
16910
16911
16912
16913
16914
16915
16916
16917
16918
16919
16920
16921
16922
16923
16924
16925
16926
16927
16928
16929
16930
16931
16932
16933
16934
16935
16936
16937
16938
16939
16940
16941
16942
16943
16944
16945
16946
16947
16948
16949
16950
16951
16952
16953
16954
16955
16956
16957
16958
16959
16973
16974
16975
16976
16977
16978
16979
16980
16981
16982
16983
16984
16985
16986
16987
17000
17001
17002
17003
17004
17005
17006
17007
17008
17009
17010
17011
17012
17013
17014
17026
17027
17028
17029
17030
17031
17032
17033
17034
17035
17036
17037
17038
17039
17040
17051
17052
17053
17054
17055
17056
17057
17058
17059
17060
17061
17062
17063
17064
17065
17075
17076
17077
17078
17079
17080
17081
17082
17083
17084
17085
17086
17087
17088
17089
17098
17099
17100
17101
17102
17110
17111
17112
17113
17114
17121
17122
17123
17124
17125
17131
17132
17133
17134
17135
17140
17141
17142
17143
17144
17148
17149
17150
17151
17152
17155
17156
17157
17158
17159
17161
17162
17163
17164
17165
17166
17167
17168
17169
17170
17171
17172
17173
17174
17175
17176
17177
17178
17179
17180
17181
17182
17183
17184
17185
17186
17187
17188
17189
17190
17191
17192
17193
17194
17195
17196
17197
17198
17199
815
17200
17201
17202
17203
17204
17205
17206
17207
17208
17209
17210
17211
17212
17213
17214
17215
17216
17217
17218
17219
17220
17221
17222
17223
17224
17225
17226
17227
17228
17229
17230
17243
17244
17245
17246
17247
17248
17249
17250
17251
17252
17253
17254
17255
17256
17257
17269
17270
17271
17272
17273
17274
17275
17276
17277
17278
17279
17280
17281
17282
17283
17294
17295
17296
17297
17298
17299
17300
17301
17302
17303
17304
17305
17306
17307
17308
17318
17319
17320
17321
17322
17323
17324
17325
17326
17327
17328
17329
17330
17331
17332
951
17341
17342
17343
17344
17345
17346
17347
17348
17349
17350
17351
967
17352
968
17353
17354
17355
17363
17364
17365
17366
17367
17374
17375
17376
17377
17378
17384
17385
17386
17387
17388
17393
17394
17395
17396
17397
17401
17402
17403
17404
17405
17408
17409
17410
17411
17412
17414
17415
17416
17417
17418
17419
17420
17421
17422
17423
17424
17425
17426
17427
17428
17429
17430
17431
17432
17433
17434
17435
17436
17437
17438
17439
17440
17441
17442
17443
17444
17445
17446
17447
17448
17449
17450
17451
17452
17453
17454
17455
17456
17457
17458
17459
17460
17461
17462
17463
17464
17465
17466
17467
17468
17469
17470
17471
17472
17473
17474
17475
17476
17477
17478
17479
17480
17481
17482
17483
1104
17495
17496
17497
17498
17499
17500
17501
17502
17503
17504
1120
17505
1121
17506
17507
17508
17509
17520
17521
1137
17522
1138
17523
1139
17524
17525
17526
17527
17528
17529
17530
17531
17532
17533
17534
17544
17545
17546
17547
17548
17549
17550
17551
17552
17553
17554
17555
17556
17557
17558
17567
17568
17569
17570
17571
17572
17573
17574
17575
17576
17577
17578
17579
17580
17581
17589
17590
17591
17592
17593
17594
17595
17596
17597
17598
17599
17600
17601
17602
17603
17610
17611
17612
17613
17614
17620
17621
17622
17623
17624
17629
17630
17631
17632
17633
17637
17638
17639
17640
17641
17644
17645
17646
17647
17648
17650
17651
17652
17653
17654
17655
17656
17657
17658
17659
1275
17660
17661
17662
17663
17664
17665
17666
17667
17668
17669
17670
17671
17672
17673
17674
17675
1291
17676
1292
17677
17678
17679
17680
17681
17682
17683
17684
17685
17686
17687
17688
17689
17690
17691
17692
1308
17693
1309
17694
1310
17695
17696
17697
17698
17699
17700
17701
17702
17703
17704
17705
17706
17707
17708
17709
17710
1326
17711
1327
17712
1328
17713
1329
17714
17715
17716
17717
17718
17719
17730
17731
17732
17733
17734
17735
17736
17737
17738
17739
17740
17741
17742
17743
17744
17754
17755
17756
17757
17758
17759
17760
17761
17762
17763
17764
17765
17766
17767
17768
17777
17778
17779
17780
17781
17782
17783
17784
17785
17786
17787
17788
17789
17790
17791
17799
17800
17801
17802
17803
17804
17805
17806
17807
17808
17809
17810
17811
17812
17813
17820
17821
17822
17823
17824
17825
17826
17827
17828
17829
17830
17831
17832
17833
17834
17840
17841
17842
17843
17844
17849
1465
17850
17851
17852
17853
17857
17858
17859
17860
17861
17864
17865
1481
17866
1482
17867
17868
17870
17871
17872
17873
17874
17875
17876
17877
17878
17879
17880
17881
17882
1498
17883
1499
17884
1500
17885
17886
17887
17888
17889
17890
17891
17892
17893
17894
17895
17896
17897
17898
17899
17900
1516
17901
1517
17902
1518
17903
1519
17904
17905
17906
17907
17908
17909
17910
17911
17912
17913
17914
17915
17916
17917
17918
17919
1535
17920
1536
17921
1537
17922
1538
17923
1539
17924
17925
17926
17927
17928
17929
17930
17931
17932
17933
17934
17935
17936
17937
17938
17939
17949
17950
17951
17952
17953
17954
17955
17956
17957
17958
17959
17960
17961
17962
17963
17972
17973
17974
17975
17976
17977
17978
17979
17980
17981
17982
17983
17984
17985
17986
17994
17995
17996
17997
17998
17999
18000
18001
18002
18003
18004
18005
18006
18007
18008
18015
18016
18017
18018
18019
18020
18021
18022
18023
18024
18025
18026
18027
18028
18029
18035
18036
18037
18038
18039
18040
18041
18042
18043
18044
18045
18046
18047
18048
18049
18054
18055
18056
18057
18058
18062
18063
18064
18065
18066
18069
18070
18071
18072
18073
1689
1690
18075
18076
18077
18078
18079
18080
18081
18082
18083
18084
18085
18086
18087
18088
18089
18090
1706
18091
1707
18092
1708
18093
18094
18095
18096
18097
18098
18099
18100
18101
18102
18103
18104
18105
18106
18107
18108
1724
18109
1725
18110
1726
18111
1727
18112
18113
18114
18115
18116
18117
18118
18119
18120
18121
18122
18123
18124
18125
18126
18127
1743
18128
1744
18129
1745
18130
1746
18131
1747
18132
18133
18134
18135
18136
18137
18138
18139
18140
18141
18142
18143
18144
1763
1764
1765
1766
1767
1768
18153
18154
18155
18156
18157
18158
18159
18160
18161
18162
18163
18164
18165
18166
18167
18175
18176
18177
18178
18179
18180
18181
18182
18183
18184
18185
18186
18187
18188
18189
18196
18197
18198
18199
18200
18201
18202
18203
18204
18205
18206
18207
18208
18209
18210
18216
18217
18218
18219
18220
18221
18222
18223
18224
18225
18226
18227
18228
18229
18230
18235
18236
18237
18238
18239
18240
18241
18242
18243
18244
18245
18246
18247
18248
18249
18253
18254
18255
18256
18257
18260
18261
18262
18263
18264
18266
18267
18268
18269
18270
18271
18272
18273
18274
18275
18276
18277
18278
18279
18280
18281
18282
18283
18284
18285
18286
18287
18288
18289
18290
18291
18292
18293
18294
18295
18296
18297
18298
18299
18300
18301
18302
18303
18304
18305
18306
18307
18308
18309
18310
18311
18312
18313
18314
18315
1931
18316
1932
18317
1933
18318
18319
18320
18321
18322
18323
18324
18325
18326
18327
18328
18329
18330
18331
18332
18333
1949
18334
1950
18335
1951
1952
18343
18344
18345
18346
18347
18348
18349
18350
18351
18352
1968
18353
1969
18354
1970
18355
1971
18356
1972
18357
18364
18365
18366
18367
18368
18369
18370
18371
18372
1988
18373
1989
18374
1990
18375
1991
18376
1992
18377
1993
18378
18384
18385
18386
18387
18388
18389
18390
18391
18392
18393
2009
18394
2010
18395
2011
18396
2012
18397
2013
18398
2014
2015
18403
18404
18405
18406
18407
18408
18409
18410
18411
18412
18413
18414
18415
18416
18417
18421
18422
18423
18424
18425
18426
18427
18428
18429
18430
18431
18432
18433
18434
18435
18438
18439
18440
18441
18442
18444
18445
18446
18447
18448
18449
18450
18451
18452
18453
18454
18455
18456
18457
18458
18459
18460
18461
18462
18463
18464
18465
18466
18467
18468
18469
18470
18471
18472
18473
18474
18475
18476
18477
18478
18479
18480
18481
18482
18483
18484
18485
18486
18487
18488
18489
18490
18491
18492
18493
18494
18495
18496
18497
18498
18499
18500
18501
18502
18503
18504
18505
18506
18507
18508
18509
18510
18511
18512
18513
18520
18521
18522
18523
18524
18525
18526
18527
18528
18529
18530
18531
18532
18533
18534
18540
18541
18542
18543
18544
18545
18546
18547
18548
18549
18550
18551
18552
18553
18554
18559
18560
18561
18562
18563
18564
18565
18566
18567
18568
18569
18570
18571
18572
18573
2190
2191
2192
18577
2193
18578
18579
18580
18581
18582
18583
18584
18585
18586
18587
18588
18589
18590
18591
2209
18594
2210
18595
2211
18596
2212
18597
2213
18598
18599
18600
18601
18602
18603
18604
18605
18606
18607
18608
18610
18611
18612
18613
2229
18614
2230
18615
2231
18616
2232
18617
2233
18618
2234
18619
18620
18621
18622
18623
18624
18625
18626
18627
18628
18629
18630
18631
18632
18633
18634
2250
18635
2251
18636
2252
18637
2253
18638
2254
18639
2255
18640
2256
18641
18642
18643
18644
18645
18646
18647
18648
18649
18650
18651
18652
18653
18654
18655
18656
2272
18657
2273
18658
2274
18659
2275
18660
2276
18661
2277
18662
2278
18663
2279
18664
18665
18666
18667
18668
18669
18670
18671
18672
18673
18674
18675
18676
18677
18678
18679
18685
18686
18687
18688
18689
18690
18691
18692
18693
18694
18695
18696
18697
18698
18699
18704
18705
18706
18707
18708
18709
18710
18711
18712
18713
18714
18715
18716
18717
18718
18722
18723
18724
18725
18726
18727
18728
18729
18730
18731
18732
18733
18734
18735
18736
18739
18740
18741
18742
18743
18744
18745
18746
18747
18748
18749
18750
18751
18752
18753
18755
18756
18757
18758
18759
18760
18761
18762
18763
18764
18765
18766
18767
18768
18769
18770
18771
18772
18773
18774
18775
18776
18777
18778
18779
18780
18781
18782
18783
18784
18785
18786
18787
18788
18789
18790
18791
18792
18793
18794
18795
18796
18797
18798
18799
18800
18801
18802
18803
18804
18805
18806
18807
18808
18809
18810
18811
18812
18813
18814
18815
18816
18817
18818
18819
18820
18821
18822
18823
18824
18825
18826
18827
18828
18829
18830
18831
18832
18833
18834
18839
18840
18841
18842
18843
18844
18845
18846
18847
18848
18849
2465
18850
2466
18851
2467
18852
2468
18853
2469
18857
18858
18859
18860
18861
18862
18863
18864
18865
18866
18867
18868
18869
2485
18870
2486
18871
2487
2488
2489
18874
2490
18875
18876
18877
18878
18879
18880
18881
18882
18883
18884
18885
18886
18887
18888
18890
2506
18891
2507
18892
2508
18893
2509
18894
2510
18895
2511
18896
2512
18897
18898
18899
18900
18901
18902
18903
18904
18905
18906
18907
18908
18909
18910
18911
18912
2528
18913
2529
18914
2530
18915
2531
18916
2532
18917
2533
18918
2534
18919
2535
18920
18921
18922
18923
18924
18925
18926
18927
18928
18929
18930
18931
18932
18933
18934
18935
2551
18936
2552
18937
2553
18938
2554
18939
2555
18940
2556
18941
2557
18942
2558
18943
2559
18944
18945
18946
18947
18948
18949
18950
18951
18952
18953
18954
18955
18956
18957
18958
18959
18960
18961
18962
18963
18964
18965
18966
18967
18968
18969
18970
18971
18972
18973
18974
18975
18976
18977
18978
18979
18983
18984
18985
18986
18987
18988
18989
18990
18991
18992
18993
18994
18995
18996
18997
19000
19001
19002
19003
19004
19005
19006
19007
19008
19009
19010
19011
19012
19013
19014
19016
19017
19018
19019
19020
19021
19022
19023
19024
19025
19026
19027
19028
19029
19030
19031
19032
19033
19034
19035
19036
19037
19038
19039
19040
19041
19042
19043
19044
19045
19046
19047
19048
19049
19050
19051
19052
19053
19054
19055
19056
19057
19058
19059
19060
19061
19062
19063
19064
19065
19066
19067
19068
19069
19070
19071
19072
19073
19074
19075
19076
19077
19078
19079
19080
19081
19082
19083
19084
19085
19086
19087
19088
19089
19090
19091
19092
19093
19094
19095
19096
19097
19098
19099
19100
19101
19102
19103
19104
19105
19106
19107
19108
19109
19110
19111
19112
19113
19114
19117
19118
19119
19120
19121
19122
19123
19124
19125
19126
19127
19128
19129
19130
19131
19133
19134
19135
19136
19137
19138
19139
2755
19140
2756
19141
2757
19142
2758
19143
2759
19144
2760
19145
19146
19147
19148
19149
19150
19151
19152
19153
19154
19155
19156
19157
19158
19159
19160
2776
19161
2777
19162
2778
19163
2779
19164
2780
19165
2781
19166
2782
19167
19168
19169
19170
19171
19172
19173
19174
19175
19176
19177
19178
19179
19180
19181
19182
2798
19183
2799
19184
2800
19185
2801
19186
2802
19187
2803
19188
2804
19189
2805
19190
19191
19192
19193
19194
19195
19196
19197
19198
19199
19200
19201
19202
19203
19204
19205
2821
19206
2822
19207
2823
19208
2824
19209
2825
19210
2826
19211
2827
19212
2828
19213
2829
19214
19215
19216
19217
19218
19219
19220
19221
19222
19223
19224
19225
19226
19227
19228
19229
2845
19230
2846
19231
2847
19232
2848
19233
2849
19234
2850
19235
2851
19236
2852
19237
2853
19238
2854
19239
19241
19242
19243
19244
19245
19246
19247
19248
19249
19250
19251
19252
19253
19254
19255
19256
19257
19258
19259
19260
19261
19262
19263
19264
19265
19266
19267
19268
19269
19270
19271
19272
19273
19274
19275
19276
19277
19278
19279
19280
19281
19282
19283
19284
19285
19286
19287
19288
19289
19290
19291
19292
19293
19294
19295
19296
19297
19298
19299
19300
19301
19302
19303
19304
19305
19306
19307
19308
19309
19310
19311
19312
19313
19314
19315
19316
19317
19318
19319
19320
19321
19322
19323
19324
19325
19326
19327
19328
19329
19330
19331
19332
19333
19334
19335
19336
19337
19338
19339
19340
19341
19342
19343
19344
19345
19346
19347
19348
19349
19350
19351
19352
19353
19354
19355
19356
19357
19358
19359
19360
19361
19362
19363
19364
19365
19366
19367
19368
19369
19370
19371
19372
19373
19374
19375
19376
19377
19378
19379
19380
19381
19382
19383
19384
19385
19386
19387
19388
19389
19390
19391
19392
19393
19394
19395
19396
19397
19398
19399
19400
19401
19402
19403
19404
19405
19406
19407
19408
19409
19410
19411
19412
19413
19414
19415
19416
19417
19418
19419
19420
19421
19422
19423
19424
19425
19426
19427
19428
19429
19430
19431
19432
19433
19434
19435
19436
19437
19438
19439
19440
19441
19442
19443
3059
19444
3060
19445
3061
19446
3062
19447
3063
19448
3064
19449
3065
19450
19451
19452
19453
19454
19455
19456
19457
19458
19459
19460
19461
19462
19463
19464
19465
3081
19466
3082
19467
3083
19468
3084
19469
3085
19470
3086
19471
3087
19472
3088
19473
19474
19475
19476
19477
19478
19479
19480
19481
19482
19483
19484
19485
19486
19487
19488
3104
19489
3105
19490
3106
19491
3107
19492
3108
19493
3109
19494
3110
19495
3111
19496
3112
19497
19498
19499
19500
19501
19502
19503
19504
19505
19506
19507
19508
19509
19510
19511
19512
3128
19513
3129
19514
3130
19515
3131
19516
3132
19517
3133
19518
3134
19519
3135
19520
3136
19521
3137
19522
19523
19524
19525
19526
19527
19528
19529
19530
19531
19532
19533
19534
19535
19536
19537
3153
19538
3154
19539
3155
19540
3156
19541
3157
19542
3158
19543
3159
19544
3160
19545
3161
19546
3162
19547
3163
19548
19549
19550
19551
19552
19553
19554
19555
19556
19557
19558
19559
19560
19561
19562
19563
19564
19565
19566
19567
19568
19569
19570
19571
19572
19573
19574
19575
19576
19577
19578
19579
19580
19581
19582
19583
19584
19585
19586
19587
19588
19589
19590
19591
19592
19593
19594
19595
19596
19597
19598
19599
19600
19601
19602
19603
19604
19605
19606
19607
19608
19609
19610
19611
19612
19613
19614
19615
19616
19617
19618
19619
19620
19621
19622
19623
19624
19625
19626
19627
19628
19629
19630
19631
19632
19633
19634
19635
19636
19637
19638
19639
19640
19641
19642
19643
19644
19645
19646
19647
19648
19649
19650
19651
19652
19653
19654
19655
19656
19657
19658
19659
19660
19661
19662
19663
19664
19665
19666
19667
19668
19669
19670
19671
19672
19673
19674
19675
19676
19677
19678
19679
19680
19681
19682
19683
19684
19685
19686
19687
19688
19689
19690
19691
19692
19693
19694
19695
19696
19697
19698
19699
19700
19701
19702
19703
19704
19705
19706
19707
19708
19709
19710
19711
19712
19713
19714
19715
19716
19717
19718
19719
19720
19721
19722
19723
19724
19725
19726
19727
19728
19729
19730
19731
19732
19733
19734
19735
19736
19737
19738
19739
19740
19741
19742
19743
19744
19745
19746
19747
19748
19749
19750
19751
19752
19753
19754
19755
19756
19757
19758
19759
19760
3376
19761
3377
19762
3378
19763
3379
19764
3380
19765
3381
19766
3382
19767
3383
19768
19769
19770
19771
19772
19773
19774
19775
19776
19777
19778
19779
19780
19781
19782
19783
3399
19784
3400
19785
3401
19786
3402
19787
3403
19788
3404
19789
3405
19790
3406
19791
3407
19792
19793
19794
19795
19796
19797
19798
19799
19800
19801
19802
19803
19804
19805
19806
19807
3423
19808
3424
19809
3425
19810
3426
19811
3427
19812
3428
19813
3429
19814
3430
19815
3431
19816
3432
19817
19818
19819
19820
19821
19822
19823
19824
19825
19826
19827
19828
19829
19830
19831
19832
3448
19833
3449
19834
3450
19835
3451
19836
3452
19837
3453
19838
3454
19839
3455
19840
3456
19841
3457
19842
3458
19843
19844
19845
19846
19847
19848
19849
19850
19851
19852
19853
19854
19855
19856
19857
19858
3474
19859
3475
19860
3476
19861
3477
19862
3478
19863
3479
19864
3480
19865
3481
19866
3482
19867
3483
19868
3484
19869
3485
19870
19871
19872
19873
19874
19875
19876
19877
19878
19879
19880
19881
19882
19883
19884
19885
19886
19887
19888
19889
19890
19891
19892
19893
19894
19895
19896
19897
19898
19899
19900
19901
19902
19903
19904
19905
19906
19907
19908
19909
19910
19911
19912
19913
19914
19915
19916
19917
19918
19919
19920
19921
19922
19923
19924
19925
19926
19927
19928
19929
19930
19931
19932
19933
19934
19935
19936
19937
19938
19939
19940
19941
19942
19943
19944
19945
19946
19947
19948
19949
19950
19951
19952
19953
19954
19955
19956
19957
19958
19959
19960
19961
19962
19963
19964
19965
19966
19967
19968
19969
19970
19971
19972
19973
19974
19975
19976
19977
19978
19979
19980
19981
19982
19983
19984
19985
19986
19987
19988
19989
19990
19991
19992
19993
19994
19995
19996
19997
19998
19999
3705
3706
3707
3708
3709
3710
3711
3712
3713
3729
3730
3731
3732
3733
3734
3735
3736
3737
3738
3754
3755
3756
3757
3758
3759
3760
3761
3762
3763
3764
3780
3781
3782
3783
3784
3785
3786
3787
3788
3789
3790
3791
3807
3808
3809
3810
3811
3812
3813
3814
3815
3816
3817
3818
3819
4045
4046
4047
4048
4049
4050
4051
4052
4053
4054
4070
4071
4072
4073
4074
4075
4076
4077
4078
4079
4080
4096
4097
4098
4099
4100
4101
4102
4103
4104
4105
4106
4107
4123
4124
4125
4126
4127
4128
4129
4130
4131
4132
4133
4134
4135
4151
4152
4153
4154
4155
4156
4157
4158
4159
4160
4161
4162
4163
4164
4395
4396
4397
4398
4399
4400
4401
4402
4403
4404
4405
4421
4422
4423
4424
4425
4426
4427
4428
4429
4430
4431
4432
4448
4449
4450
4451
4452
4453
4454
4455
4456
4457
4458
4459
4460
4476
4477
4478
4479
4480
4481
4482
4483
4484
4485
4486
4487
4488
4489
4505
4506
4507
4508
4509
4510
4511
4512
4513
4514
4515
4516
4517
4518
4519
4589
4740
4756
4757
4758
4759
4760
4761
4762
4763
4764
4765
4766
4767
4783
4784
4785
4786
4787
4788
4789
4790
4791
4792
4793
4794
4795
4811
4812
4813
4814
4815
4816
4817
4818
4819
4820
4821
4822
4823
4824
4840
4841
4842
4843
4844
4845
4846
4847
4848
4849
4850
4851
4852
4853
4854
4870
4871
4872
4873
4874
4875
4876
4877
4878
4879
4880
4881
4882
4883
4884
4942
4958
4959
5095
5111
5112
5128
5129
5130
5131
5132
5133
5134
5135
5136
5137
5138
5139
5140
5156
5157
5158
5159
5160
5161
5162
5163
5164
5165
5166
5167
5168
5169
5185
5186
5187
5188
5189
5190
5191
5192
5193
5194
5195
5196
5197
5198
5199
5215
5216
5217
5218
5219
5220
5221
5222
5223
5224
5225
5226
5227
5228
5229
5245
5246
5247
5248
5249
5250
5251
5252
5253
5254
5255
5256
5257
5258
5259
5304
5320
5321
5337
5338
5339
5460
5476
5477
5493
5494
5495
5511
5512
5513
5514
5515
5516
5517
5518
5519
5520
5521
5522
5523
5524
5540
5541
5542
5543
5544
5545
5546
5547
5548
5549
5550
5551
5552
5553
5554
5570
5571
5572
5573
5574
5575
5576
5577
5578
5579
5580
5581
5582
5583
5584
5600
5601
5602
5603
5604
5605
5606
5607
5608
5609
5610
5611
5612
5613
5614
5630
5631
5632
5633
5634
5635
5636
5637
5638
5639
5640
5641
5642
5643
5644
5675
5691
5692
5708
5709
5710
5726
5727
5728
5729
5835
5851
5852
5868
5869
5870
5886
5887
5888
5889
5905
5906
5907
5908
5909
5910
5911
5912
5913
5914
5915
5916
5917
5918
5919
5935
5936
5937
5938
5939
5940
5941
5942
5943
5944
5945
5946
5947
5948
5949
5965
5966
5967
5968
5969
5970
5971
5972
5973
5974
5975
5976
5977
5978
5979
5995
5996
5997
5998
5999
6000
6001
6002
6003
6004
6005
6006
6007
6008
6009
6025
6026
6027
6028
6029
6030
6031
6032
6033
6034
6035
6036
6037
6038
6039
6055
6071
6072
6088
6089
6090
6106
6107
6108
6109
6125
6126
6127
6128
6129
6220
6236
6237
6253
6254
6255
6271
6272
6273
6274
6290
6291
6292
6293
6294
6310
6311
6312
6313
6314
6315
6316
6317
6318
6319
6320
6321
6322
6323
6324
6340
6341
6342
6343
6344
6345
6346
6347
6348
6349
6350
6351
6352
6353
6354
6370
6371
6372
6373
6374
6375
6376
6377
6378
6379
6380
6381
6382
6383
6384
6400
6401
6402
6403
6404
6405
6406
6407
6408
6409
6410
6411
6412
6413
6414
6430
6431
6432
6433
6434
6435
6436
6437
6438
6439
6440
6441
6442
6443
6444
6460
6461
6477
6478
6479
6495
6496
6497
6498
6514
6515
6516
6517
6518
6534
6535
6536
6537
6538
6539
6615
6631
6632
6648
6649
6650
6666
6667
6668
6669
6685
6686
6687
6688
6689
6705
6706
6707
6708
6709
6725
6726
6727
6728
6729
6730
6731
6732
6733
6734
6735
6736
6737
6738
6739
6755
6756
6757
6758
6759
6760
6761
6762
6763
6764
6765
6766
6767
6768
6769
6785
6786
6787
6788
6789
6790
6791
6792
6793
6794
6795
6796
6797
6798
6799
6815
6816
6817
6818
6819
6820
6821
6822
6823
6824
6825
6826
6827
6828
6829
6845
6846
6847
6848
6849
6850
6851
6852
6853
6854
6855
6856
6857
6858
6859
6875
6876
6877
6893
6894
6895
6896
6912
6913
6914
6915
6916
6932
6933
6934
6935
6936
6937
6953
6954
6955
6956
6957
6958
6959
7020
7036
7037
7053
7054
7055
7071
7072
7073
7074
7090
7091
7092
7093
7094
7110
7111
7112
7113
7114
7130
7131
7132
7133
7134
7150
7151
7152
7153
7154
7155
7156
7157
7158
7159
7160
7161
7162
7163
7164
7180
7181
7182
7183
7184
7185
7186
7187
7188
7189
7190
7191
7192
7193
7194
7210
7211
7212
7213
7214
7215
7216
7217
7218
7219
7220
7221
7222
7223
7224
7240
7241
7242
7243
7244
7245
7246
7247
7248
7249
7250
7251
7252
7253
7254
7270
7271
7272
7273
7274
7275
7276
7277
7278
7279
7280
7281
7282
7283
7284
7300
7301
7302
7303
7319
7320
7321
7322
7323
7339
7340
7341
7342
7343
7344
7360
7361
7362
7363
7364
7365
7366
7382
7383
7384
7385
7386
7387
7388
7389
7435
7451
7452
7468
7469
7470
7486
7487
7488
7489
7505
7506
7507
7508
7509
7525
7526
7527
7528
7529
7545
7546
7547
7548
7549
7565
7566
7567
7568
7569
7585
7586
7587
7588
7589
7590
7591
7592
7593
7594
7595
7596
7597
7598
7599
7615
7616
7617
7618
7619
7620
7621
7622
7623
7624
7625
7626
7627
7628
7629
7645
7646
7647
7648
7649
7650
7651
7652
7653
7654
7655
7656
7657
7658
7659
7675
7676
7677
7678
7679
7680
7681
7682
7683
7684
7685
7686
7687
7688
7689
7705
7706
7707
7708
7709
7710
7711
7712
7713
7714
7715
7716
7717
7718
7719
7735
7736
7737
7738
7739
7755
7756
7757
7758
7759
7760
7776
7777
7778
7779
7780
7781
7782
7798
7799
7800
7801
7802
7803
7804
7805
7821
7822
7823
7824
7825
7826
7827
7828
7829
7860
7876
7877
7893
7894
7895
7911
7912
7913
7914
7930
7931
7932
7933
7934
7950
7951
7952
7953
7954
7970
7971
7972
7973
7974
7990
7991
7992
7993
7994
8010
8011
8012
8013
8014
8030
8031
8032
8033
8034
8035
8036
8037
8038
8039
8040
8041
8042
8043
8044
8060
8061
8062
8063
8064
8065
8066
8067
8068
8069
8070
8071
8072
8073
8074
8090
8091
8092
8093
8094
8095
8096
8097
8098
8099
8100
8101
8102
8103
8104
8120
8121
8122
8123
8124
8125
8126
8127
8128
8129
8130
8131
8132
8133
8134
8150
8151
8152
8153
8154
8155
8156
8157
8158
8159
8160
8161
8162
8163
8164
8180
8181
8182
8183
8184
8185
8201
8202
8203
8204
8205
8206
8207
8223
8224
8225
8226
8227
8228
8229
8230
8246
8247
8248
8249
8250
8251
8252
8253
8254
8270
8271
8272
8273
8274
8275
8276
8277
8278
8279
8295
8311
8312
8328
8329
8330
8346
8347
8348
8349
8365
8366
8367
8368
8369
8385
8386
8387
8388
8389
8405
8406
8407
8408
8409
8425
8426
8427
8428
8429
8445
8446
8447
8448
8449
8465
8466
8467
8468
8469
8485
8486
8487
8488
8489
8490
8491
8492
8493
8494
8495
8496
8497
8498
8499
8515
8516
8517
8518
8519
8520
8521
8522
8523
8524
8525
8526
8527
8528
8529
8545
8546
8547
8548
8549
8550
8551
8552
8553
8554
8555
8556
8557
8558
8559
8575
8576
8577
8578
8579
8580
8581
8582
8583
8584
8585
8586
8587
8588
8589
8605
8606
8607
8608
8609
8610
8611
8612
8613
8614
8615
8616
8617
8618
8619
8635
8636
8637
8638
8639
8640
8641
8657
8658
8659
8660
8661
8662
8663
8664
8680
8681
8682
8683
8684
8685
8686
8687
8688
8704
8705
8706
8707
8708
8709
8710
8711
8712
8713
8729
8730
8731
8732
8733
8734
8735
8736
8737
8738
8739
8755
8756
8772
8773
8774
8790
8791
8792
8793
8809
8810
8811
8812
8813
8829
8830
8831
8832
8833
8849
8850
8851
8852
8853
8869
8870
8871
8872
8873
8889
8890
8891
8892
8893
8909
8910
8911
8912
8913
8929
8930
8931
8932
8933
8949
8950
8951
8952
8953
8954
8955
8956
8957
8958
8959
8960
8961
8962
8963
8979
8980
8981
8982
8983
8984
8985
8986
8987
8988
8989
8990
8991
8992
8993
9009
9010
9011
9012
9013
9014
9015
9016
9017
9018
9019
9020
9021
9022
9023
9039
9040
9041
9042
9043
9044
9045
9046
9047
9048
9049
9050
9051
9052
9053
9068
9069
9070
9071
9072
9073
9074
9075
9076
9077
9078
9079
9080
9081
9082
9098
9099
9100
9101
9102
9103
9104
9105
9121
9122
9123
9124
9125
9126
9127
9128
9129
9145
9146
9147
9148
9149
9150
9151
9152
9153
9154
9170
9171
9172
9173
9174
9175
9176
9177
9178
9179
9180
9196
9197
9198
9199
9200
9201
9202
9203
9204
9205
9206
9207
9223
9224
9225
9241
9242
9243
9244
9260
9261
9262
9263
9264
9280
9281
9282
9283
9284
9300
9301
9302
9303
9304
9320
9321
9322
9323
9324
9340
9341
9342
9343
9344
9360
9361
9362
9363
9364
9380
9381
9382
9383
9384
9400
9401
9402
9403
9404
9420
9421
9422
9423
9424
9425
9426
9427
9428
9429
9430
9431
9432
9433
9434
9450
9451
9452
9453
9454
9455
9456
9457
9458
9459
9460
9461
9462
9463
9464
9480
9481
9482
9483
9484
9485
9486
9487
9488
9489
9490
9491
9492
9493
9494
9509
9510
9511
9512
9513
9514
9515
9516
9517
9518
9519
9520
9521
9522
9523
9537
9538
9539
9540
9541
9542
9543
9544
9545
9546
9547
9548
9549
9550
9551
9567
9568
9569
9570
9571
9572
9573
9574
9575
9591
9592
9593
9594
9595
9596
9597
9598
9599
9600
9616
9617
9618
9619
9620
9621
9622
9623
9624
9625
9626
9642
9643
9644
9645
9646
9647
9648
9649
9650
9651
9652
9653
9669
9670
9671
9672
9673
9674
9675
9676
9677
9678
9679
9680
9681
9697
9698
9699
9700
9716
9717
9718
9719
9720
9736
9737
9738
9739
9740
9756
9757
9758
9759
9760
9776
9777
9778
9779
9780
9796
9797
9798
9799
9800
9816
9817
9818
9819
9820
9836
9837
9838
9839
9840
9856
9857
9858
9859
9860
9876
9877
9878
9879
9880
9896
9897
9898
9899
9900
9901
9902
9903
9904
9905
9906
9907
9908
9909
9910
9926
9927
9928
9929
9930
9931
9932
9933
9934
9935
9936
9937
9938
9939
9940
9955
9956
9957
9958
9959
9960
9961
9962
9963
9964
9965
9966
9967
9968
9969
9983
9984
9985
9986
9987
9988
9989
9990
9991
9992
9993
9994
9995
9996
9997
10010
10011
10012
10013
10014
10015
10016
10017
10018
10019
10020
10021
10022
10023
10024
10040
10041
10042
10043
10044
10045
10046
10047
10048
10049
10065
10066
10067
10068
10069
10070
10071
10072
10073
10074
10075
10091
10092
10093
10094
10095
10096
10097
10098
10099
10100
10101
10102
10118
10119
10120
10121
10122
10123
10124
10125
10126
10127
10128
10129
10130
10146
10147
10148
10149
10150
10151
10152
10153
10154
10155
10156
10157
10158
10159
10175
10176
10177
10178
10179
10195
10196
10197
10198
10199
10215
10216
10217
10218
10219
10235
10236
10237
10238
10239
10255
10256
10257
10258
10259
10275
10276
10277
10278
10279
10295
10296
10297
10298
10299
10315
10316
10317
10318
10319
10335
10336
10337
10338
10339
10355
10356
10357
10358
10359
10375
10376
10377
10378
10379
10380
10381
10382
10383
10384
10385
10386
10387
10388
10389
10404
10405
10406
10407
10408
10409
10410
10411
10412
10413
10414
10415
10416
10417
10418
10432
10433
10434
10435
10436
10437
10438
10439
10440
10441
10442
10443
10444
10445
10446
10459
10460
10461
10462
10463
10464
10465
10466
10467
10468
10469
10470
10471
10472
10473
10485
10486
10487
10488
10489
10490
10491
10492
10493
10494
10495
10496
10497
10498
10499
10515
10516
10517
10518
10519
10520
10521
10522
10523
10524
10525
10541
10542
10543
10544
10545
10546
10547
10548
10549
10550
10551
10552
10568
10569
10570
10571
10572
10573
10574
10575
10576
10577
10578
10579
10580
10596
10597
10598
10599
10600
10601
10602
10603
10604
10605
10606
10607
10608
10609
10625
10626
10627
10628
10629
10630
10631
10632
10633
10634
10635
10636
10637
10638
10639
10655
10656
10657
10658
10659
10675
10676
10677
10678
10679
10695
10696
10697
10698
10699
10715
10716
10717
10718
10719
10735
10736
10737
10738
10739
10755
10756
10757
10758
10759
10775
10776
10777
10778
10779
10795
10796
10797
10798
10799
10815
10816
10817
10818
10819
10835
10836
10837
10838
10839
10854
10855
10856
10857
10858
10859
10860
10861
10862
10863
10864
10865
10866
10867
10868
10882
10883
10884
10885
10886
10887
10888
10889
10890
10891
10892
10893
10894
10895
10896
10909
10910
10911
10912
10913
10914
10915
10916
10917
10918
10919
10920
10921
10922
10923
10935
10936
10937
10938
10939
10940
10941
10942
10943
10944
10945
10946
10947
10948
10949
10960
10961
10962
10963
10964
10965
10966
10967
10968
10969
10970
10971
10972
10973
10974
10990
10991
10992
10993
10994
10995
10996
10997
10998
10999
11000
11001
11017
11018
11019
11020
11021
11022
11023
11024
11025
11026
11027
11028
11029
11045
11046
11047
11048
11049
11050
11051
11052
11053
11054
11055
11056
11057
11058
11074
11075
11076
11077
11078
11079
11080
11081
11082
11083
11084
11085
11086
11087
11088
11104
11105
11106
11107
11108
11109
11110
11111
11112
11113
11114
11115
11116
11117
11118
11134
11135
11136
11137
11138
11154
11155
11156
11157
11158
11174
11175
11176
11177
11178
11194
11195
11196
11197
11198
11214
11215
11216
11217
11218
11234
11235
11236
11237
11238
11254
11255
11256
11257
11258
11274
11275
11276
11277
11278
11294
11295
11296
11297
11298
11313
11314
11315
11316
11317
11331
11332
11333
11334
11335
11336
11337
11338
11339
11340
11341
11342
11343
11344
11345
11358
11359
11360
11361
11362
11363
11364
11365
11366
11367
11368
11369
11370
11371
11372
11384
11385
11386
11387
11388
11389
11390
11391
11392
11393
11394
11395
11396
11397
11398
11409
11410
11411
11412
11413
11414
11415
11416
11417
11418
11419
11420
11421
11422
11423
11433
11434
11435
11436
11437
11438
11439
11440
11441
11442
11443
11444
11445
11446
11447
11463
11464
11465
11466
11467
11468
11469
11470
11471
11472
11473
11474
11475
11491
11492
11493
11494
11495
11496
11497
11498
11499
11500
11501
11502
11503
11504
11520
11521
11522
11523
11524
11525
11526
11527
11528
11529
11530
11531
11532
11533
11534
11550
11551
11552
11553
11554
11555
11556
11557
11558
11559
11560
11561
11562
11563
11564
11580
11581
11582
11583
11584
11585
11586
11587
11588
11589
11590
11591
11592
11593
11594
11610
11611
11612
11613
11614
11630
11631
11632
11633
11634
11650
11651
11652
11653
11654
11670
11671
11672
11673
11674
11690
11691
11692
11693
11694
11710
11711
11712
11713
11714
11730
11731
11732
11733
11734
11750
11751
11752
11753
11754
11769
11770
11771
11772
11773
11787
11788
11789
11790
11791
11804
11805
11806
11807
11808
11809
11810
11811
11812
11813
11814
11815
11816
11817
11818
11830
11831
11832
11833
11834
11835
11836
11837
11838
11839
11840
11841
11842
11843
11844
11855
11856
11857
11858
11859
11860
11861
11862
11863
11864
11865
11866
11867
11868
11869
11879
11880
11881
11882
11883
11884
11885
11886
11887
11888
11889
11890
11891
11892
11893
11902
11903
11904
11905
11906
11907
11908
11909
11910
11911
11912
11913
11914
11915
11916
11932
11933
11934
11935
11936
11937
11938
11939
11940
11941
11942
11943
11944
11945
11961
11962
11963
11964
11965
11966
11967
11968
11969
11970
11971
11972
11973
11974
11975
11991
11992
11993
11994
11995
11996
11997
11998
11999
12000
12001
12002
12003
12004
12005
12021
12022
12023
12024
12025
12026
12027
12028
12029
12030
12031
12032
12033
12034
12035
12051
12052
12053
12054
12055
12056
12057
12058
12059
12060
12061
12062
12063
12064
12065
12081
12082
12083
12084
12085
12101
12102
12103
12104
12105
12121
12122
12123
12124
12125
12141
12142
12143
12144
12145
12161
12162
12163
12164
12165
12181
12182
12183
12184
12185
12201
12202
12203
12204
12205
12220
12221
12222
12223
12224
12238
12239
12240
12241
12242
12255
12256
12257
12258
12259
12271
12272
12273
12274
12275
12276
12277
12278
12279
12280
12281
12282
12283
12284
12285
12296
12297
12298
12299
12300
12301
12302
12303
12304
12305
12306
12307
12308
12309
12310
12320
12321
12322
12323
12324
12325
12326
12327
12328
12329
12330
12331
12332
12333
12334
12343
12344
12345
12346
12347
12348
12349
12350
12351
12352
12353
12354
12355
12356
12357
12365
12366
12367
12368
12369
12370
12371
12372
12373
12374
12375
12376
12377
12378
12379
12395
12396
12397
12398
12399
12400
12401
12402
12403
12404
12405
12406
12407
12408
12409
12425
12426
12427
12428
12429
12430
12431
12432
12433
12434
12435
12436
12437
12438
12439
12455
12456
12457
12458
12459
12460
12461
12462
12463
12464
12465
12466
12467
12468
12469
12485
12486
12487
12488
12489
12490
12491
12492
12493
12494
12495
12496
12497
12498
12499
12515
12516
12517
12518
12519
12520
12521
12522
12523
12524
12525
12526
12527
12528
12529
12545
12546
12547
12548
12549
12565
12566
12567
12568
12569
12585
12586
12587
12588
12589
12605
12606
12607
12608
12609
12625
12626
12627
12628
12629
12645
12646
12647
12648
12649
12664
12665
12666
12667
12668
12682
12683
12684
12685
12686
12699
12700
12701
12702
12703
12715
12716
12717
12718
12719
12730
12731
12732
12733
12734
12735
12736
12737
12738
12739
12740
12741
12742
12743
12744
12754
12755
12756
12757
12758
12759
12760
12761
12762
12763
12764
12765
12766
12767
12768
12777
12778
12779
12780
12781
12782
12783
12784
12785
12786
12787
12788
12789
12790
12791
12799
12800
12801
12802
12803
12804
12805
12806
12807
12808
12809
12810
12811
12812
12813
12820
12821
12822
12823
12824
12825
12826
12827
12828
12829
12830
12831
12832
12833
12834
12850
12851
12852
12853
12854
12855
12856
12857
12858
12859
12860
12861
12862
12863
12864
12880
12881
12882
12883
12884
12885
12886
12887
12888
12889
12890
12891
12892
12893
12894
12910
12911
12912
12913
12914
12915
12916
12917
12918
12919
12920
12921
12922
12923
12924
12940
12941
12942
12943
12944
12945
12946
12947
12948
12949
12950
12951
12952
12953
12954
12970
12971
12972
12973
12974
12975
12976
12977
12978
12979
12980
12981
12982
12983
12984
13000
13001
13002
13003
13004
13020
13021
13022
13023
13024
13040
13041
13042
13043
13044
13060
13061
13062
13063
13064
13080
13081
13082
13083
13084
13099
13100
13101
13102
13103
13117
13118
13119
13120
13121
13134
13135
13136
13137
13138
13150
13151
13152
13153
13154
13165
13166
13167
13168
13169
13179
13180
13181
13182
13183
13184
13185
13186
13187
13188
13189
13190
13191
13192
13193
13202
13203
13204
13205
13206
13207
13208
13209
13210
13211
13212
13213
13214
13215
13216
13224
13225
13226
13227
13228
13229
13230
13231
13232
13233
13234
13235
13236
13237
13238
13245
13246
13247
13248
13249
13250
13251
13252
13253
13254
13255
13256
13257
13258
13259
13265
13266
13267
13268
13269
13270
13271
13272
13273
13274
13275
13276
13277
13278
13279
13295
13296
13297
13298
13299
13300
13301
13302
13303
13304
13305
13306
13307
13308
13309
13325
13326
13327
13328
13329
13330
13331
13332
13333
13334
13335
13336
13337
13338
13339
13355
13356
13357
13358
13359
13360
13361
13362
13363
13364
13365
13366
13367
13368
13369
13385
13386
13387
13388
13389
13390
13391
13392
13393
13394
13395
13396
13397
13398
13399
13415
13416
13417
13418
13419
13420
13421
13422
13423
13424
13425
13426
13427
13428
13429
13445
13446
13447
13448
13449
13465
13466
13467
13468
13469
13485
13486
13487
13488
13489
13505
13506
13507
13508
13509
13524
13525
13526
13527
13528
13542
13543
13544
13545
13546
13559
13560
13561
13562
13563
13575
13576
13577
13578
13579
13590
13591
13592
13593
13594
13604
13605
13606
13607
13608
13617
13618
13619
13620
13621
13622
13623
13624
13625
13626
13627
13628
13629
13630
13631
13639
13640
13641
13642
13643
13644
13645
13646
13647
13648
13649
13650
13651
13652
13653
13660
13661
13662
13663
13664
13665
13666
13667
13668
13669
13670
13671
13672
13673
13674
13680
13681
13682
13683
13684
13685
13686
13687
13688
13689
13690
13691
13692
13693
13694
13699
13700
13701
13702
13703
13704
13705
13706
13707
13708
13709
13710
13711
13712
13713
13729
13730
13731
13732
13733
13734
13735
13736
13737
13738
13739
13740
13741
13742
13743
13759
13760
13761
13762
13763
13764
13765
13766
13767
13768
13769
13770
13771
13772
13773
13789
13790
13791
13792
13793
13794
13795
13796
13797
13798
13799
13800
13801
13802
13803
13819
13820
13821
13822
13823
13824
13825
13826
13827
13828
13829
13830
13831
13832
13833
13849
13850
13851
13852
13853
13854
13855
13856
13857
13858
13859
13860
13861
13862
13863
13879
13880
13881
13882
13883
13899
13900
13901
13902
13903
13919
13920
13921
13922
13923
13938
13939
13940
13941
13942
13956
13957
13958
13959
13960
13973
13974
13975
13976
13977
13989
13990
13991
13992
13993
14004
14005
14006
14007
14008
14018
14019
14020
14021
14022
14031
14032
14033
14034
14035
14043
14044
14045
14046
14047
14048
14049
14050
14051
14052
14053
14054
14055
14056
14057
14064
14065
14066
14067
14068
14069
14070
14071
14072
14073
14074
14075
14076
14077
14078
14084
14085
14086
14087
14088
14089
14090
14091
14092
14093
14094
14095
14096
14097
14098
14103
14104
14105
14106
14107
14108
14109
14110
14111
14112
14113
14114
14115
14116
14117
14121
14122
14123
14124
14125
14126
14127
14128
14129
14130
14131
14132
14133
14134
14135
14151
14152
14153
14154
14155
14156
14157
14158
14159
14160
14161
14162
14163
14164
14165
14181
14182
14183
14184
14185
14186
14187
14188
14189
14190
14191
14192
14193
14194
14195
14211
14212
14213
14214
14215
14216
14217
14218
14219
14220
14221
14222
14223
14224
14225
14241
14242
14243
14244
14245
14246
14247
14248
14249
14250
14251
14252
14253
14254
14255
14271
14272
14273
14274
14275
14276
14277
14278
14279
14280
14281
14282
14283
14284
14285
14301
14302
14303
14304
14305
14321
14322
14323
14324
14325
14340
14341
14342
14343
14344
14358
14359
14360
14361
14362
14375
14376
14377
14378
14379
14391
14392
14393
14394
14395
14406
14407
14408
14409
14410
14420
14421
14422
14423
14424
14433
14434
14435
14436
14437
14445
14446
14447
14448
14449
14456
14457
14458
14459
14460
14461
14462
14463
14464
14465
14466
14467
14468
14469
14470
14476
14477
14478
14479
14480
14481
14482
14483
14484
14485
14486
14487
14488
14489
14490
14495
14496
14497
14498
14499
14500
14501
14502
14503
14504
14505
14506
14507
14508
14509
14513
14514
14515
14516
14517
14518
14519
14520
14521
14522
14523
14524
14525
14526
14527
14530
14531
14532
14533
14534
14535
14536
14537
14538
14539
14540
14541
14542
14543
14544
14560
14561
14562
14563
14564
14565
14566
14567
14568
14569
14570
14571
14572
14573
14574
14590
14591
14592
14593
14594
14595
14596
14597
14598
14599
14600
14601
14602
14603
14604
14620
14621
14622
14623
14624
14625
14626
14627
14628
14629
14630
14631
14632
14633
14634
14650
14651
14652
14653
14654
14655
14656
14657
14658
14659
14660
14661
14662
14663
14664
14680
14681
14682
14683
14684
14685
14686
14687
14688
14689
14690
14691
14692
14693
14694
14710
14711
14712
14713
14714
14729
14730
14731
14732
14733
14747
14748
14749
14750
14751
14764
14765
14766
14767
14768
14780
14781
14782
14783
14784
14795
14796
14797
14798
14799
14809
14810
14811
14812
14813
14822
14823
14824
14825
14826
14834
14835
14836
14837
14838
14845
14846
14847
14848
14849
14855
14856
14857
14858
14859
14860
14861
14862
14863
14864
14865
14866
14867
14868
14869
14874
14875
14876
14877
14878
14879
14880
14881
14882
14883
14884
14885
14886
14887
14888
14892
14893
14894
14895
14896
14897
14898
14899
14900
14901
14902
14903
14904
14905
14906
14909
14910
14911
14912
14913
14914
14915
14916
14917
14918
14919
14920
14921
14922
14923
14925
14926
14927
14928
14929
14930
14931
14932
14933
14934
14935
14936
14937
14938
14939
14955
14956
14957
14958
14959
14960
14961
14962
14963
14964
14965
14966
14967
14968
14969
14985
14986
14987
14988
14989
14990
14991
14992
14993
14994
14995
14996
14997
14998
14999
15015
15016
15017
15018
15019
15020
15021
15022
15023
15024
15025
15026
15027
15028
15029
15045
15046
15047
15048
15049
15050
15051
15052
15053
15054
15055
15056
15057
15058
15059
15075
15076
15077
15078
15079
15080
15081
15082
15083
15084
15085
15086
15087
15088
15089
15104
15105
15106
15107
15108
15122
15123
15124
15125
15126
15139
15140
15141
15142
15143
15155
15156
15157
15158
15159
15170
15171
15172
15173
15174
15184
15185
15186
15187
15188
15197
15198
15199
15200
15201
15209
15210
15211
15212
15213
15220
15221
15222
15223
15224
15230
15231
15232
15233
15234
15239
15240
15241
15242
15243
15244
15245
15246
15247
15248
15249
15250
15251
15252
15253
15257
15258
15259
15260
15261
15262
15263
15264
15265
15266
15267
15268
15269
15270
15271
15274
15275
15276
15277
15278
15279
15280
15281
15282
15283
15284
15285
15286
15287
15288
15290
15291
15292
15293
15294
15295
15296
15297
15298
15299
15300
15301
15302
15303
15304
15305
15306
15307
15308
15309
15310
15311
15312
15313
15314
15315
15316
15317
15318
15319
15335
15336
15337
15338
15339
15340
15341
15342
15343
15344
15345
15346
15347
15348
15349
15365
15366
15367
15368
15369
15370
15371
15372
15373
15374
15375
15376
15377
15378
15379
15395
15396
15397
15398
15399
15400
15401
15402
15403
15404
15405
15406
15407
15408
15409
15425
15426
15427
15428
15429
15430
15431
15432
15433
15434
15435
15436
15437
15438
15439
15454
15455
15456
15457
15458
15459
15460
15461
15462
15463
15464
15465
15466
15467
15468
15482
15483
15484
15485
15486
15499
15500
15501
15502
15503
15515
15516
15517
15518
15519
15530
15531
15532
15533
15534
15544
15545
15546
15547
15548
15557
15558
15559
15560
15561
15569
15570
15571
15572
15573
15580
15581
15582
15583
15584
15590
15591
15592
15593
15594
15599
15600
15601
15602
15603
15607
15608
15609
15610
15611
15612
15613
15614
15615
15616
15617
15618
15619
15620
15621
15624
15625
15626
15627
15628
15629
15630
15631
15632
15633
15634
15635
15636
15637
15638
15640
15641
15642
15643
15644
15645
15646
15647
15648
15649
15650
15651
15652
15653
15654
15655
15656
15657
15658
15659
15660
15661
15662
15663
15664
15665
15666
15667
15668
15669
15670
15671
15672
15673
15674
15675
15676
15677
15678
15679
15680
15681
15682
15683
15699
15700
15701
15702
15703
15704
15705
15706
15707
15708
15709
15710
15711
15712
15713
15729
15730
15731
15732
15733
15734
15735
15736
15737
15738
15739
15740
15741
15742
15743
15759
15760
15761
15762
15763
15764
15765
15766
15767
15768
15769
15770
15771
15772
15773
15788
15789
15790
15791
15792
15793
15794
15795
15796
15797
15798
15799
15800
15801
15802
15816
15817
15818
15819
15820
15821
15822
15823
15824
15825
15826
15827
15828
15829
15830
15843
15844
15845
15846
15847
15859
15860
15861
15862
15863
15874
15875
15876
15877
15878
15888
15889
15890
15891
15892
15901
15902
15903
15904
15905
15913
15914
15915
15916
15917
15924
15925
15926
15927
15928
15934
15935
15936
15937
15938
15943
15944
15945
15946
15947
15951
15952
15953
15954
15955
15958
15959
15960
15961
15962
15963
15964
15965
15966
15967
15968
15969
15970
15971
15972
15974
15975
15976
15977
15978
15979
15980
15981
15982
15983
15984
15985
15986
15987
15988
15989
15990
15991
15992
15993
15994
15995
15996
15997
15998
15999
16000
16001
16002
16003
16004
16005
16006
16007
16008
16009
16010
16011
16012
16013
16014
16015
16016
16017
16018
16019
16020
16021
16022
16023
16024
16025
16026
16027
16028
16029
16030
16046
16047
16048
16049
16050
16051
16052
16053
16054
16055
16056
16057
16058
16059
16060
16076
16077
16078
16079
16080
16081
16082
16083
16084
16085
16086
16087
16088
16089
16090
16105
16106
16107
16108
16109
16110
16111
16112
16113
16114
16115
16116
16117
16118
16119
16133
16134
16135
16136
16137
16138
16139
16140
16141
16142
16143
16144
16145
16146
16147
16160
16161
16162
16163
16164
16165
16166
16167
16168
16169
16170
16171
16172
16173
16174
16186
16187
16188
16189
16190
16201
16202
16203
16204
16205
16215
16216
16217
16218
16219
16228
16229
16230
16231
16232
16240
16241
16242
16243
16244
16251
16252
16253
16254
16255
16261
16262
16263
16264
16265
16270
16271
16272
16273
16274
16278
16279
16280
16281
16282
16285
16286
16287
16288
16289
16291
16292
16293
16294
16295
16296
16297
16298
16299
16300
16301
16302
16303
16304
16305
16306
16307
16308
16309
16310
16311
16312
16313
16314
16315
16316
16317
16318
16319
16320
16321
16322
16323
16324
16325
16326
16327
16328
16329
16330
16331
16332
16333
16334
16335
16336
16337
16338
16339
16340
16341
16342
16343
16344
16345
16346
16347
16348
16349
16350
16351
16352
16353
16354
16355
16356
16357
16358
16359
16375
16376
16377
16378
16379
16380
16381
16382
16383
)


// ************************************************************************* //
