/*--------------------------------*- C++ -*----------------------------------*\
| =========                 |                                                 |
| \\      /  F ield         | OpenFOAM: The Open Source CFD Toolbox           |
|  \\    /   O peration     | Version:  2306                                  |
|   \\  /    A nd           | Website:  www.openfoam.com                      |
|    \\/     M anipulation  |                                                 |
\*---------------------------------------------------------------------------*/
FoamFile
{
    version     2.0;
    format      ascii;
    arch        "LSB;label=32;scalar=64";
    class       volScalarField;
    location    "0.9/phiI";
    object      act;
}
// * * * * * * * * * * * * * * * * * * * * * * * * * * * * * * * * * * * * * //

dimensions      [0 0 0 0 0 0 0];

internalField   nonuniform List<scalar> 
12000
(
0
0
0
0
0
0
0
0
0
0
0
0
0
0
0
0
0
0
0
0
0
0
0
0
0
0
0
0
0
0
0
0
0
0
0
0
0
0
0
0
0
0
0
0
0
0
0
0
0
0
0
0
0
0
0
0
0
0
0
0
0
0
0
0
0
0
0
0
0
0
0
0
0
0
0
0
0
0
0
0
0
0
0
0
0
0
0
0
0
0
0
0
0
0
0
0
0
0
0
0
0
0
0
0
0
0
0
0
0
0
0
0
0
0
0
0
0
0
0
0
0
0
0
0
0
0
0
0
0
0
0
0
0
0
0
0
0
0
0
0
0
0
0
0
0
0
0
0
0
0
0
0
0
0
0
0
0
0
0
0
0
0
0
0
0
0
0
0
0
0
0
0
0
0
0
0
0
0
0
0
0
0
0
0
0
0
0
0
0
0
0
0
0
0
0
0
0
0
0
0
0
0
0
0
0
0
0
0
0
0
0
0
0
0
0
0
0
0
0
0
0
0
0
0
0
0
0
0
0
0
0
0
0
0
0
0
0
0
0
0
0
0
0
0
0
0
0
0
0
0
0
0
0
0
0
0
0
0
0
0
0
0
0
0
0
0
0
0
0
0
0
0
0
0
0
0
0
0
0
0
0
0
0
0
0
0.0001025145
0
0
0
0
0
0
0
0
0
0
0
0
0
0
0
0
0
0
0
0
0
0
0
0
0
0
0
0
0
0
0
0
0
0
0
0
0
0
0
0
0
0
0
0
0
0
0
0
0
0
0
0
0
0
0
0
0
0
0
0
0
0
0
0
0
0.0001005405
0
0
0
0
0
0
0
0
0
0
0.0001317986
0.0001023826
0
0
0
0
0
0
0
0
0
0
0
0
0
0
0
0
0
0
0
0
0
0
0
0
0
0
0
0
0
0
0
0
0
0
0
0
0
0
0
0
0
0
0
0
0
0
0
0
0
0
0
0
0
0
0
0
0
0
0
0
0
0
0
0
0
9.660846e-05
0
0
0
0
0
0
0
0
0
0
0.0001302342
0.0001004077
0
0
0
0
0
0
0
0
0
0
0.0001644867
0.0001316751
0.0001021212
0
0
0
0
0
0
0
0
0
0
0
0
0
0
0
0
0
0
0
0
0
0
0
0
0
0
0
0
0
0
0
0
0
0
0
0
0
0
0
0
0
0
0
0
0
0
0
0
0
0
0
0
0
0
0
0
0
0
0
0
0
0
0
0
0
9.082837e-05
0
0
0
0
0
0
0
0
0
0
0.0001271204
9.647369e-05
0
0
0
0
0
0
0
0
0
0
0.0001630755
0.0001301101
0.0001001446
0
0
0
0
0
0
0
0
0
0
0.0001962872
0.0001643706
0.0001314296
0.000101749
0
0
0
0
0
0
0
0
0
0
0
0
0
0
0
0
0
0
0
0
0
0
0
0
0
0
0
0
0
0
0
0
0
0
0
0
0
0
0
0
0
0
0
0
0
0
0
0
0
0
0
0
0
0
0
0
0
0
0
0
0
0
0
0
0
8.362194e-05
0
0
0
0
0
0
0
0
0
0
0.0001225438
9.069029e-05
0
0
0
0
0
0
0
0
0
0
0.000160266
0.000126995
9.620688e-05
0
0
0
0
0
0
0
0
0
0
0.0001949689
0.0001629589
0.0001298633
9.976987e-05
0
0
0
0
0
0
0
0
0
0
0.000226692
0.0001961773
0.0001641391
0.0001310812
0.0001012272
0
0
0
0
0
0
0
0
0
0
0
0
0
0
0
0
0
0
0
0
0
0
0
0
0
0
0
0
0
0
0
0
0
0
0
0
0
0
0
0
0
0
0
0
0
0
0
0
0
0
0
0
0
0
0
0
0
0
0
0
0
0
0
0
0
7.616923e-05
0
0
0
0
0
0
0
0
0
0
0.000116834
8.34785e-05
0
0
0
0
0
0
0
0
0
0
0.0001561323
0.0001224162
9.041718e-05
0
0
0
0
0
0
0
0
0
0
0.0001923453
0.0001601484
0.0001267458
9.582664e-05
0
0
0
0
0
0
0
0
0
0
0.0002254475
0.0001948586
0.0001627264
0.0001295132
9.92449e-05
0
0
0
0
0
0
0
0
0
0
0.0002557166
0.0002265875
0.0001959576
0.0001638116
0.0001305875
0
0
0
0
0
0
0
0
0
0
0
0
0
0
0
0
0
0
0
0
0
0
0
0
0
0
0
0
0
0
0
0
0
0
0
0
0
0
0
0
0
0
0
0
0
0
0
0
0
0
0
0
0
0
0
0
0
0
0
0
0
0
0
0
0
7.071782e-05
0
0
0
0
0
0
0
0
0
0
0.0001108983
7.601848e-05
0
0
0
0
0
0
0
0
0
0
0.0001509689
0.000116703
8.31951e-05
0
0
0
0
0
0
0
0
0
0
0.0001884852
0.0001560129
0.0001221628
9.002757e-05
0
0
0
0
0
0
0
0
0
0
0.0002229717
0.0001922341
0.0001599138
0.000126392
9.529491e-05
0
0
0
0
0
0
0
0
0
0
0.0002545359
0.0002253427
0.0001946381
0.0001623976
0.0001290173
0
0
0
0
0
0
0
0
0
0
0.0002834582
0.0002556169
0.0002263781
0.0001956477
0.0001633432
0
0
0
0
0
0
0
0
0
0
0
0
0
0
0
0
0
0
0
0
0
0
0
0
0
0
0
0
0
0
0
0
0
0
0
0
0
0
0
0
0
0
0
0
0
0
0
0
0
0
0
0
0
0
0
0
0
0
0
0
0
0
0
0
0
6.730113e-05
0
0
0
0
0
0
0
0
0
0
0.0001065
7.056415e-05
0
0
0
0
0
0
0
0
0
0
0.0001455891
0.0001107626
7.572093e-05
0
0
0
0
0
0
0
0
0
0
0.0001836645
0.0001508467
0.0001164429
8.27901e-05
0
0
0
0
0
0
0
0
0
0
0.0002193297
0.0001883725
0.0001557749
0.0001218029
8.948425e-05
0
0
0
0
0
0
0
0
0
0
0.0002521875
0.000222866
0.0001920118
0.000159582
0.0001258914
0
0
0
0
0
0
0
0
0
0
0.0002823341
0.0002544358
0.0002251325
0.000194327
0.0001619273
0
0
0
0
0
0
0
0
0
0
0.000310014
0.0002833628
0.0002554168
0.0002260834
0.000195201
0
0
0
0
0
0
0
0
0
0
0
0
0
0
0
0
0
0
0
0
0
0
0
0
0
0
0
0
0
0
0
0
0
0
0
0
0
0
0
0
0
0
0
0
0
0
0
0
0
0
0
0
0
0
0
0
0
0
0
0
0
0
0
0
0
6.537489e-05
0
0
0
0
0
0
0
0
0
0
0.0001036903
6.714659e-05
0
0
0
0
0
0
0
0
0
0
0.0001415981
0.0001063629
7.026118e-05
0
0
0
0
0
0
0
0
0
0
0.0001786395
0.0001454631
0.0001104933
7.529472e-05
0
0
0
0
0
0
0
0
0
0
0.0002147831
0.0001835493
0.0001506032
0.000116073
8.222758e-05
0
0
0
0
0
0
0
0
0
0
0.0002487338
0.0002192227
0.0001881472
0.0001554381
0.0001212945
0
0
0
0
0
0
0
0
0
0
0.000280099
0.0002520868
0.0002226543
0.0001916982
0.0001591079
0
0
0
0
0
0
0
0
0
0
0.0003089411
0.0002822384
0.000254235
0.0002248367
0.0001938787
0
0
0
0
0
0
0
0
0
0
0.0003354735
0.0003099226
0.000283171
0.0002551356
0.000225656
0
0
0
0
0
0
0
0
0
0
0
0
0
0
0
0
0
0
0
0
0
0
0
0
0
0
0
0
0
0
0
0
0
0
0
0
0
0
0
0
0
0
0
0
0
0
0
0
0
0
0
0
0
0
0
0
0
0
0
0
0
0
0
0
0
6.451186e-05
0
0
0
0
0
0
0
0
0
0
0.0001020768
6.522006e-05
0
0
0
0
0
0
0
0
0
0
0.0001390413
0.0001035533
6.684221e-05
0
0
0
0
0
0
0
0
0
0
0.000174912
0.000141471
0.0001060911
6.98268e-05
0
0
0
0
0
0
0
0
0
0
0.0002100433
0.0001785208
0.0001452119
0.0001101097
7.470538e-05
0
0
0
0
0
0
0
0
0
0
0.0002444237
0.0002146738
0.0001833191
0.0001502583
0.0001155519
0
0
0
0
0
0
0
0
0
0
0.0002768124
0.0002486318
0.0002190083
0.0001878293
0.0001549575
0
0
0
0
0
0
0
0
0
0
0.0003068083
0.0002800026
0.0002518845
0.0002223563
0.0001912465
0
0
0
0
0
0
0
0
0
0
0.0003344473
0.0003088494
0.000282046
0.0002539528
0.0002244079
0
0
0
0
0
0
0
0
0
0
0.0003599146
0.0003353857
0.0003097386
0.0002829021
0.0002547258
0
0
0
0
0
0
0
0
0
0
0
0
0
0
0
0
0
0
0
0
0
0
0
0
0
0
0
0
0
0
0
0
0
0
0
0
0
0
0
0
0
0
0
0
0
0
0
0
0
0
0
0
0
0
0
0
0
0
0
0
0
0
0
0
6.451186e-05
0
0
0
0
0
0
0
0
0
0
0.0001013437
6.435693e-05
0
0
0
0
0
0
0
0
0
0
0.0001375692
0.0001019399
6.491532e-05
0
0
0
0
0
0
0
0
0
0
0.0001725219
0.0001389145
0.0001032816
6.640566e-05
0
0
0
0
0
0
0
0
0
0
0.0002065285
0.0001747927
0.0001412182
0.0001057036
6.922795e-05
0
0
0
0
0
0
0
0
0
0
0.0002399303
0.0002099309
0.0001782839
0.0001448556
0.0001095709
0
0
0
0
0
0
0
0
0
0
0.0002727121
0.0002443196
0.0002144551
0.0001829941
0.000149767
0
0
0
0
0
0
0
0
0
0
0.0003036726
0.0002767149
0.0002484271
0.0002187065
0.0001873719
0
0
0
0
0
0
0
0
0
0
0.0003324078
0.000306716
0.000279809
0.0002516003
0.0002219244
0
0
0
0
0
0
0
0
0
0
0.0003589315
0.0003343592
0.0003086648
0.0002817761
0.0002535417
0
0
0
0
0
0
0
0
0
0
0.0003834066
0.0003598301
0.0003352088
0.0003094808
0.0002825084
0
0
0
0
0
0
0
0
0
0
0
0
0
0
0
0
0
0
0
0
0
0
0
0
0
0
0
0
0
0
0
0
0
0
0
0
0
0
0
0
0
0
0
0
0
0
0
0
0
0
0
0
0
0
0
0
0
0
0
0
0
0
6.537489e-05
0
0
0
0
0
0
0
0
0
0
0.0001013437
6.435693e-05
0
0
0
0
0
0
0
0
0
0
0.000136899
0.000101207
6.405208e-05
0
0
0
0
0
0
0
0
0
0
0.0001711447
0.0001374428
0.0001016687
6.44782e-05
0
0
0
0
0
0
0
0
0
0
0.0002042736
0.0001724028
0.0001386622
0.0001028942
6.580488e-05
0
0
0
0
0
0
0
0
0
0
0.0002365996
0.0002064155
0.0001745544
0.0001408593
0.0001051604
0
0
0
0
0
0
0
0
0
0
0.0002684376
0.0002398233
0.0002097059
0.0001779488
0.0001443495
0
0
0
0
0
0
0
0
0
0
0.0002997615
0.0002726126
0.0002441109
0.0002141467
0.0001825273
0
0
0
0
0
0
0
0
0
0
0.0003294097
0.0003035792
0.000276519
0.0002481395
0.0002182695
0
0
0
0
0
0
0
0
0
0
0.0003569778
0.0003323191
0.0003065302
0.0002795372
0.0002511864
0
0
0
0
0
0
0
0
0
0
0.0003824633
0.0003588467
0.0003341818
0.0003084062
0.0002813813
0
0
0
0
0
0
0
0
0
0
0.0004060105
0.0003833253
0.00035966
0.0003349613
0.0003091022
0
0
0
0
0
0
0
0
0
0
0
0
0
0
0
0
0
0
0
0
0
0
0
0
0
0
0
0
0
0
0
0
0
0
0
0
0
0
0
0
0
0
0
0
0
0
0
0
0
0
0
0
0
0
0
0
0
0
0
6.730113e-05
0
0
0
0
0
0
0
0
0
0
0.0001020768
6.522006e-05
0
0
0
0
0
0
0
0
0
0
0.000136899
0.000101207
6.405208e-05
0
0
0
0
0
0
0
0
0
0
0.0001705172
0.0001367727
0.0001009361
6.361478e-05
0
0
0
0
0
0
0
0
0
0
0.0002029739
0.000171026
0.0001371912
0.0001012821
6.387724e-05
0
0
0
0
0
0
0
0
0
0
0.0002344623
0.0002041609
0.0001721653
0.000138304
0.0001023516
0
0
0
0
0
0
0
0
0
0
0.0002652702
0.0002364921
0.0002061894
0.0001742173
0.0001403501
0
0
0
0
0
0
0
0
0
0
0.0002956844
0.0002683354
0.0002396089
0.0002093884
0.0001774687
0
0
0
0
0
0
0
0
0
0
0.000325671
0.0002996663
0.000272413
0.0002438173
0.0002137012
0
0
0
0
0
0
0
0
0
0
0.0003541062
0.00032932
0.0003033913
0.0002762441
0.0002477209
0
0
0
0
0
0
0
0
0
0
0.0003805891
0.0003568925
0.0003321406
0.0003062699
0.0002791399
0
0
0
0
0
0
0
0
0
0
0.0004051043
0.0003823817
0.0003586761
0.0003339336
0.0003080265
0
0
0
0
0
0
0
0
0
0
0.0004277809
0.0004059321
0.0003831613
0.000359422
0.0003345968
0
0
0
0
0
0
0
0
0
0
0
0
0
0
0
0
0
0
0
0
0
0
0
0
0
0
0
0
0
0
0
0
0
0
0
0
0
0
0
0
0
0
0
0
0
0
0
0
0
0
0
0
0
0
0
7.071782e-05
0
0
0
0
0
0
0
0
0
0
0.0001036903
6.714659e-05
0
0
0
0
0
0
0
0
0
0
0.0001375692
0.0001019399
6.491532e-05
0
0
0
0
0
0
0
0
0
0
0.0001705172
0.0001367727
0.0001009361
6.361478e-05
0
0
0
0
0
0
0
0
0
0
0.0002023814
0.0001703987
0.0001365216
0.0001005498
6.301387e-05
0
0
0
0
0
0
0
0
0
0
0.0002332302
0.0002028615
0.0001707892
0.0001368341
0.0001007407
0
0
0
0
0
0
0
0
0
0
0.0002632375
0.0002343551
0.0002039356
0.0001718291
0.0001377962
0
0
0
0
0
0
0
0
0
0
0.0002926644
0.0002651675
0.0002362767
0.0002058703
0.0001737348
0
0
0
0
0
0
0
0
0
0
0.0003217739
0.0002955866
0.0002681304
0.0002393068
0.0002089307
0
0
0
0
0
0
0
0
0
0
0.000350526
0.0003255797
0.0002994749
0.0002721326
0.0002433908
0
0
0
0
0
0
0
0
0
0
0.0003778345
0.00035402
0.0003291396
0.000303128
0.0002758424
0
0
0
0
0
0
0
0
0
0
0.000403304
0.000380507
0.0003567208
0.0003318908
0.0003058878
0
0
0
0
0
0
0
0
0
0
0.0004269093
0.0004050256
0.0003822173
0.0003584374
0.000333568
0
0
0
0
0
0
0
0
0
0
0.0004487665
0.0004277052
0.000405774
0.0003829323
0.0003590707
0
0
0
0
0
0
0
0
0
0
0
0
0
0
0
0
0
0
0
0
0
0
0
0
0
0
0
0
0
0
0
0
0
0
0
0
0
0
0
0
0
0
0
0
0
0
0
0
0
0
7.616923e-05
0
0
0
0
0
0
0
0
0
0
0.0001065
7.056415e-05
0
0
0
0
0
0
0
0
0
0
0.0001390413
0.0001035533
6.684221e-05
0
0
0
0
0
0
0
0
0
0
0.0001711447
0.0001374428
0.0001016687
6.44782e-05
0
0
0
0
0
0
0
0
0
0
0.0002023814
0.0001703987
0.0001365216
0.0001005498
6.301387e-05
0
0
0
0
0
0
0
0
0
0
0.0002326684
0.0002022693
0.0001701623
0.000136165
0.0001000092
0
0
0
0
0
0
0
0
0
0
0.0002620656
0.0002331233
0.000202637
0.0001704542
0.0001363279
0
0
0
0
0
0
0
0
0
0
0.0002907262
0.0002631351
0.0002341405
0.0002036176
0.0001713482
0
0
0
0
0
0
0
0
0
0
0.0003188882
0.0002925661
0.0002649617
0.0002359732
0.0002054106
0
0
0
0
0
0
0
0
0
0
0.0003467943
0.0003216801
0.0002953902
0.0002678421
0.000238869
0
0
0
0
0
0
0
0
0
0
0.000374401
0.0003504382
0.0003253959
0.0002992065
0.0002717235
0
0
0
0
0
0
0
0
0
0
0.0004006584
0.0003777515
0.0003538464
0.000328887
0.0003027419
0
0
0
0
0
0
0
0
0
0
0.0004251781
0.0004032249
0.0003803416
0.0003564807
0.000331523
0
0
0
0
0
0
0
0
0
0
0.0004479274
0.0004268334
0.0004048671
0.0003819877
0.0003580851
0
0
0
0
0
0
0
0
0
0
0.0004690113
0.0004486934
0.0004275526
0.0004055534
0.0003825934
0
0
0
0
0
0
0
0
0
0
0
0
0
0
0
0
0
0
0
0
0
0
0
0
0
0
0
0
0
0
0
0
0
0
0
0
0
0
0
0
0
0
0
0
8.362194e-05
0
0
0
0
0
0
0
0
0
0
0.0001108983
7.601848e-05
0
0
0
0
0
0
0
0
0
0
0.0001415981
0.0001063629
7.026118e-05
0
0
0
0
0
0
0
0
0
0
0.0001725219
0.0001389145
0.0001032816
6.640566e-05
0
0
0
0
0
0
0
0
0
0
0.0002029739
0.000171026
0.0001371912
0.0001012821
6.387724e-05
0
0
0
0
0
0
0
0
0
0
0.0002326684
0.0002022693
0.0001701623
0.000136165
0.0001000092
0
0
0
0
0
0
0
0
0
0
0.0002615312
0.0002325618
0.0002020452
0.000169828
0.0001356596
0
0
0
0
0
0
0
0
0
0
0.0002896088
0.0002619636
0.0002329095
0.0002023202
0.000169975
0
0
0
0
0
0
0
0
0
0
0.0003170362
0.0002906283
0.00026293
0.0002338381
0.0002031595
0
0
0
0
0
0
0
0
0
0
0.0003440321
0.000318794
0.000292369
0.0002646722
0.0002355337
0
0
0
0
0
0
0
0
0
0
0.0003708224
0.0003467042
0.0003214916
0.0002951143
0.0002674223
0
0
0
0
0
0
0
0
0
0
0.0003973613
0.0003743165
0.0003502616
0.0003251385
0.0002988135
0
0
0
0
0
0
0
0
0
0
0.0004226342
0.0004005784
0.0003775845
0.0003536037
0.0003285154
0
0
0
0
0
0
0
0
0
0
0.000446261
0.0004251017
0.0004030654
0.0003801106
0.0003561263
0
0
0
0
0
0
0
0
0
0
0.0004682029
0.0004478541
0.0004266804
0.0004046459
0.0003816478
0
0
0
0
0
0
0
0
0
0
0.0004885552
0.0004689407
0.0004485461
0.0004273399
0.0004052262
0
0
0
0
0
0
0
0
0
0
0
0
0
0
0
0
0
0
0
0
0
0
0
0
0
0
0
0
0
0
0
0
0
0
0
0
0
9.082837e-05
0
0
0
0
0
0
0
0
0
0
0.000116834
8.34785e-05
0
0
0
0
0
0
0
0
0
0
0.0001455891
0.0001107626
7.572093e-05
0
0
0
0
0
0
0
0
0
0
0.000174912
0.000141471
0.0001060911
6.98268e-05
0
0
0
0
0
0
0
0
0
0
0.0002042736
0.0001724028
0.0001386622
0.0001028942
6.580488e-05
0
0
0
0
0
0
0
0
0
0
0.0002332302
0.0002028615
0.0001707892
0.0001368341
0.0001007407
0
0
0
0
0
0
0
0
0
0
0.0002615312
0.0002325618
0.0002020452
0.000169828
0.0001356596
0
0
0
0
0
0
0
0
0
0
0.0002890993
0.0002614294
0.0002323483
0.0002017289
0.0001693497
0
0
0
0
0
0
0
0
0
0
0.0003159686
0.0002895113
0.0002617593
0.0002326083
0.0002018638
0
0
0
0
0
0
0
0
0
0
0.0003422594
0.0003169423
0.0002904319
0.0002626417
0.0002334003
0
0
0
0
0
0
0
0
0
0
0.0003681743
0.0003439416
0.0003186048
0.0002920921
0.000264251
0
0
0
0
0
0
0
0
0
0
0.000393925
0.0003707357
0.000346523
0.0003212271
0.0002947113
0
0
0
0
0
0
0
0
0
0
0.0004194645
0.0003972799
0.0003741465
0.0003500144
0.0003247604
0
0
0
0
0
0
0
0
0
0
0.0004438126
0.0004225571
0.0004004174
0.000377351
0.0003532458
0
0
0
0
0
0
0
0
0
0
0.0004665975
0.0004461873
0.0004249479
0.0004028429
0.0003797688
0
0
0
0
0
0
0
0
0
0
0.0004877757
0.0004681321
0.0004477064
0.0004264671
0.0004043178
0
0
0
0
0
0
0
0
0
0
0.0005074344
0.0004884869
0.0004687983
0.0004483407
0.0004270238
0
0
0
0
0
0
0
0
0
0
0
0
0
0
0
0
0
0
0
0
0
0
0
0
0
0
0
0
0
9.660846e-05
0
0
0
0
0
0
0
0
0
0
0.0001225438
9.069029e-05
0
0
0
0
0
0
0
0
0
0
0.0001509689
0.000116703
8.31951e-05
0
0
0
0
0
0
0
0
0
0
0.0001786395
0.0001454631
0.0001104933
7.529472e-05
0
0
0
0
0
0
0
0
0
0
0.0002065285
0.0001747927
0.0001412182
0.0001057036
6.922795e-05
0
0
0
0
0
0
0
0
0
0
0.0002344623
0.0002041609
0.0001721653
0.000138304
0.0001023516
0
0
0
0
0
0
0
0
0
0
0.0002620656
0.0002331233
0.000202637
0.0001704542
0.0001363279
0
0
0
0
0
0
0
0
0
0
0.0002890993
0.0002614294
0.0002323483
0.0002017289
0.0001693497
0
0
0
0
0
0
0
0
0
0
0.0003154818
0.0002890019
0.0002612255
0.0002320478
0.0002012734
0
0
0
0
0
0
0
0
0
0
0.0003412376
0.0003158751
0.0002893156
0.000261472
0.0002321721
0
0
0
0
0
0
0
0
0
0
0.000366475
0.0003421692
0.0003167539
0.0002901561
0.0002622221
0
0
0
0
0
0
0
0
0
0
0.0003913831
0.0003680873
0.0003437598
0.0003183394
0.0002916877
0
0
0
0
0
0
0
0
0
0
0.0004161613
0.0003938415
0.0003705613
0.0003462692
0.0003208396
0
0
0
0
0
0
0
0
0
0
0.0004407623
0.000419386
0.000397116
0.0003739088
0.0003496503
0
0
0
0
0
0
0
0
0
0
0.0004642389
0.0004437381
0.0004224017
0.0004001925
0.0003770058
0
0
0
0
0
0
0
0
0
0
0.0004862278
0.0004665262
0.0004460388
0.0004247334
0.000402513
0
0
0
0
0
0
0
0
0
0
0.0005066822
0.0004877072
0.0004679893
0.0004475006
0.0004261502
0
0
0
0
0
0
0
0
0
0
0.0005256821
0.0005073682
0.0004883492
0.0004686
0.0004480352
0
0
0
0
0
0
0
0
0
0
0
0
0
0
0
0
0
0
0
0
0.0001005405
0
0
0
0
0
0
0
0
0
0
0.0001271204
9.647369e-05
0
0
0
0
0
0
0
0
0
0
0.0001561323
0.0001224162
9.041718e-05
0
0
0
0
0
0
0
0
0
0
0.0001836645
0.0001508467
0.0001164429
8.27901e-05
0
0
0
0
0
0
0
0
0
0
0.0002100433
0.0001785208
0.0001452119
0.0001101097
7.470538e-05
0
0
0
0
0
0
0
0
0
0
0.0002365996
0.0002064155
0.0001745544
0.0001408593
0.0001051604
0
0
0
0
0
0
0
0
0
0
0.0002632375
0.0002343551
0.0002039356
0.0001718291
0.0001377962
0
0
0
0
0
0
0
0
0
0
0.0002896088
0.0002619636
0.0002329095
0.0002023202
0.000169975
0
0
0
0
0
0
0
0
0
0
0.0003154818
0.0002890019
0.0002612255
0.0002320478
0.0002012734
0
0
0
0
0
0
0
0
0
0
0.0003407717
0.0003153884
0.0002888066
0.0002609388
0.0002316124
0
0
0
0
0
0
0
0
0
0
0.0003654957
0.0003411478
0.0003156873
0.0002890409
0.000261054
0
0
0
0
0
0
0
0
0
0
0.0003897521
0.0003663883
0.0003419881
0.0003164896
0.0002897533
0
0
0
0
0
0
0
0
0
0
0.0004137185
0.0003912993
0.0003679123
0.0003435051
0.0003179507
0
0
0
0
0
0
0
0
0
0
0.0004375838
0.0004160807
0.0003936735
0.0003703173
0.000345896
0
0
0
0
0
0
0
0
0
0
0.0004613009
0.0004406865
0.000419228
0.0003968871
0.0003735578
0
0
0
0
0
0
0
0
0
0
0.0004839539
0.0004641669
0.0004435882
0.000422185
0.0003998594
0
0
0
0
0
0
0
0
0
0
0.0005051887
0.0004861589
0.0004663827
0.0004458317
0.0004244147
0
0
0
0
0
0
0
0
0
0
0.0005249558
0.0005066158
0.0004875691
0.0004677905
0.0004471943
0
0
0
0
0
0
0
0
0
0
0.000543329
0.0005256181
0.000507235
0.0004881576
0.0004683046
0
0
0
0
0
0
0
0
0
0
0.0001025145
0
0
0
0
0
0
0
0
0
0
0.0001302342
0.0001004077
0
0
0
0
0
0
0
0
0
0
0.000160266
0.000126995
9.620688e-05
0
0
0
0
0
0
0
0
0
0
0.0001884852
0.0001560129
0.0001221628
9.002757e-05
0
0
0
0
0
0
0
0
0
0
0.0002147831
0.0001835493
0.0001506032
0.000116073
8.222758e-05
0
0
0
0
0
0
0
0
0
0
0.0002399303
0.0002099309
0.0001782839
0.0001448556
0.0001095709
0
0
0
0
0
0
0
0
0
0
0.0002652702
0.0002364921
0.0002061894
0.0001742173
0.0001403501
0
0
0
0
0
0
0
0
0
0
0.0002907262
0.0002631351
0.0002341405
0.0002036176
0.0001713482
0
0
0
0
0
0
0
0
0
0
0.0003159686
0.0002895113
0.0002617593
0.0002326083
0.0002018638
0
0
0
0
0
0
0
0
0
0
0.0003407717
0.0003153884
0.0002888066
0.0002609388
0.0002316124
0
0
0
0
0
0
0
0
0
0
0.000365049
0.000340682
0.000315201
0.0002885325
0.0002605217
0
0
0
0
0
0
0
0
0
0
0.0003888122
0.0003654092
0.0003409674
0.0003154241
0.0002886397
0
0
0
0
0
0
0
0
0
0
0.0004121513
0.0003896685
0.000366214
0.0003417345
0.0003161024
0
0
0
0
0
0
0
0
0
0
0.000435234
0.0004136377
0.0003911308
0.0003676675
0.0003431308
0
0
0
0
0
0
0
0
0
0
0.0004582397
0.0004375061
0.0004159188
0.0003934386
0.0003699577
0
0
0
0
0
0
0
0
0
0
0.0004811219
0.0004612277
0.000440534
0.0004190074
0.0003965485
0
0
0
0
0
0
0
0
0
0
0.0005029949
0.0004838843
0.000464022
0.0004433791
0.0004218633
0
0
0
0
0
0
0
0
0
0
0.0005235139
0.000505122
0.0004860201
0.0004661828
0.0004455238
0
0
0
0
0
0
0
0
0
0
0.0005426273
0.0005248916
0.0005064823
0.000487377
0.0004674943
0
0
0
0
0
0
0
0
0
0
0.0005604032
0.0005432669
0.0005254891
0.0005070498
0.0004878717
0
0
0
0
0
0
0
0
0
0
0.0001317986
0.0001023826
0
0
0
0
0
0
0
0
0
0
0.0001630755
0.0001301101
0.0001001446
0
0
0
0
0
0
0
0
0
0
0.0001923453
0.0001601484
0.0001267458
9.582664e-05
0
0
0
0
0
0
0
0
0
0
0.0002193297
0.0001883725
0.0001557749
0.0001218029
8.948425e-05
0
0
0
0
0
0
0
0
0
0
0.0002444237
0.0002146738
0.0001833191
0.0001502583
0.0001155519
0
0
0
0
0
0
0
0
0
0
0.0002684376
0.0002398233
0.0002097059
0.0001779488
0.0001443495
0
0
0
0
0
0
0
0
0
0
0.0002926644
0.0002651675
0.0002362767
0.0002058703
0.0001737348
0
0
0
0
0
0
0
0
0
0
0.0003170362
0.0002906283
0.00026293
0.0002338381
0.0002031595
0
0
0
0
0
0
0
0
0
0
0.0003412376
0.0003158751
0.0002893156
0.000261472
0.0002321721
0
0
0
0
0
0
0
0
0
0
0.000365049
0.000340682
0.000315201
0.0002885325
0.0002605217
0
0
0
0
0
0
0
0
0
0
0.0003883836
0.0003649627
0.0003405019
0.0003149383
0.0002881321
0
0
0
0
0
0
0
0
0
0
0.0004112483
0.0003887289
0.0003652356
0.0003407147
0.0003150384
0
0
0
0
0
0
0
0
0
0
0.0004337266
0.0004120707
0.0003895007
0.0003659702
0.0003413618
0
0
0
0
0
0
0
0
0
0
0.0004559773
0.000435156
0.0004134752
0.0003908951
0.0003673069
0
0
0
0
0
0
0
0
0
0
0.0004781714
0.0004581646
0.0004373498
0.0004156924
0.0003930918
0
0
0
0
0
0
0
0
0
0
0.0005002631
0.0004810511
0.0004610804
0.0004403212
0.0004186804
0
0
0
0
0
0
0
0
0
0
0.0005213961
0.0005029276
0.0004837442
0.0004638201
0.0004430682
0
0
0
0
0
0
0
0
0
0
0.0005412344
0.0005234494
0.0005049878
0.000485827
0.000465885
0
0
0
0
0
0
0
0
0
0
0.000559725
0.0005425651
0.0005247624
0.0005062966
0.0004870904
0
0
0
0
0
0
0
0
0
0
0.0005769308
0.0005603431
0.0005431421
0.0005253099
0.000506773
0
0
0
0
0
0
0
0
0
0
0.0001644867
0.0001316751
0.0001021212
0
0
0
0
0
0
0
0
0
0
0.0001949689
0.0001629589
0.0001298633
9.976987e-05
0
0
0
0
0
0
0
0
0
0
0.0002229717
0.0001922341
0.0001599138
0.000126392
9.529491e-05
0
0
0
0
0
0
0
0
0
0
0.0002487338
0.0002192227
0.0001881472
0.0001554381
0.0001212945
0
0
0
0
0
0
0
0
0
0
0.0002727121
0.0002443196
0.0002144551
0.0001829941
0.000149767
0
0
0
0
0
0
0
0
0
0
0.0002956844
0.0002683354
0.0002396089
0.0002093884
0.0001774687
0
0
0
0
0
0
0
0
0
0
0.0003188882
0.0002925661
0.0002649617
0.0002359732
0.0002054106
0
0
0
0
0
0
0
0
0
0
0.0003422594
0.0003169423
0.0002904319
0.0002626417
0.0002334003
0
0
0
0
0
0
0
0
0
0
0.0003654957
0.0003411478
0.0003156873
0.0002890409
0.000261054
0
0
0
0
0
0
0
0
0
0
0.0003883836
0.0003649627
0.0003405019
0.0003149383
0.0002881321
0
0
0
0
0
0
0
0
0
0
0.0004108365
0.0003883005
0.0003647895
0.0003402498
0.0003145534
0
0
0
0
0
0
0
0
0
0
0.0004328582
0.000411168
0.0003885617
0.0003649928
0.0003403435
0
0
0
0
0
0
0
0
0
0
0.0004545262
0.0004336488
0.0004119089
0.0003892661
0.0003656111
0
0
0
0
0
0
0
0
0
0
0.0004759914
0.0004559019
0.0004349992
0.0004132482
0.0003905474
0
0
0
0
0
0
0
0
0
0
0.0004974173
0.0004780988
0.0004580137
0.0004371315
0.0004153577
0
0
0
0
0
0
0
0
0
0
0.0005187592
0.0005001946
0.0004809087
0.000460875
0.0004400054
0
0
0
0
0
0
0
0
0
0
0.0005391887
0.0005213309
0.0005027921
0.0004835492
0.0004635196
0
0
0
0
0
0
0
0
0
0
0.0005583786
0.0005411719
0.0005233194
0.000504801
0.0004855389
0
0
0
0
0
0
0
0
0
0
0.0005762748
0.0005596647
0.00054244
0.0005245827
0.0005060191
0
0
0
0
0
0
0
0
0
0
0.0005929358
0.0005768724
0.0005602221
0.0005429686
0.0005250419
0
0
0
0
0
0
0
0
0
0
0.0001962872
0.0001643706
0.0001314296
0.000101749
0
0
0
0
0
0
0
0
0
0
0.0002254475
0.0001948586
0.0001627264
0.0001295132
9.92449e-05
0
0
0
0
0
0
0
0
0
0
0.0002521875
0.000222866
0.0001920118
0.000159582
0.0001258914
0
0
0
0
0
0
0
0
0
0
0.0002768124
0.0002486318
0.0002190083
0.0001878293
0.0001549575
0
0
0
0
0
0
0
0
0
0
0.0002997615
0.0002726126
0.0002441109
0.0002141467
0.0001825273
0
0
0
0
0
0
0
0
0
0
0.0003217739
0.0002955866
0.0002681304
0.0002393068
0.0002089307
0
0
0
0
0
0
0
0
0
0
0.0003440321
0.000318794
0.000292369
0.0002646722
0.0002355337
0
0
0
0
0
0
0
0
0
0
0.000366475
0.0003421692
0.0003167539
0.0002901561
0.0002622221
0
0
0
0
0
0
0
0
0
0
0.0003888122
0.0003654092
0.0003409674
0.0003154241
0.0002886397
0
0
0
0
0
0
0
0
0
0
0.0004108365
0.0003883005
0.0003647895
0.0003402498
0.0003145534
0
0
0
0
0
0
0
0
0
0
0.0004324622
0.0004107564
0.0003881336
0.0003645472
0.0003398793
0
0
0
0
0
0
0
0
0
0
0.0004536903
0.0004327807
0.0004110068
0.000388328
0.0003646351
0
0
0
0
0
0
0
0
0
0
0.0004745934
0.0004544511
0.0004334927
0.0004116829
0.0003889198
0
0
0
0
0
0
0
0
0
0
0.0004953152
0.0004759186
0.0004557506
0.0004347803
0.0004129126
0
0
0
0
0
0
0
0
0
0
0.0005160125
0.0004973471
0.0004779529
0.000457803
0.0004368082
0
0
0
0
0
0
0
0
0
0
0.0005366419
0.0005186929
0.0005000569
0.0004807103
0.0004605696
0
0
0
0
0
0
0
0
0
0
0.0005564015
0.0005391255
0.0005211998
0.0005026036
0.0004832585
0
0
0
0
0
0
0
0
0
0
0.0005749728
0.000558318
0.0005410461
0.0005231388
0.0005045222
0
0
0
0
0
0
0
0
0
0
0.0005923011
0.0005762163
0.0005595434
0.000542266
0.000524314
0
0
0
0
0
0
0
0
0
0
0.0006084408
0.0005928792
0.0005767552
0.0005600541
0.0005427089
0
0
0
0
0
0
0
0
0
0
0.000226692
0.0001961773
0.0001641391
0.0001310812
0.0001012272
0
0
0
0
0
0
0
0
0
0
0.0002545359
0.0002253427
0.0001946381
0.0001623976
0.0001290173
0
0
0
0
0
0
0
0
0
0
0.000280099
0.0002520868
0.0002226543
0.0001916982
0.0001591079
0
0
0
0
0
0
0
0
0
0
0.0003036726
0.0002767149
0.0002484271
0.0002187065
0.0001873719
0
0
0
0
0
0
0
0
0
0
0.000325671
0.0002996663
0.000272413
0.0002438173
0.0002137012
0
0
0
0
0
0
0
0
0
0
0.0003467943
0.0003216801
0.0002953902
0.0002678421
0.000238869
0
0
0
0
0
0
0
0
0
0
0.0003681743
0.0003439416
0.0003186048
0.0002920921
0.000264251
0
0
0
0
0
0
0
0
0
0
0.0003897521
0.0003663883
0.0003419881
0.0003164896
0.0002897533
0
0
0
0
0
0
0
0
0
0
0.0004112483
0.0003887289
0.0003652356
0.0003407147
0.0003150384
0
0
0
0
0
0
0
0
0
0
0.0004324622
0.0004107564
0.0003881336
0.0003645472
0.0003398793
0
0
0
0
0
0
0
0
0
0
0.0004533092
0.0004323849
0.0004105955
0.0003879004
0.0003641902
0
0
0
0
0
0
0
0
0
0
0.0004737882
0.0004536155
0.0004326252
0.0004107817
0.0003879831
0
0
0
0
0
0
0
0
0
0
0.0004939674
0.0004745208
0.0004543003
0.0004332748
0.0004113487
0
0
0
0
0
0
0
0
0
0
0.0005139843
0.0004952447
0.0004757723
0.0004555393
0.0004344562
0
0
0
0
0
0
0
0
0
0
0.0005339894
0.0005159446
0.000497206
0.0004777495
0.0004574905
0
0
0
0
0
0
0
0
0
0
0.0005539404
0.0005365777
0.0005185597
0.0004998651
0.000480415
0
0
0
0
0
0
0
0
0
0
0.000573061
0.0005563403
0.0005389986
0.0005210174
0.0005023222
0
0
0
0
0
0
0
0
0
0
0.0005910414
0.0005749141
0.0005581961
0.0005408712
0.0005228687
0
0
0
0
0
0
0
0
0
0
0.0006078264
0.0005922443
0.0005760988
0.000559375
0.0005420057
0
0
0
0
0
0
0
0
0
0
0.0006234667
0.0006083858
0.0005927655
0.0005765924
0.0005598024
0
0
0
0
0
0
0
0
0
0
0.0002557166
0.0002265875
0.0001959576
0.0001638116
0.0001305875
0
0
0
0
0
0
0
0
0
0
0.0002823341
0.0002544358
0.0002251325
0.000194327
0.0001619273
0
0
0
0
0
0
0
0
0
0
0.0003068083
0.0002800026
0.0002518845
0.0002223563
0.0001912465
0
0
0
0
0
0
0
0
0
0
0.0003294097
0.0003035792
0.000276519
0.0002481395
0.0002182695
0
0
0
0
0
0
0
0
0
0
0.000350526
0.0003255797
0.0002994749
0.0002721326
0.0002433908
0
0
0
0
0
0
0
0
0
0
0.0003708224
0.0003467042
0.0003214916
0.0002951143
0.0002674223
0
0
0
0
0
0
0
0
0
0
0.0003913831
0.0003680873
0.0003437598
0.0003183394
0.0002916877
0
0
0
0
0
0
0
0
0
0
0.0004121513
0.0003896685
0.000366214
0.0003417345
0.0003161024
0
0
0
0
0
0
0
0
0
0
0.0004328582
0.000411168
0.0003885617
0.0003649928
0.0003403435
0
0
0
0
0
0
0
0
0
0
0.0004533092
0.0004323849
0.0004105955
0.0003879004
0.0003641902
0
0
0
0
0
0
0
0
0
0
0.0004734212
0.0004532345
0.0004322297
0.0004103709
0.0003875562
0
0
0
0
0
0
0
0
0
0
0.0004931913
0.0004737159
0.0004534653
0.0004324081
0.0004104488
0
0
0
0
0
0
0
0
0
0
0.000512684
0.0004938972
0.0004743751
0.00045409
0.000432952
0
0
0
0
0
0
0
0
0
0
0.0005320312
0.0005139161
0.0004951033
0.0004755682
0.000455226
0
0
0
0
0
0
0
0
0
0
0.0005513773
0.0005339235
0.0005158081
0.0004970093
0.0004774472
0
0
0
0
0
0
0
0
0
0
0.0005706815
0.0005538781
0.0005364487
0.0005183742
0.0004995793
0
0
0
0
0
0
0
0
0
0
0.0005891918
0.0005730016
0.0005562173
0.0005388221
0.000520745
0
0
0
0
0
0
0
0
0
0
0.0006066072
0.0005909844
0.0005747959
0.0005580268
0.0005406096
0
0
0
0
0
0
0
0
0
0
0.0006228717
0.0006077713
0.0005921304
0.0005759356
0.0005591227
0
0
0
0
0
0
0
0
0
0
0.0006380331
0.0006234134
0.0006082756
0.0005926077
0.0005763484
0
0
0
0
0
0
0
0
0
0
0.0002834582
0.0002556169
0.0002263781
0.0001956477
0.0001633432
0
0
0
0
0
0
0
0
0
0
0.0003089411
0.0002822384
0.000254235
0.0002248367
0.0001938787
0
0
0
0
0
0
0
0
0
0
0.0003324078
0.000306716
0.000279809
0.0002516003
0.0002219244
0
0
0
0
0
0
0
0
0
0
0.0003541062
0.00032932
0.0003033913
0.0002762441
0.0002477209
0
0
0
0
0
0
0
0
0
0
0.000374401
0.0003504382
0.0003253959
0.0002992065
0.0002717235
0
0
0
0
0
0
0
0
0
0
0.000393925
0.0003707357
0.000346523
0.0003212271
0.0002947113
0
0
0
0
0
0
0
0
0
0
0.0004137185
0.0003912993
0.0003679123
0.0003435051
0.0003179507
0
0
0
0
0
0
0
0
0
0
0.0004337266
0.0004120707
0.0003895007
0.0003659702
0.0003413618
0
0
0
0
0
0
0
0
0
0
0.0004536903
0.0004327807
0.0004110068
0.000388328
0.0003646351
0
0
0
0
0
0
0
0
0
0
0.0004734212
0.0004532345
0.0004322297
0.0004103709
0.0003875562
0
0
0
0
0
0
0
0
0
0
0.0004928375
0.000473349
0.0004530846
0.0004320131
0.0004100387
0
0
0
0
0
0
0
0
0
0
0.0005119355
0.0004931213
0.0004735708
0.0004532558
0.0004320866
0
0
0
0
0
0
0
0
0
0
0.0005307761
0.0005126161
0.0004937563
0.000474172
0.0004537781
0
0
0
0
0
0
0
0
0
0
0.0005494858
0.0005319651
0.0005137792
0.0004949061
0.0004752653
0
0
0
0
0
0
0
0
0
0
0.0005682037
0.0005513136
0.0005337914
0.0005156179
0.0004967169
0
0
0
0
0
0
0
0
0
0
0.0005868902
0.0005706212
0.0005537532
0.0005362692
0.0005180975
0
0
0
0
0
0
0
0
0
0
0.0006048171
0.0005891343
0.0005728824
0.0005560464
0.0005385581
0
0
0
0
0
0
0
0
0
0
0.0006216912
0.0006065518
0.0005908699
0.0005746319
0.0005577733
0
0
0
0
0
0
0
0
0
0
0.0006374567
0.0006228183
0.0006076608
0.0005919723
0.0005756911
0
0
0
0
0
0
0
0
0
0
0.0006521579
0.0006379813
0.0006233064
0.0006081226
0.0005923711
0
0
0
0
0
0
0
0
0
0
0.000310014
0.0002833628
0.0002554168
0.0002260834
0.000195201
0
0
0
0
0
0
0
0
0
0
0.0003344473
0.0003088494
0.000282046
0.0002539528
0.0002244079
0
0
0
0
0
0
0
0
0
0
0.0003569778
0.0003323191
0.0003065302
0.0002795372
0.0002511864
0
0
0
0
0
0
0
0
0
0
0.0003778345
0.00035402
0.0003291396
0.000303128
0.0002758424
0
0
0
0
0
0
0
0
0
0
0.0003973613
0.0003743165
0.0003502616
0.0003251385
0.0002988135
0
0
0
0
0
0
0
0
0
0
0.0004161613
0.0003938415
0.0003705613
0.0003462692
0.0003208396
0
0
0
0
0
0
0
0
0
0
0.000435234
0.0004136377
0.0003911308
0.0003676675
0.0003431308
0
0
0
0
0
0
0
0
0
0
0.0004545262
0.0004336488
0.0004119089
0.0003892661
0.0003656111
0
0
0
0
0
0
0
0
0
0
0.0004737882
0.0004536155
0.0004326252
0.0004107817
0.0003879831
0
0
0
0
0
0
0
0
0
0
0.0004928375
0.000473349
0.0004530846
0.0004320131
0.0004100387
0
0
0
0
0
0
0
0
0
0
0.0005115943
0.0004927677
0.0004732041
0.0004528756
0.0004316922
0
0
0
0
0
0
0
0
0
0
0.0005300536
0.0005118677
0.000492981
0.0004733685
0.0004529451
0
0
0
0
0
0
0
0
0
0
0.0005482736
0.0005307103
0.0005124798
0.00049356
0.0004738704
0
0
0
0
0
0
0
0
0
0
0.0005663756
0.0005494218
0.0005318327
0.0005135886
0.0004946131
0
0
0
0
0
0
0
0
0
0
0.0005844937
0.0005681419
0.0005511856
0.0005336074
0.0005153349
0
0
0
0
0
0
0
0
0
0
0.0006025897
0.0005868317
0.0005705001
0.0005535794
0.0005360012
0
0
0
0
0
0
0
0
0
0
0.0006199579
0.0006047612
0.0005890187
0.0005727169
0.0005557906
0
0
0
0
0
0
0
0
0
0
0.0006363132
0.0006216375
0.0006064408
0.0005907109
0.0005743861
0
0
0
0
0
0
0
0
0
0
0.0006515994
0.0006374049
0.0006227111
0.0006075075
0.000591735
0
0
0
0
0
0
0
0
0
0
0.0006658579
0.0006521076
0.0006378775
0.0006231581
0.000607893
0
0
0
0
0
0
0
0
0
0
0.0003354735
0.0003099226
0.000283171
0.0002551356
0.000225656
0
0
0
0
0
0
0
0
0
0
0.0003589315
0.0003343592
0.0003086648
0.0002817761
0.0002535417
0
0
0
0
0
0
0
0
0
0
0.0003805891
0.0003568925
0.0003321406
0.0003062699
0.0002791399
0
0
0
0
0
0
0
0
0
0
0.0004006584
0.0003777515
0.0003538464
0.000328887
0.0003027419
0
0
0
0
0
0
0
0
0
0
0.0004194645
0.0003972799
0.0003741465
0.0003500144
0.0003247604
0
0
0
0
0
0
0
0
0
0
0.0004375838
0.0004160807
0.0003936735
0.0003703173
0.000345896
0
0
0
0
0
0
0
0
0
0
0.0004559773
0.000435156
0.0004134752
0.0003908951
0.0003673069
0
0
0
0
0
0
0
0
0
0
0.0004745934
0.0004544511
0.0004334927
0.0004116829
0.0003889198
0
0
0
0
0
0
0
0
0
0
0.0004931913
0.0004737159
0.0004534653
0.0004324081
0.0004104488
0
0
0
0
0
0
0
0
0
0
0.0005115943
0.0004927677
0.0004732041
0.0004528756
0.0004316922
0
0
0
0
0
0
0
0
0
0
0.0005297244
0.0005115267
0.0004926276
0.0004730023
0.0004525656
0
0
0
0
0
0
0
0
0
0
0.000547576
0.000529988
0.000511732
0.0004927855
0.000473068
0
0
0
0
0
0
0
0
0
0
0.0005652043
0.0005482098
0.0005305783
0.00051229
0.0004932682
0
0
0
0
0
0
0
0
0
0
0.0005827261
0.0005663136
0.0005492935
0.0005316482
0.0005133049
0
0
0
0
0
0
0
0
0
0
0.0006002709
0.0005844338
0.0005680179
0.0005510075
0.0005333333
0
0
0
0
0
0
0
0
0
0
0.0006178016
0.000602533
0.0005867143
0.0005703318
0.0005533197
0
0
0
0
0
0
0
0
0
0
0.0006346344
0.0006199037
0.0006046491
0.0005888583
0.000572469
0
0
0
0
0
0
0
0
0
0
0.0006504912
0.000636261
0.0006215297
0.0006062867
0.0005904726
0
0
0
0
0
0
0
0
0
0
0.0006653164
0.000651549
0.0006373008
0.0006225624
0.0006072774
0
0
0
0
0
0
0
0
0
0
0.0006791481
0.000665809
0.0006520068
0.0006377336
0.0006229352
0
0
0
0
0
0
0
0
0
0
0.0003599146
0.0003353857
0.0003097386
0.0002829021
0.0002547258
0
0
0
0
0
0
0
0
0
0
0.0003824633
0.0003588467
0.0003341818
0.0003084062
0.0002813813
0
0
0
0
0
0
0
0
0
0
0.000403304
0.000380507
0.0003567208
0.0003318908
0.0003058878
0
0
0
0
0
0
0
0
0
0
0.0004226342
0.0004005784
0.0003775845
0.0003536037
0.0003285154
0
0
0
0
0
0
0
0
0
0
0.0004407623
0.000419386
0.000397116
0.0003739088
0.0003496503
0
0
0
0
0
0
0
0
0
0
0.0004582397
0.0004375061
0.0004159188
0.0003934386
0.0003699577
0
0
0
0
0
0
0
0
0
0
0.0004759914
0.0004559019
0.0004349992
0.0004132482
0.0003905474
0
0
0
0
0
0
0
0
0
0
0.0004939674
0.0004745208
0.0004543003
0.0004332748
0.0004113487
0
0
0
0
0
0
0
0
0
0
0.0005119355
0.0004931213
0.0004735708
0.0004532558
0.0004320866
0
0
0
0
0
0
0
0
0
0
0.0005297244
0.0005115267
0.0004926276
0.0004730023
0.0004525656
0
0
0
0
0
0
0
0
0
0
0.0005472581
0.0005296589
0.0005113912
0.0004924326
0.0004727024
0
0
0
0
0
0
0
0
0
0
0.0005645304
0.0005475125
0.0005298566
0.000511543
0.0004924948
0
0
0
0
0
0
0
0
0
0
0.0005815938
0.0005651425
0.0005480821
0.0005303947
0.0005120075
0
0
0
0
0
0
0
0
0
0
0.000598561
0.0005826659
0.0005661893
0.000549115
0.0005313735
0
0
0
0
0
0
0
0
0
0
0.000615557
0.0006002127
0.0005843136
0.0005678454
0.0005507419
0
0
0
0
0
0
0
0
0
0
0.000632546
0.0006177465
0.0006024191
0.0005865512
0.0005700801
0
0
0
0
0
0
0
0
0
0
0.0006488646
0.0006345817
0.000619795
0.0006044937
0.0005886179
0
0
0
0
0
0
0
0
0
0
0.0006642423
0.0006504406
0.0006361564
0.0006213803
0.0006060554
0
0
0
0
0
0
0
0
0
0
0.0006786231
0.0006652675
0.0006514479
0.0006371565
0.0006223391
0
0
0
0
0
0
0
0
0
0
0.000692042
0.0006791006
0.0006657111
0.0006518671
0.0006375173
0
0
0
0
0
0
0
0
0
0
0.0003834066
0.0003598301
0.0003352088
0.0003094808
0.0002825084
0
0
0
0
0
0
0
0
0
0
0.0004051043
0.0003823817
0.0003586761
0.0003339336
0.0003080265
0
0
0
0
0
0
0
0
0
0
0.0004251781
0.0004032249
0.0003803416
0.0003564807
0.000331523
0
0
0
0
0
0
0
0
0
0
0.0004438126
0.0004225571
0.0004004174
0.000377351
0.0003532458
0
0
0
0
0
0
0
0
0
0
0.0004613009
0.0004406865
0.000419228
0.0003968871
0.0003735578
0
0
0
0
0
0
0
0
0
0
0.0004781714
0.0004581646
0.0004373498
0.0004156924
0.0003930918
0
0
0
0
0
0
0
0
0
0
0.0004953152
0.0004759186
0.0004557506
0.0004347803
0.0004129126
0
0
0
0
0
0
0
0
0
0
0.000512684
0.0004938972
0.0004743751
0.00045409
0.000432952
0
0
0
0
0
0
0
0
0
0
0.0005300536
0.0005118677
0.000492981
0.0004733685
0.0004529451
0
0
0
0
0
0
0
0
0
0
0.0005472581
0.0005296589
0.0005113912
0.0004924326
0.0004727024
0
0
0
0
0
0
0
0
0
0
0.0005642233
0.0005471947
0.0005295277
0.0005112026
0.0004921425
0
0
0
0
0
0
0
0
0
0
0.0005809424
0.0005644688
0.0005473852
0.0005296738
0.0005112616
0
0
0
0
0
0
0
0
0
0
0.0005974659
0.0005815338
0.0005650187
0.0005479043
0.0005301212
0
0
0
0
0
0
0
0
0
0
0.0006139023
0.0005985026
0.0005825454
0.0005660164
0.0005488488
0
0
0
0
0
0
0
0
0
0
0.0006303724
0.0006155006
0.0006000962
0.0005841465
0.000567588
0
0
0
0
0
0
0
0
0
0
0.0006468413
0.0006324925
0.0006176361
0.000602261
0.0005863071
0
0
0
0
0
0
0
0
0
0
0.0006626656
0.0006488134
0.0006344762
0.0006196442
0.0006042604
0
0
0
0
0
0
0
0
0
0
0.0006775815
0.000664193
0.000650339
0.0006360114
0.0006211559
0
0
0
0
0
0
0
0
0
0
0.0006915327
0.0006785755
0.0006651694
0.0006513079
0.0006369398
0
0
0
0
0
0
0
0
0
0
0.0007045499
0.0006919958
0.0006790055
0.0006655755
0.0006516571
0
0
0
0
0
0
0
0
0
0
0.0004060105
0.0003833253
0.00035966
0.0003349613
0.0003091022
0
0
0
0
0
0
0
0
0
0
0.0004269093
0.0004050256
0.0003822173
0.0003584374
0.000333568
0
0
0
0
0
0
0
0
0
0
0.000446261
0.0004251017
0.0004030654
0.0003801106
0.0003561263
0
0
0
0
0
0
0
0
0
0
0.0004642389
0.0004437381
0.0004224017
0.0004001925
0.0003770058
0
0
0
0
0
0
0
0
0
0
0.0004811219
0.0004612277
0.000440534
0.0004190074
0.0003965485
0
0
0
0
0
0
0
0
0
0
0.0004974173
0.0004780988
0.0004580137
0.0004371315
0.0004153577
0
0
0
0
0
0
0
0
0
0
0.0005139843
0.0004952447
0.0004757723
0.0004555393
0.0004344562
0
0
0
0
0
0
0
0
0
0
0.0005307761
0.0005126161
0.0004937563
0.000474172
0.0004537781
0
0
0
0
0
0
0
0
0
0
0.000547576
0.000529988
0.000511732
0.0004927855
0.000473068
0
0
0
0
0
0
0
0
0
0
0.0005642233
0.0005471947
0.0005295277
0.0005112026
0.0004921425
0
0
0
0
0
0
0
0
0
0
0.0005806457
0.0005641618
0.0005470677
0.0005293453
0.0005109218
0
0
0
0
0
0
0
0
0
0
0.0005968361
0.0005808827
0.0005643454
0.0005472082
0.0005294013
0
0
0
0
0
0
0
0
0
0
0.0006128428
0.0005974078
0.0005814138
0.0005648466
0.0005476393
0
0
0
0
0
0
0
0
0
0
0.0006287705
0.0006138457
0.0005983858
0.0005823779
0.0005657584
0
0
0
0
0
0
0
0
0
0
0.0006447358
0.0006303176
0.0006153875
0.0005999342
0.0005838969
0
0
0
0
0
0
0
0
0
0
0.0006607048
0.0006467894
0.0006323853
0.0006174828
0.0006020243
0
0
0
0
0
0
0
0
0
0
0.0006760528
0.0006626159
0.000648711
0.0006343299
0.0006194179
0
0
0
0
0
0
0
0
0
0
0.0006905225
0.0006775337
0.0006640944
0.0006501983
0.0006357936
0
0
0
0
0
0
0
0
0
0
0.0007040558
0.0006914864
0.0006784801
0.0006650335
0.0006510974
0
0
0
0
0
0
0
0
0
0.0007166792
0.000704505
0.0006919034
0.0006788738
0.0006653716
0
0
0
0
0
0
0
0
0
0
0.0004277809
0.0004059321
0.0003831613
0.000359422
0.0003345968
0
0
0
0
0
0
0
0
0
0
0.0004479274
0.0004268334
0.0004048671
0.0003819877
0.0003580851
0
0
0
0
0
0
0
0
0
0
0.0004665975
0.0004461873
0.0004249479
0.0004028429
0.0003797688
0
0
0
0
0
0
0
0
0
0
0.0004839539
0.0004641669
0.0004435882
0.000422185
0.0003998594
0
0
0
0
0
0
0
0
0
0
0.0005002631
0.0004810511
0.0004610804
0.0004403212
0.0004186804
0
0
0
0
0
0
0
0
0
0
0.0005160125
0.0004973471
0.0004779529
0.000457803
0.0004368082
0
0
0
0
0
0
0
0
0
0
0.0005320312
0.0005139161
0.0004951033
0.0004755682
0.000455226
0
0
0
0
0
0
0
0
0
0
0.0005482736
0.0005307103
0.0005124798
0.00049356
0.0004738704
0
0
0
0
0
0
0
0
0
0
0.0005645304
0.0005475125
0.0005298566
0.000511543
0.0004924948
0
0
0
0
0
0
0
0
0
0
0.0005806457
0.0005641618
0.0005470677
0.0005293453
0.0005109218
0
0
0
0
0
0
0
0
0
0
0.0005965492
0.000580586
0.0005640387
0.000546891
0.0005290734
0
0
0
0
0
0
0
0
0
0
0.0006122336
0.0005967782
0.0005807631
0.000564174
0.0005469442
0
0
0
0
0
0
0
0
0
0
0.0006277451
0.0006127864
0.0005972914
0.0005812471
0.0005645897
0
0
0
0
0
0
0
0
0
0
0.0006431845
0.0006287155
0.0006137323
0.0005982235
0.0005821278
0
0
0
0
0
0
0
0
0
0
0.0006586645
0.0006446825
0.0006302079
0.0006152305
0.0005996921
0
0
0
0
0
0
0
0
0
0
0.000674152
0.0006606543
0.0006466853
0.0006322366
0.0006172531
0
0
0
0
0
0
0
0
0
0
0.0006890399
0.0006760045
0.0006625165
0.000648569
0.0006341102
0
0
0
0
0
0
0
0
0
0
0.0007030757
0.000690476
0.0006774379
0.0006639579
0.0006499868
0
0
0
0
0
0
0
0
0
0.0007161997
0.0007040108
0.0006913938
0.0006783482
0.000664829
0
0
0
0
0
0
0
0
0.0007284301
0.0007166355
0.0007044152
0.0006917755
0.0006786757
0
0
0
0
0
0
0
0
0
0
0.0004487665
0.0004277052
0.000405774
0.0003829323
0.0003590707
0
0
0
0
0
0
0
0
0
0
0.0004682029
0.0004478541
0.0004266804
0.0004046459
0.0003816478
0
0
0
0
0
0
0
0
0
0
0.0004862278
0.0004665262
0.0004460388
0.0004247334
0.000402513
0
0
0
0
0
0
0
0
0
0
0.0005029949
0.0004838843
0.000464022
0.0004433791
0.0004218633
0
0
0
0
0
0
0
0
0
0
0.0005187592
0.0005001946
0.0004809087
0.000460875
0.0004400054
0
0
0
0
0
0
0
0
0
0
0.0005339894
0.0005159446
0.000497206
0.0004777495
0.0004574905
0
0
0
0
0
0
0
0
0
0
0.0005494858
0.0005319651
0.0005137792
0.0004949061
0.0004752653
0
0
0
0
0
0
0
0
0
0
0.0005652043
0.0005482098
0.0005305783
0.00051229
0.0004932682
0
0
0
0
0
0
0
0
0
0
0.0005809424
0.0005644688
0.0005473852
0.0005296738
0.0005112616
0
0
0
0
0
0
0
0
0
0
0.0005965492
0.000580586
0.0005640387
0.000546891
0.0005290734
0
0
0
0
0
0
0
0
0
0
0.0006119561
0.0005964914
0.0005804667
0.0005638677
0.0005466276
0
0
0
0
0
0
0
0
0
0
0.0006271556
0.0006121773
0.0005966622
0.0005805971
0.0005639182
0
0
0
0
0
0
0
0
0
0
0.0006421916
0.0006276902
0.0006126735
0.0005971298
0.0005809981
0
0
0
0
0
0
0
0
0
0
0.0006571617
0.000643131
0.0006286056
0.0006135749
0.0005979809
0
0
0
0
0
0
0
0
0
0
0.0006721742
0.0006586128
0.0006445761
0.0006300556
0.0006149956
0
0
0
0
0
0
0
0
0
0
0.0006871966
0.0006741029
0.0006605533
0.000646541
0.0006320137
0
0
0
0
0
0
0
0
0
0
0.0007016375
0.000688993
0.0006759079
0.0006623787
0.0006483557
0
0
0
0
0
0
0
0
0
0.0007152487
0.0007030305
0.0006903829
0.0006773053
0.0006637525
0
0
0
0
0
0
0
0
0.0007279648
0.0007161559
0.0007039207
0.0006912657
0.0006781496
0
0
0
0
0
0
0
0.000739795
0.0007283876
0.0007165482
0.0007042909
0.000691583
0
0
0
0
0
0
0
0
0
0
0.0004690113
0.0004486934
0.0004275526
0.0004055534
0.0003825934
0
0
0
0
0
0
0
0
0
0
0.0004877757
0.0004681321
0.0004477064
0.0004264671
0.0004043178
0
0
0
0
0
0
0
0
0
0
0.0005051887
0.0004861589
0.0004663827
0.0004458317
0.0004244147
0
0
0
0
0
0
0
0
0
0
0.0005213961
0.0005029276
0.0004837442
0.0004638201
0.0004430682
0
0
0
0
0
0
0
0
0
0
0.0005366419
0.0005186929
0.0005000569
0.0004807103
0.0004605696
0
0
0
0
0
0
0
0
0
0
0.0005513773
0.0005339235
0.0005158081
0.0004970093
0.0004774472
0
0
0
0
0
0
0
0
0
0
0.0005663756
0.0005494218
0.0005318327
0.0005135886
0.0004946131
0
0
0
0
0
0
0
0
0
0
0.0005815938
0.0005651425
0.0005480821
0.0005303947
0.0005120075
0
0
0
0
0
0
0
0
0
0
0.0005968361
0.0005808827
0.0005643454
0.0005472082
0.0005294013
0
0
0
0
0
0
0
0
0
0
0.0006119561
0.0005964914
0.0005804667
0.0005638677
0.0005466276
0
0
0
0
0
0
0
0
0
0
0.0006268871
0.0006119
0.0005963757
0.000580301
0.0005636124
0
0
0
0
0
0
0
0
0
0
0.000641621
0.0006271009
0.0006120649
0.0005965013
0.000580349
0
0
0
0
0
0
0
0
0
0
0.0006562001
0.0006421384
0.0006275807
0.0006125168
0.0005968883
0
0
0
0
0
0
0
0
0
0
0.0006707179
0.0006571098
0.0006430243
0.0006284529
0.0006133396
0
0
0
0
0
0
0
0
0
0
0.000685279
0.000672124
0.0006585094
0.0006444283
0.0006298276
0
0
0
0
0
0
0
0
0
0
0.0006998495
0.0006871489
0.0006740047
0.0006604133
0.0006463246
0
0
0
0
0
0
0
0
0
0.0007138531
0.0007015918
0.0006888991
0.0006757741
0.0006621715
0
0
0
0
0
0
0
0
0.0007270418
0.0007152047
0.00070294
0.0006902541
0.0006771057
0
0
0
0
0
0
0
0.0007393433
0.0007279222
0.0007160684
0.0007037962
0.0006910727
0
0
0
0
0
0
0.0007507471
0.0007397536
0.0007283027
0.0007164274
0.0007041038
0
0
0
0
0
0
0
0
0
0
0.0004885552
0.0004689407
0.0004485461
0.0004273399
0.0004052262
0
0
0
0
0
0
0
0
0
0
0.0005066822
0.0004877072
0.0004679893
0.0004475006
0.0004261502
0
0
0
0
0
0
0
0
0
0
0.0005235139
0.000505122
0.0004860201
0.0004661828
0.0004455238
0
0
0
0
0
0
0
0
0
0
0.0005391887
0.0005213309
0.0005027921
0.0004835492
0.0004635196
0
0
0
0
0
0
0
0
0
0
0.0005539404
0.0005365777
0.0005185597
0.0004998651
0.000480415
0
0
0
0
0
0
0
0
0
0
0.0005682037
0.0005513136
0.0005337914
0.0005156179
0.0004967169
0
0
0
0
0
0
0
0
0
0
0.0005827261
0.0005663136
0.0005492935
0.0005316482
0.0005133049
0
0
0
0
0
0
0
0
0
0
0.0005974659
0.0005815338
0.0005650187
0.0005479043
0.0005301212
0
0
0
0
0
0
0
0
0
0
0.0006122336
0.0005967782
0.0005807631
0.000564174
0.0005469442
0
0
0
0
0
0
0
0
0
0
0.0006268871
0.0006119
0.0005963757
0.000580301
0.0005636124
0
0
0
0
0
0
0
0
0
0
0.0006413612
0.0006268326
0.0006117877
0.0005962151
0.0005800535
0
0
0
0
0
0
0
0
0
0
0.0006556476
0.0006415679
0.0006269918
0.0006119088
0.0005962607
0
0
0
0
0
0
0
0
0
0
0.0006697863
0.0006561484
0.000642032
0.0006274287
0.0006122825
0
0
0
0
0
0
0
0
0
0
0.0006838674
0.0006706675
0.0006570061
0.0006428761
0.0006282245
0
0
0
0
0
0
0
0
0
0
0.0006979898
0.0006852301
0.0006720235
0.0006583659
0.000644207
0
0
0
0
0
0
0
0
0
0.0007121185
0.0006998031
0.0006870535
0.0006738688
0.000660203
0
0
0
0
0
0
0
0
0.0007256875
0.0007138087
0.0007015006
0.0006887691
0.0006755729
0
0
0
0
0
0
0
0.0007384475
0.000726999
0.0007151167
0.0007028149
0.0006900602
0
0
0
0
0
0
0.0007503087
0.0007393018
0.0007278371
0.0007159474
0.0007036087
0
0
0
0
0
0.0007612351
0.0007507068
0.000739671
0.0007281853
0.0007162455
0
0
0
0
0
0
0
0
0
0
0.0005074344
0.0004884869
0.0004687983
0.0004483407
0.0004270238
0
0
0
0
0
0
0
0
0
0
0.0005249558
0.0005066158
0.0004875691
0.0004677905
0.0004471943
0
0
0
0
0
0
0
0
0
0
0.0005412344
0.0005234494
0.0005049878
0.000485827
0.000465885
0
0
0
0
0
0
0
0
0
0
0.0005564015
0.0005391255
0.0005211998
0.0005026036
0.0004832585
0
0
0
0
0
0
0
0
0
0
0.0005706815
0.0005538781
0.0005364487
0.0005183742
0.0004995793
0
0
0
0
0
0
0
0
0
0
0.0005844937
0.0005681419
0.0005511856
0.0005336074
0.0005153349
0
0
0
0
0
0
0
0
0
0
0.000598561
0.0005826659
0.0005661893
0.000549115
0.0005313735
0
0
0
0
0
0
0
0
0
0
0.0006128428
0.0005974078
0.0005814138
0.0005648466
0.0005476393
0
0
0
0
0
0
0
0
0
0
0.0006271556
0.0006121773
0.0005966622
0.0005805971
0.0005639182
0
0
0
0
0
0
0
0
0
0
0.0006413612
0.0006268326
0.0006117877
0.0005962151
0.0005800535
0
0
0
0
0
0
0
0
0
0
0.000655396
0.0006413082
0.0006267237
0.000611632
0.000595975
0
0
0
0
0
0
0
0
0
0
0.0006692512
0.000655596
0.000641462
0.0006268404
0.0006116754
0
0
0
0
0
0
0
0
0
0
0.0006829646
0.0006697361
0.0006560451
0.0006418846
0.0006272013
0
0
0
0
0
0
0
0
0
0
0.0006966211
0.0006838184
0.0006705668
0.0006568623
0.0006426544
0
0
0
0
0
0
0
0
0
0.0007103145
0.0006979422
0.0006851326
0.0006718843
0.000658151
0
0
0
0
0
0
0
0
0.0007240044
0.0007120734
0.0006997104
0.0006869215
0.0006736646
0
0
0
0
0
0
0
0.0007371333
0.0007256443
0.00071372
0.0007013743
0.0006885736
0
0
0
0
0
0
0.0007494395
0.0007384058
0.0007269135
0.0007149951
0.0007026264
0
0
0
0
0
0.00076081
0.0007502684
0.000739219
0.0007277194
0.000715765
0
0
0
0
0.0007711548
0.0007611959
0.0007506264
0.0007395568
0.0007280084
0
0
0
0
0
0
0
0
0
0
0.0005256821
0.0005073682
0.0004883492
0.0004686
0.0004480352
0
0
0
0
0
0
0
0
0
0
0.0005426273
0.0005248916
0.0005064823
0.000487377
0.0004674943
0
0
0
0
0
0
0
0
0
0
0.0005583786
0.0005411719
0.0005233194
0.000504801
0.0004855389
0
0
0
0
0
0
0
0
0
0
0.000573061
0.0005563403
0.0005389986
0.0005210174
0.0005023222
0
0
0
0
0
0
0
0
0
0
0.0005868902
0.0005706212
0.0005537532
0.0005362692
0.0005180975
0
0
0
0
0
0
0
0
0
0
0.0006002709
0.0005844338
0.0005680179
0.0005510075
0.0005333333
0
0
0
0
0
0
0
0
0
0
0.0006139023
0.0005985026
0.0005825454
0.0005660164
0.0005488488
0
0
0
0
0
0
0
0
0
0
0.0006277451
0.0006127864
0.0005972914
0.0005812471
0.0005645897
0
0
0
0
0
0
0
0
0
0
0.000641621
0.0006271009
0.0006120649
0.0005965013
0.000580349
0
0
0
0
0
0
0
0
0
0
0.000655396
0.0006413082
0.0006267237
0.000611632
0.000595975
0
0
0
0
0
0
0
0
0
0
0.0006690076
0.0006553446
0.0006412025
0.0006265726
0.0006113991
0
0
0
0
0
0
0
0
0
0
0.0006824462
0.0006692011
0.0006554932
0.0006413151
0.0006266139
0
0
0
0
0
0
0
0
0
0
0.0006957461
0.0006829157
0.0006696358
0.000655902
0.0006416638
0
0
0
0
0
0
0
0
0
0.0007089872
0.0006965734
0.0006837205
0.0006704272
0.000656647
0
0
0
0
0
0
0
0
0.0007222542
0.0007102682
0.0006978474
0.0006849973
0.0006716755
0
0
0
0
0
0
0
0.0007355
0.0007239605
0.0007119833
0.0006995821
0.0006867231
0
0
0
0
0
0
0.0007481643
0.0007370912
0.0007255581
0.0007135973
0.0007011843
0
0
0
0
0
0.000759967
0.0007493989
0.0007383226
0.0007267952
0.0007148119
0
0
0
0
0.0007707429
0.0007607707
0.0007501878
0.0007391046
0.0007275421
0
0
0
0.000780324
0.0007711165
0.0007611176
0.0007505153
0.0007393847
0
0
0
0
0
0
0
0
0
0
0.000543329
0.0005256181
0.000507235
0.0004881576
0.0004683046
0
0
0
0
0
0
0
0
0
0
0.000559725
0.0005425651
0.0005247624
0.0005062966
0.0004870904
0
0
0
0
0
0
0
0
0
0
0.0005749728
0.000558318
0.0005410461
0.0005231388
0.0005045222
0
0
0
0
0
0
0
0
0
0
0.0005891918
0.0005730016
0.0005562173
0.0005388221
0.000520745
0
0
0
0
0
0
0
0
0
0
0.0006025897
0.0005868317
0.0005705001
0.0005535794
0.0005360012
0
0
0
0
0
0
0
0
0
0
0.000615557
0.0006002127
0.0005843136
0.0005678454
0.0005507419
0
0
0
0
0
0
0
0
0
0
0.0006287705
0.0006138457
0.0005983858
0.0005823779
0.0005657584
0
0
0
0
0
0
0
0
0
0
0.0006421916
0.0006276902
0.0006126735
0.0005971298
0.0005809981
0
0
0
0
0
0
0
0
0
0
0.0006556476
0.0006415679
0.0006269918
0.0006119088
0.0005962607
0
0
0
0
0
0
0
0
0
0
0.0006690076
0.0006553446
0.0006412025
0.0006265726
0.0006113991
0
0
0
0
0
0
0
0
0
0
0.0006822102
0.0006689576
0.0006552419
0.0006410559
0.0006263465
0
0
0
0
0
0
0
0
0
0
0.0006952437
0.0006823975
0.0006691012
0.0006553506
0.0006410952
0
0
0
0
0
0
0
0
0
0.0007081389
0.0006956985
0.0006828183
0.0006694968
0.0006556876
0
0
0
0
0
0
0
0
0.0007209669
0.0007089408
0.0006964784
0.000683585
0.0006702181
0
0
0
0
0
0
0
0.000733802
0.0007222092
0.0007101761
0.000697716
0.0006847945
0
0
0
0
0
0
0.0007465799
0.0007354573
0.0007238729
0.0007118586
0.0006993893
0
0
0
0
0
0.0007587303
0.0007481234
0.0007370073
0.0007254388
0.0007134126
0
0
0
0
0.0007699262
0.0007599274
0.000749318
0.0007382077
0.0007266171
0
0
0
0.0007799259
0.0007707045
0.0007606922
0.0007500765
0.0007389321
0
0
0.0007884073
0.0007802866
0.0007710402
0.0007610095
0.0007503478
0
0
0
0
0
0
0
0
0
0
0.0005604032
0.0005432669
0.0005254891
0.0005070498
0.0004878717
0
0
0
0
0
0
0
0
0
0
0.0005762748
0.0005596647
0.00054244
0.0005245827
0.0005060191
0
0
0
0
0
0
0
0
0
0
0.0005910414
0.0005749141
0.0005581961
0.0005408712
0.0005228687
0
0
0
0
0
0
0
0
0
0
0.0006048171
0.0005891343
0.0005728824
0.0005560464
0.0005385581
0
0
0
0
0
0
0
0
0
0
0.0006178016
0.000602533
0.0005867143
0.0005703318
0.0005533197
0
0
0
0
0
0
0
0
0
0
0.0006303724
0.0006155006
0.0006000962
0.0005841465
0.000567588
0
0
0
0
0
0
0
0
0
0
0.0006431845
0.0006287155
0.0006137323
0.0005982235
0.0005821278
0
0
0
0
0
0
0
0
0
0
0.0006562001
0.0006421384
0.0006275807
0.0006125168
0.0005968883
0
0
0
0
0
0
0
0
0
0
0.0006692512
0.000655596
0.000641462
0.0006268404
0.0006116754
0
0
0
0
0
0
0
0
0
0
0.0006822102
0.0006689576
0.0006552419
0.0006410559
0.0006263465
0
0
0
0
0
0
0
0
0
0
0.000695015
0.0006821616
0.0006688579
0.0006550996
0.0006408364
0
0
0
0
0
0
0
0
0
0.000707652
0.0006951963
0.0006823004
0.0006689628
0.000655137
0
0
0
0
0
0
0
0
0.0007201444
0.0007080927
0.0006956039
0.0006826834
0.0006692886
0
0
0
0
0
0
0
0.0007325535
0.0007209218
0.0007088484
0.0006963467
0.0006833818
0
0
0
0
0
0
0.0007449327
0.0007337582
0.0007221196
0.0007100484
0.0006975189
0
0
0
0
0
0.0007571939
0.0007465382
0.0007353721
0.0007237517
0.0007116711
0
0
0
0
0.0007687283
0.0007586904
0.0007480417
0.0007368913
0.0007252592
0
0
0
0.0007791365
0.0007698877
0.0007598486
0.0007492061
0.0007380344
0
0
0.0007880241
0.0007798884
0.0007706281
0.0007605838
0.0007499086
0
0.0007948371
0.0007883708
0.0007802122
0.0007709349
0.0007608464
0
0
0
0
0
0
0
0
0
0
0.0005769308
0.0005603431
0.0005431421
0.0005253099
0.000506773
0
0
0
0
0
0
0
0
0
0
0.0005923011
0.0005762163
0.0005595434
0.000542266
0.000524314
0
0
0
0
0
0
0
0
0
0
0.0006066072
0.0005909844
0.0005747959
0.0005580268
0.0005406096
0
0
0
0
0
0
0
0
0
0
0.0006199579
0.0006047612
0.0005890187
0.0005727169
0.0005557906
0
0
0
0
0
0
0
0
0
0
0.000632546
0.0006177465
0.0006024191
0.0005865512
0.0005700801
0
0
0
0
0
0
0
0
0
0
0.0006447358
0.0006303176
0.0006153875
0.0005999342
0.0005838969
0
0
0
0
0
0
0
0
0
0
0.0006571617
0.000643131
0.0006286056
0.0006135749
0.0005979809
0
0
0
0
0
0
0
0
0
0
0.0006697863
0.0006561484
0.000642032
0.0006274287
0.0006122825
0
0
0
0
0
0
0
0
0
0
0.0006824462
0.0006692011
0.0006554932
0.0006413151
0.0006266139
0
0
0
0
0
0
0
0
0
0
0.000695015
0.0006821616
0.0006688579
0.0006550996
0.0006408364
0
0
0
0
0
0
0
0
0
0.0007074304
0.0006949678
0.0006820647
0.0006687197
0.0006548865
0
0
0
0
0
0
0
0
0.0007196725
0.0007076059
0.000695102
0.000682166
0.0006687553
0
0
0
0
0
0
0
0.0007317561
0.0007200994
0.0007080006
0.0006954727
0.000682481
0
0
0
0
0
0
0.0007437221
0.0007325096
0.000720832
0.0007087204
0.0006961492
0
0
0
0
0
0.0007555969
0.0007448901
0.000733671
0.0007219954
0.0007098568
0
0
0
0
0.0007672402
0.0007571533
0.0007464553
0.0007352542
0.0007235694
0
0
0
0.0007779787
0.0007686894
0.0007586109
0.0007479289
0.0007367165
0
0
0.0007872644
0.0007790988
0.0007698109
0.0007597397
0.0007490375
0
0.0007944706
0.0007879875
0.0007798138
0.0007705225
0.0007604204
0.0007986561
0.0007948012
0.000788298
0.0007801094
0.0007707759
0
0
0
0
0
0
0
0
0
0
0.0005929358
0.0005768724
0.0005602221
0.0005429686
0.0005250419
0
0
0
0
0
0
0
0
0
0
0.0006078264
0.0005922443
0.0005760988
0.000559375
0.0005420057
0
0
0
0
0
0
0
0
0
0
0.0006216912
0.0006065518
0.0005908699
0.0005746319
0.0005577733
0
0
0
0
0
0
0
0
0
0
0.0006346344
0.0006199037
0.0006046491
0.0005888583
0.000572469
0
0
0
0
0
0
0
0
0
0
0.0006468413
0.0006324925
0.0006176361
0.000602261
0.0005863071
0
0
0
0
0
0
0
0
0
0
0.0006586645
0.0006446825
0.0006302079
0.0006152305
0.0005996921
0
0
0
0
0
0
0
0
0
0
0.0006707179
0.0006571098
0.0006430243
0.0006284529
0.0006133396
0
0
0
0
0
0
0
0
0
0
0.0006829646
0.0006697361
0.0006560451
0.0006418846
0.0006272013
0
0
0
0
0
0
0
0
0
0
0.0006952437
0.0006823975
0.0006691012
0.0006553506
0.0006410952
0
0
0
0
0
0
0
0
0
0.0007074304
0.0006949678
0.0006820647
0.0006687197
0.0006548865
0
0
0
0
0
0
0
0
0.0007194578
0.0007073844
0.0006948736
0.0006819305
0.0006685127
0
0
0
0
0
0
0
0.0007312986
0.0007196276
0.0007075142
0.0006949714
0.0006819644
0
0
0
0
0
0
0.0007429492
0.0007317123
0.0007200099
0.0007078732
0.0006952761
0
0
0
0
0
0.0007544238
0.0007436794
0.0007324222
0.0007207075
0.0007085285
0
0
0
0
0.0007656938
0.0007555554
0.0007448053
0.0007335503
0.0007218092
0
0
0
0.0007765406
0.0007672007
0.0007570725
0.0007463406
0.0007350769
0
0
0.0007861501
0.0007779407
0.0007686119
0.000758501
0.0007477588
0
0.0007937442
0.0007872276
0.0007790239
0.0007697048
0.0007595755
0.0007983066
0.0007944346
0.0007879145
0.0007797108
0.0007703632
0.0007986206
0.0007947297
0.0007881975
0.0007799542
0
0
0
0
0
0
0
0
0
0
0.0006084408
0.0005928792
0.0005767552
0.0005600541
0.0005427089
0
0
0
0
0
0
0
0
0
0
0.0006228717
0.0006077713
0.0005921304
0.0005759356
0.0005591227
0
0
0
0
0
0
0
0
0
0
0.0006363132
0.0006216375
0.0006064408
0.0005907109
0.0005743861
0
0
0
0
0
0
0
0
0
0
0.0006488646
0.0006345817
0.000619795
0.0006044937
0.0005886179
0
0
0
0
0
0
0
0
0
0
0.0006607048
0.0006467894
0.0006323853
0.0006174828
0.0006020243
0
0
0
0
0
0
0
0
0
0
0.0006721742
0.0006586128
0.0006445761
0.0006300556
0.0006149956
0
0
0
0
0
0
0
0
0
0
0.0006838674
0.0006706675
0.0006570061
0.0006428761
0.0006282245
0
0
0
0
0
0
0
0
0
0
0.0006957461
0.0006829157
0.0006696358
0.000655902
0.0006416638
0
0
0
0
0
0
0
0
0
0.000707652
0.0006951963
0.0006823004
0.0006689628
0.000655137
0
0
0
0
0
0
0
0
0.0007194578
0.0007073844
0.0006948736
0.0006819305
0.0006685127
0
0
0
0
0
0
0
0.0007310906
0.000719413
0.0007072929
0.0006947433
0.0006817294
0
0
0
0
0
0
0.0007425059
0.000731255
0.0007195384
0.0007073873
0.0006947755
0
0
0
0
0
0.000753675
0.0007429065
0.0007316252
0.0007198861
0.0007076821
0
0
0
0
0.0007645583
0.0007543821
0.0007435943
0.0007323012
0.0007205209
0
0
0
0.0007750465
0.0007656533
0.0007554728
0.0007446878
0.0007333691
0
0
0.0007847664
0.000776502
0.000767122
0.0007569609
0.0007461681
0
0.0007926788
0.0007861129
0.000777865
0.0007685049
0.0007583354
0.0007976139
0.000793708
0.0007871543
0.0007789204
0.0007695448
0.000798271
0.000794363
0.0007878138
0.0007795553
0.00079855
0.000794631
0.0007880458
0
0
0
0
0
0
0
0
0
0
0.0006234667
0.0006083858
0.0005927655
0.0005765924
0.0005598024
0
0
0
0
0
0
0
0
0
0
0.0006374567
0.0006228183
0.0006076608
0.0005919723
0.0005756911
0
0
0
0
0
0
0
0
0
0
0.0006504912
0.000636261
0.0006215297
0.0006062867
0.0005904726
0
0
0
0
0
0
0
0
0
0
0.0006626656
0.0006488134
0.0006344762
0.0006196442
0.0006042604
0
0
0
0
0
0
0
0
0
0
0.000674152
0.0006606543
0.0006466853
0.0006322366
0.0006172531
0
0
0
0
0
0
0
0
0
0
0.000685279
0.000672124
0.0006585094
0.0006444283
0.0006298276
0
0
0
0
0
0
0
0
0
0
0.0006966211
0.0006838184
0.0006705668
0.0006568623
0.0006426544
0
0
0
0
0
0
0
0
0
0.0007081389
0.0006956985
0.0006828183
0.0006694968
0.0006556876
0
0
0
0
0
0
0
0
0.0007196725
0.0007076059
0.000695102
0.000682166
0.0006687553
0
0
0
0
0
0
0
0.0007310906
0.000719413
0.0007072929
0.0006947433
0.0006817294
0
0
0
0
0
0
0.0007423044
0.000731047
0.000719324
0.0007071662
0.0006945478
0
0
0
0
0
0.0007532459
0.0007424634
0.0007311682
0.0007194151
0.0007071968
0
0
0
0
0.0007638341
0.0007536335
0.0007428218
0.0007315047
0.0007197002
0
0
0
0.0007739502
0.0007645177
0.0007542993
0.0007434766
0.0007321196
0
0
0.000783329
0.0007750069
0.0007655728
0.0007553585
0.0007445115
0
0.0007913563
0.0007847286
0.0007764252
0.0007670132
0.0007567929
0.0007965984
0.0007926423
0.000786039
0.0007777606
0.0007683435
0.0007975782
0.0007936361
0.0007870531
0.0007787642
0.0007982003
0.0007942641
0.0007876618
0.0007984526
0.000794482
0
0
0
0
0
0
0
0
0
0
0.0006380331
0.0006234134
0.0006082756
0.0005926077
0.0005763484
0
0
0
0
0
0
0
0
0
0
0.0006515994
0.0006374049
0.0006227111
0.0006075075
0.000591735
0
0
0
0
0
0
0
0
0
0
0.0006642423
0.0006504406
0.0006361564
0.0006213803
0.0006060554
0
0
0
0
0
0
0
0
0
0
0.0006760528
0.0006626159
0.000648711
0.0006343299
0.0006194179
0
0
0
0
0
0
0
0
0
0
0.0006871966
0.0006741029
0.0006605533
0.000646541
0.0006320137
0
0
0
0
0
0
0
0
0
0
0.0006979898
0.0006852301
0.0006720235
0.0006583659
0.000644207
0
0
0
0
0
0
0
0
0
0.0007089872
0.0006965734
0.0006837205
0.0006704272
0.000656647
0
0
0
0
0
0
0
0
0.0007201444
0.0007080927
0.0006956039
0.0006826834
0.0006692886
0
0
0
0
0
0
0
0.0007312986
0.0007196276
0.0007075142
0.0006949714
0.0006819644
0
0
0
0
0
0
0.0007423044
0.000731047
0.000719324
0.0007071662
0.0006945478
0
0
0
0
0
0.0007530509
0.000742262
0.0007309604
0.0007192009
0.0007069762
0
0
0
0
0.0007634193
0.0007532045
0.000742379
0.0007310482
0.0007192299
0
0
0
0.0007732516
0.0007637936
0.000753551
0.0007427046
0.0007313239
0
0
0.0007822755
0.0007739105
0.000764437
0.0007541847
0.0007433
0
0.0007899829
0.0007832903
0.0007749284
0.0007654615
0.0007551868
0.0007953389
0.0007913192
0.0007846535
0.0007763191
0.0007668495
0.0007965624
0.0007925697
0.0007859369
0.0007776031
0.0007975071
0.0007935367
0.0007869004
0.0007981026
0.0007941148
0.0007983055
0
0
0
0
0
0
0
0
0
0
0.0006521579
0.0006379813
0.0006233064
0.0006081226
0.0005923711
0
0
0
0
0
0
0
0
0
0
0.0006653164
0.000651549
0.0006373008
0.0006225624
0.0006072774
0
0
0
0
0
0
0
0
0
0
0.0006775815
0.000664193
0.000650339
0.0006360114
0.0006211559
0
0
0
0
0
0
0
0
0
0
0.0006890399
0.0006760045
0.0006625164
0.000648569
0.0006341102
0
0
0
0
0
0
0
0
0
0
0.0006998495
0.0006871489
0.0006740047
0.0006604133
0.0006463246
0
0
0
0
0
0
0
0
0
0.0007103145
0.0006979422
0.0006851326
0.0006718843
0.000658151
0
0
0
0
0
0
0
0
0.0007209669
0.0007089408
0.0006964784
0.000683585
0.0006702181
0
0
0
0
0
0
0
0.0007317561
0.0007200994
0.0007080006
0.0006954727
0.000682481
0
0
0
0
0
0
0.0007425059
0.000731255
0.0007195384
0.0007073873
0.0006947755
0
0
0
0
0
0.0007530509
0.000742262
0.0007309604
0.0007192009
0.0007069762
0
0
0
0
0.0007632309
0.0007530095
0.0007421777
0.0007308407
0.0007190161
0
0
0
0.0007728519
0.0007633789
0.0007531223
0.0007422623
0.0007308681
0
0
0.0007816051
0.000773212
0.0007637132
0.0007534369
0.0007425287
0
0.0007889781
0.0007822367
0.0007738318
0.0007643254
0.0007540127
0.000794032
0.0007899449
0.0007832136
0.0007748198
0.0007652942
0.0007953023
0.0007912455
0.0007845499
0.0007761594
0.0007964908
0.0007924695
0.000785783
0.000797409
0.0007933868
0.0007979553
0
0
0
0
0
0
0
0
0
0
0.0006658579
0.0006521076
0.0006378775
0.0006231581
0.000607893
0
0
0
0
0
0
0
0
0
0
0.0006786231
0.0006652675
0.0006514479
0.0006371565
0.0006223391
0
0
0
0
0
0
0
0
0
0
0.0006905225
0.0006775337
0.0006640944
0.0006501983
0.0006357936
0
0
0
0
0
0
0
0
0
0
0.0007016375
0.000688993
0.0006759079
0.0006623787
0.0006483557
0
0
0
0
0
0
0
0
0
0.0007121185
0.0006998031
0.0006870535
0.0006738688
0.000660203
0
0
0
0
0
0
0
0
0.0007222542
0.0007102682
0.0006978474
0.0006849973
0.0006716755
0
0
0
0
0
0
0
0.0007325535
0.0007209218
0.0007088484
0.0006963467
0.0006833818
0
0
0
0
0
0
0.0007429492
0.0007317123
0.0007200099
0.0007078732
0.0006952761
0
0
0
0
0
0.0007532459
0.0007424634
0.0007311682
0.0007194151
0.0007071968
0
0
0
0
0.0007632309
0.0007530095
0.0007421777
0.0007308407
0.0007190161
0
0
0
0.0007726705
0.0007631906
0.0007529275
0.0007420613
0.0007306609
0
0
0.0007812222
0.0007728125
0.0007632988
0.0007530087
0.000742087
0
0.0007883401
0.0007815664
0.0007731336
0.0007636021
0.0007532656
0.0007930785
0.00078894
0.0007821598
0.0007737229
0.0007641579
0.0007939946
0.0007898696
0.0007831075
0.0007746566
0.0007952296
0.0007911437
0.0007843937
0.0007963919
0.0007923184
0.000797261
0
0
0
0
0
0
0
0
0
0
0.0006791481
0.000665809
0.0006520068
0.0006377336
0.0006229352
0
0
0
0
0
0
0
0
0
0
0.0006915327
0.0006785755
0.0006651694
0.0006513079
0.0006369398
0
0
0
0
0
0
0
0
0
0
0.0007030757
0.000690476
0.0006774379
0.0006639579
0.0006499868
0
0
0
0
0
0
0
0
0
0.0007138531
0.0007015918
0.0006888991
0.0006757741
0.0006621715
0
0
0
0
0
0
0
0
0.0007240044
0.0007120734
0.0006997104
0.0006869215
0.0006736646
0
0
0
0
0
0
0
0.000733802
0.0007222092
0.0007101761
0.000697716
0.0006847945
0
0
0
0
0
0
0.0007437221
0.0007325096
0.000720832
0.0007087204
0.0006961492
0
0
0
0
0
0.000753675
0.0007429065
0.0007316252
0.0007198861
0.0007076821
0
0
0
0
0.0007634193
0.0007532045
0.000742379
0.0007310482
0.0007192299
0
0
0
0.0007726705
0.0007631906
0.0007529275
0.0007420613
0.0007306609
0
0
0.0007810485
0.0007726311
0.0007631106
0.0007528141
0.0007418863
0
0.0007879766
0.0007811836
0.0007727343
0.0007631882
0.000752838
0.0007924752
0.0007883021
0.0007814898
0.0007730252
0.0007634352
0.000793041
0.0007888645
0.0007820535
0.0007735595
0.0007939204
0.0007897655
0.000782948
0.0007951293
0.0007909905
0.0007962427
0
0
0
0
0
0
0
0
0
0
0.000692042
0.0006791006
0.0006657111
0.0006518671
0.0006375173
0
0
0
0
0
0
0
0
0
0
0.0007040558
0.0006914864
0.0006784801
0.0006650335
0.0006510974
0
0
0
0
0
0
0
0
0
0.0007152487
0.0007030305
0.0006903829
0.0006773053
0.0006637525
0
0
0
0
0
0
0
0
0.0007256875
0.0007138087
0.0007015006
0.0006887691
0.0006755729
0
0
0
0
0
0
0
0.0007355
0.0007239605
0.0007119833
0.0006995821
0.0006867231
0
0
0
0
0
0
0.0007449327
0.0007337582
0.0007221196
0.0007100484
0.0006975189
0
0
0
0
0
0.0007544238
0.0007436794
0.0007324222
0.0007207075
0.0007085285
0
0
0
0
0.0007638341
0.0007536335
0.0007428218
0.0007315047
0.0007197002
0
0
0
0.0007728519
0.0007633789
0.0007531223
0.0007422623
0.0007308681
0
0
0.0007810485
0.0007726311
0.0007631106
0.0007528141
0.0007418863
0
0.0007878122
0.00078101
0.0007725531
0.0007630002
0.0007526437
0.000792133
0.0007879388
0.0007811072
0.0007726263
0.0007630219
0.0007924377
0.0007882269
0.0007813839
0.0007728624
0.0007929666
0.0007887602
0.0007818937
0.0007938178
0.0007896091
0.0007949781
0
0
0
0
0
0
0
0
0
0
0.0007045499
0.0006919958
0.0006790055
0.0006655755
0.0006516571
0
0
0
0
0
0
0
0
0
0.0007161997
0.0007040108
0.0006913938
0.0006783482
0.000664829
0
0
0
0
0
0
0
0
0.0007270418
0.0007152047
0.00070294
0.0006902541
0.0006771057
0
0
0
0
0
0
0
0.0007371333
0.0007256443
0.00071372
0.0007013743
0.0006885736
0
0
0
0
0
0
0.0007465799
0.0007354573
0.0007238729
0.0007118586
0.0006993893
0
0
0
0
0
0.0007555969
0.0007448901
0.000733671
0.0007219954
0.0007098568
0
0
0
0
0.0007645583
0.0007543821
0.0007435943
0.0007323012
0.0007205209
0
0
0
0.0007732516
0.0007637936
0.000753551
0.0007427046
0.0007313239
0
0
0.0007812222
0.0007728125
0.0007632988
0.0007530087
0.000742087
0
0.0007878122
0.00078101
0.0007725531
0.0007630002
0.0007526437
0.0007919787
0.0007877744
0.0007809338
0.0007724453
0.0007628342
0.0007920957
0.0007878638
0.0007810017
0.0007724641
0.0007923636
0.000788123
0.0007812248
0.0007928638
0.0007886035
0.0007936636
0
0
0
0
0
0
0
0
0
0.0007166792
0.000704505
0.0006919034
0.0006788738
0.0006653716
0
0
0
0
0
0
0
0
0.0007279648
0.0007161559
0.0007039207
0.0006912657
0.0006781496
0
0
0
0
0
0
0
0.0007384475
0.000726999
0.0007151167
0.0007028149
0.0006900602
0
0
0
0
0
0
0.0007481643
0.0007370912
0.0007255581
0.0007135973
0.0007011843
0
0
0
0
0
0.0007571939
0.0007465382
0.0007353721
0.0007237517
0.0007116711
0
0
0
0
0.0007656938
0.0007555554
0.0007448053
0.0007335503
0.0007218092
0
0
0
0.0007739502
0.0007645177
0.0007542993
0.0007434766
0.0007321196
0
0
0.0007816051
0.000773212
0.0007637132
0.0007534369
0.0007425287
0
0.0007879766
0.0007811836
0.0007727343
0.0007631882
0.000752838
0.0007919787
0.0007877744
0.0007809338
0.0007724453
0.0007628342
0.0007919415
0.0007876996
0.0007808285
0.0007722834
0.0007920218
0.0007877603
0.0007808432
0.0007922613
0.0007879669
0.0007927094
0
0
0
0
0
0
0
0
0.0007284301
0.0007166355
0.0007044152
0.0006917755
0.0006786757
0
0
0
0
0
0
0
0.0007393433
0.0007279222
0.0007160684
0.0007037962
0.0006910727
0
0
0
0
0
0
0.0007494395
0.0007384058
0.0007269135
0.0007149951
0.0007026264
0
0
0
0
0
0.0007587303
0.0007481234
0.0007370073
0.0007254388
0.0007134126
0
0
0
0
0.0007672402
0.0007571533
0.0007464553
0.0007352542
0.0007235694
0
0
0
0.0007750465
0.0007656533
0.0007554728
0.0007446878
0.0007333691
0
0
0.0007822755
0.0007739105
0.000764437
0.0007541847
0.0007433
0
0.0007883401
0.0007815664
0.0007731336
0.0007636021
0.0007532656
0.000792133
0.0007879388
0.0007811072
0.0007726263
0.0007630219
0.0007919415
0.0007876996
0.0007808285
0.0007722834
0.0007918677
0.0007875963
0.0007806703
0.0007919199
0.0007876048
0.0007921075
0
0
0
0
0
0
0
0.000739795
0.0007283876
0.0007165482
0.0007042909
0.000691583
0
0
0
0
0
0
0.0007503087
0.0007393018
0.0007278371
0.0007159474
0.0007036087
0
0
0
0
0
0.000759967
0.0007493989
0.0007383226
0.0007267952
0.0007148119
0
0
0
0
0.0007687283
0.0007586904
0.0007480417
0.0007368913
0.0007252592
0
0
0
0.0007765406
0.0007672007
0.0007570725
0.0007463406
0.0007350769
0
0
0.000783329
0.0007750069
0.0007655728
0.0007553585
0.0007445115
0
0.0007889781
0.0007822367
0.0007738318
0.0007643254
0.0007540127
0.0007924752
0.0007883021
0.0007814898
0.0007730252
0.0007634352
0.0007920957
0.0007878638
0.0007810017
0.0007724641
0.0007918677
0.0007875963
0.0007806703
0.000791766
0.000787441
0.0007917666
0
0
0
0
0
0
0.0007507471
0.0007397536
0.0007283027
0.0007164274
0.0007041038
0
0
0
0
0
0.00076081
0.0007502684
0.000739219
0.0007277194
0.000715765
0
0
0
0
0.0007699262
0.0007599274
0.000749318
0.0007382077
0.0007266171
0
0
0
0.0007779787
0.0007686894
0.0007586109
0.0007479289
0.0007367165
0
0
0.0007847664
0.000776502
0.000767122
0.0007569609
0.0007461681
0
0.0007899829
0.0007832904
0.0007749284
0.0007654615
0.0007551868
0.0007930785
0.00078894
0.0007821598
0.0007737229
0.0007641579
0.0007924377
0.0007882269
0.0007813839
0.0007728624
0.0007920218
0.0007877603
0.0007808432
0.000791766
0.000787441
0.000791613
0
0
0
0
0
0.0007612351
0.0007507068
0.000739671
0.0007281853
0.0007162455
0
0
0
0
0.0007707429
0.0007607707
0.0007501878
0.0007391046
0.0007275421
0
0
0
0.0007791365
0.0007698877
0.0007598486
0.0007492061
0.0007380344
0
0
0.0007861501
0.0007779407
0.0007686119
0.000758501
0.0007477588
0
0.0007913563
0.0007847286
0.0007764252
0.0007670132
0.0007567929
0.000794032
0.0007899449
0.0007832136
0.0007748198
0.0007652942
0.000793041
0.0007888645
0.0007820535
0.0007735595
0.0007923636
0.000788123
0.0007812248
0.0007919199
0.0007876048
0.000791613
0
0
0
0
0.0007711548
0.0007611959
0.0007506264
0.0007395568
0.0007280084
0
0
0
0.0007799259
0.0007707045
0.0007606922
0.0007500765
0.0007389321
0
0
0.0007872644
0.0007790988
0.0007698109
0.0007597397
0.0007490375
0
0.0007926788
0.0007861129
0.000777865
0.0007685049
0.0007583354
0.0007953389
0.0007913192
0.0007846535
0.0007763191
0.0007668495
0.0007939946
0.0007898696
0.0007831075
0.0007746566
0.0007929666
0.0007887602
0.0007818937
0.0007922613
0.0007879669
0.0007917666
0
0
0
0.000780324
0.0007711165
0.0007611176
0.0007505153
0.0007393847
0
0
0.0007880241
0.0007798884
0.0007706281
0.0007605838
0.0007499086
0
0.0007937442
0.0007872276
0.0007790239
0.0007697048
0.0007595755
0.0007965984
0.0007926423
0.000786039
0.0007777606
0.0007683435
0.0007953023
0.0007912455
0.0007845499
0.0007761594
0.0007939204
0.0007897655
0.000782948
0.0007928638
0.0007886035
0.0007921075
0
0
0.0007884073
0.0007802866
0.0007710402
0.0007610095
0.0007503478
0
0.0007944706
0.0007879875
0.0007798138
0.0007705225
0.0007604204
0.0007976139
0.000793708
0.0007871543
0.0007789204
0.0007695448
0.0007965624
0.0007925697
0.0007859369
0.0007776031
0.0007952296
0.0007911437
0.0007843937
0.0007938178
0.0007896091
0.0007927094
0
0.0007948371
0.0007883708
0.0007802122
0.0007709349
0.0007608464
0.0007983066
0.0007944346
0.0007879145
0.0007797108
0.0007703632
0.0007975782
0.0007936361
0.0007870531
0.0007787642
0.0007964908
0.0007924695
0.000785783
0.0007951293
0.0007909905
0.0007936636
0.0007986561
0.0007948012
0.000788298
0.0007801094
0.0007707759
0.000798271
0.000794363
0.0007878138
0.0007795553
0.0007975071
0.0007935367
0.0007869004
0.0007963919
0.0007923184
0.0007949781
0.0007986206
0.0007947297
0.0007881975
0.0007799542
0.0007982003
0.0007942641
0.0007876618
0.000797409
0.0007933868
0.0007962427
0.00079855
0.000794631
0.0007880458
0.0007981026
0.0007941148
0.000797261
0.0007984526
0.000794482
0.0007979553
0.0007983055
)
;

boundaryField
{
    cathodeSides
    {
        type            zeroGradient;
    }
    electrolyteSides
    {
        type            zeroGradient;
    }
    anodeSides
    {
        type            zeroGradient;
    }
    phiI_to_phiI0
    {
        type            zeroGradient;
    }
}


// ************************************************************************* //
