/*--------------------------------*- C++ -*----------------------------------*\
| =========                 |                                                 |
| \\      /  F ield         | OpenFOAM: The Open Source CFD Toolbox           |
|  \\    /   O peration     | Version:  2306                                  |
|   \\  /    A nd           | Website:  www.openfoam.com                      |
|    \\/     M anipulation  |                                                 |
\*---------------------------------------------------------------------------*/
FoamFile
{
    version     2.0;
    format      ascii;
    arch        "LSB;label=32;scalar=64";
    class       cellSet;
    location    "constant/air/polyMesh/sets";
    object      cathode;
}
// * * * * * * * * * * * * * * * * * * * * * * * * * * * * * * * * * * * * * //


4000
(
8192
8193
8194
8205
8206
8207
8208
8209
8220
8221
8222
8223
8224
8235
8236
8237
8238
8239
56
8250
8251
8252
8253
8254
8265
8266
8267
8268
8269
85
86
87
8280
8281
8282
8283
8284
8295
8296
8297
8298
8299
8310
8311
8312
8313
8314
124
125
126
127
128
129
8335
8336
8337
8338
8339
8360
8361
8362
8363
8364
175
176
177
178
179
180
181
182
183
184
8385
8386
8387
8388
8389
8410
8411
8412
8413
8414
240
241
242
8435
243
8436
244
8437
245
8438
246
8439
247
248
249
250
251
252
253
254
8460
8461
8462
8463
8464
8485
8486
8487
8488
8489
8510
8511
319
8512
320
8513
321
8514
322
323
324
325
326
327
328
329
330
331
332
333
334
335
336
337
338
8535
8536
8537
8538
8539
8560
8561
8562
8563
8564
8575
8576
8577
8578
8579
8590
8591
8592
8593
8594
402
8605
413
8606
414
8607
415
8608
416
8609
417
418
419
420
421
422
423
424
425
426
427
8620
428
8621
429
8622
430
8623
431
8624
433
434
435
436
437
8635
8636
8637
8638
8639
8650
8651
8652
8653
8654
8665
8666
8667
8668
8669
8680
8681
8682
8683
8684
499
8695
8696
8697
8698
8699
510
511
8710
8711
8712
8713
8714
522
523
524
525
526
527
528
529
530
531
532
533
534
535
536
537
538
540
541
542
8735
543
8736
544
8737
8738
8739
547
548
549
550
551
8760
8761
8762
8763
8764
8785
8786
8787
8788
8789
610
8810
8811
8812
8813
621
8814
622
633
634
635
8835
8836
8837
8838
646
8839
647
648
649
650
651
652
653
654
655
656
657
658
659
661
662
663
664
665
8860
668
8861
669
8862
670
8863
671
8864
672
676
677
678
679
680
8885
8886
8887
8888
8889
8910
8911
8912
8913
8914
735
8935
8936
8937
8938
746
8939
747
758
759
760
8959
8960
8961
8962
8963
771
772
773
774
8974
8975
8976
8977
785
8978
786
787
788
789
790
791
792
793
794
796
8989
797
8990
798
8991
799
8992
800
8993
803
804
805
806
807
811
9004
812
9005
813
9006
814
9007
815
9008
820
821
822
823
824
9019
9020
9021
9022
9023
9034
9035
9036
9037
9038
9049
9050
9051
9052
9053
9064
9065
9066
874
9067
9068
885
886
9079
9080
9081
9082
9083
897
898
899
9094
9095
9096
9097
9098
910
911
912
913
9109
9110
9111
9112
9113
924
925
926
927
928
939
940
941
9134
942
9135
943
9136
9137
945
9138
946
947
948
949
952
953
954
955
956
960
961
962
963
964
9159
9160
9161
969
9162
970
9163
971
972
973
979
980
981
982
983
9184
9185
9186
9187
9188
9209
9210
9211
9212
9213
1027
1038
1039
9234
9235
9236
9237
9238
1050
1051
1052
1063
1064
1065
1066
9259
9260
9261
9262
9263
1077
1078
1079
1080
1081
9284
1092
9285
1093
9286
1094
9287
1095
9288
1096
1108
1109
1110
1111
1112
1115
1116
9309
1117
9310
1118
9311
1119
9312
9313
1123
1124
1125
1126
1127
1132
1133
1134
1135
1136
9333
9334
1142
9335
1143
9336
1144
9337
1145
1146
1153
1154
1155
1156
1157
9356
9357
9358
9359
9360
9371
9372
9373
9374
9375
9386
1194
9387
9388
9389
9390
1205
1206
9401
9402
9403
9404
9405
1217
1218
1219
9416
9417
9418
9419
9420
1230
1231
1232
1233
9431
9432
9433
9434
9435
1244
1245
1246
1247
1248
9446
9447
9448
9449
9450
1259
1260
1261
1262
1263
9461
9462
9463
9464
9465
1275
1276
1277
1278
1279
9476
9477
9478
9479
9480
1292
1293
1294
1295
1296
9491
9492
1300
9493
1301
9494
1302
9495
1303
1304
1309
1310
1311
1312
1313
9506
9507
9508
9509
9510
1319
1320
1321
1322
1323
1330
1331
1332
1333
1334
9531
9532
9533
9534
1342
9535
1343
1344
1345
1346
9556
9557
9558
9559
9560
1375
1386
1387
9581
9582
9583
9584
9585
1398
1399
1400
1411
1412
1413
9606
1414
9607
9608
9609
9610
1425
1426
1427
1428
1429
9631
9632
1440
9633
1441
9634
1442
9635
1443
1444
1456
1457
1458
1459
1460
9656
9657
9658
9659
9660
1473
1474
1475
1476
1477
9681
9682
9683
1491
9684
1492
9685
1493
1494
1495
1500
1501
1502
1503
1504
1510
1511
1512
9705
1513
9706
1514
9707
9708
9709
1521
1522
1523
1524
1525
1533
1534
1535
9728
1536
9729
1537
9730
9731
9732
1546
1547
1548
1549
1550
9750
9751
9752
9753
9754
1570
9765
9766
9767
9768
9769
1581
1582
9780
9781
9782
9783
9784
1593
1594
1595
9795
9796
9797
9798
1606
9799
1607
1608
1609
9810
9811
9812
1620
9813
1621
9814
1622
1623
1624
9825
9826
9827
1635
9828
1636
9829
1637
1638
1639
9840
9841
9842
9843
1651
9844
1652
1653
1654
1655
9855
9856
9857
9858
9859
1668
1669
1670
1671
1672
9870
9871
9872
9873
9874
1686
1687
1688
1689
1690
9885
9886
9887
9888
9889
1705
1706
1707
9900
1708
9901
1709
9902
9903
9904
1715
1716
1717
1718
1719
1726
1727
1728
1729
1730
9925
9926
9927
9928
9929
1738
1739
1740
1741
1742
1751
1752
1753
1754
1755
9950
9951
9952
9953
9954
1765
1766
1767
1768
1769
1780
9975
9976
9977
9978
9979
1791
1792
1803
1804
1805
10000
10001
10002
10003
10004
1816
1817
1818
1819
1830
1831
1832
10025
1833
10026
1834
10027
10028
10029
1845
1846
1847
1848
1849
10050
10051
10052
10053
1861
10054
1862
1863
1864
1865
1878
1879
1880
1881
10074
1882
10075
10076
10077
10078
1896
1897
1898
1899
1900
10097
10098
10099
10100
10101
1915
1916
1917
1918
1919
10119
10120
10121
10122
10123
1935
1936
1937
1938
1939
1946
1947
10140
1948
10141
1949
10142
1950
10143
10144
1958
1959
1960
1961
1962
10155
10156
10157
10158
10159
1971
1972
1973
1974
1975
10170
10171
10172
10173
10174
1985
1986
1987
1988
1989
10185
10186
10187
10188
10189
2000
2001
2002
2003
2004
10200
10201
10202
10203
10204
2015
2016
2017
10215
10216
10217
10218
10219
2028
2029
2030
10230
10231
10232
10233
2041
10234
2042
2043
2044
10245
10246
10247
2055
10248
2056
10249
2057
2058
2059
10260
10261
10262
2070
10263
2071
10264
2072
2073
2074
10275
10276
10277
10278
2086
10279
2087
2088
2089
2090
10290
10291
10292
10293
10294
2103
2104
2105
2106
2107
2121
2122
10315
2123
10316
2124
10317
2125
10318
10319
2140
2141
2142
2143
2144
10340
10341
10342
10343
10344
2160
2161
2162
2163
2164
10365
10366
10367
10368
10369
2181
2182
2183
2184
2185
2193
2194
2195
2196
2197
10390
10391
10392
10393
10394
2206
2207
2208
2209
2210
2220
2221
2222
10415
2223
10416
2224
10417
10418
10419
2235
2236
2237
2238
2239
10439
10440
10441
10442
2250
10443
2251
2252
2253
2254
2265
2266
2267
2268
2269
10462
2270
10463
10464
10465
10466
2281
2282
2283
2284
10484
10485
10486
10487
2295
10488
2296
2297
2298
2299
2310
2311
2312
10505
2313
10506
2314
10507
10508
10509
2326
2327
2328
2329
2330
10525
10526
10527
10528
10529
2343
2344
2345
2346
2347
10540
10541
10542
10543
10544
2361
2362
10555
2363
10556
2364
10557
2365
10558
10559
10570
10571
10572
2380
10573
2381
10574
2382
2383
2384
10585
10586
10587
10588
10589
2400
2401
2402
2403
2404
10600
10601
10602
10603
10604
2421
2422
10615
2423
10616
2424
10617
2425
10618
10619
10630
10631
10632
10633
10634
2443
2444
2445
2446
2447
10645
10646
10647
10648
2456
10649
2457
2458
2459
2460
10660
10661
10662
2470
10663
2471
10664
2472
2473
2474
10675
10676
10677
2485
10678
2486
10679
2487
2488
2489
2500
2501
2502
2503
2504
10700
10701
10702
10703
10704
2515
2516
2517
2518
2519
2530
2531
2532
10725
2533
10726
2534
10727
2535
10728
2536
10729
2537
2538
2539
2550
2551
2552
2553
2554
10750
10751
10752
10753
10754
2565
2566
2567
2568
2569
2581
2582
10775
2583
10776
2584
10777
2585
10778
10779
2598
2599
2600
2601
2602
10799
10800
10801
10802
10803
2616
2617
2618
2619
2620
10822
10823
10824
10825
10826
2635
2636
2637
2638
2639
10844
10845
10846
10847
2655
10848
2656
2657
2658
2659
10865
10866
10867
10868
2676
10869
2677
2678
2679
2680
10885
10886
10887
10888
10889
2698
2699
2700
2701
2702
10904
10905
10906
10907
10908
2721
2722
2723
2724
2725
10919
10920
10921
10922
10923
2735
2736
2737
2738
2739
10934
10935
10936
10937
10938
2750
2751
2752
2753
2754
10949
10950
10951
10952
10953
2765
2766
2767
2768
2769
10964
10965
10966
10967
10968
2780
2781
2782
2783
2784
10979
10980
10981
10982
2795
2796
2797
2798
2799
10993
10994
10995
10996
10997
2810
2811
2812
2813
2814
2815
11008
2816
11009
2817
11010
2818
11011
2819
11012
2820
2821
2822
2823
2824
11023
11024
11025
11026
11027
2835
2836
2837
2838
2839
11038
11039
11040
11041
11042
2851
2852
2853
2854
2855
11053
11054
11055
11056
11057
2868
2869
2870
2871
2872
11078
2886
11079
2887
11080
2888
11081
2889
11082
2890
2905
2906
2907
2908
2909
11103
11104
11105
11106
11107
2925
2926
2927
2928
2929
11128
11129
11130
11131
11132
2946
2947
2948
2949
2950
11152
11153
11154
11155
11156
2968
2969
2970
2971
2972
11175
11176
11177
11178
11179
2991
2992
2993
2994
2995
11197
11198
11199
11200
11201
3015
3016
3017
3018
3019
11218
11219
11220
11221
11222
3030
3031
3032
3033
3034
3045
11238
3046
11239
3047
11240
3048
11241
3049
11242
3060
3061
3062
3063
3064
11257
11258
11259
11260
11261
3075
3076
3077
3078
3079
11275
11276
11277
11278
11279
3090
3091
3092
3093
3094
11290
11291
11292
11293
11294
3105
3106
3107
3108
3109
3110
3111
3112
11305
3113
11306
3114
11307
3115
11308
3116
11309
3117
3118
3119
3120
3121
3122
3123
11320
11321
11322
11323
11324
3135
3136
3137
3138
3139
11335
11336
11337
11338
3152
3153
3154
3155
3156
11349
11350
11351
11362
3170
11363
3171
11364
3172
11365
3173
11366
3174
11377
11378
11379
11380
11381
3189
3190
3191
3192
3193
11392
11393
11394
11395
11396
3209
3210
3211
3212
3213
11407
11408
11409
11410
11411
11422
3230
11423
3231
11424
3232
11425
3233
11426
3234
3252
3253
3254
11447
3255
11448
3256
11449
11450
11451
3275
3276
3277
3278
3279
11472
11473
11474
11475
11476
3299
3300
3301
3302
3303
11496
11497
11498
11499
11500
3324
3325
3326
11519
3327
11520
3328
11521
11522
11523
3339
3340
3341
3342
3343
11541
11542
11543
11544
11545
3354
3355
3356
3357
3358
3369
11562
3370
11563
3371
11564
3372
11565
3373
11566
3384
3385
3386
3387
3388
11582
11583
11584
11585
11586
3399
3400
3401
3402
3403
11601
11602
11603
11604
11605
3414
3415
3416
3417
3418
3419
3420
3421
3422
3423
3424
3425
3426
11619
3427
11620
3428
11621
3429
11622
3430
11623
3432
3433
3434
3435
3436
11636
11637
11638
11639
11640
3449
3450
3451
3452
3453
11651
11652
11653
11654
11655
3467
3468
3469
3470
3471
11666
11667
11668
11669
11670
3486
3487
3488
11681
3489
11682
3490
11683
11684
11695
11696
11697
3506
3507
3508
3509
3510
11708
11709
3527
11720
3528
11721
3529
11722
3530
11723
3531
11724
11735
11736
11737
11738
11739
3549
3550
3551
3552
3553
11750
11751
11752
11753
11754
3572
11765
3573
11766
3574
11767
3575
11768
3576
11769
11780
11781
11782
11783
11784
3596
3597
3598
3599
3600
11805
11806
11807
11808
11809
3621
3622
3623
3624
3625
11829
11830
11831
11832
11833
3646
3647
3648
3649
3650
11852
11853
3661
11854
3662
11855
3663
11856
3664
3665
3676
3677
3678
3679
3680
11874
11875
11876
11877
11878
3691
3692
3693
3694
3695
11895
11896
11897
11898
3706
11899
3707
3708
3709
3710
3721
3722
11915
3723
11916
3724
11917
3725
11918
11919
3736
3737
3738
3739
3740
3741
11934
3742
11935
3743
11936
3744
11937
3745
11938
3746
3747
3748
3749
3751
3752
3753
3754
3755
3758
3759
11952
3760
11953
3761
11954
3762
11955
11956
3776
11969
3777
11970
3778
11971
3779
11972
3780
11973
11985
11986
11987
3795
11988
3796
11989
3797
3798
3799
12000
12001
12002
12003
12004
3815
3816
3817
3818
3819
12015
12016
12017
12018
3836
12029
3837
12030
3838
12031
3839
3840
12042
12043
3858
3859
3860
3861
12054
3862
12065
12066
12067
12068
12069
3881
3882
3883
3884
3885
12080
12081
12082
12083
12084
12095
12096
12097
3905
12098
3906
12099
3907
3908
3909
12110
12111
12112
12113
12114
3930
3931
3932
12125
3933
12126
3934
12127
12128
12129
3955
3956
12149
3957
12150
3958
12151
3959
12152
12153
12172
3980
12173
3981
12174
3982
12175
3983
12176
3984
3995
3996
3997
3998
3999
12194
12195
12196
12197
12198
4010
4011
4012
4013
4014
12215
12216
12217
4025
12218
4026
12219
4027
4028
4029
4040
4041
4042
12235
4043
12236
4044
12237
12238
12239
4055
4056
4057
4058
4059
12254
12255
12256
12257
12258
4070
4071
4072
4073
4074
4075
4076
4077
4078
4079
12272
12273
4081
12274
4082
12275
4083
12276
4084
4085
4088
4089
4090
4091
4092
4096
12289
4097
12290
4098
12291
4099
12292
4100
12293
12305
12306
12307
4115
12308
4116
12309
4117
4118
4119
12320
12321
12322
12323
12324
4135
4136
4137
4138
4139
12335
12336
12337
12338
4156
12349
4157
12350
4158
12351
4159
4160
12362
12363
4178
4179
4180
4181
12374
4182
4201
4202
12395
4203
12396
4204
12397
4205
12398
12399
12410
12411
12412
12413
12414
4225
4226
4227
4228
4229
12425
12426
12427
12428
12429
12440
12441
12442
4250
12443
4251
12444
4252
4253
4254
12455
12456
12457
12458
12459
4275
4276
4277
4278
4279
12478
12479
12480
12481
12482
4300
4301
4302
4303
4304
12500
12501
12502
12503
12504
4325
4326
4327
4328
12521
4329
12522
12523
12524
12525
4340
4341
4342
4343
4344
12541
12542
12543
12544
12545
4355
4356
4357
4358
4359
12560
12561
12562
4370
12563
4371
12564
4372
4373
4374
4385
12578
4386
12579
4387
12580
4388
12581
4389
12582
4400
4401
4402
12595
4403
12596
4404
12597
12598
12599
4415
4416
4417
4418
12611
4419
12612
12613
4421
12614
4422
12615
4423
4424
4425
4428
4429
4430
4431
4432
12626
12627
12628
4436
12629
4437
12630
4438
4439
4440
4445
4446
4447
4448
12641
4449
12642
12643
12644
12655
12656
12657
4465
4466
4467
4468
4469
12668
12669
4486
4487
12680
4488
4489
4490
4508
4509
4510
4511
4512
12710
12711
12712
12713
12714
4531
4532
12725
4533
12726
4534
12727
4535
12728
12729
12740
12741
12742
12743
12744
4555
4556
4557
4558
4559
12755
12756
12757
12758
12759
12770
12771
12772
4580
12773
4581
12774
4582
4583
4584
12792
12793
12794
12795
12796
4605
4606
4607
4608
4609
12813
12814
12815
12816
12817
4630
4631
4632
4633
4634
12833
12834
12835
12836
12837
4655
4656
4657
4658
4659
12852
12853
12854
12855
12856
12870
12871
12872
4680
12873
4681
12874
4682
4683
4684
12887
4695
12888
4696
12889
4697
12890
4698
12891
4699
4710
12903
4711
12904
4712
12905
4713
12906
4714
12907
4725
12918
4726
12919
4727
12920
4728
12921
4729
12922
4740
12933
4741
12934
4742
12935
4743
12936
4744
12947
4755
12948
4756
12949
4757
4758
4759
12960
12961
4770
4771
4772
4773
4774
4777
4778
4779
12972
4780
4781
4785
4786
4787
4788
4789
4794
4795
4796
4797
4798
4804
4805
4806
4807
4808
13010
13011
13012
13013
13014
4825
4826
4827
4828
4829
13025
13026
13027
13028
13029
4847
13040
4848
13041
4849
13042
4850
13043
4851
13044
13055
13056
13057
13058
13059
4870
4871
4872
4873
4874
13070
13071
13072
13073
13074
4894
4895
4896
4897
4898
13091
13092
13093
13094
13095
13111
4919
13112
4920
13113
4921
13114
4922
13115
4923
13130
13131
13132
13133
13134
4944
4945
4946
4947
4948
13148
13149
13150
13151
13152
4969
4970
4971
4972
13165
4973
13166
13167
13168
13169
13181
13182
13183
13184
13185
4994
4995
4996
4997
4998
13196
13197
13198
13199
13200
13211
5019
13212
5020
13213
5021
13214
5022
5023
13225
13226
13227
5044
5045
13238
5046
13239
5047
5048
13250
5059
5060
5061
5062
5063
5074
5075
5076
5077
5078
5089
5090
5091
5092
5093
13295
13296
5104
13297
5105
13298
5106
13299
5107
5108
13310
13311
5119
13312
5120
13313
5121
13314
5122
5123
13325
13326
5134
13327
5135
13328
5136
13329
5137
5138
5142
5143
5144
5145
5146
13340
13341
13342
13343
5151
13344
5152
5153
5154
5155
5161
5162
13355
5163
13356
5164
13357
5165
13358
13359
5172
5173
5174
5175
5176
13375
13376
13377
13378
13379
5194
5195
5196
5197
5198
13394
13395
13396
13397
13398
5217
5218
5219
13412
5220
13413
5221
13414
13415
13416
13429
13430
13431
13432
13433
5241
5242
5243
5244
5245
13445
13446
13447
13448
13449
5266
5267
13460
5268
13461
5269
13462
5270
13463
13464
13475
13476
13477
13478
5291
5292
5293
5294
5295
13489
13490
13491
13502
13503
5316
5317
5318
5319
5320
13514
5341
5342
5343
5344
5345
5366
5367
5368
5369
5370
13565
13566
13567
13568
13569
13580
13581
13582
13583
5391
13584
5392
5393
5394
5395
13595
13596
13597
13598
13599
5416
5417
13610
5418
13611
5419
13612
5420
13613
13614
5431
5432
13625
5433
13626
5434
13627
5435
13628
13629
5446
5447
5448
5449
5450
13644
13645
13646
13647
13648
5461
5462
5463
5464
5465
13662
13663
13664
13665
13666
5476
5477
5478
5479
5480
13679
13680
13681
13682
13683
5491
5492
5493
5494
5495
13695
13696
13697
13698
5506
13699
5507
5508
5509
5510
5515
5516
5517
13710
5518
13711
5519
13712
13713
13714
5525
5526
5527
5528
5529
13725
13726
13727
13728
5536
5537
5538
5539
5540
13739
13740
5548
13741
5549
5550
5551
5552
13752
13753
5571
13764
5572
5573
5574
5575
5595
5596
5597
5598
5599
5620
5621
5622
5623
5624
13820
13821
13822
13823
13824
13835
13836
13837
5645
13838
5646
13839
5647
5648
5649
13850
13851
13852
13853
13854
5670
5671
5672
13865
5673
13866
5674
13867
13868
13869
13880
13881
13882
13883
13884
5695
5696
5697
5698
5699
13898
13899
13900
13901
13902
5720
5721
5722
13915
5723
13916
5724
13917
13918
13919
13931
13932
13933
13934
13935
5745
5746
5747
5748
5749
13946
13947
13948
13949
13950
13961
13962
5770
13963
5771
13964
5772
5773
5774
13975
13976
13977
5795
13988
5796
13989
5797
5798
5799
14000
5810
5811
5812
5813
5814
5825
5826
5827
5828
5829
5840
5841
5842
5843
5844
5855
5856
5857
5858
5859
14060
14061
14062
5870
14063
5871
14064
5872
5873
5874
14075
14076
14077
5885
14078
5886
14079
5887
5888
5889
5895
5896
5897
14090
5898
14091
5899
14092
14093
14094
5906
5907
5908
5909
5910
14105
14106
14107
14108
14109
5918
5919
5920
5921
5922
14120
14121
14122
14123
5931
14124
5932
5933
5934
5935
14137
14138
14139
14140
14141
5955
5956
5957
5958
5959
14153
14154
14155
14156
14157
14168
14169
14170
14171
14172
5980
5981
5982
5983
5984
14183
14184
14185
14186
14197
6005
14198
6006
14199
6007
6008
6009
14210
14211
14222
6030
6031
6032
6033
6034
6055
6056
6057
6058
6059
6080
6081
6082
6083
6084
14285
14286
14287
14288
14289
6105
6106
6107
14300
6108
14301
6109
14302
14303
14304
14315
14316
14317
14318
14319
6130
6131
6132
6133
6134
14330
14331
14332
14333
14334
14345
14346
14347
6155
14348
6156
14349
6157
6158
6159
14361
14362
14363
14364
14365
6180
6181
6182
6183
14376
6184
14377
14378
14379
14380
6195
6196
6197
6198
14391
6199
14392
14393
14394
6210
6211
6212
14405
6213
14406
6214
14407
6225
14418
6226
14419
6227
6228
6229
14430
6240
6241
6242
6243
6244
6255
6256
6257
6258
6259
6270
6271
6272
6273
6274
6281
6282
6283
6284
6285
6293
6294
6295
6296
6297
14495
14496
14497
14498
6306
14499
6307
6308
6309
6310
14510
14511
14512
6320
14513
6321
14514
6322
6323
6324
14525
14526
14527
14528
14529
6345
6346
6347
14540
6348
14541
6349
14542
14543
14544
14555
14556
14557
14558
14559
6370
6371
6372
6373
6374
14570
14571
14572
14573
14574
14585
14586
14587
6395
14588
6396
6397
6398
6399
14599
14600
14601
14612
6420
14613
6421
6422
6423
6424
14624
6445
6446
6447
6448
6449
6470
6471
6472
6473
6474
6495
6496
6497
14690
6498
14691
6499
14692
14693
14694
14705
14706
14707
14708
14709
6520
6521
6522
6523
6524
14720
14721
14722
14723
14724
14735
14736
14737
6545
14738
6546
14739
6547
6548
6549
14750
14751
14752
14753
14754
6570
6571
6572
14765
6573
14766
6574
14767
14768
6585
6586
14779
6587
14780
6588
14781
6589
14792
6600
14793
6601
6602
6603
6604
14804
6615
6616
6617
6618
6619
6630
6631
6632
6633
6634
6645
6646
6647
6648
6649
6660
6661
6662
6663
6664
6672
6673
6674
6675
6676
14870
14871
14872
14873
14874
6685
6686
6687
6688
6689
14885
14886
14887
14888
14889
6699
6700
6701
6702
6703
14900
14901
14902
14903
14904
6714
6715
6716
6717
6718
14915
14916
14917
14918
14919
14930
14931
6739
14932
6740
14933
6741
6742
6743
14944
14945
14946
6764
14957
6765
14958
6766
6767
6768
14969
6789
6790
6791
6792
6793
6814
6815
6816
6817
6818
6839
6840
6841
6842
15035
6843
15036
15037
15038
15039
15050
15051
15052
15053
15054
6864
6865
6866
6867
6868
15065
15066
15067
15068
15069
15080
15081
6889
15082
6890
15083
6891
6892
6893
15094
15095
15096
6914
15107
6915
15108
6916
6917
6918
15119
6939
6940
6941
6942
6943
6964
6965
6966
6967
6968
6979
6980
6981
6982
6983
15185
15186
6994
15187
6995
15188
6996
15189
6997
6998
15200
15201
7009
15202
7010
15203
7011
15204
7012
7013
15215
15216
7024
15217
7025
15218
7026
7027
7028
15229
15230
15231
7039
7040
7041
7042
7043
15242
15243
7054
7055
7056
7057
7058
15254
7067
7068
7069
7070
7071
7081
7082
7083
7084
7085
7096
7097
7098
7099
7100
7111
7112
7113
7114
7115
15320
15321
15322
15323
15324
7136
7137
7138
7139
7140
15335
15336
15337
15338
15349
15350
15351
7161
7162
7163
7164
7165
15362
15363
15374
7186
7187
7188
7189
7190
7211
7212
7213
7214
7215
7236
7237
7238
7239
7240
15440
15441
15442
15443
7261
15454
7262
15455
7263
15456
7264
7265
15467
15468
7286
15479
7287
7288
7289
7290
7311
7312
7313
7314
7315
7336
7337
7338
7339
7340
15545
15546
15547
7361
7362
7363
7364
7365
15558
15559
7376
7377
15570
7378
7379
7380
7391
7392
7393
7394
7395
7406
7407
7408
7409
7410
7421
7422
7423
7424
7425
7436
7437
7438
7439
7440
15636
15637
7451
7452
7453
7454
7455
15648
7465
7466
7467
7468
7469
7480
7481
7482
7483
7484
7495
7496
7497
7498
7499
7510
7511
7512
7513
7514
15714
7535
7536
7537
7538
7539
7560
7561
7562
7563
7564
7585
7586
7587
7588
7589
7610
7611
7612
7613
7614
7635
7636
7637
7638
7639
7660
7661
7662
7663
7664
7685
7686
7687
7688
7689
7710
7711
7712
7713
7714
7735
7736
7737
7738
7739
7760
7761
7762
7763
7764
7775
7776
7777
7778
7779
7790
7791
7792
7793
7794
7805
7806
7807
7808
7809
7820
7821
7822
7823
7824
7835
7836
7837
7838
7839
7850
7851
7852
7853
7854
7865
7866
7867
7868
7869
7880
7881
7882
7883
7884
7895
7896
7897
7898
7899
7910
7911
7912
7913
7914
7935
7936
7937
7938
7939
7960
7961
7962
7963
7964
7985
7986
7987
7988
7989
8010
8011
8012
8013
8014
8035
8036
8037
8038
8039
8060
8061
8062
8063
8064
8085
8086
8087
8088
8089
8110
8111
8112
8113
8114
8135
8136
8137
8138
8139
8160
8161
8162
8163
8164
8175
8176
8177
8178
8179
8190
8191
)


// ************************************************************************* //
