/*--------------------------------*- C++ -*----------------------------------*\
| =========                 |                                                 |
| \\      /  F ield         | OpenFOAM: The Open Source CFD Toolbox           |
|  \\    /   O peration     | Version:  2306                                  |
|   \\  /    A nd           | Website:  www.openfoam.com                      |
|    \\/     M anipulation  |                                                 |
\*---------------------------------------------------------------------------*/
FoamFile
{
    version     2.0;
    format      ascii;
    arch        "LSB;label=32;scalar=64";
    class       volScalarField;
    location    "1.5/phiI";
    object      act;
}
// * * * * * * * * * * * * * * * * * * * * * * * * * * * * * * * * * * * * * //

dimensions      [0 0 0 0 0 0 0];

internalField   nonuniform List<scalar> 
12000
(
0
0
0
0
0
0
0
0
0
0
0
0
0
0
0
0
0
0
0
0
0
0
0
0
0
0
0
0
0
0
0
0
0
0
0
0
0
0
0
0
0
0
0
0
0
0
0
0
0
0
0
0
0
0
0
0
0
0
0
0
0
0
0
0
0
0
0
0
0
0
0
0
0
0
0
0
0
0
0
0
0
0
0
0
0
0
0
0
0
0
0
0
0
0
0
0
0
0
0
0
0
0
0
0
0
0
0
0
0
0
0
0
0
0
0
0
0
0
0
0
0
0
0
0
0
0
0
0
0
0
0
0
0
0
0
0
0
0
0
0
0
0
0
0
0
0
0
0
0
0
0
0
0
0
0
0
0
0
0
0
0
0
0
0
0
0
0
0
0
0
0
0
0
0
0
0
0
0
0
0
0
0
0
0
0
0
0
0
0
0
0
0
0
0
0
0
0
0
0
0
0
0
0
0
0
0
0
0
0
0
0
0
0
0
0
0
0
0
0
0
0
0
0
0
0
0
0
0
0
0
0
0
0
0
0
0
0
0
0
0
0
0
0
0
0
0
0
0
0
0
0
0
0
0
0
0
0
0
0
0
0
0
0
0
0
0
0
0
0
0
0
0
0
0
0
0
0
0
0
0
0
0
0
0
0
0.0001004155
0
0
0
0
0
0
0
0
0
0
0
0
0
0
0
0
0
0
0
0
0
0
0
0
0
0
0
0
0
0
0
0
0
0
0
0
0
0
0
0
0
0
0
0
0
0
0
0
0
0
0
0
0
0
0
0
0
0
0
0
0
0
0
0
0
9.849293e-05
0
0
0
0
0
0
0
0
0
0
0.0001292283
0.0001002872
0
0
0
0
0
0
0
0
0
0
0
0
0
0
0
0
0
0
0
0
0
0
0
0
0
0
0
0
0
0
0
0
0
0
0
0
0
0
0
0
0
0
0
0
0
0
0
0
0
0
0
0
0
0
0
0
0
0
0
0
0
0
0
0
0
9.466256e-05
0
0
0
0
0
0
0
0
0
0
0.000127706
9.836366e-05
0
0
0
0
0
0
0
0
0
0
0.0001614725
0.0001291081
0.0001000327
0
0
0
0
0
0
0
0
0
0
0
0
0
0
0
0
0
0
0
0
0
0
0
0
0
0
0
0
0
0
0
0
0
0
0
0
0
0
0
0
0
0
0
0
0
0
0
0
0
0
0
0
0
0
0
0
0
0
0
0
0
0
0
0
0
8.902953e-05
0
0
0
0
0
0
0
0
0
0
0.0001246757
9.453125e-05
0
0
0
0
0
0
0
0
0
0
0.0001600983
0.0001275852
9.810736e-05
0
0
0
0
0
0
0
0
0
0
0.0001929056
0.0001613593
0.0001288689
9.967029e-05
0
0
0
0
0
0
0
0
0
0
0
0
0
0
0
0
0
0
0
0
0
0
0
0
0
0
0
0
0
0
0
0
0
0
0
0
0
0
0
0
0
0
0
0
0
0
0
0
0
0
0
0
0
0
0
0
0
0
0
0
0
0
0
0
0
8.200305e-05
0
0
0
0
0
0
0
0
0
0
0.00012022
8.88948e-05
0
0
0
0
0
0
0
0
0
0
0.0001573621
0.0001245535
9.427106e-05
0
0
0
0
0
0
0
0
0
0
0.00019162
0.0001599845
0.0001273447
9.774227e-05
0
0
0
0
0
0
0
0
0
0
0.0002230134
0.0001927982
0.0001611332
0.0001285295
9.916171e-05
0
0
0
0
0
0
0
0
0
0
0
0
0
0
0
0
0
0
0
0
0
0
0
0
0
0
0
0
0
0
0
0
0
0
0
0
0
0
0
0
0
0
0
0
0
0
0
0
0
0
0
0
0
0
0
0
0
0
0
0
0
0
0
0
0
7.473444e-05
0
0
0
0
0
0
0
0
0
0
0.0001146589
8.186286e-05
0
0
0
0
0
0
0
0
0
0
0.0001533349
0.0001200955
8.862806e-05
0
0
0
0
0
0
0
0
0
0
0.0001890612
0.0001572472
0.0001243103
9.390021e-05
0
0
0
0
0
0
0
0
0
0
0.0002217977
0.0001915121
0.0001597574
0.0001270034
9.723036e-05
0
0
0
0
0
0
0
0
0
0
0.0002518032
0.0002229109
0.0001925832
0.0001608137
0.000128048
0
0
0
0
0
0
0
0
0
0
0
0
0
0
0
0
0
0
0
0
0
0
0
0
0
0
0
0
0
0
0
0
0
0
0
0
0
0
0
0
0
0
0
0
0
0
0
0
0
0
0
0
0
0
0
0
0
0
0
0
0
0
0
0
0
6.942203e-05
0
0
0
0
0
0
0
0
0
0
0.0001088757
7.458687e-05
0
0
0
0
0
0
0
0
0
0
0.0001483032
0.0001145308
8.158558e-05
0
0
0
0
0
0
0
0
0
0
0.0001852956
0.0001532181
0.000119848
8.824748e-05
0
0
0
0
0
0
0
0
0
0
0.0002193792
0.0001889523
0.0001570179
0.0001239652
9.338115e-05
0
0
0
0
0
0
0
0
0
0
0.0002506479
0.0002216948
0.0001912962
0.0001594364
0.0001265196
0
0
0
0
0
0
0
0
0
0
0.0002793671
0.0002517051
0.0002227055
0.0001922801
0.0001603559
0
0
0
0
0
0
0
0
0
0
0
0
0
0
0
0
0
0
0
0
0
0
0
0
0
0
0
0
0
0
0
0
0
0
0
0
0
0
0
0
0
0
0
0
0
0
0
0
0
0
0
0
0
0
0
0
0
0
0
0
0
0
0
0
0
6.609645e-05
0
0
0
0
0
0
0
0
0
0
0.0001045923
6.927145e-05
0
0
0
0
0
0
0
0
0
0
0.0001430595
0.0001087429
7.429526e-05
0
0
0
0
0
0
0
0
0
0
0.0001805922
0.0001481835
0.0001142764
8.118924e-05
0
0
0
0
0
0
0
0
0
0
0.000215821
0.0001851851
0.0001529853
0.0001194965
8.771629e-05
0
0
0
0
0
0
0
0
0
0
0.0002483501
0.0002192754
0.0001887345
0.0001566937
0.0001234764
0
0
0
0
0
0
0
0
0
0
0.0002782653
0.0002505494
0.0002214886
0.0001909918
0.0001589766
0
0
0
0
0
0
0
0
0
0
0.0003057978
0.0002792729
0.0002515083
0.0002224166
0.0001918425
0
0
0
0
0
0
0
0
0
0
0
0
0
0
0
0
0
0
0
0
0
0
0
0
0
0
0
0
0
0
0
0
0
0
0
0
0
0
0
0
0
0
0
0
0
0
0
0
0
0
0
0
0
0
0
0
0
0
0
0
0
0
0
0
0
6.422392e-05
0
0
0
0
0
0
0
0
0
0
0.0001018572
6.594491e-05
0
0
0
0
0
0
0
0
0
0
0.0001391712
0.000104458
6.897413e-05
0
0
0
0
0
0
0
0
0
0
0.0001756892
0.0001429359
0.0001084792
7.387742e-05
0
0
0
0
0
0
0
0
0
0
0.0002113789
0.0001804792
0.0001479451
0.0001139147
8.063826e-05
0
0
0
0
0
0
0
0
0
0
0.0002449706
0.0002157158
0.0001849642
0.000152656
0.0001189996
0
0
0
0
0
0
0
0
0
0
0.0002760748
0.0002482509
0.0002190675
0.0001884275
0.0001562299
0
0
0
0
0
0
0
0
0
0
0.0003047445
0.0002781708
0.0002503519
0.0002211986
0.0001905526
0
0
0
0
0
0
0
0
0
0
0.0003311811
0.0003057073
0.0002790839
0.000251232
0.000221997
0
0
0
0
0
0
0
0
0
0
0
0
0
0
0
0
0
0
0
0
0
0
0
0
0
0
0
0
0
0
0
0
0
0
0
0
0
0
0
0
0
0
0
0
0
0
0
0
0
0
0
0
0
0
0
0
0
0
0
0
0
0
0
0
0
6.338575e-05
0
0
0
0
0
0
0
0
0
0
0.0001002871
6.407204e-05
0
0
0
0
0
0
0
0
0
0
0.0001366814
0.0001017229
6.564591e-05
0
0
0
0
0
0
0
0
0
0
0.0001720546
0.0001390465
0.0001041917
6.854769e-05
0
0
0
0
0
0
0
0
0
0
0.0002067483
0.0001755726
0.0001426897
0.0001081037
7.329914e-05
0
0
0
0
0
0
0
0
0
0
0.0002407533
0.0002112713
0.0001802533
0.0001476074
0.0001134047
0
0
0
0
0
0
0
0
0
0
0.0002728537
0.00024487
0.0002155052
0.0001846527
0.0001521854
0
0
0
0
0
0
0
0
0
0
0.0003026507
0.0002759796
0.0002480518
0.0002187751
0.0001879847
0
0
0
0
0
0
0
0
0
0
0.0003301719
0.0003046537
0.0002779812
0.0002500746
0.0002207775
0
0
0
0
0
0
0
0
0
0
0.0003555916
0.0003310939
0.0003055255
0.0002788191
0.0002508288
0
0
0
0
0
0
0
0
0
0
0
0
0
0
0
0
0
0
0
0
0
0
0
0
0
0
0
0
0
0
0
0
0
0
0
0
0
0
0
0
0
0
0
0
0
0
0
0
0
0
0
0
0
0
0
0
0
0
0
0
0
0
0
0
6.338575e-05
0
0
0
0
0
0
0
0
0
0
9.957394e-05
6.323372e-05
0
0
0
0
0
0
0
0
0
0
0.0001352483
0.000100153
6.377249e-05
0
0
0
0
0
0
0
0
0
0
0.0001697254
0.0001365568
0.0001014565
6.521688e-05
0
0
0
0
0
0
0
0
0
0
0.0002033173
0.0001719371
0.0001387985
0.000103812
6.795923e-05
0
0
0
0
0
0
0
0
0
0
0.0002363576
0.0002066374
0.0001753398
0.0001423405
0.0001075758
0
0
0
0
0
0
0
0
0
0
0.0002688357
0.0002406506
0.0002110561
0.0001799345
0.0001471259
0
0
0
0
0
0
0
0
0
0
0.0002995726
0.0002727573
0.0002446685
0.0002152088
0.000184204
0
0
0
0
0
0
0
0
0
0
0.0003281665
0.0003025593
0.0002757886
0.0002477724
0.0002183508
0
0
0
0
0
0
0
0
0
0
0.0003546231
0.0003300845
0.0003044712
0.0002777154
0.00024967
0
0
0
0
0
0
0
0
0
0
0.0003790956
0.0003555075
0.0003309188
0.0003052711
0.0002784309
0
0
0
0
0
0
0
0
0
0
0
0
0
0
0
0
0
0
0
0
0
0
0
0
0
0
0
0
0
0
0
0
0
0
0
0
0
0
0
0
0
0
0
0
0
0
0
0
0
0
0
0
0
0
0
0
0
0
0
0
0
0
6.422392e-05
0
0
0
0
0
0
0
0
0
0
9.957394e-05
6.323372e-05
0
0
0
0
0
0
0
0
0
0
0.000134596
9.943996e-05
6.293398e-05
0
0
0
0
0
0
0
0
0
0
0.000168384
0.0001351241
9.988707e-05
6.33426e-05
0
0
0
0
0
0
0
0
0
0
0.0002011179
0.0001696081
0.0001363092
0.0001010768
6.462588e-05
0
0
0
0
0
0
0
0
0
0
0.0002331024
0.0002032057
0.0001717029
0.0001384465
0.0001032793
0
0
0
0
0
0
0
0
0
0
0.0002646482
0.0002362518
0.0002064159
0.0001750108
0.000141844
0
0
0
0
0
0
0
0
0
0
0.0002957342
0.0002687373
0.0002404448
0.0002107531
0.0001794761
0
0
0
0
0
0
0
0
0
0
0.0003252187
0.00029948
0.0002725639
0.0002443854
0.0002147791
0
0
0
0
0
0
0
0
0
0
0.0003526989
0.0003280784
0.0003023756
0.0002755208
0.0002473649
0
0
0
0
0
0
0
0
0
0
0.0003781647
0.0003545388
0.0003299088
0.000304216
0.000277326
0
0
0
0
0
0
0
0
0
0
0.0004017512
0.0003790144
0.0003553386
0.000330674
0.000304897
0
0
0
0
0
0
0
0
0
0
0
0
0
0
0
0
0
0
0
0
0
0
0
0
0
0
0
0
0
0
0
0
0
0
0
0
0
0
0
0
0
0
0
0
0
0
0
0
0
0
0
0
0
0
0
0
0
0
0
6.609645e-05
0
0
0
0
0
0
0
0
0
0
0.0001002871
6.407204e-05
0
0
0
0
0
0
0
0
0
0
0.000134596
9.943996e-05
6.293398e-05
0
0
0
0
0
0
0
0
0
0
0.0001677729
0.000134472
9.917429e-05
6.250375e-05
0
0
0
0
0
0
0
0
0
0
0.000199851
0.000168267
0.0001348772
9.950791e-05
6.275098e-05
0
0
0
0
0
0
0
0
0
0
0.0002310157
0.0002010066
0.0001693745
0.0001359579
0.0001005445
0
0
0
0
0
0
0
0
0
0
0.0002615489
0.000232996
0.000202983
0.0001713718
0.0001379468
0
0
0
0
0
0
0
0
0
0
0.0002917344
0.0002645469
0.0002360402
0.0002061037
0.0001745391
0
0
0
0
0
0
0
0
0
0
0.0003215439
0.0002956397
0.00026854
0.0002401557
0.0002103148
0
0
0
0
0
0
0
0
0
0
0.0003498709
0.0003251295
0.0002992942
0.0002722929
0.000243973
0
0
0
0
0
0
0
0
0
0
0.0003763156
0.0003526139
0.0003279015
0.0003021185
0.0002751287
0
0
0
0
0
0
0
0
0
0
0.0004008555
0.0003780833
0.0003543693
0.0003296632
0.0003038407
0
0
0
0
0
0
0
0
0
0
0.0004236106
0.0004016727
0.0003788512
0.0003551028
0.000330313
0
0
0
0
0
0
0
0
0
0
0
0
0
0
0
0
0
0
0
0
0
0
0
0
0
0
0
0
0
0
0
0
0
0
0
0
0
0
0
0
0
0
0
0
0
0
0
0
0
0
0
0
0
0
0
6.942203e-05
0
0
0
0
0
0
0
0
0
0
0.0001018572
6.594491e-05
0
0
0
0
0
0
0
0
0
0
0.0001352483
0.000100153
6.377249e-05
0
0
0
0
0
0
0
0
0
0
0.0001677729
0.000134472
9.917429e-05
6.250375e-05
0
0
0
0
0
0
0
0
0
0
0.0001992737
0.0001676562
0.0001342254
9.879548e-05
6.191196e-05
0
0
0
0
0
0
0
0
0
0
0.0002298137
0.00019974
0.0001680341
0.0001345268
9.897661e-05
0
0
0
0
0
0
0
0
0
0
0.000259562
0.0002309095
0.0002007845
0.0001690442
0.0001354593
0
0
0
0
0
0
0
0
0
0
0.0002887755
0.0002614469
0.0002327833
0.000202669
0.0001708975
0
0
0
0
0
0
0
0
0
0
0.0003177151
0.0002916372
0.0002643442
0.0002357425
0.000205653
0
0
0
0
0
0
0
0
0
0
0.0003463464
0.000321453
0.0002954502
0.0002682634
0.0002397353
0
0
0
0
0
0
0
0
0
0
0.0003735984
0.0003497849
0.0003249506
0.000299034
0.0002718963
0
0
0
0
0
0
0
0
0
0
0.0003990762
0.0003762336
0.0003524434
0.0003276543
0.0003017407
0
0
0
0
0
0
0
0
0
0
0.0004227475
0.0004007767
0.0003779197
0.0003541328
0.0003293011
0
0
0
0
0
0
0
0
0
0
0.0004447199
0.0004235346
0.0004015151
0.0003786238
0.0003547541
0
0
0
0
0
0
0
0
0
0
0
0
0
0
0
0
0
0
0
0
0
0
0
0
0
0
0
0
0
0
0
0
0
0
0
0
0
0
0
0
0
0
0
0
0
0
0
0
0
0
7.473444e-05
0
0
0
0
0
0
0
0
0
0
0.0001045923
6.927145e-05
0
0
0
0
0
0
0
0
0
0
0.0001366814
0.0001017229
6.564591e-05
0
0
0
0
0
0
0
0
0
0
0.000168384
0.0001351241
9.988707e-05
6.33426e-05
0
0
0
0
0
0
0
0
0
0
0.0001992737
0.0001676562
0.0001342254
9.879548e-05
6.191196e-05
0
0
0
0
0
0
0
0
0
0
0.0002292659
0.0001991629
0.0001674237
0.0001338755
9.826478e-05
0
0
0
0
0
0
0
0
0
0
0.0002584177
0.0002297078
0.0001995187
0.0001677049
0.0001340297
0
0
0
0
0
0
0
0
0
0
0.0002868788
0.0002594603
0.0002306974
0.0002004714
0.0001685713
0
0
0
0
0
0
0
0
0
0
0.0003148839
0.0002886777
0.0002612432
0.0002324841
0.0002022161
0
0
0
0
0
0
0
0
0
0
0.0003426747
0.0003176216
0.0002914425
0.0002640595
0.0002353106
0
0
0
0
0
0
0
0
0
0
0.000370213
0.0003462588
0.0003212707
0.0002951849
0.0002678592
0
0
0
0
0
0
0
0
0
0
0.0003964622
0.0003735155
0.0003496125
0.0003247005
0.000298652
0
0
0
0
0
0
0
0
0
0
0.0004210336
0.000398997
0.000376069
0.0003522053
0.0003272899
0
0
0
0
0
0
0
0
0
0
0.0004438877
0.0004226713
0.0004006186
0.0003776915
0.0003537831
0
0
0
0
0
0
0
0
0
0
0.0004651211
0.0004446463
0.0004233821
0.0004012955
0.0003782867
0
0
0
0
0
0
0
0
0
0
0
0
0
0
0
0
0
0
0
0
0
0
0
0
0
0
0
0
0
0
0
0
0
0
0
0
0
0
0
0
0
0
0
0
8.200305e-05
0
0
0
0
0
0
0
0
0
0
0.0001088757
7.458687e-05
0
0
0
0
0
0
0
0
0
0
0.0001391712
0.000104458
6.897413e-05
0
0
0
0
0
0
0
0
0
0
0.0001697254
0.0001365568
0.0001014565
6.521688e-05
0
0
0
0
0
0
0
0
0
0
0.000199851
0.000168267
0.0001348772
9.950791e-05
6.275098e-05
0
0
0
0
0
0
0
0
0
0
0.0002292659
0.0001991629
0.0001674237
0.0001338755
9.826478e-05
0
0
0
0
0
0
0
0
0
0
0.0002578962
0.0002291602
0.000198942
0.0001670951
0.0001333792
0
0
0
0
0
0
0
0
0
0
0.0002857866
0.0002583164
0.0002294965
0.0001992067
0.0001672336
0
0
0
0
0
0
0
0
0
0
0.0003130694
0.0002867812
0.0002592573
0.0002303992
0.0002000201
0
0
0
0
0
0
0
0
0
0
0.0003399609
0.0003147899
0.0002884821
0.0002609572
0.0002320503
0
0
0
0
0
0
0
0
0
0
0.0003666866
0.0003425846
0.0003174344
0.0002911696
0.0002636446
0
0
0
0
0
0
0
0
0
0
0.000393206
0.0003701285
0.0003460831
0.0003210157
0.0002947958
0
0
0
0
0
0
0
0
0
0
0.0004185159
0.000396382
0.0003733491
0.0003493717
0.0003243322
0
0
0
0
0
0
0
0
0
0
0.000442235
0.000420957
0.0003988379
0.0003758394
0.0003518534
0
0
0
0
0
0
0
0
0
0
0.0004643178
0.0004438139
0.0004225184
0.0004003984
0.0003773535
0
0
0
0
0
0
0
0
0
0
0.0004848519
0.0004650498
0.0004444987
0.0004231699
0.0004009694
0
0
0
0
0
0
0
0
0
0
0
0
0
0
0
0
0
0
0
0
0
0
0
0
0
0
0
0
0
0
0
0
0
0
0
0
0
8.902953e-05
0
0
0
0
0
0
0
0
0
0
0.0001146589
8.186286e-05
0
0
0
0
0
0
0
0
0
0
0.0001430595
0.0001087429
7.429526e-05
0
0
0
0
0
0
0
0
0
0
0.0001720546
0.0001390465
0.0001041917
6.854769e-05
0
0
0
0
0
0
0
0
0
0
0.0002011179
0.0001696081
0.0001363092
0.0001010768
6.462588e-05
0
0
0
0
0
0
0
0
0
0
0.0002298137
0.00019974
0.0001680341
0.0001345268
9.897661e-05
0
0
0
0
0
0
0
0
0
0
0.0002578962
0.0002291602
0.000198942
0.0001670951
0.0001333792
0
0
0
0
0
0
0
0
0
0
0.0002852889
0.0002577951
0.0002289493
0.0001986306
0.0001666246
0
0
0
0
0
0
0
0
0
0
0.0003120247
0.0002856894
0.000258114
0.0002291994
0.000198757
0
0
0
0
0
0
0
0
0
0
0.0003382219
0.0003129756
0.0002865864
0.0002589723
0.0002299669
0
0
0
0
0
0
0
0
0
0
0.0003640812
0.0003398704
0.0003146019
0.000288208
0.0002605407
0
0
0
0
0
0
0
0
0
0
0.0003898146
0.0003665997
0.0003424043
0.0003171722
0.0002907705
0
0
0
0
0
0
0
0
0
0
0.0004153804
0.0003931243
0.000369959
0.0003458377
0.0003206407
0
0
0
0
0
0
0
0
0
0
0.0004398076
0.0004184384
0.0003962213
0.000373117
0.0003490162
0
0
0
0
0
0
0
0
0
0
0.0004627228
0.0004421608
0.0004208031
0.0003986163
0.0003754994
0
0
0
0
0
0
0
0
0
0
0.0004840759
0.0004642463
0.0004436659
0.0004223056
0.0004000714
0
0
0
0
0
0
0
0
0
0
0.0005039466
0.0004847827
0.0004649069
0.0004442935
0.0004228543
0
0
0
0
0
0
0
0
0
0
0
0
0
0
0
0
0
0
0
0
0
0
0
0
0
0
0
0
0
9.466256e-05
0
0
0
0
0
0
0
0
0
0
0.00012022
8.88948e-05
0
0
0
0
0
0
0
0
0
0
0.0001483032
0.0001145308
8.158558e-05
0
0
0
0
0
0
0
0
0
0
0.0001756892
0.0001429359
0.0001084792
7.387742e-05
0
0
0
0
0
0
0
0
0
0
0.0002033173
0.0001719371
0.0001387985
0.000103812
6.795923e-05
0
0
0
0
0
0
0
0
0
0
0.0002310157
0.0002010066
0.0001693745
0.0001359579
0.0001005445
0
0
0
0
0
0
0
0
0
0
0.0002584177
0.0002297078
0.0001995187
0.0001677049
0.0001340297
0
0
0
0
0
0
0
0
0
0
0.0002852889
0.0002577951
0.0002289493
0.0001986306
0.0001666246
0
0
0
0
0
0
0
0
0
0
0.0003115486
0.0002851918
0.0002575931
0.0002286528
0.0001981817
0
0
0
0
0
0
0
0
0
0
0.0003372208
0.0003119312
0.0002854951
0.0002578301
0.0002287687
0
0
0
0
0
0
0
0
0
0
0.000362412
0.0003381316
0.0003127882
0.0002863132
0.0002585573
0
0
0
0
0
0
0
0
0
0
0.0003873101
0.0003639939
0.0003396893
0.0003143387
0.0002878074
0
0
0
0
0
0
0
0
0
0
0.0004121151
0.0003897307
0.0003664258
0.0003421522
0.0003167877
0
0
0
0
0
0
0
0
0
0
0.0004367852
0.0004153014
0.0003929607
0.0003697225
0.0003454759
0
0
0
0
0
0
0
0
0
0
0.0004603803
0.0004397326
0.000418283
0.0003959973
0.0003727735
0
0
0
0
0
0
0
0
0
0
0.0004825353
0.0004626509
0.0004420119
0.0004205891
0.0003982875
0
0
0
0
0
0
0
0
0
0
0.0005031964
0.0004840065
0.0004641029
0.0004434601
0.0004219891
0
0
0
0
0
0
0
0
0
0
0.0005224367
0.0005038795
0.0004846442
0.0004647082
0.0004439878
0
0
0
0
0
0
0
0
0
0
0
0
0
0
0
0
0
0
0
0
9.849293e-05
0
0
0
0
0
0
0
0
0
0
0.0001246757
9.453125e-05
0
0
0
0
0
0
0
0
0
0
0.0001533349
0.0001200955
8.862806e-05
0
0
0
0
0
0
0
0
0
0
0.0001805922
0.0001481835
0.0001142764
8.118924e-05
0
0
0
0
0
0
0
0
0
0
0.0002067483
0.0001755726
0.0001426897
0.0001081037
7.329914e-05
0
0
0
0
0
0
0
0
0
0
0.0002331024
0.0002032057
0.0001717029
0.0001384465
0.0001032793
0
0
0
0
0
0
0
0
0
0
0.000259562
0.0002309095
0.0002007845
0.0001690442
0.0001354593
0
0
0
0
0
0
0
0
0
0
0.0002857866
0.0002583164
0.0002294965
0.0001992067
0.0001672336
0
0
0
0
0
0
0
0
0
0
0.0003115486
0.0002851918
0.0002575931
0.0002286528
0.0001981817
0
0
0
0
0
0
0
0
0
0
0.0003367647
0.0003114553
0.000284998
0.0002573097
0.0002282229
0
0
0
0
0
0
0
0
0
0
0.0003614513
0.0003371308
0.0003117445
0.0002852231
0.0002574166
0
0
0
0
0
0
0
0
0
0
0.0003857057
0.0003623249
0.0003379511
0.000312526
0.0002859141
0
0
0
0
0
0
0
0
0
0
0.0004097047
0.0003872257
0.0003638193
0.0003394361
0.0003139528
0
0
0
0
0
0
0
0
0
0
0.0004336382
0.000412034
0.0003895628
0.0003661829
0.0003417812
0
0
0
0
0
0
0
0
0
0
0.0004574643
0.0004367088
0.0004151432
0.0003927325
0.0003693731
0
0
0
0
0
0
0
0
0
0
0.000480273
0.0004603076
0.0004395822
0.0004180666
0.0003956651
0
0
0
0
0
0
0
0
0
0
0.0005017073
0.0004824656
0.0004625067
0.0004418049
0.0004202708
0
0
0
0
0
0
0
0
0
0
0.000521711
0.0005031291
0.0004838676
0.0004639038
0.0004431535
0
0
0
0
0
0
0
0
0
0
0.0005403509
0.0005223715
0.0005037451
0.0004844518
0.0004644119
0
0
0
0
0
0
0
0
0
0
0.0001004155
0
0
0
0
0
0
0
0
0
0
0.000127706
9.836366e-05
0
0
0
0
0
0
0
0
0
0
0.0001573621
0.0001245535
9.427106e-05
0
0
0
0
0
0
0
0
0
0
0.0001852956
0.0001532181
0.000119848
8.824748e-05
0
0
0
0
0
0
0
0
0
0
0.0002113789
0.0001804792
0.0001479451
0.0001139147
8.063826e-05
0
0
0
0
0
0
0
0
0
0
0.0002363576
0.0002066374
0.0001753398
0.0001423405
0.0001075758
0
0
0
0
0
0
0
0
0
0
0.0002615489
0.000232996
0.000202983
0.0001713718
0.0001379468
0
0
0
0
0
0
0
0
0
0
0.0002868788
0.0002594603
0.0002306974
0.0002004714
0.0001685713
0
0
0
0
0
0
0
0
0
0
0.0003120247
0.0002856894
0.000258114
0.0002291994
0.000198757
0
0
0
0
0
0
0
0
0
0
0.0003367647
0.0003114553
0.000284998
0.0002573097
0.0002282229
0
0
0
0
0
0
0
0
0
0
0.0003610136
0.0003366748
0.0003112689
0.0002847264
0.000256897
0
0
0
0
0
0
0
0
0
0
0.0003847826
0.0003613645
0.000336951
0.0003114833
0.0002848254
0
0
0
0
0
0
0
0
0
0
0.0004081609
0.0003856216
0.0003621509
0.0003376989
0.0003121415
0
0
0
0
0
0
0
0
0
0
0.0004313159
0.0004096232
0.0003870572
0.0003635755
0.000339064
0
0
0
0
0
0
0
0
0
0
0.0004544285
0.0004335597
0.0004118718
0.0003893286
0.0003658247
0
0
0
0
0
0
0
0
0
0
0.0004774573
0.0004573903
0.0004365558
0.0004149229
0.0003923947
0
0
0
0
0
0
0
0
0
0
0.0004995208
0.0004802025
0.000460162
0.000439373
0.0004177452
0
0
0
0
0
0
0
0
0
0
0.0005202706
0.0005016396
0.0004823259
0.0004623064
0.0004414967
0
0
0
0
0
0
0
0
0
0
0.0005396485
0.0005216456
0.0005029944
0.0004836747
0.0004636067
0
0
0
0
0
0
0
0
0
0
0.0005577158
0.0005402876
0.0005222412
0.0005035587
0.0004841646
0
0
0
0
0
0
0
0
0
0
0.0001292283
0.0001002872
0
0
0
0
0
0
0
0
0
0
0.0001600983
0.0001275852
9.810736e-05
0
0
0
0
0
0
0
0
0
0
0.0001890612
0.0001572472
0.0001243103
9.390021e-05
0
0
0
0
0
0
0
0
0
0
0.000215821
0.0001851851
0.0001529853
0.0001194965
8.771629e-05
0
0
0
0
0
0
0
0
0
0
0.0002407533
0.0002112713
0.0001802533
0.0001476074
0.0001134047
0
0
0
0
0
0
0
0
0
0
0.0002646482
0.0002362518
0.0002064159
0.0001750108
0.000141844
0
0
0
0
0
0
0
0
0
0
0.0002887755
0.0002614469
0.0002327833
0.000202669
0.0001708975
0
0
0
0
0
0
0
0
0
0
0.0003130694
0.0002867812
0.0002592573
0.0002303992
0.0002000201
0
0
0
0
0
0
0
0
0
0
0.0003372208
0.0003119312
0.0002854951
0.0002578301
0.0002287687
0
0
0
0
0
0
0
0
0
0
0.0003610136
0.0003366748
0.0003112689
0.0002847264
0.000256897
0
0
0
0
0
0
0
0
0
0
0.000384362
0.0003609269
0.0003364954
0.0003110083
0.0002843295
0
0
0
0
0
0
0
0
0
0
0.0004072728
0.0003846987
0.0003611911
0.0003366998
0.0003111002
0
0
0
0
0
0
0
0
0
0
0.0004298289
0.0004080796
0.0003854537
0.0003619081
0.0003373282
0
0
0
0
0
0
0
0
0
0
0.0004521891
0.0004312371
0.0004094604
0.0003868221
0.0003632162
0
0
0
0
0
0
0
0
0
0
0.0004745263
0.0004543525
0.0004334028
0.0004116456
0.0003889825
0
0
0
0
0
0
0
0
0
0
0.0004968
0.0004773855
0.0004572422
0.0004363428
0.0004145962
0
0
0
0
0
0
0
0
0
0
0.000518156
0.0004994524
0.0004800614
0.0004599597
0.0004390618
0
0
0
0
0
0
0
0
0
0
0.0005382545
0.0005202049
0.0005015042
0.0004821319
0.0004620078
0
0
0
0
0
0
0
0
0
0
0.0005570356
0.000539585
0.000521515
0.0005028076
0.0004833867
0
0
0
0
0
0
0
0
0
0
0.000574556
0.0005576543
0.0005401611
0.0005220604
0.0005032801
0
0
0
0
0
0
0
0
0
0
0.0001614725
0.0001291081
0.0001000327
0
0
0
0
0
0
0
0
0
0
0.00019162
0.0001599845
0.0001273447
9.774227e-05
0
0
0
0
0
0
0
0
0
0
0.0002193792
0.0001889523
0.0001570179
0.0001239652
9.338115e-05
0
0
0
0
0
0
0
0
0
0
0.0002449706
0.0002157158
0.0001849642
0.000152656
0.0001189996
0
0
0
0
0
0
0
0
0
0
0.0002688357
0.0002406506
0.0002110561
0.0001799345
0.0001471259
0
0
0
0
0
0
0
0
0
0
0.0002917344
0.0002645469
0.0002360402
0.0002061037
0.0001745391
0
0
0
0
0
0
0
0
0
0
0.0003148839
0.0002886777
0.0002612432
0.0002324841
0.0002022161
0
0
0
0
0
0
0
0
0
0
0.0003382219
0.0003129756
0.0002865864
0.0002589723
0.0002299669
0
0
0
0
0
0
0
0
0
0
0.0003614513
0.0003371308
0.0003117445
0.0002852231
0.0002574166
0
0
0
0
0
0
0
0
0
0
0.000384362
0.0003609269
0.0003364954
0.0003110083
0.0002843295
0
0
0
0
0
0
0
0
0
0
0.0004068683
0.0003842783
0.0003607539
0.0003362447
0.000310626
0
0
0
0
0
0
0
0
0
0
0.0004289737
0.0004071918
0.0003845314
0.0003609492
0.0003363304
0
0
0
0
0
0
0
0
0
0
0.0004507555
0.0004297503
0.0004079174
0.0003852195
0.0003615502
0
0
0
0
0
0
0
0
0
0
0.0004723651
0.0004521128
0.0004310796
0.0004092334
0.000386475
0
0
0
0
0
0
0
0
0
0
0.0004939682
0.0004744527
0.0004542007
0.0004331843
0.000411311
0
0
0
0
0
0
0
0
0
0
0.000515525
0.0004967304
0.0004772421
0.0004570362
0.0004360265
0
0
0
0
0
0
0
0
0
0
0.000536208
0.0005180896
0.0004993157
0.0004798656
0.0004596582
0
0
0
0
0
0
0
0
0
0
0.0005556856
0.0005381907
0.0005200736
0.0005013163
0.0004818424
0
0
0
0
0
0
0
0
0
0
0.0005738968
0.0005569739
0.0005394582
0.0005213338
0.0005025282
0
0
0
0
0
0
0
0
0
0
0.0005908941
0.0005744962
0.0005575315
0.0005399858
0.00052179
0
0
0
0
0
0
0
0
0
0
0.0001929056
0.0001613593
0.0001288689
9.967029e-05
0
0
0
0
0
0
0
0
0
0
0.0002217977
0.0001915121
0.0001597574
0.0001270034
9.723036e-05
0
0
0
0
0
0
0
0
0
0
0.0002483501
0.0002192754
0.0001887345
0.0001566937
0.0001234764
0
0
0
0
0
0
0
0
0
0
0.0002728537
0.00024487
0.0002155052
0.0001846527
0.0001521854
0
0
0
0
0
0
0
0
0
0
0.0002957342
0.0002687373
0.0002404448
0.0002107531
0.0001794761
0
0
0
0
0
0
0
0
0
0
0.0003177151
0.0002916372
0.0002643442
0.0002357425
0.000205653
0
0
0
0
0
0
0
0
0
0
0.0003399609
0.0003147899
0.0002884821
0.0002609572
0.0002320503
0
0
0
0
0
0
0
0
0
0
0.000362412
0.0003381316
0.0003127882
0.0002863132
0.0002585573
0
0
0
0
0
0
0
0
0
0
0.0003847826
0.0003613645
0.000336951
0.0003114833
0.0002848254
0
0
0
0
0
0
0
0
0
0
0.0004068683
0.0003842783
0.0003607539
0.0003362447
0.000310626
0
0
0
0
0
0
0
0
0
0
0.0004285842
0.0004067874
0.0003841113
0.0003605125
0.000335876
0
0
0
0
0
0
0
0
0
0
0.0004499312
0.0004288953
0.0004070302
0.0003842982
0.0003605927
0
0
0
0
0
0
0
0
0
0
0.0004709818
0.0004506794
0.0004295934
0.0004076914
0.0003848738
0
0
0
0
0
0
0
0
0
0
0.0004918808
0.0004722911
0.0004519604
0.0004308604
0.0004088978
0
0
0
0
0
0
0
0
0
0
0.0005127872
0.0004938968
0.0004743057
0.0004539894
0.0004328604
0
0
0
0
0
0
0
0
0
0
0.0005336624
0.0005154575
0.0004965913
0.0004770427
0.0004567299
0
0
0
0
0
0
0
0
0
0
0.0005537041
0.0005361436
0.000517957
0.0004991259
0.0004795733
0
0
0
0
0
0
0
0
0
0
0.0005725889
0.0005556236
0.0005380632
0.0005198914
0.0005010355
0
0
0
0
0
0
0
0
0
0
0.0005902551
0.0005738369
0.0005568507
0.0005392825
0.0005210627
0
0
0
0
0
0
0
0
0
0
0.0006067514
0.000590836
0.0005743769
0.0005573614
0.0005397232
0
0
0
0
0
0
0
0
0
0
0.0002230134
0.0001927982
0.0001611332
0.0001285295
9.916171e-05
0
0
0
0
0
0
0
0
0
0
0.0002506479
0.0002216948
0.0001912962
0.0001594364
0.0001265196
0
0
0
0
0
0
0
0
0
0
0.0002760748
0.0002482509
0.0002190675
0.0001884275
0.0001562299
0
0
0
0
0
0
0
0
0
0
0.0002995726
0.0002727573
0.0002446685
0.0002152088
0.000184204
0
0
0
0
0
0
0
0
0
0
0.0003215439
0.0002956397
0.00026854
0.0002401557
0.0002103148
0
0
0
0
0
0
0
0
0
0
0.0003426747
0.0003176216
0.0002914425
0.0002640595
0.0002353106
0
0
0
0
0
0
0
0
0
0
0.0003640812
0.0003398704
0.0003146019
0.000288208
0.0002605407
0
0
0
0
0
0
0
0
0
0
0.0003857057
0.0003623249
0.0003379511
0.000312526
0.0002859141
0
0
0
0
0
0
0
0
0
0
0.0004072728
0.0003846987
0.0003611911
0.0003366998
0.0003111002
0
0
0
0
0
0
0
0
0
0
0.0004285842
0.0004067874
0.0003841113
0.0003605125
0.000335876
0
0
0
0
0
0
0
0
0
0
0.0004495558
0.0004285059
0.0004066261
0.0003838786
0.0003601567
0
0
0
0
0
0
0
0
0
0
0.0004701867
0.0004498553
0.000428739
0.000406805
0.0003839537
0
0
0
0
0
0
0
0
0
0
0.0004905451
0.0004709081
0.0004505276
0.0004293751
0.0004073571
0
0
0
0
0
0
0
0
0
0
0.0005107698
0.0004918091
0.0004721436
0.0004517485
0.0004305356
0
0
0
0
0
0
0
0
0
0
0.0005310138
0.0005127179
0.0004937543
0.0004741012
0.0004536757
0
0
0
0
0
0
0
0
0
0
0.0005512397
0.0005335969
0.0005153227
0.0004963983
0.0004767458
0
0
0
0
0
0
0
0
0
0
0.0005706692
0.0005536415
0.0005360149
0.0005177731
0.0004988425
0
0
0
0
0
0
0
0
0
0
0.0005889873
0.0005725286
0.0005554998
0.0005378865
0.0005196189
0
0
0
0
0
0
0
0
0
0
0.0006061316
0.0005901968
0.0005737173
0.0005566802
0.0005390193
0
0
0
0
0
0
0
0
0
0
0.0006221474
0.0006066948
0.00059072
0.0005742117
0.0005571063
0
0
0
0
0
0
0
0
0
0
0.0002518032
0.0002229109
0.0001925832
0.0001608137
0.000128048
0
0
0
0
0
0
0
0
0
0
0.0002782653
0.0002505494
0.0002214886
0.0001909918
0.0001589766
0
0
0
0
0
0
0
0
0
0
0.0003026507
0.0002759796
0.0002480518
0.0002187751
0.0001879847
0
0
0
0
0
0
0
0
0
0
0.0003252187
0.00029948
0.0002725639
0.0002443854
0.0002147791
0
0
0
0
0
0
0
0
0
0
0.0003463464
0.000321453
0.0002954502
0.0002682634
0.0002397353
0
0
0
0
0
0
0
0
0
0
0.0003666866
0.0003425846
0.0003174344
0.0002911696
0.0002636446
0
0
0
0
0
0
0
0
0
0
0.0003873101
0.0003639939
0.0003396893
0.0003143387
0.0002878074
0
0
0
0
0
0
0
0
0
0
0.0004081609
0.0003856216
0.0003621509
0.0003376989
0.0003121415
0
0
0
0
0
0
0
0
0
0
0.0004289737
0.0004071918
0.0003845314
0.0003609492
0.0003363304
0
0
0
0
0
0
0
0
0
0
0.0004495558
0.0004285059
0.0004066261
0.0003838786
0.0003601567
0
0
0
0
0
0
0
0
0
0
0.0004698246
0.00044948
0.0004283499
0.0004064014
0.0003835348
0
0
0
0
0
0
0
0
0
0
0.0004897775
0.0004701131
0.0004497041
0.0004285215
0.000406472
0
0
0
0
0
0
0
0
0
0
0.0005094791
0.0004904736
0.0004707611
0.0004503165
0.0004290516
0
0
0
0
0
0
0
0
0
0
0.0005290627
0.0005107002
0.0004916661
0.0004719385
0.000451434
0
0
0
0
0
0
0
0
0
0
0.0005486758
0.0005309465
0.0005125798
0.0004935563
0.0004737973
0
0
0
0
0
0
0
0
0
0
0.0005682821
0.000551176
0.000533466
0.0005151356
0.0004961104
0
0
0
0
0
0
0
0
0
0
0.0005871266
0.0005706084
0.0005535165
0.0005358365
0.0005174981
0
0
0
0
0
0
0
0
0
0
0.0006049021
0.0005889287
0.0005724084
0.0005553284
0.000537622
0
0
0
0
0
0
0
0
0
0
0.0006215461
0.0006060749
0.0005900806
0.0005735517
0.0005564246
0
0
0
0
0
0
0
0
0
0
0.0006371005
0.0006220924
0.0006065821
0.0005905596
0.0005739639
0
0
0
0
0
0
0
0
0
0
0.0002793671
0.0002517051
0.0002227055
0.0001922801
0.0001603559
0
0
0
0
0
0
0
0
0
0
0.0003047445
0.0002781708
0.0002503519
0.0002211986
0.0001905526
0
0
0
0
0
0
0
0
0
0
0.0003281665
0.0003025593
0.0002757886
0.0002477724
0.0002183508
0
0
0
0
0
0
0
0
0
0
0.0003498709
0.0003251295
0.0002992942
0.0002722929
0.000243973
0
0
0
0
0
0
0
0
0
0
0.000370213
0.0003462588
0.0003212707
0.0002951849
0.0002678592
0
0
0
0
0
0
0
0
0
0
0.0003898146
0.0003665997
0.0003424043
0.0003171722
0.0002907705
0
0
0
0
0
0
0
0
0
0
0.0004097047
0.0003872257
0.0003638193
0.0003394361
0.0003139528
0
0
0
0
0
0
0
0
0
0
0.0004298289
0.0004080796
0.0003854537
0.0003619081
0.0003373282
0
0
0
0
0
0
0
0
0
0
0.0004499312
0.0004288953
0.0004070302
0.0003842982
0.0003605927
0
0
0
0
0
0
0
0
0
0
0.0004698246
0.00044948
0.0004283499
0.0004064014
0.0003835348
0
0
0
0
0
0
0
0
0
0
0.000489428
0.0004697512
0.0004493291
0.0004281329
0.000406069
0
0
0
0
0
0
0
0
0
0
0.0005087376
0.0004897062
0.0004699667
0.0004494938
0.0004281993
0
0
0
0
0
0
0
0
0
0
0.0005278149
0.0005094098
0.0004903312
0.0004705568
0.0004500033
0
0
0
0
0
0
0
0
0
0
0.0005467879
0.0005289952
0.0005105616
0.0004914675
0.0004716338
0
0
0
0
0
0
0
0
0
0
0.0005657991
0.0005486105
0.0005308125
0.0005123879
0.0004932617
0
0
0
0
0
0
0
0
0
0
0.0005848132
0.0005682202
0.000551049
0.0005332846
0.0005148563
0
0
0
0
0
0
0
0
0
0
0.0006030978
0.0005870674
0.000570487
0.0005533435
0.0005355696
0
0
0
0
0
0
0
0
0
0
0.0006203532
0.0006048451
0.0005888118
0.000572242
0.0005550715
0
0
0
0
0
0
0
0
0
0
0.0006365168
0.0006214909
0.0006059619
0.0005899198
0.0005733034
0
0
0
0
0
0
0
0
0
0
0.0006516275
0.0006370469
0.0006219827
0.0006064263
0.0005903188
0
0
0
0
0
0
0
0
0
0
0.0003057978
0.0002792729
0.0002515083
0.0002224166
0.0001918425
0
0
0
0
0
0
0
0
0
0
0.0003301719
0.0003046537
0.0002779812
0.0002500746
0.0002207775
0
0
0
0
0
0
0
0
0
0
0.0003526989
0.0003280784
0.0003023756
0.0002755208
0.0002473649
0
0
0
0
0
0
0
0
0
0
0.0003735984
0.0003497849
0.0003249506
0.000299034
0.0002718963
0
0
0
0
0
0
0
0
0
0
0.000393206
0.0003701285
0.0003460831
0.0003210157
0.0002947958
0
0
0
0
0
0
0
0
0
0
0.0004121151
0.0003897307
0.0003664258
0.0003421522
0.0003167877
0
0
0
0
0
0
0
0
0
0
0.0004313159
0.0004096232
0.0003870572
0.0003635755
0.000339064
0
0
0
0
0
0
0
0
0
0
0.0004507555
0.0004297503
0.0004079174
0.0003852195
0.0003615502
0
0
0
0
0
0
0
0
0
0
0.0004701867
0.0004498553
0.000428739
0.000406805
0.0003839537
0
0
0
0
0
0
0
0
0
0
0.000489428
0.0004697512
0.0004493291
0.0004281329
0.000406069
0
0
0
0
0
0
0
0
0
0
0.0005084
0.0004893568
0.000469605
0.0004491192
0.0004278112
0
0
0
0
0
0
0
0
0
0
0.0005270981
0.0005086684
0.0004895643
0.0004697632
0.0004491818
0
0
0
0
0
0
0
0
0
0
0.0005455807
0.0005277476
0.0005092717
0.0004901334
0.0004702534
0
0
0
0
0
0
0
0
0
0
0.0005639713
0.0005467223
0.0005288608
0.0005103692
0.0004911722
0
0
0
0
0
0
0
0
0
0
0.0005824073
0.0005657356
0.0005484805
0.0005306265
0.0005121022
0
0
0
0
0
0
0
0
0
0
0.0006008549
0.000584753
0.0005680969
0.000550873
0.0005330136
0
0
0
0
0
0
0
0
0
0
0.0006186028
0.0006030402
0.0005869495
0.0005703191
0.0005530843
0
0
0
0
0
0
0
0
0
0
0.000635359
0.0006202977
0.0006047315
0.0005886502
0.0005719924
0
0
0
0
0
0
0
0
0
0
0.0006510607
0.0006364631
0.000621381
0.0006058057
0.0005896784
0
0
0
0
0
0
0
0
0
0
0.0006657439
0.0006515753
0.0006369403
0.0006218313
0.0006061921
0
0
0
0
0
0
0
0
0
0
0.0003311811
0.0003057073
0.0002790839
0.000251232
0.000221997
0
0
0
0
0
0
0
0
0
0
0.0003546231
0.0003300845
0.0003044712
0.0002777154
0.00024967
0
0
0
0
0
0
0
0
0
0
0.0003763156
0.0003526139
0.0003279015
0.0003021185
0.0002751287
0
0
0
0
0
0
0
0
0
0
0.0003964622
0.0003735155
0.0003496125
0.0003247005
0.000298652
0
0
0
0
0
0
0
0
0
0
0.0004153804
0.0003931243
0.000369959
0.0003458377
0.0003206407
0
0
0
0
0
0
0
0
0
0
0.0004336382
0.000412034
0.0003895628
0.0003661829
0.0003417812
0
0
0
0
0
0
0
0
0
0
0.0004521891
0.0004312371
0.0004094604
0.0003868221
0.0003632162
0
0
0
0
0
0
0
0
0
0
0.0004709818
0.0004506794
0.0004295934
0.0004076914
0.0003848738
0
0
0
0
0
0
0
0
0
0
0.0004897775
0.0004701131
0.0004497041
0.0004285215
0.000406472
0
0
0
0
0
0
0
0
0
0
0.0005084
0.0004893568
0.000469605
0.0004491192
0.0004278112
0
0
0
0
0
0
0
0
0
0
0.0005267719
0.000508331
0.0004892152
0.000469402
0.0004488078
0
0
0
0
0
0
0
0
0
0
0.0005448875
0.000527031
0.0005085309
0.0004893673
0.0004694609
0
0
0
0
0
0
0
0
0
0
0.0005628028
0.0005455153
0.0005276136
0.0005090801
0.0004898393
0
0
0
0
0
0
0
0
0
0
0.0005806368
0.0005639075
0.0005465919
0.0005286743
0.0005100828
0
0
0
0
0
0
0
0
0
0
0.0005985226
0.0005823456
0.0005656093
0.0005483001
0.0005303493
0
0
0
0
0
0
0
0
0
0
0.0006164272
0.0006007963
0.0005846332
0.0005679261
0.0005506098
0
0
0
0
0
0
0
0
0
0
0.0006336602
0.0006185468
0.0006029256
0.0005867864
0.0005700673
0
0
0
0
0
0
0
0
0
0
0.0006499365
0.000635305
0.0006201873
0.0006045745
0.0005884077
0
0
0
0
0
0
0
0
0
0
0.0006651934
0.0006510084
0.0006363562
0.0006212292
0.0006055711
0
0
0
0
0
0
0
0
0
0
0.0006794636
0.0006656931
0.0006514715
0.000636793
0.0006216036
0
0
0
0
0
0
0
0
0
0
0.0003555916
0.0003310939
0.0003055255
0.0002788191
0.0002508288
0
0
0
0
0
0
0
0
0
0
0.0003781647
0.0003545388
0.0003299088
0.000304216
0.000277326
0
0
0
0
0
0
0
0
0
0
0.0003990762
0.0003762336
0.0003524434
0.0003276543
0.0003017407
0
0
0
0
0
0
0
0
0
0
0.0004185159
0.000396382
0.0003733491
0.0003493717
0.0003243322
0
0
0
0
0
0
0
0
0
0
0.0004367852
0.0004153014
0.0003929607
0.0003697225
0.0003454759
0
0
0
0
0
0
0
0
0
0
0.0004544285
0.0004335597
0.0004118718
0.0003893286
0.0003658247
0
0
0
0
0
0
0
0
0
0
0.0004723651
0.0004521128
0.0004310796
0.0004092334
0.000386475
0
0
0
0
0
0
0
0
0
0
0.0004905451
0.0004709081
0.0004505276
0.0004293751
0.0004073571
0
0
0
0
0
0
0
0
0
0
0.0005087376
0.0004897062
0.0004699667
0.0004494938
0.0004281993
0
0
0
0
0
0
0
0
0
0
0.0005267719
0.000508331
0.0004892152
0.000469402
0.0004488078
0
0
0
0
0
0
0
0
0
0
0.000544572
0.0005267048
0.0005081937
0.0004890186
0.0004691003
0
0
0
0
0
0
0
0
0
0
0.000562132
0.0005448223
0.0005268976
0.00050834
0.0004890743
0
0
0
0
0
0
0
0
0
0
0.0005795053
0.0005627393
0.0005453854
0.0005274279
0.0005087949
0
0
0
0
0
0
0
0
0
0
0.0005968068
0.0005805748
0.0005637809
0.000546411
0.0005283964
0
0
0
0
0
0
0
0
0
0
0.0006141653
0.0005984626
0.0005822229
0.0005654343
0.0005480309
0
0
0
0
0
0
0
0
0
0
0.0006315492
0.0006163703
0.0006006799
0.0005844674
0.0005676705
0
0
0
0
0
0
0
0
0
0
0.0006482872
0.0006336057
0.0006184354
0.0006027672
0.0005865418
0
0
0
0
0
0
0
0
0
0
0.0006641014
0.0006498839
0.0006351976
0.0006200347
0.0006043388
0
0
0
0
0
0
0
0
0
0
0.0006789287
0.0006651424
0.0006509044
0.0006362086
0.000621001
0
0
0
0
0
0
0
0
0
0
0.0006927988
0.0006794141
0.0006655921
0.0006513283
0.0006365715
0
0
0
0
0
0
0
0
0
0
0.0003790956
0.0003555075
0.0003309188
0.0003052711
0.0002784309
0
0
0
0
0
0
0
0
0
0
0.0004008555
0.0003780833
0.0003543693
0.0003296632
0.0003038407
0
0
0
0
0
0
0
0
0
0
0.0004210336
0.000398997
0.000376069
0.0003522053
0.0003272899
0
0
0
0
0
0
0
0
0
0
0.0004398076
0.0004184384
0.0003962213
0.000373117
0.0003490162
0
0
0
0
0
0
0
0
0
0
0.0004574643
0.0004367088
0.0004151432
0.0003927325
0.0003693731
0
0
0
0
0
0
0
0
0
0
0.0004745263
0.0004543525
0.0004334028
0.0004116456
0.0003889825
0
0
0
0
0
0
0
0
0
0
0.0004918808
0.0004722911
0.0004519604
0.0004308604
0.0004088978
0
0
0
0
0
0
0
0
0
0
0.0005094791
0.0004904736
0.0004707611
0.0004503165
0.0004290516
0
0
0
0
0
0
0
0
0
0
0.0005270981
0.0005086684
0.0004895643
0.0004697632
0.0004491818
0
0
0
0
0
0
0
0
0
0
0.000544572
0.0005267048
0.0005081937
0.0004890186
0.0004691003
0
0
0
0
0
0
0
0
0
0
0.0005618268
0.0005445069
0.0005265717
0.0005080033
0.0004887261
0
0
0
0
0
0
0
0
0
0
0.0005788558
0.0005620687
0.0005446928
0.0005267126
0.0005080559
0
0
0
0
0
0
0
0
0
0
0.0005957106
0.0005794435
0.0005626131
0.0005452053
0.0005271512
0
0
0
0
0
0
0
0
0
0
0.0006125019
0.0005967466
0.0005804518
0.0005636054
0.0005461412
0
0
0
0
0
0
0
0
0
0
0.0006293547
0.000614107
0.0005983434
0.000582053
0.0005651729
0
0
0
0
0
0
0
0
0
0
0.000646238
0.0006314938
0.0006162571
0.0006005189
0.0005842191
0
0
0
0
0
0
0
0
0
0
0.0006624997
0.0006482341
0.0006334973
0.0006182814
0.0006025294
0
0
0
0
0
0
0
0
0
0
0.0006778677
0.0006640502
0.0006497794
0.0006350492
0.0006198054
0
0
0
0
0
0
0
0
0
0
0.0006922789
0.000678879
0.0006650412
0.0006507608
0.0006359866
0
0
0
0
0
0
0
0
0
0
0.0007057584
0.0006927506
0.0006793158
0.0006654528
0.0006511128
0
0
0
0
0
0
0
0
0
0
0.0004017512
0.0003790144
0.0003553386
0.000330674
0.000304897
0
0
0
0
0
0
0
0
0
0
0.0004227475
0.0004007767
0.0003779197
0.0003541328
0.0003293011
0
0
0
0
0
0
0
0
0
0
0.000442235
0.000420957
0.0003988379
0.0003758394
0.0003518534
0
0
0
0
0
0
0
0
0
0
0.0004603803
0.0004397326
0.000418283
0.0003959973
0.0003727735
0
0
0
0
0
0
0
0
0
0
0.0004774573
0.0004573903
0.0004365558
0.0004149229
0.0003923947
0
0
0
0
0
0
0
0
0
0
0.0004939682
0.0004744527
0.0004542007
0.0004331843
0.000411311
0
0
0
0
0
0
0
0
0
0
0.0005107698
0.0004918091
0.0004721436
0.0004517485
0.0004305356
0
0
0
0
0
0
0
0
0
0
0.0005278149
0.0005094098
0.0004903312
0.0004705568
0.0004500033
0
0
0
0
0
0
0
0
0
0
0.0005448875
0.000527031
0.0005085309
0.0004893673
0.0004694609
0
0
0
0
0
0
0
0
0
0
0.0005618268
0.0005445069
0.0005265717
0.0005080033
0.0004887261
0
0
0
0
0
0
0
0
0
0
0.0005785604
0.0005617635
0.0005443777
0.0005263871
0.0005077196
0
0
0
0
0
0
0
0
0
0
0.0005950815
0.0005787943
0.000561943
0.0005445134
0.0005264369
0
0
0
0
0
0
0
0
0
0
0.0006114394
0.0005956505
0.000579321
0.0005624384
0.0005449367
0
0
0
0
0
0
0
0
0
0
0.0006277413
0.0006124433
0.000596627
0.0005802815
0.0005633434
0
0
0
0
0
0
0
0
0
0
0.0006441081
0.0006292979
0.0006139911
0.0005981783
0.0005817991
0
0
0
0
0
0
0
0
0
0
0.0006605098
0.000646184
0.0006313837
0.0006161006
0.0006002775
0
0
0
0
0
0
0
0
0
0
0.0006763116
0.000662448
0.0006481287
0.0006333477
0.0006180502
0
0
0
0
0
0
0
0
0
0
0.0006912478
0.0006778179
0.0006639485
0.0006496352
0.0006348262
0
0
0
0
0
0
0
0
0
0
0.0007052529
0.0006922305
0.0006787805
0.0006649016
0.0006505449
0
0
0
0
0
0
0
0
0
0.0007183481
0.0007057114
0.0006926548
0.0006791802
0.000665243
0
0
0
0
0
0
0
0
0
0
0.0004236106
0.0004016727
0.0003788512
0.0003551028
0.000330313
0
0
0
0
0
0
0
0
0
0
0.0004438877
0.0004226713
0.0004006186
0.0003776915
0.0003537831
0
0
0
0
0
0
0
0
0
0
0.0004627228
0.0004421608
0.0004208031
0.0003986163
0.0003754994
0
0
0
0
0
0
0
0
0
0
0.000480273
0.0004603076
0.0004395822
0.0004180666
0.0003956651
0
0
0
0
0
0
0
0
0
0
0.0004968
0.0004773855
0.0004572422
0.0004363428
0.0004145962
0
0
0
0
0
0
0
0
0
0
0.0005127872
0.0004938968
0.0004743057
0.0004539894
0.0004328604
0
0
0
0
0
0
0
0
0
0
0.0005290627
0.0005107002
0.0004916661
0.0004719385
0.000451434
0
0
0
0
0
0
0
0
0
0
0.0005455807
0.0005277476
0.0005092717
0.0004901334
0.0004702534
0
0
0
0
0
0
0
0
0
0
0.000562132
0.0005448223
0.0005268976
0.00050834
0.0004890743
0
0
0
0
0
0
0
0
0
0
0.0005785604
0.0005617635
0.0005443777
0.0005263871
0.0005077196
0
0
0
0
0
0
0
0
0
0
0.0005947954
0.0005784989
0.0005616381
0.0005441987
0.0005261119
0
0
0
0
0
0
0
0
0
0
0.0006108298
0.0005950216
0.0005786722
0.0005617689
0.0005442458
0
0
0
0
0
0
0
0
0
0
0.000626711
0.0006113809
0.0005955314
0.0005791514
0.0005621775
0
0
0
0
0
0
0
0
0
0
0.0006425427
0.0006276843
0.0006123271
0.0005964616
0.000580027
0
0
0
0
0
0
0
0
0
0
0.0006584418
0.0006440528
0.0006291852
0.0006138308
0.0005979316
0
0
0
0
0
0
0
0
0
0
0.0006743786
0.0006604572
0.000646077
0.0006312316
0.0006158659
0
0
0
0
0
0
0
0
0
0
0.0006897355
0.0006762612
0.0006623454
0.0006479832
0.0006331228
0
0
0
0
0
0
0
0
0
0
0.0007042505
0.0006911991
0.0006777189
0.0006638082
0.0006494182
0
0
0
0
0
0
0
0
0
0.0007178565
0.0007052057
0.0006921345
0.0006786446
0.0006646914
0
0
0
0
0
0
0
0
0.0007305659
0.0007183022
0.0007056181
0.0006925229
0.000678976
0
0
0
0
0
0
0
0
0
0
0.0004447199
0.0004235346
0.0004015151
0.0003786238
0.0003547541
0
0
0
0
0
0
0
0
0
0
0.0004643178
0.0004438139
0.0004225184
0.0004003984
0.0003773535
0
0
0
0
0
0
0
0
0
0
0.0004825353
0.0004626509
0.0004420119
0.0004205891
0.0003982875
0
0
0
0
0
0
0
0
0
0
0.0004995208
0.0004802025
0.000460162
0.000439373
0.0004177452
0
0
0
0
0
0
0
0
0
0
0.000515525
0.0004967304
0.0004772421
0.0004570362
0.0004360265
0
0
0
0
0
0
0
0
0
0
0.0005310138
0.0005127179
0.0004937543
0.0004741012
0.0004536757
0
0
0
0
0
0
0
0
0
0
0.0005467879
0.0005289952
0.0005105616
0.0004914675
0.0004716338
0
0
0
0
0
0
0
0
0
0
0.0005628028
0.0005455153
0.0005276136
0.0005090801
0.0004898393
0
0
0
0
0
0
0
0
0
0
0.0005788558
0.0005620687
0.0005446928
0.0005267126
0.0005080559
0
0
0
0
0
0
0
0
0
0
0.0005947954
0.0005784989
0.0005616381
0.0005441987
0.0005261119
0
0
0
0
0
0
0
0
0
0
0.0006105526
0.0005947356
0.000578377
0.0005614644
0.0005439316
0
0
0
0
0
0
0
0
0
0
0.0006261202
0.0006107716
0.000594903
0.0005785032
0.000561509
0
0
0
0
0
0
0
0
0
0
0.0006415433
0.0006266542
0.0006112652
0.0005953667
0.000578898
0
0
0
0
0
0
0
0
0
0
0.0006569224
0.0006424872
0.0006275713
0.0006121664
0.0005962143
0
0
0
0
0
0
0
0
0
0
0.0006723701
0.0006583879
0.0006439432
0.0006290294
0.0006135909
0
0
0
0
0
0
0
0
0
0
0.0006878572
0.0006743274
0.000660353
0.0006459291
0.0006310034
0
0
0
0
0
0
0
0
0
0
0.0007027804
0.0006896864
0.0006761614
0.0006622038
0.0006477644
0
0
0
0
0
0
0
0
0
0.0007168818
0.0007042031
0.0006911027
0.0006775823
0.000663597
0
0
0
0
0
0
0
0
0.0007300878
0.0007178105
0.0007051123
0.0006920023
0.00067844
0
0
0
0
0
0
0
0.0007424012
0.0007305212
0.0007182113
0.0007054896
0.000692324
0
0
0
0
0
0
0
0
0
0
0.0004651211
0.0004446463
0.0004233821
0.0004012955
0.0003782867
0
0
0
0
0
0
0
0
0
0
0.0004840759
0.0004642463
0.0004436659
0.0004223056
0.0004000714
0
0
0
0
0
0
0
0
0
0
0.0005017073
0.0004824656
0.0004625067
0.0004418049
0.0004202708
0
0
0
0
0
0
0
0
0
0
0.000518156
0.0004994524
0.0004800614
0.0004599597
0.0004390618
0
0
0
0
0
0
0
0
0
0
0.0005336624
0.0005154575
0.0004965913
0.0004770427
0.0004567299
0
0
0
0
0
0
0
0
0
0
0.0005486758
0.0005309465
0.0005125798
0.0004935563
0.0004737973
0
0
0
0
0
0
0
0
0
0
0.0005639713
0.0005467223
0.0005288608
0.0005103692
0.0004911722
0
0
0
0
0
0
0
0
0
0
0.0005795053
0.0005627393
0.0005453854
0.0005274279
0.0005087949
0
0
0
0
0
0
0
0
0
0
0.0005950815
0.0005787943
0.000561943
0.0005445134
0.0005264369
0
0
0
0
0
0
0
0
0
0
0.0006105526
0.0005947356
0.000578377
0.0005614644
0.0005439316
0
0
0
0
0
0
0
0
0
0
0.0006258515
0.0006104945
0.0005946172
0.0005782084
0.000561205
0
0
0
0
0
0
0
0
0
0
0.0006409704
0.0006260635
0.0006106563
0.0005947389
0.0005782508
0
0
0
0
0
0
0
0
0
0
0.0006559527
0.000641488
0.0006265417
0.0006111052
0.0005951204
0
0
0
0
0
0
0
0
0
0
0.000670895
0.0006568684
0.0006423773
0.0006274151
0.000611926
0
0
0
0
0
0
0
0
0
0
0.0006859059
0.0006723177
0.0006582813
0.0006437917
0.0006287961
0
0
0
0
0
0
0
0
0
0
0.0007009549
0.0006878074
0.000674226
0.0006602091
0.000645707
0
0
0
0
0
0
0
0
0
0.0007154524
0.0007027326
0.0006895891
0.0006760236
0.0006619909
0
0
0
0
0
0
0
0
0.0007291399
0.0007168356
0.0007041092
0.0006909698
0.0006773768
0
0
0
0
0
0
0
0.0007419362
0.000730043
0.0007177194
0.0007049835
0.000691803
0
0
0
0
0
0
0.0007538231
0.0007423576
0.0007304326
0.0007180862
0.0007052959
0
0
0
0
0
0
0
0
0
0
0.0004848519
0.0004650498
0.0004444987
0.0004231699
0.0004009694
0
0
0
0
0
0
0
0
0
0
0.0005031964
0.0004840065
0.0004641029
0.0004434601
0.0004219891
0
0
0
0
0
0
0
0
0
0
0.0005202706
0.0005016396
0.0004823259
0.0004623064
0.0004414967
0
0
0
0
0
0
0
0
0
0
0.000536208
0.0005180896
0.0004993157
0.0004798656
0.0004596582
0
0
0
0
0
0
0
0
0
0
0.0005512397
0.0005335969
0.0005153227
0.0004963983
0.0004767458
0
0
0
0
0
0
0
0
0
0
0.0005657991
0.0005486105
0.0005308125
0.0005123879
0.0004932617
0
0
0
0
0
0
0
0
0
0
0.0005806368
0.0005639075
0.0005465919
0.0005286743
0.0005100828
0
0
0
0
0
0
0
0
0
0
0.0005957106
0.0005794435
0.0005626131
0.0005452053
0.0005271512
0
0
0
0
0
0
0
0
0
0
0.0006108298
0.0005950216
0.0005786722
0.0005617689
0.0005442458
0
0
0
0
0
0
0
0
0
0
0.0006258515
0.0006104945
0.0005946172
0.0005782084
0.000561205
0
0
0
0
0
0
0
0
0
0
0.0006407099
0.0006257949
0.0006103794
0.0005944534
0.0005779565
0
0
0
0
0
0
0
0
0
0
0.0006553969
0.0006409152
0.0006259514
0.0006104969
0.0005944936
0
0
0
0
0
0
0
0
0
0
0.0006699537
0.0006558988
0.0006413785
0.0006263861
0.0006108658
0
0
0
0
0
0
0
0
0
0
0.0006844732
0.0006708423
0.0006567615
0.0006422254
0.0006271814
0
0
0
0
0
0
0
0
0
0
0.0006990587
0.0006858549
0.0006722139
0.000658134
0.0006435648
0
0
0
0
0
0
0
0
0
0.0007136777
0.0007009063
0.0006877086
0.000674086
0.0006599931
0
0
0
0
0
0
0
0
0.0007277499
0.0007154058
0.0007026379
0.0006894551
0.0006758164
0
0
0
0
0
0
0
0.0007410143
0.0007290948
0.0007167441
0.0007039798
0.0006907697
0
0
0
0
0
0
0.0007533709
0.0007418925
0.0007299542
0.000717594
0.0007047894
0
0
0
0
0
0.0007647741
0.0007537805
0.0007422712
0.0007303107
0.0007178975
0
0
0
0
0
0
0
0
0
0
0.0005039466
0.0004847827
0.0004649069
0.0004442935
0.0004228543
0
0
0
0
0
0
0
0
0
0
0.000521711
0.0005031291
0.0004838676
0.0004639038
0.0004431535
0
0
0
0
0
0
0
0
0
0
0.0005382545
0.0005202049
0.0005015042
0.0004821319
0.0004620078
0
0
0
0
0
0
0
0
0
0
0.0005537041
0.0005361436
0.000517957
0.0004991259
0.0004795733
0
0
0
0
0
0
0
0
0
0
0.0005682821
0.000551176
0.000533466
0.0005151356
0.0004961104
0
0
0
0
0
0
0
0
0
0
0.0005824073
0.0005657356
0.0005484805
0.0005306265
0.0005121022
0
0
0
0
0
0
0
0
0
0
0.0005968068
0.0005805748
0.0005637809
0.000546411
0.0005283964
0
0
0
0
0
0
0
0
0
0
0.0006114394
0.0005956505
0.000579321
0.0005624384
0.0005449367
0
0
0
0
0
0
0
0
0
0
0.0006261202
0.0006107716
0.000594903
0.0005785032
0.000561509
0
0
0
0
0
0
0
0
0
0
0.0006407099
0.0006257949
0.0006103794
0.0005944534
0.0005779565
0
0
0
0
0
0
0
0
0
0
0.0006551442
0.0006406548
0.000625683
0.0006102203
0.0005942086
0
0
0
0
0
0
0
0
0
0
0.0006694143
0.0006553432
0.0006408061
0.0006257965
0.0006102584
0
0
0
0
0
0
0
0
0
0
0.0006835593
0.0006699012
0.0006557923
0.0006412273
0.0006261534
0
0
0
0
0
0
0
0
0
0
0.0006976668
0.0006844219
0.0006707383
0.0006566138
0.0006419981
0
0
0
0
0
0
0
0
0
0.0007118346
0.0006990089
0.0006857538
0.0006720706
0.0006579132
0
0
0
0
0
0
0
0
0.0007260244
0.0007136303
0.0007008101
0.0006875724
0.0006738758
0
0
0
0
0
0
0
0.0007396626
0.0007277045
0.0007153135
0.0007025073
0.0006892533
0
0
0
0
0
0
0.0007524745
0.0007409703
0.0007290057
0.0007166181
0.0007037848
0
0
0
0
0
0.0007643346
0.0007533283
0.0007418059
0.000729832
0.0007174049
0
0
0
0
0.0007751405
0.0007647325
0.0007536963
0.0007421524
0.0007301268
0
0
0
0
0
0
0
0
0
0
0.0005224367
0.0005038795
0.0004846442
0.0004647082
0.0004439878
0
0
0
0
0
0
0
0
0
0
0.0005396485
0.0005216456
0.0005029944
0.0004836747
0.0004636067
0
0
0
0
0
0
0
0
0
0
0.0005556856
0.0005381907
0.0005200736
0.0005013163
0.0004818424
0
0
0
0
0
0
0
0
0
0
0.0005706692
0.0005536415
0.0005360149
0.0005177731
0.0004988425
0
0
0
0
0
0
0
0
0
0
0.0005848132
0.0005682202
0.000551049
0.0005332846
0.0005148563
0
0
0
0
0
0
0
0
0
0
0.0005985226
0.0005823456
0.0005656093
0.0005483001
0.0005303493
0
0
0
0
0
0
0
0
0
0
0.0006125019
0.0005967466
0.0005804518
0.0005636054
0.0005461412
0
0
0
0
0
0
0
0
0
0
0.000626711
0.0006113809
0.0005955314
0.0005791514
0.0005621775
0
0
0
0
0
0
0
0
0
0
0.0006409704
0.0006260635
0.0006106563
0.0005947389
0.0005782508
0
0
0
0
0
0
0
0
0
0
0.0006551442
0.0006406548
0.000625683
0.0006102203
0.0005942086
0
0
0
0
0
0
0
0
0
0
0.0006691692
0.0006550906
0.0006405459
0.0006255284
0.0006099823
0
0
0
0
0
0
0
0
0
0
0.0006830358
0.000669362
0.000655237
0.0006406555
0.0006255646
0
0
0
0
0
0
0
0
0
0
0.0006967793
0.0006835082
0.0006697976
0.0006556453
0.0006410009
0
0
0
0
0
0
0
0
0
0.0007104821
0.0006976168
0.0006843206
0.0006705946
0.0006563926
0
0
0
0
0
0
0
0
0.0007242326
0.0007117861
0.0006989105
0.0006856143
0.0006718557
0
0
0
0
0
0
0
0.0007379849
0.0007259782
0.0007135367
0.0007006775
0.0006873677
0
0
0
0
0
0
0.0007511603
0.0007396183
0.0007276145
0.0007151864
0.0007023108
0
0
0
0
0
0.0007634635
0.0007524316
0.0007408834
0.0007288829
0.0007164281
0
0
0
0
0.0007747139
0.000764293
0.0007532439
0.0007416868
0.0007296478
0
0
0
0.0007847265
0.0007750999
0.0007646504
0.0007535805
0.0007419731
0
0
0
0
0
0
0
0
0
0
0.0005403509
0.0005223715
0.0005037451
0.0004844518
0.0004644119
0
0
0
0
0
0
0
0
0
0
0.0005570356
0.000539585
0.000521515
0.0005028076
0.0004833867
0
0
0
0
0
0
0
0
0
0
0.0005725889
0.0005556236
0.0005380632
0.0005198914
0.0005010355
0
0
0
0
0
0
0
0
0
0
0.0005871266
0.0005706084
0.0005535165
0.0005358365
0.0005174981
0
0
0
0
0
0
0
0
0
0
0.0006008549
0.000584753
0.0005680969
0.000550873
0.0005330136
0
0
0
0
0
0
0
0
0
0
0.0006141653
0.0005984626
0.0005822229
0.0005654343
0.0005480309
0
0
0
0
0
0
0
0
0
0
0.0006277413
0.0006124433
0.000596627
0.0005802815
0.0005633434
0
0
0
0
0
0
0
0
0
0
0.0006415433
0.0006266542
0.0006112652
0.0005953667
0.000578898
0
0
0
0
0
0
0
0
0
0
0.0006553969
0.0006409152
0.0006259514
0.0006104969
0.0005944936
0
0
0
0
0
0
0
0
0
0
0.0006691692
0.0006550906
0.0006405459
0.0006255284
0.0006099823
0
0
0
0
0
0
0
0
0
0
0.0006827979
0.000669117
0.0006549847
0.0006403956
0.0006252969
0
0
0
0
0
0
0
0
0
0
0.0006962709
0.0006829848
0.0006692587
0.0006550906
0.00064043
0
0
0
0
0
0
0
0
0
0.00070962
0.0006967294
0.0006834073
0.0006696545
0.000655425
0
0
0
0
0
0
0
0
0.0007229183
0.0007104334
0.0006975182
0.0006841808
0.0006703793
0
0
0
0
0
0
0
0.0007362429
0.0007241853
0.0007116902
0.0006987747
0.0006854051
0
0
0
0
0
0
0.0007495293
0.0007379398
0.0007258869
0.0007134075
0.0007004781
0
0
0
0
0
0.0007621864
0.000751117
0.0007395306
0.0007274907
0.0007149949
0
0
0
0
0.0007738683
0.0007634216
0.0007523469
0.0007407638
0.0007286978
0
0
0
0.0007843134
0.0007746732
0.0007642106
0.0007531278
0.0007415072
0
0
0.0007931762
0.0007846868
0.0007750196
0.0007645373
0.0007534057
0
0
0
0
0
0
0
0
0
0
0.0005577158
0.0005402876
0.0005222412
0.0005035587
0.0004841646
0
0
0
0
0
0
0
0
0
0
0.0005738968
0.0005569739
0.0005394582
0.0005213338
0.0005025282
0
0
0
0
0
0
0
0
0
0
0.0005889873
0.0005725286
0.0005554998
0.0005378865
0.0005196189
0
0
0
0
0
0
0
0
0
0
0.0006030978
0.0005870674
0.000570487
0.0005533435
0.0005355696
0
0
0
0
0
0
0
0
0
0
0.0006164272
0.0006007963
0.0005846332
0.0005679261
0.0005506098
0
0
0
0
0
0
0
0
0
0
0.0006293547
0.000614107
0.0005983434
0.000582053
0.0005651729
0
0
0
0
0
0
0
0
0
0
0.0006425427
0.0006276843
0.0006123271
0.0005964616
0.000580027
0
0
0
0
0
0
0
0
0
0
0.0006559527
0.000641488
0.0006265417
0.0006111052
0.0005951204
0
0
0
0
0
0
0
0
0
0
0.0006694143
0.0006553432
0.0006408061
0.0006257965
0.0006102584
0
0
0
0
0
0
0
0
0
0
0.0006827979
0.000669117
0.0006549847
0.0006403956
0.0006252969
0
0
0
0
0
0
0
0
0
0
0.00069604
0.000682747
0.0006690139
0.0006548385
0.0006401705
0
0
0
0
0
0
0
0
0
0.0007091264
0.0006962213
0.0006828843
0.0006691163
0.0006548711
0
0
0
0
0
0
0
0
0.0007220807
0.0007095714
0.0006966312
0.0006832681
0.0006694401
0
0
0
0
0
0
0
0.0007349657
0.0007228708
0.0007103373
0.0006973821
0.0006839712
0
0
0
0
0
0
0.0007478362
0.0007361968
0.0007240919
0.000711558
0.000698571
0
0
0
0
0
0.0007606017
0.0007494853
0.0007378508
0.0007257611
0.0007132133
0
0
0
0
0.0007726288
0.0007621441
0.0007510316
0.0007394099
0.0007273042
0
0
0
0.0007834945
0.0007738274
0.0007633389
0.0007522302
0.0007405833
0
0
0.0007927778
0.0007842735
0.0007745928
0.0007640973
0.0007529526
0
0.0007998922
0.0007931372
0.0007846083
0.0007749093
0.0007643667
0
0
0
0
0
0
0
0
0
0
0.000574556
0.0005576543
0.0005401611
0.0005220604
0.0005032801
0
0
0
0
0
0
0
0
0
0
0.0005902551
0.0005738369
0.0005568507
0.0005392825
0.0005210627
0
0
0
0
0
0
0
0
0
0
0.0006049021
0.0005889287
0.0005724084
0.0005553284
0.000537622
0
0
0
0
0
0
0
0
0
0
0.0006186028
0.0006030402
0.0005869495
0.0005703191
0.0005530843
0
0
0
0
0
0
0
0
0
0
0.0006315492
0.0006163703
0.0006006799
0.0005844674
0.0005676705
0
0
0
0
0
0
0
0
0
0
0.0006441081
0.0006292979
0.0006139911
0.0005981783
0.0005817991
0
0
0
0
0
0
0
0
0
0
0.0006569224
0.0006424872
0.0006275713
0.0006121664
0.0005962143
0
0
0
0
0
0
0
0
0
0
0.0006699537
0.0006558988
0.0006413785
0.0006263861
0.0006108658
0
0
0
0
0
0
0
0
0
0
0.0006830358
0.000669362
0.000655237
0.0006406555
0.0006255646
0
0
0
0
0
0
0
0
0
0
0.00069604
0.000682747
0.0006690139
0.0006548385
0.0006401705
0
0
0
0
0
0
0
0
0
0.0007089022
0.0006959904
0.0006826466
0.0006688717
0.0006546194
0
0
0
0
0
0
0
0
0.0007216014
0.0007090779
0.0006961233
0.0006827456
0.0006689027
0
0
0
0
0
0
0
0.000734152
0.0007220334
0.0007094757
0.0006964956
0.0006830594
0
0
0
0
0
0
0.0007465952
0.0007349193
0.0007227772
0.0007102048
0.000697178
0
0
0
0
0
0.0007589569
0.0007477912
0.0007361057
0.0007239631
0.0007113595
0
0
0
0
0.000771091
0.0007605587
0.0007493985
0.0007377282
0.0007255719
0
0
0
0.0007822943
0.0007725875
0.0007620607
0.0007509139
0.0007392281
0
0
0.0007919883
0.0007834545
0.0007737466
0.0007632251
0.0007520543
0
0.0007995107
0.0007927387
0.0007841949
0.0007744822
0.0007639264
0.0008038765
0.0007998539
0.0007930603
0.0007845004
0.0007747427
0
0
0
0
0
0
0
0
0
0
0.0005908941
0.0005744962
0.0005575315
0.0005399858
0.00052179
0
0
0
0
0
0
0
0
0
0
0.0006061316
0.0005901968
0.0005737173
0.0005566802
0.0005390193
0
0
0
0
0
0
0
0
0
0
0.0006203532
0.0006048451
0.0005888118
0.000572242
0.0005550715
0
0
0
0
0
0
0
0
0
0
0.0006336602
0.0006185468
0.0006029256
0.0005867864
0.0005700673
0
0
0
0
0
0
0
0
0
0
0.000646238
0.0006314938
0.0006162571
0.0006005189
0.0005842191
0
0
0
0
0
0
0
0
0
0
0.0006584418
0.0006440528
0.0006291852
0.0006138308
0.0005979316
0
0
0
0
0
0
0
0
0
0
0.000670895
0.0006568684
0.0006423773
0.0006274151
0.000611926
0
0
0
0
0
0
0
0
0
0
0.0006835593
0.0006699012
0.0006557923
0.0006412273
0.0006261534
0
0
0
0
0
0
0
0
0
0
0.0006962709
0.0006829848
0.0006692587
0.0006550906
0.00064043
0
0
0
0
0
0
0
0
0
0.0007089022
0.0006959904
0.0006826466
0.0006688717
0.0006546194
0
0
0
0
0
0
0
0
0.0007213837
0.0007088538
0.0006958927
0.0006825082
0.0006686585
0
0
0
0
0
0
0
0.0007336864
0.0007215541
0.0007089826
0.0006959884
0.0006825377
0
0
0
0
0
0
0.000745805
0.0007341058
0.0007219401
0.0007093437
0.0006962924
0
0
0
0
0
0.0007577519
0.00074655
0.0007348281
0.0007226481
0.000710006
0
0
0
0
0.0007694952
0.0007589129
0.0007477024
0.0007359802
0.0007237698
0
0
0
0.0007808054
0.000771049
0.000760474
0.000749279
0.0007375437
0
0
0.0007908311
0.0007822538
0.000772506
0.0007619459
0.0007507366
0
0.0007987545
0.000791949
0.0007833755
0.0007736355
0.0007630534
0.0008035121
0.0007994722
0.0007926617
0.0007840868
0.0007743152
0.0008038386
0.0007997782
0.0007929546
0.0007843374
0
0
0
0
0
0
0
0
0
0
0.0006067514
0.000590836
0.0005743769
0.0005573614
0.0005397232
0
0
0
0
0
0
0
0
0
0
0.0006215461
0.0006060749
0.0005900806
0.0005735517
0.0005564246
0
0
0
0
0
0
0
0
0
0
0.000635359
0.0006202977
0.0006047315
0.0005886502
0.0005719924
0
0
0
0
0
0
0
0
0
0
0.0006482872
0.0006336057
0.0006184354
0.0006027672
0.0005865418
0
0
0
0
0
0
0
0
0
0
0.0006605098
0.000646184
0.0006313837
0.0006161006
0.0006002775
0
0
0
0
0
0
0
0
0
0
0.0006723701
0.0006583879
0.0006439432
0.0006290294
0.0006135909
0
0
0
0
0
0
0
0
0
0
0.0006844732
0.0006708423
0.0006567615
0.0006422254
0.0006271814
0
0
0
0
0
0
0
0
0
0
0.0006967793
0.0006835082
0.0006697976
0.0006556453
0.0006410009
0
0
0
0
0
0
0
0
0
0.0007091264
0.0006962213
0.0006828843
0.0006691163
0.0006548711
0
0
0
0
0
0
0
0
0.0007213837
0.0007088538
0.0006958927
0.0006825082
0.0006686585
0
0
0
0
0
0
0
0.0007334751
0.0007213365
0.0007087586
0.000695758
0.0006823007
0
0
0
0
0
0
0.000745353
0.0007336404
0.0007214612
0.0007088511
0.0006957859
0
0
0
0
0
0.0007569849
0.0007457599
0.0007340148
0.0007218116
0.0007091458
0
0
0
0
0.0007683267
0.0007577078
0.000746461
0.0007347023
0.0007224544
0
0
0
0.0007792607
0.0007694522
0.0007588263
0.0007475801
0.0007357918
0
0
0.000789396
0.0007807643
0.0007709663
0.0007603574
0.0007490991
0
0.0007976464
0.0007907915
0.0007821742
0.000772394
0.0007617729
0.0008027902
0.0007987159
0.0007918716
0.0007832668
0.0007734678
0.0008034741
0.0007993965
0.0007925558
0.0007839235
0.0008037638
0.0007996743
0.000792795
0
0
0
0
0
0
0
0
0
0
0.0006221474
0.0006066948
0.00059072
0.0005742117
0.0005571063
0
0
0
0
0
0
0
0
0
0
0.0006365168
0.0006214909
0.0006059619
0.0005899198
0.0005733034
0
0
0
0
0
0
0
0
0
0
0.0006499365
0.000635305
0.0006201873
0.0006045745
0.0005884077
0
0
0
0
0
0
0
0
0
0
0.0006624997
0.0006482341
0.0006334973
0.0006182814
0.0006025294
0
0
0
0
0
0
0
0
0
0
0.0006743786
0.0006604572
0.000646077
0.0006312316
0.0006158659
0
0
0
0
0
0
0
0
0
0
0.0006859059
0.0006723177
0.0006582813
0.0006437917
0.0006287961
0
0
0
0
0
0
0
0
0
0
0.0006976668
0.0006844219
0.0006707383
0.0006566138
0.0006419981
0
0
0
0
0
0
0
0
0
0.00070962
0.0006967294
0.0006834073
0.0006696545
0.000655425
0
0
0
0
0
0
0
0
0.0007216014
0.0007090779
0.0006961233
0.0006827456
0.0006689027
0
0
0
0
0
0
0
0.0007334751
0.0007213365
0.0007087586
0.000695758
0.0006823007
0
0
0
0
0
0
0.0007451479
0.0007334291
0.0007212437
0.0007086274
0.0006955559
0
0
0
0
0
0.0007565466
0.0007453081
0.0007335498
0.0007213332
0.0007086539
0
0
0
0
0.0007675834
0.0007569409
0.0007456712
0.0007338896
0.0007216187
0
0
0
0.0007781305
0.0007682835
0.0007576209
0.0007463384
0.0007345135
0
0
0.0007879075
0.0007792187
0.0007693676
0.000758707
0.0007473963
0
0.0007962726
0.0007893557
0.0007806834
0.0007708525
0.0007601819
0.0008017327
0.0007976075
0.0007907135
0.0007820646
0.000772225
0.000802752
0.0007986398
0.0007917652
0.0007831029
0.0008033992
0.0007992923
0.0007923959
0.0008036611
0.0007995173
0
0
0
0
0
0
0
0
0
0
0.0006371005
0.0006220924
0.0006065821
0.0005905596
0.0005739639
0
0
0
0
0
0
0
0
0
0
0.0006510607
0.0006364631
0.000621381
0.0006058057
0.0005896784
0
0
0
0
0
0
0
0
0
0
0.0006641014
0.0006498839
0.0006351976
0.0006200347
0.0006043388
0
0
0
0
0
0
0
0
0
0
0.0006763116
0.000662448
0.0006481287
0.0006333477
0.0006180502
0
0
0
0
0
0
0
0
0
0
0.0006878572
0.0006743274
0.000660353
0.0006459291
0.0006310034
0
0
0
0
0
0
0
0
0
0
0.0006990587
0.0006858549
0.0006722139
0.000658134
0.0006435648
0
0
0
0
0
0
0
0
0
0.0007104821
0.0006976168
0.0006843206
0.0006705946
0.0006563926
0
0
0
0
0
0
0
0
0.0007220807
0.0007095714
0.0006966312
0.0006832681
0.0006694401
0
0
0
0
0
0
0
0.0007336864
0.0007215541
0.0007089826
0.0006959884
0.0006825377
0
0
0
0
0
0
0.0007451479
0.0007334291
0.0007212437
0.0007086274
0.0006955559
0
0
0
0
0
0.0007563477
0.000745103
0.0007333386
0.000721116
0.0007084306
0
0
0
0
0.0007671589
0.0007565027
0.0007452197
0.000733425
0.000721141
0
0
0
0.0007774123
0.0007675404
0.0007568544
0.0007455491
0.0007337016
0
0
0.0007868196
0.0007780883
0.0007681988
0.0007575013
0.0007461544
0
0.0007948482
0.0007878663
0.000779136
0.0007692512
0.0007585277
0.0008004227
0.0007962331
0.0007892765
0.0007805722
0.0007706811
0.0008016942
0.0007975308
0.0007906062
0.0007818994
0.0008026768
0.0007985352
0.0007916046
0.0008032963
0.000799135
0.000803506
0
0
0
0
0
0
0
0
0
0
0.0006516275
0.0006370469
0.0006219827
0.0006064263
0.0005903188
0
0
0
0
0
0
0
0
0
0
0.0006651934
0.0006510084
0.0006363562
0.0006212292
0.0006055711
0
0
0
0
0
0
0
0
0
0
0.0006778677
0.0006640502
0.0006497794
0.0006350492
0.0006198054
0
0
0
0
0
0
0
0
0
0
0.0006897355
0.0006762612
0.0006623454
0.0006479832
0.0006331228
0
0
0
0
0
0
0
0
0
0
0.0007009549
0.0006878074
0.000674226
0.0006602091
0.000645707
0
0
0
0
0
0
0
0
0
0.0007118346
0.0006990089
0.0006857538
0.0006720706
0.0006579132
0
0
0
0
0
0
0
0
0.0007229183
0.0007104334
0.0006975182
0.0006841808
0.0006703793
0
0
0
0
0
0
0
0.000734152
0.0007220334
0.0007094757
0.0006964956
0.0006830594
0
0
0
0
0
0
0.000745353
0.0007336404
0.0007214612
0.0007088511
0.0006957859
0
0
0
0
0
0.0007563477
0.000745103
0.0007333386
0.000721116
0.0007084306
0
0
0
0
0.0007669664
0.0007563039
0.0007450148
0.0007332141
0.0007209242
0
0
0
0.0007770026
0.000767116
0.0007564165
0.0007450981
0.0007332377
0
0
0.0007861293
0.0007773702
0.000767456
0.0007567353
0.0007453659
0
0.0007938092
0.0007867783
0.0007780054
0.000768082
0.0007573218
0.0007990657
0.0007948078
0.0007877854
0.0007790222
0.0007690762
0.0008003836
0.0007961552
0.0007891676
0.0007804047
0.0008016184
0.0007974253
0.0007904443
0.0008025735
0.0007983773
0.0008031408
0
0
0
0
0
0
0
0
0
0
0.0006657439
0.0006515753
0.0006369403
0.0006218313
0.0006061921
0
0
0
0
0
0
0
0
0
0
0.0006789287
0.0006651424
0.0006509044
0.0006362086
0.000621001
0
0
0
0
0
0
0
0
0
0
0.0006912478
0.0006778179
0.0006639485
0.0006496352
0.0006348262
0
0
0
0
0
0
0
0
0
0
0.0007027804
0.0006896864
0.0006761614
0.0006622038
0.0006477644
0
0
0
0
0
0
0
0
0
0.0007136777
0.0007009063
0.0006877086
0.000674086
0.0006599931
0
0
0
0
0
0
0
0
0.0007242326
0.0007117861
0.0006989105
0.0006856143
0.0006718557
0
0
0
0
0
0
0
0.0007349657
0.0007228708
0.0007103373
0.0006973821
0.0006839712
0
0
0
0
0
0
0.000745805
0.0007341058
0.0007219401
0.0007093437
0.0006962924
0
0
0
0
0
0.0007565466
0.0007453081
0.0007335498
0.0007213332
0.0007086539
0
0
0
0
0.0007669664
0.0007563039
0.0007450148
0.0007332141
0.0007209242
0
0
0
0.0007768169
0.0007669236
0.0007562178
0.0007448935
0.0007330272
0
0
0.0007857361
0.0007769606
0.0007670319
0.0007562978
0.0007449155
0
0.0007931514
0.0007860881
0.0007772877
0.0007673398
0.0007565565
0.0007980785
0.0007937686
0.0007866972
0.0007778914
0.0007679068
0.0007990257
0.0007947283
0.0007876739
0.0007788511
0.0008003068
0.0007960482
0.0007890036
0.0008015142
0.0007972662
0.0008024174
0
0
0
0
0
0
0
0
0
0
0.0006794636
0.0006656931
0.0006514715
0.000636793
0.0006216036
0
0
0
0
0
0
0
0
0
0
0.0006922789
0.000678879
0.0006650412
0.0006507608
0.0006359866
0
0
0
0
0
0
0
0
0
0
0.0007042505
0.0006911991
0.0006777189
0.0006638082
0.0006494182
0
0
0
0
0
0
0
0
0
0.0007154524
0.0007027326
0.0006895891
0.0006760236
0.0006619909
0
0
0
0
0
0
0
0
0.0007260244
0.0007136303
0.0007008101
0.0006875724
0.0006738758
0
0
0
0
0
0
0
0.0007362429
0.0007241853
0.0007116902
0.0006987747
0.0006854051
0
0
0
0
0
0
0.0007465952
0.0007349193
0.0007227772
0.0007102048
0.000697178
0
0
0
0
0
0.0007569849
0.0007457599
0.0007340148
0.0007218116
0.0007091458
0
0
0
0
0.0007671589
0.0007565027
0.0007452197
0.000733425
0.000721141
0
0
0
0.0007768169
0.0007669236
0.0007562178
0.0007448935
0.0007330272
0
0
0.0007855582
0.000776775
0.0007668396
0.0007560994
0.0007447112
0
0.0007927778
0.000785695
0.0007768783
0.0007669161
0.0007561197
0.0007974559
0.0007931109
0.0007860073
0.0007771741
0.0007671652
0.0007980384
0.0007936889
0.0007865855
0.00077772
0.0007989473
0.0007946188
0.0007875065
0.0008002011
0.0007958869
0.000801357
0
0
0
0
0
0
0
0
0
0
0.0006927988
0.0006794141
0.0006655921
0.0006513283
0.0006365715
0
0
0
0
0
0
0
0
0
0
0.0007052529
0.0006922305
0.0006787805
0.0006649016
0.0006505449
0
0
0
0
0
0
0
0
0
0.0007168818
0.0007042031
0.0006911027
0.0006775823
0.000663597
0
0
0
0
0
0
0
0
0.0007277499
0.0007154058
0.0007026379
0.0006894551
0.0006758164
0
0
0
0
0
0
0
0.0007379849
0.0007259782
0.0007135367
0.0007006775
0.0006873677
0
0
0
0
0
0
0.0007478362
0.0007361968
0.0007240919
0.000711558
0.000698571
0
0
0
0
0
0.0007577519
0.00074655
0.0007348281
0.0007226481
0.000710006
0
0
0
0
0.0007675834
0.0007569409
0.0007456712
0.0007338896
0.0007216187
0
0
0
0.0007770026
0.000767116
0.0007564165
0.0007450981
0.0007332377
0
0
0.0007855582
0.000776775
0.0007668396
0.0007560994
0.0007447112
0
0.0007926091
0.0007855172
0.0007766929
0.0007667241
0.0007559216
0.0007971038
0.0007927374
0.0007856145
0.0007767652
0.0007667422
0.0007974159
0.0007930315
0.0007858961
0.0007770034
0.0007979598
0.0007935792
0.0007864178
0.0007988393
0.0007944542
0.0008000418
0
0
0
0
0
0
0
0
0
0
0.0007057584
0.0006927506
0.0006793158
0.0006654528
0.0006511128
0
0
0
0
0
0
0
0
0
0.0007178565
0.0007052057
0.0006921345
0.0006786446
0.0006646914
0
0
0
0
0
0
0
0
0.0007291399
0.0007168356
0.0007041092
0.0006909698
0.0006773768
0
0
0
0
0
0
0
0.0007396626
0.0007277045
0.0007153135
0.0007025073
0.0006892533
0
0
0
0
0
0
0.0007495293
0.0007379398
0.0007258869
0.0007134075
0.0007004781
0
0
0
0
0
0.0007589569
0.0007477912
0.0007361057
0.0007239631
0.0007113595
0
0
0
0
0.0007683267
0.0007577078
0.000746461
0.0007347023
0.0007224544
0
0
0
0.0007774123
0.0007675404
0.0007568544
0.0007455491
0.0007337016
0
0
0.0007857361
0.0007769606
0.0007670319
0.0007562978
0.0007449155
0
0.0007926091
0.0007855172
0.0007766929
0.0007667241
0.0007559216
0.0007969454
0.0007925688
0.0007854367
0.0007765799
0.0007665505
0.0007970639
0.0007926582
0.0007855037
0.0007765951
0.0007973375
0.0007929222
0.000785729
0.0007978516
0.0007934144
0.0007986769
0
0
0
0
0
0
0
0
0
0.0007183481
0.0007057114
0.0006926548
0.0006791802
0.000665243
0
0
0
0
0
0
0
0
0.0007300878
0.0007178105
0.0007051123
0.0006920023
0.00067844
0
0
0
0
0
0
0
0.0007410143
0.0007290948
0.0007167441
0.0007039798
0.0006907697
0
0
0
0
0
0
0.0007511603
0.0007396183
0.0007276145
0.0007151864
0.0007023108
0
0
0
0
0
0.0007606017
0.0007494853
0.0007378508
0.0007257611
0.0007132133
0
0
0
0
0.0007694952
0.0007589129
0.0007477024
0.0007359802
0.0007237698
0
0
0
0.0007781305
0.0007682835
0.0007576209
0.0007463384
0.0007345135
0
0
0.0007861293
0.0007773702
0.000767456
0.0007567353
0.0007453659
0
0.0007927778
0.000785695
0.0007768783
0.0007669161
0.0007561197
0.0007969454
0.0007925688
0.0007854367
0.0007765799
0.0007665505
0.0007969056
0.0007924898
0.0007853262
0.0007764102
0.0007969859
0.0007925494
0.0007853373
0.0007972298
0.0007927581
0.0007976891
0
0
0
0
0
0
0
0
0.0007305659
0.0007183022
0.0007056181
0.0006925229
0.000678976
0
0
0
0
0
0
0
0.0007419362
0.000730043
0.0007177194
0.0007049835
0.000691803
0
0
0
0
0
0
0.0007524745
0.0007409703
0.0007290057
0.0007166181
0.0007037848
0
0
0
0
0
0.0007621864
0.000751117
0.0007395306
0.0007274907
0.0007149949
0
0
0
0
0.000771091
0.0007605587
0.0007493985
0.0007377282
0.0007255719
0
0
0
0.0007792607
0.0007694522
0.0007588263
0.0007475801
0.0007357918
0
0
0.0007868196
0.0007780883
0.0007681988
0.0007575013
0.0007461544
0
0.0007931514
0.0007860881
0.0007772877
0.0007673398
0.0007565565
0.0007971038
0.0007927374
0.0007856145
0.0007767652
0.0007667422
0.0007969056
0.0007924898
0.0007853262
0.0007764102
0.0007968277
0.0007923812
0.0007851601
0.0007968786
0.0007923859
0.0007970679
0
0
0
0
0
0
0
0.0007424012
0.0007305212
0.0007182113
0.0007054896
0.000692324
0
0
0
0
0
0
0.0007533709
0.0007418925
0.0007299542
0.000717594
0.0007047894
0
0
0
0
0
0.0007634635
0.0007524316
0.0007408834
0.0007288829
0.0007164281
0
0
0
0
0.0007726288
0.0007621441
0.0007510316
0.0007394099
0.0007273042
0
0
0
0.0007808054
0.000771049
0.000760474
0.000749279
0.0007375437
0
0
0.0007879075
0.0007792187
0.0007693676
0.000758707
0.0007473963
0
0.0007938092
0.0007867783
0.0007780055
0.000768082
0.0007573218
0.0007974559
0.0007931109
0.0007860073
0.0007771741
0.0007671652
0.0007970639
0.0007926582
0.0007855037
0.0007765951
0.0007968277
0.0007923812
0.0007851601
0.0007967206
0.0007922179
0.0007967172
0
0
0
0
0
0
0.0007538231
0.0007423576
0.0007304326
0.0007180862
0.0007052959
0
0
0
0
0
0.0007643346
0.0007533283
0.0007418059
0.000729832
0.0007174049
0
0
0
0
0.0007738683
0.0007634216
0.0007523469
0.0007407638
0.0007286978
0
0
0
0.0007822943
0.0007725875
0.0007620607
0.0007509139
0.0007392281
0
0
0.000789396
0.0007807643
0.0007709663
0.0007603574
0.0007490991
0
0.0007948482
0.0007878663
0.000779136
0.0007692512
0.0007585277
0.0007980785
0.0007937686
0.0007866972
0.0007778914
0.0007679068
0.0007974159
0.0007930315
0.0007858961
0.0007770034
0.0007969859
0.0007925494
0.0007853373
0.0007967206
0.0007922179
0.0007965596
0
0
0
0
0
0.0007647741
0.0007537805
0.0007422712
0.0007303107
0.0007178975
0
0
0
0
0.0007747139
0.000764293
0.0007532439
0.0007416868
0.0007296478
0
0
0
0.0007834945
0.0007738274
0.0007633389
0.0007522302
0.0007405833
0
0
0.0007908311
0.0007822538
0.000772506
0.0007619459
0.0007507366
0
0.0007962726
0.0007893557
0.0007806834
0.0007708525
0.0007601819
0.0007990657
0.0007948078
0.0007877854
0.0007790222
0.0007690762
0.0007980384
0.0007936889
0.0007865855
0.00077772
0.0007973375
0.0007929222
0.000785729
0.0007968786
0.0007923859
0.0007965596
0
0
0
0
0.0007751405
0.0007647325
0.0007536963
0.0007421524
0.0007301268
0
0
0
0.0007843134
0.0007746732
0.0007642106
0.0007531278
0.0007415072
0
0
0.0007919883
0.0007834545
0.0007737466
0.0007632251
0.0007520543
0
0.0007976464
0.0007907915
0.0007821742
0.000772394
0.0007617729
0.0008004227
0.0007962331
0.0007892765
0.0007805722
0.0007706811
0.0007990257
0.0007947283
0.0007876739
0.0007788511
0.0007979598
0.0007935792
0.0007864178
0.0007972298
0.0007927581
0.0007967172
0
0
0
0.0007847265
0.0007750999
0.0007646504
0.0007535805
0.0007419731
0
0
0.0007927778
0.0007842735
0.0007745928
0.0007640973
0.0007529526
0
0.0007987545
0.000791949
0.0007833755
0.0007736355
0.0007630534
0.0008017327
0.0007976075
0.0007907135
0.0007820646
0.000772225
0.0008003836
0.0007961552
0.0007891676
0.0007804047
0.0007989473
0.0007946188
0.0007875065
0.0007978516
0.0007934144
0.0007970679
0
0
0.0007931762
0.0007846868
0.0007750196
0.0007645373
0.0007534057
0
0.0007995107
0.0007927387
0.0007841949
0.0007744822
0.0007639264
0.0008027902
0.0007987159
0.0007918716
0.0007832668
0.0007734678
0.0008016942
0.0007975308
0.0007906062
0.0007818994
0.0008003068
0.0007960482
0.0007890036
0.0007988393
0.0007944542
0.0007976891
0
0.0007998922
0.0007931372
0.0007846083
0.0007749093
0.0007643667
0.0008035121
0.0007994722
0.0007926617
0.0007840868
0.0007743152
0.000802752
0.0007986398
0.0007917652
0.0007831029
0.0008016184
0.0007974253
0.0007904443
0.0008002011
0.0007958869
0.0007986769
0.0008038765
0.0007998539
0.0007930603
0.0007845004
0.0007747427
0.0008034741
0.0007993965
0.0007925558
0.0007839235
0.0008026768
0.0007985352
0.0007916046
0.0008015142
0.0007972662
0.0008000418
0.0008038386
0.0007997782
0.0007929546
0.0007843374
0.0008033992
0.0007992923
0.0007923959
0.0008025735
0.0007983773
0.000801357
0.0008037638
0.0007996743
0.000792795
0.0008032963
0.000799135
0.0008024174
0.0008036611
0.0007995173
0.0008031408
0.000803506
)
;

boundaryField
{
    cathodeSides
    {
        type            zeroGradient;
    }
    electrolyteSides
    {
        type            zeroGradient;
    }
    anodeSides
    {
        type            zeroGradient;
    }
    phiI_to_phiI0
    {
        type            zeroGradient;
    }
}


// ************************************************************************* //
