/*--------------------------------*- C++ -*----------------------------------*\
| =========                 |                                                 |
| \\      /  F ield         | OpenFOAM: The Open Source CFD Toolbox           |
|  \\    /   O peration     | Version:  2306                                  |
|   \\  /    A nd           | Website:  www.openfoam.com                      |
|    \\/     M anipulation  |                                                 |
\*---------------------------------------------------------------------------*/
FoamFile
{
    version     2.0;
    format      ascii;
    arch        "LSB;label=32;scalar=64";
    class       cellSet;
    location    "constant/polyMesh/sets";
    object      achannel;
}
// * * * * * * * * * * * * * * * * * * * * * * * * * * * * * * * * * * * * * //


4000
(
49230
49231
49232
49233
49234
49235
49236
49237
49238
49239
49249
49250
49251
49252
49253
49254
49255
49256
49257
49258
49267
49268
49269
49270
49271
49272
49273
49274
49275
49276
49284
49285
49286
49287
49288
49289
49290
49291
49292
49293
49300
49301
49302
49303
49304
49305
49306
49307
49308
49309
49315
49316
49317
49318
49319
49320
49321
49322
49323
49324
49330
49331
49332
49333
49334
49335
49336
49337
49338
49344
49345
49346
49347
49348
49349
49350
49351
49357
49358
49359
49360
49361
49362
49363
49369
49370
49371
49372
49373
49374
32998
32999
33000
33001
33002
33003
33004
33037
33038
33039
33040
33041
33042
33043
33044
33076
33077
33078
33079
33080
33081
33082
33083
33084
33115
33116
33117
33118
33119
33120
33121
33122
33123
33124
49534
49535
49536
49537
49538
33154
49539
33155
49540
33156
49541
33157
49542
33158
49543
33159
33160
33161
33162
33163
49552
49553
49554
49555
49556
49557
49558
49559
49560
49561
49569
49570
49571
49572
49573
49574
49575
49576
49577
33193
49578
33194
33195
33196
33197
33198
33199
33200
49585
33201
49586
33202
49587
49588
49589
49590
49591
49592
49593
49594
49600
49601
49602
49603
49604
49605
49606
49607
49608
49609
49615
49616
33232
49617
33233
49618
33234
49619
33235
49620
33236
49621
33237
49622
33238
49623
33239
33240
33241
49629
49630
49631
49632
49633
49634
49635
49636
49642
49643
49644
49645
49646
49647
49648
49654
49655
33271
49656
33272
49657
33273
49658
33274
49659
33275
33276
33277
33278
33279
33280
49665
49666
49667
49668
49669
33310
33311
33312
33313
33314
33315
33316
33317
33318
33319
33349
33350
33351
33352
33353
33354
33355
33356
33357
33358
49818
49819
49820
49821
49822
49823
49824
49825
49826
49827
49835
49836
49837
49838
49839
49840
49841
49842
49843
49844
49851
49852
49853
49854
49855
49856
49857
49858
49859
49860
49866
49867
49868
49869
49870
49871
49872
49873
49874
49875
49881
49882
49883
49884
49885
49886
49887
49888
49889
49895
49896
49897
49898
49899
49900
49901
49902
49908
49909
49910
49911
49912
49913
49914
49920
49921
49922
49923
49924
49925
49931
49932
49933
49934
49935
49941
49942
49943
49944
50082
50083
50084
50085
50086
50087
50088
50089
50090
50091
50098
50099
50100
50101
50102
50103
50104
50105
50106
50107
50113
50114
50115
50116
50117
50118
50119
50120
50121
50122
50128
50129
50130
50131
50132
50133
50134
50135
50136
50142
50143
50144
50145
50146
50147
50148
50149
50155
50156
50157
50158
50159
50160
33776
50161
33777
33778
33779
33780
33781
33782
50167
33783
50168
50169
50170
50171
50172
50178
50179
50180
50181
50182
50188
50189
50190
50191
50197
50198
50199
33815
33816
33817
33818
33819
33820
33821
33822
33823
33854
33855
33856
33857
33858
33859
33860
33861
33862
33863
33893
33894
33895
33896
33897
33898
33899
33900
33901
33902
33932
33933
33934
33935
33936
33937
33938
33939
33940
33941
50326
50327
50328
50329
50330
50331
50332
50333
50334
50335
50341
50342
50343
50344
50345
50346
50347
50348
50349
50350
33971
50356
33972
50357
33973
50358
33974
50359
33975
50360
33976
50361
33977
50362
33978
50363
33979
50364
33980
50370
50371
50372
50373
50374
50375
50376
50377
50383
50384
50385
50386
50387
50388
50389
34010
50395
34011
50396
34012
50397
34013
50398
34014
50399
34015
50400
34016
34017
34018
34019
50406
50407
50408
50409
50410
50416
50417
50418
50419
50425
50426
50427
50433
34049
50434
34050
34051
34052
34053
34054
34055
34056
34057
34058
34088
34089
34090
34091
34092
34093
34094
34095
34096
34097
34126
34127
34128
34129
34130
34131
34132
34133
34134
34135
50550
50551
50552
50553
50554
50555
50556
50557
50558
50559
50565
50566
50567
50568
50569
50570
50571
50572
50573
50579
50580
50581
50582
50583
50584
50585
50586
50592
50593
50594
50595
50596
50597
50598
50604
50605
50606
50607
50608
50609
50615
50616
50617
50618
50619
50625
50626
50627
50628
50634
50635
50636
50642
50643
50649
50755
50756
50757
50758
50759
50760
50761
50762
50763
50769
50770
50771
50772
50773
50774
50775
50776
50782
50783
50784
50785
50786
50787
50788
50794
50795
50796
50797
50798
50799
50805
50806
50807
50808
50809
50815
50816
50817
50818
50824
50825
50826
50832
50833
50839
34547
34548
34549
34550
34551
34552
34553
34554
34555
50940
50941
50942
50943
50944
50945
50946
50947
50953
50954
50955
50956
50957
50958
50959
50965
50966
50967
50968
50969
50970
34586
34587
34588
34589
34590
34591
50976
34592
50977
34593
50978
34594
50979
34595
50980
50986
50987
50988
50989
50995
50996
50997
51003
51004
34625
51010
34626
34627
34628
34629
34630
34631
34632
34633
34634
34664
34665
34666
34667
34668
34669
34670
34671
34672
34673
34703
34704
34705
34706
34707
34708
34709
34710
34711
34712
51106
51107
51108
51109
51110
51111
51112
51118
51119
51120
51121
51122
51123
34742
34743
34744
51129
34745
51130
34746
51131
34747
51132
34748
51133
34749
34750
34751
51139
51140
51141
51142
51148
51149
51150
51156
51157
51163
34781
34782
34783
34784
34785
34786
34787
34788
34789
34790
34820
34821
34822
34823
34824
34825
34826
34827
34828
34829
34858
34859
34860
34861
34862
34863
34864
34865
34866
34867
51254
51255
51256
51257
51258
51259
51265
51266
51267
51268
51269
51275
51276
51277
51278
34895
34896
34897
34898
34899
51284
34900
51285
34901
51286
34902
34903
34904
51292
51293
51299
51385
51386
51387
51388
51389
51395
51396
51397
51398
51404
51405
51406
51412
51413
51419
51500
51501
51502
51503
51509
51510
51511
51517
51518
51524
51600
51601
51602
51608
51609
51615
51686
51687
51693
35310
35311
35312
35313
35314
35315
35316
35317
35318
35319
35349
35350
35351
35352
35353
35354
35355
35356
35357
35358
51759
35388
35389
35390
35391
35392
35393
35394
35395
35396
35397
35427
35428
35429
35430
35431
35432
35433
35434
35435
35436
35466
35467
35468
35469
35470
35471
35472
35473
35474
35475
35505
35506
35507
35508
35509
35510
35511
35512
35513
35514
35544
35545
35546
35547
35548
35549
35550
35551
35552
35553
35582
35583
35584
35585
35586
35587
35588
35589
35590
35591
35619
35620
35621
35622
35623
35624
35625
35626
35627
35628
35655
35656
35657
35658
35659
35660
35661
35662
35663
35664
36064
36065
36066
36067
36068
36069
36070
36071
36072
36073
36103
36104
36105
36106
36107
36108
36109
36110
36111
36112
36142
36143
36144
36145
36146
36147
36148
36149
36150
36151
36181
36182
36183
36184
36185
36186
36187
36188
36189
36190
36220
36221
36222
36223
36224
36225
36226
36227
36228
36229
36259
36260
36261
36262
36263
36264
36265
36266
36267
36268
36297
36298
36299
36300
36301
36302
36303
36304
36305
36306
36334
36335
36336
36337
36338
36339
36340
36341
36342
36343
36370
36371
36372
36373
36374
36375
36376
36377
36378
36379
36405
36406
36407
36408
36409
36410
36411
36412
36413
36414
36808
36809
36810
36811
36812
36813
36814
36815
36816
36817
36847
36848
36849
36850
36851
36852
36853
36854
36855
36856
36886
36887
36888
36889
36890
36891
36892
36893
36894
36895
36925
36926
36927
36928
36929
36930
36931
36932
36933
36934
36964
36965
36966
36967
36968
36969
36970
36971
36972
36973
37002
37003
37004
37005
37006
37007
37008
37009
37010
37011
37039
37040
37041
37042
37043
37044
37045
37046
37047
37048
37075
37076
37077
37078
37079
37080
37081
37082
37083
37084
37110
37111
37112
37113
37114
37115
37116
37117
37118
37119
37144
37145
37146
37147
37148
37149
37150
37151
37152
37153
37541
37542
37543
37544
37545
37546
37547
37548
37549
37550
37580
37581
37582
37583
37584
37585
37586
37587
37588
37589
37619
37620
37621
37622
37623
37624
37625
37626
37627
37628
37658
37659
37660
37661
37662
37663
37664
37665
37666
37667
37696
37697
37698
37699
37700
37701
37702
37703
37704
37705
37733
37734
37735
37736
37737
37738
37739
37740
37741
37742
37769
37770
37771
37772
37773
37774
37775
37776
37777
37778
21403
37804
37805
37806
37807
37808
37809
37810
37811
37812
37813
37838
37839
37840
37841
37842
37843
37844
37845
37846
37847
37871
37872
37873
37874
37875
37876
37877
37878
37879
37880
38262
38263
38264
38265
38266
38267
38268
38269
38270
38271
38301
38302
38303
38304
38305
38306
38307
38308
38309
38310
38340
38341
38342
38343
38344
38345
38346
38347
38348
38349
38378
38379
38380
38381
38382
38383
38384
38385
38386
38387
38415
38416
38417
38418
38419
38420
38421
38422
38423
38424
38451
38452
38453
38454
38455
38456
38457
38458
38459
38460
38486
38487
38488
38489
38490
38491
38492
38493
38494
38495
38520
38521
38522
38523
38524
38525
38526
38527
38528
38529
22160
38553
38554
38555
38556
38557
38558
38559
38560
38561
38562
22199
22200
38585
38586
38587
38588
38589
38590
38591
38592
38593
38594
38970
38971
38972
38973
38974
38975
38976
38977
38978
38979
39009
39010
39011
39012
39013
39014
39015
39016
39017
39018
39047
39048
39049
39050
39051
39052
39053
39054
39055
39056
39084
39085
39086
39087
39088
39089
39090
39091
39092
39093
39120
39121
39122
39123
39124
39125
39126
39127
39128
39129
39155
39156
39157
39158
39159
39160
39161
39162
39163
39164
39189
39190
39191
39192
39193
39194
39195
39196
39197
39198
39222
39223
39224
39225
39226
39227
39228
39229
39230
39231
39254
39255
39256
39257
39258
39259
39260
39261
39262
39263
39285
39286
39287
39288
39289
39290
39291
39292
39293
39294
22919
22958
22959
22997
22998
22999
39664
39665
39666
39667
39668
39669
39670
39671
39672
39673
39702
39703
39704
39705
39706
39707
39708
39709
39710
39711
39739
39740
39741
39742
39743
39744
39745
39746
39747
39748
39775
39776
39777
39778
39779
39780
39781
39782
39783
39784
39810
39811
39812
39813
39814
39815
39816
39817
39818
39819
39844
39845
39846
39847
39848
39849
39850
39851
39852
39853
39877
39878
39879
39880
39881
39882
39883
39884
39885
39886
39909
39910
39911
39912
39913
39914
39915
39916
39917
39918
39940
39941
39942
39943
39944
39945
39946
39947
39948
39949
39970
39971
39972
39973
39974
39975
39976
39977
39978
39979
23679
23718
23719
23757
23758
23759
23796
23797
23798
23799
40342
40343
40344
40345
40346
40347
40348
40349
40350
40351
40379
40380
40381
40382
40383
40384
40385
40386
40387
40388
40415
40416
40417
40418
40419
40420
40421
40422
40423
40424
40450
40451
40452
40453
40454
40455
40456
40457
40458
40459
40484
40485
40486
40487
40488
40489
40490
40491
40492
40493
40517
40518
40519
40520
40521
40522
40523
40524
40525
40526
40549
40550
40551
40552
40553
40554
40555
40556
40557
40558
40580
40581
40582
40583
40584
40585
40586
40587
40588
40589
40610
40611
40612
40613
40614
40615
40616
40617
40618
40619
40639
40640
40641
40642
40643
40644
40645
40646
40647
40648
24439
24478
24479
24517
24518
24519
24556
24557
24558
24559
24595
24596
24597
24598
24599
41003
41004
41005
41006
41007
41008
41009
41010
41011
41012
41039
41040
41041
41042
41043
41044
41045
41046
41047
41048
41074
41075
41076
41077
41078
41079
41080
41081
41082
41083
41108
41109
41110
41111
41112
41113
41114
41115
41116
41117
41141
41142
41143
41144
41145
41146
41147
41148
41149
41150
41173
41174
41175
41176
41177
41178
41179
41180
41181
41182
41204
41205
41206
41207
41208
41209
41210
41211
41212
41213
41234
41235
41236
41237
41238
41239
41240
41241
41242
41243
41263
41264
41265
41266
41267
41268
41269
41270
41271
41272
41291
41292
41293
41294
41295
41296
41297
41298
41299
41300
25199
25238
25239
41646
41647
41648
41649
41650
41651
41652
41653
41654
41655
25277
25278
25279
41681
41682
41683
41684
41685
41686
41687
41688
41689
41690
25316
25317
25318
25319
41715
41716
41717
41718
41719
41720
41721
41722
41723
41724
25355
25356
25357
25358
25359
41748
41749
41750
41751
41752
41753
41754
41755
41756
41757
25394
25395
41780
25396
41781
25397
41782
25398
41783
25399
41784
41785
41786
41787
41788
41789
41811
41812
41813
41814
41815
41816
41817
41818
41819
41820
41841
41842
41843
41844
41845
41846
41847
41848
41849
41850
41870
41871
41872
41873
41874
41875
41876
41877
41878
41879
41898
41899
41900
41901
41902
41903
41904
41905
41906
41907
41925
41926
41927
41928
41929
41930
41931
41932
41933
41934
42270
42271
42272
42273
42274
42275
42276
42277
42278
42279
42304
42305
42306
42307
42308
42309
42310
42311
42312
42313
42337
42338
42339
42340
42341
42342
42343
25959
42344
42345
42346
42369
42370
42371
42372
42373
42374
42375
42376
42377
42378
25998
25999
42400
42401
42402
42403
42404
42405
42406
42407
42408
42409
26037
26038
26039
42430
42431
42432
42433
42434
42435
42436
42437
42438
42439
42459
42460
26076
42461
26077
42462
26078
42463
26079
42464
42465
42466
42467
42468
42487
42488
42489
42490
42491
42492
42493
42494
42495
42496
26115
26116
26117
26118
26119
42514
42515
42516
42517
42518
42519
42520
42521
42522
42523
26154
26155
42540
26156
42541
26157
42542
26158
42543
26159
42544
42545
42546
42547
42548
42549
26193
26194
26195
26196
26197
26198
26199
42874
42875
42876
42877
42878
42879
42880
42881
42882
42883
42907
42908
42909
42910
42911
42912
42913
42914
42915
42916
42939
42940
42941
42942
42943
42944
42945
42946
42947
42948
42970
42971
42972
42973
42974
42975
42976
42977
42978
42979
43000
43001
43002
43003
43004
43005
43006
43007
43008
43009
43029
43030
43031
43032
43033
43034
43035
43036
43037
43038
43057
43058
43059
43060
43061
43062
43063
43064
43065
43066
43084
43085
43086
43087
43088
43089
43090
43091
43092
43093
26719
43110
43111
43112
43113
43114
43115
43116
43117
43118
43119
43135
43136
43137
43138
43139
43140
43141
43142
26758
43143
26759
43144
26797
26798
26799
26836
26837
26838
26839
26875
26876
26877
26878
26879
26914
26915
26916
26917
26918
26919
26953
26954
26955
26956
26957
26958
26959
26992
26993
26994
26995
26996
26997
26998
26999
43458
43459
43460
43461
43462
43463
43464
43465
43466
43467
43490
43491
43492
43493
43494
43495
43496
43497
43498
43499
43521
43522
43523
43524
43525
43526
43527
43528
43529
43530
43551
43552
43553
43554
43555
43556
43557
43558
43559
43560
43580
43581
43582
43583
43584
43585
43586
43587
43588
43589
43608
43609
43610
43611
43612
43613
43614
43615
43616
43617
43635
43636
43637
43638
43639
43640
43641
43642
43643
43644
43661
43662
43663
43664
43665
43666
43667
43668
43669
43670
43686
43687
43688
43689
43690
43691
43692
43693
43694
43695
43710
43711
43712
43713
43714
43715
43716
43717
43718
43719
27479
27518
27519
27557
27558
27559
27596
27597
27598
27599
27635
27636
27637
44022
27638
44023
27639
44024
44025
44026
44027
44028
44029
44030
44031
44053
44054
44055
44056
44057
44058
27674
44059
27675
44060
27676
44061
27677
44062
27678
27679
44083
44084
44085
44086
44087
44088
44089
44090
44091
44092
27713
27714
27715
27716
27717
27718
27719
44112
44113
44114
44115
44116
44117
44118
44119
44120
44121
27752
27753
27754
27755
44140
27756
44141
27757
44142
27758
44143
27759
44144
44145
44146
44147
44148
44149
44167
44168
44169
44170
44171
44172
44173
44174
44175
27791
44176
27792
27793
27794
27795
27796
27797
27798
27799
44193
44194
44195
44196
44197
44198
44199
44200
44201
44202
44218
44219
44220
44221
44222
44223
44224
44225
44226
44227
44242
44243
44244
44245
44246
44247
44248
44249
44250
44251
44265
44266
44267
44268
44269
44270
44271
44272
44273
44274
44566
44567
44568
44569
44570
44571
44572
44573
44574
44575
44596
44597
44598
44599
44600
44601
44602
44603
44604
44605
28239
44625
44626
44627
44628
44629
44630
44631
44632
44633
44634
44653
44654
44655
44656
44657
44658
44659
44660
44661
44662
28278
28279
44680
44681
44682
44683
44684
44685
44686
44687
44688
44689
28317
28318
28319
44706
44707
44708
44709
44710
44711
44712
44713
44714
44715
44731
44732
44733
44734
44735
44736
44737
44738
44739
44740
28356
28357
28358
28359
44755
44756
44757
44758
44759
44760
44761
44762
44763
44764
44778
44779
28395
44780
28396
44781
28397
44782
28398
44783
28399
44784
44785
44786
44787
44800
44801
44802
44803
44804
44805
44806
44807
44808
44809
28434
28435
28436
28437
28438
28439
28473
28474
28475
28476
28477
28478
28479
28512
28513
28514
28515
28516
28517
28518
28519
28551
28552
28553
28554
28555
28556
28557
28558
28559
28590
28591
28592
28593
28594
28595
28596
28597
28598
28599
45090
45091
45092
45093
45094
45095
45096
45097
45098
45099
45119
45120
45121
45122
45123
45124
45125
45126
45127
45128
45147
45148
45149
45150
45151
45152
45153
45154
45155
45156
45174
45175
45176
45177
45178
45179
45180
45181
45182
45183
45200
45201
45202
45203
45204
45205
45206
45207
45208
45209
45225
45226
45227
45228
45229
45230
45231
45232
45233
45234
45249
45250
45251
45252
45253
45254
45255
45256
45257
45258
45272
45273
45274
45275
45276
45277
45278
45279
45280
45281
45294
45295
45296
45297
45298
45299
45300
45301
45302
45303
45315
45316
45317
45318
45319
45320
45321
45322
45323
45324
29038
29039
29077
29078
29079
29116
29117
29118
29119
29155
29156
29157
29158
29159
29194
29195
29196
29197
29198
29199
45594
45595
45596
45597
45598
45599
45600
45601
45602
45603
29233
29234
29235
29236
29237
45622
29238
45623
29239
45624
45625
45626
45627
45628
45629
45630
45631
45649
45650
45651
45652
45653
45654
45655
45656
29272
45657
29273
45658
29274
29275
29276
29277
29278
29279
45675
45676
45677
45678
45679
45680
45681
45682
45683
45684
29311
29312
29313
29314
29315
45700
29316
45701
29317
45702
29318
45703
29319
45704
45705
45706
45707
45708
45709
45724
45725
45726
45727
45728
45729
45730
45731
45732
45733
29350
29351
29352
29353
29354
29355
29356
29357
29358
29359
45747
45748
45749
45750
45751
45752
45753
45754
45755
45756
45769
45770
45771
45772
45773
29389
45774
29390
45775
29391
45776
29392
45777
29393
45778
29394
29395
29396
29397
29398
45790
45791
45792
45793
45794
45795
45796
45797
45798
45799
45810
45811
45812
45813
45814
45815
45816
45817
45818
45819
46078
46079
46080
46081
46082
46083
46084
46085
46086
46087
46105
46106
46107
46108
46109
46110
46111
46112
46113
46114
46131
46132
46133
46134
46135
46136
46137
46138
46139
46140
46156
46157
46158
46159
46160
46161
46162
46163
46164
46165
46180
46181
46182
46183
46184
46185
46186
46187
46188
46189
46203
46204
46205
46206
46207
46208
46209
46210
46211
46212
29836
29837
29838
46225
46226
46227
46228
46229
46230
46231
46232
46233
46234
46246
46247
46248
46249
46250
46251
46252
46253
46254
46255
29875
29876
29877
29878
46266
46267
46268
46269
46270
46271
46272
46273
46274
46275
46285
46286
46287
46288
46289
46290
46291
46292
46293
46294
29914
29915
29916
29917
29918
29953
29954
29955
29956
29957
29958
29992
29993
29994
29995
29996
29997
29998
30031
30032
30033
30034
30035
30036
30037
30038
30070
30071
30072
30073
30074
30075
30076
30077
30078
30109
30110
30111
30112
30113
30114
30115
30116
30117
30118
30148
30149
30150
30151
30152
30153
30154
30155
30156
30157
46542
46543
46544
46545
46546
46547
46548
46549
46550
46551
46568
46569
46570
46571
30187
46572
30188
46573
30189
46574
30190
46575
30191
46576
30192
46577
30193
30194
30195
30196
46593
46594
46595
46596
46597
46598
46599
46600
46601
46602
46617
46618
46619
46620
46621
46622
46623
46624
46625
46626
46640
46641
46642
46643
46644
46645
46646
46647
46648
46649
46662
46663
46664
46665
46666
46667
46668
46669
46670
46671
46683
46684
46685
46686
46687
46688
46689
46690
46691
46692
46703
46704
46705
46706
46707
46708
46709
46710
46711
46712
46722
46723
46724
46725
46726
46727
46728
46729
46730
46731
46740
46741
46742
46743
46744
46745
46746
46747
46748
46749
46986
46987
46988
46989
46990
46991
46992
46993
46994
46995
47011
47012
47013
47014
47015
47016
30632
47017
30633
47018
30634
47019
30635
47020
47035
47036
47037
47038
47039
47040
47041
47042
47043
47044
30671
30672
30673
47058
30674
47059
30675
47060
47061
47062
47063
47064
47065
47066
47067
47080
47081
47082
47083
47084
47085
47086
47087
47088
47089
30710
30711
30712
30713
30714
30715
47101
47102
47103
47104
47105
47106
47107
47108
47109
47110
47121
47122
47123
47124
47125
47126
47127
47128
47129
47130
30749
30750
30751
30752
30753
30754
30755
47140
47141
47142
47143
47144
47145
47146
47147
47148
47149
47158
47159
47160
47161
47162
47163
47164
47165
47166
47167
30788
30789
30790
47175
30791
47176
30792
47177
30793
47178
30794
47179
30795
47180
47181
47182
47183
47184
30827
30828
30829
30830
30831
30832
30833
30834
30835
30866
30867
30868
30869
30870
30871
30872
30873
30874
30875
30905
30906
30907
30908
30909
30910
30911
30912
30913
30914
30944
30945
30946
30947
30948
30949
30950
30951
30952
30953
30983
30984
30985
30986
30987
30988
30989
30990
30991
30992
47410
47411
47412
47413
47414
47415
47416
47417
47418
47419
47434
47435
47436
47437
47438
47439
47440
47441
47442
47443
47457
47458
47459
47460
47461
47462
47463
47464
47465
47466
47479
47480
47481
47482
47483
47484
47485
47486
47487
47488
47500
47501
47502
47503
47504
47505
47506
47507
47508
47509
47520
47521
47522
47523
47524
47525
47526
47527
47528
47529
47539
47540
47541
47542
47543
47544
47545
47546
47547
47548
47557
47558
47559
47560
47561
47562
47563
47564
47565
47566
47574
47575
47576
47577
47578
47579
47580
47581
47582
47583
47590
47591
47592
47593
47594
47595
47596
47597
47598
47599
31425
31426
31427
31428
31429
47814
47815
47816
47817
47818
47819
47820
47821
47822
47823
47837
47838
47839
47840
47841
47842
47843
47844
47845
47846
31464
31465
31466
31467
31468
31469
47859
47860
47861
47862
47863
47864
47865
47866
47867
47868
47880
47881
47882
47883
47884
47885
47886
47887
31503
47888
31504
47889
31505
31506
31507
31508
31509
47900
47901
47902
47903
47904
47905
47906
47907
47908
47909
47919
47920
47921
47922
47923
47924
47925
47926
31542
47927
31543
47928
31544
31545
31546
31547
31548
31549
47937
47938
47939
47940
47941
47942
47943
47944
47945
47946
47954
47955
47956
47957
47958
47959
47960
47961
47962
47963
31581
31582
31583
31584
31585
47970
31586
47971
31587
47972
31588
47973
31589
47974
47975
47976
47977
47978
47979
47985
47986
47987
47988
47989
47990
47991
47992
47993
47994
31620
31621
31622
31623
31624
31625
31626
31627
31628
31629
31659
31660
31661
31662
31663
31664
31665
31666
31667
31668
31698
31699
31700
31701
31702
31703
31704
31705
31706
31707
31737
31738
31739
31740
31741
31742
31743
31744
31745
31746
31776
31777
31778
31779
31780
31781
31782
31783
31784
31785
48198
48199
48200
48201
48202
48203
48204
48205
48206
48207
48220
48221
48222
48223
48224
48225
48226
48227
48228
48229
48241
48242
48243
48244
48245
48246
48247
48248
48249
48250
48261
48262
48263
48264
48265
48266
48267
48268
48269
48270
48280
48281
48282
48283
48284
48285
48286
48287
48288
48289
48298
48299
48300
48301
48302
48303
48304
48305
48306
48307
48315
48316
48317
48318
48319
48320
48321
48322
48323
48324
48331
48332
48333
48334
48335
48336
48337
48338
48339
48340
48346
48347
48348
48349
48350
48351
48352
48353
48354
48355
48361
48362
48363
48364
48365
48366
48367
48368
48369
48562
48563
48564
48565
48566
48567
48568
48569
48570
48571
48583
48584
48585
48586
48587
48588
48589
48590
48591
48592
32214
32215
32216
32217
32218
48603
32219
48604
48605
48606
48607
48608
48609
48610
48611
48612
48622
48623
48624
48625
48626
48627
48628
48629
48630
48631
32253
32254
32255
48640
32256
48641
32257
48642
32258
48643
32259
48644
48645
48646
48647
48648
48649
48657
48658
48659
48660
48661
48662
48663
48664
48665
48666
48673
48674
48675
48676
32292
48677
32293
48678
32294
48679
32295
48680
32296
48681
32297
48682
32298
32299
48688
48689
48690
48691
48692
48693
48694
48695
48696
48697
48703
48704
48705
48706
48707
48708
48709
48710
48711
32331
32332
48717
32333
48718
32334
48719
32335
48720
32336
48721
32337
48722
32338
48723
32339
48724
32370
32371
32372
32373
32374
32375
32376
32377
32378
32379
32409
32410
32411
32412
32413
32414
32415
32416
32417
32418
32448
32449
32450
32451
32452
32453
32454
32455
32456
32457
32487
32488
32489
32490
32491
32492
32493
32494
32495
32496
48906
48907
48908
48909
48910
32526
48911
32527
48912
32528
48913
32529
48914
32530
48915
32531
32532
32533
32534
32535
48926
48927
48928
48929
48930
48931
48932
48933
48934
48935
48945
48946
48947
48948
48949
32565
48950
32566
48951
32567
48952
32568
48953
32569
48954
32570
32571
32572
32573
32574
48963
48964
48965
48966
48967
48968
48969
48970
48971
48972
48980
48981
48982
48983
48984
48985
48986
48987
48988
48989
48996
48997
48998
48999
49000
49001
49002
49003
49004
49005
49011
49012
49013
49014
49015
49016
49017
49018
49019
49020
49026
49027
49028
49029
49030
49031
49032
49033
49034
49040
49041
49042
49043
49044
49045
49046
49047
49053
49054
49055
49056
49057
49058
49059
)


// ************************************************************************* //
