/*--------------------------------*- C++ -*----------------------------------*\
| =========                 |                                                 |
| \\      /  F ield         | OpenFOAM: The Open Source CFD Toolbox           |
|  \\    /   O peration     | Version:  2306                                  |
|   \\  /    A nd           | Website:  www.openfoam.com                      |
|    \\/     M anipulation  |                                                 |
\*---------------------------------------------------------------------------*/
FoamFile
{
    version     2.0;
    format      ascii;
    arch        "LSB;label=32;scalar=64";
    class       cellSet;
    location    "constant/polyMesh/sets";
    object      cchannel;
}
// * * * * * * * * * * * * * * * * * * * * * * * * * * * * * * * * * * * * * //


4000
(
16408
16409
16410
16411
16412
16413
16414
16415
16416
16417
16446
16447
16448
16449
16450
16451
16452
16453
16454
16455
16485
16486
16487
16488
16489
16490
16491
16492
16493
16494
16524
16525
16526
16527
16528
16529
16530
16531
16532
16533
16563
16564
16565
16566
16567
16568
16569
16570
16571
16572
16602
16603
16604
16605
16606
16607
16608
16609
16610
16611
240
16641
16642
16643
16644
16645
16646
16647
16648
16649
16650
16680
16681
16682
16683
16684
16685
16686
16687
16688
16689
306
312
313
384
390
391
397
398
399
475
481
482
488
489
490
496
497
498
499
580
586
587
593
594
595
601
602
603
604
610
611
612
613
614
700
706
707
17095
17096
17097
713
17098
714
17099
715
17100
17101
17102
17103
17104
721
722
723
724
730
731
732
733
734
740
741
742
743
744
745
17132
17133
17134
17135
17136
17137
17138
17139
17140
17141
17170
17171
17172
17173
17174
17175
17176
17177
17178
17179
17209
17210
17211
17212
17213
17214
17215
17216
17217
17218
836
842
843
849
850
851
857
858
859
860
17248
17249
17250
866
17251
867
17252
868
17253
869
17254
870
17255
17256
17257
876
877
878
879
880
881
887
888
889
890
891
892
893
17287
17288
17289
17290
17291
17292
17293
17294
17295
17296
17326
17327
17328
17329
17330
17331
17332
17333
17334
17335
17365
17366
17367
17368
17369
17370
17371
17372
17373
989
17374
995
996
1002
1003
1004
1010
1011
1012
1013
1019
17404
1020
17405
1021
17406
1022
17407
1023
17408
17409
17410
17411
17412
17413
1029
1030
1031
1032
1033
1034
1040
1041
1042
1043
1044
1045
1046
1052
1053
1054
1055
1056
1057
1058
1059
17444
17445
17446
17447
17448
17449
17450
17451
17452
1160
1166
1167
1173
1174
1175
1181
1182
1183
1184
1190
1191
1192
1193
1194
1200
1201
1202
1203
1204
1205
1211
1212
1213
1214
1215
1216
1217
1223
1224
1225
1226
1227
1228
1229
1230
1236
1237
1238
1239
1240
1241
1242
1243
1244
1350
1356
1357
1363
1364
1365
1371
1372
1373
1374
1380
1381
1382
1383
1384
1390
1391
1392
1393
1394
1395
1401
1402
1403
1404
1405
1406
1407
1413
1414
1415
1416
1417
1418
1419
1420
1426
1427
1428
1429
1430
1431
1432
1433
1434
1440
1441
1442
1443
1444
1445
1446
1447
1448
1449
17864
17865
17866
17867
17868
17869
17870
17871
17872
17873
17902
17903
17904
17905
17906
17907
17908
17909
17910
17911
17941
17942
17943
17944
17945
17946
17947
17948
17949
1565
17950
1566
1572
1573
1574
1580
1581
1582
1583
1589
1590
1591
1592
1593
17980
17981
17982
17983
1599
17984
1600
17985
1601
17986
1602
17987
1603
17988
1604
17989
1610
1611
1612
1613
1614
1615
1616
1622
1623
1624
1625
1626
1627
1628
1629
18019
1635
18020
1636
18021
1637
18022
1638
18023
1639
18024
1640
18025
1641
18026
1642
18027
1643
18028
1649
1650
1651
1652
1653
1654
1655
1656
1657
1658
1664
1665
1666
1667
1668
1669
1670
1671
1672
1673
18058
18059
18060
18061
18062
18063
18064
18065
18066
18067
18097
18098
18099
18100
18101
18102
18103
18104
18105
18106
18136
18137
18138
18139
18140
18141
18142
18143
18144
18145
18176
18177
18178
18179
18180
18181
18182
18183
18184
1800
1801
1802
1808
1809
1810
1811
1817
1818
1819
1820
1821
1827
1828
1829
1830
1831
18216
1832
18217
18218
18219
18220
18221
18222
1838
18223
1839
1840
1841
1842
1843
1844
1850
1851
1852
1853
1854
1855
1856
1857
1863
1864
1865
1866
1867
1868
1869
1870
1871
1877
1878
1879
1880
1881
1882
1883
1884
1885
1886
1892
1893
1894
1895
1896
1897
1898
1899
1900
1901
1908
1909
1910
1911
1912
1913
1914
1915
1916
1917
2055
2056
2057
2058
2064
2065
2066
2067
2068
2074
2075
2076
2077
2078
2079
2085
2086
2087
2088
2089
2090
2091
2097
2098
2099
2100
2101
2102
2103
2104
2110
2111
2112
2113
2114
2115
2116
2117
2118
2124
2125
2126
2127
2128
2129
2130
2131
2132
2133
2139
2140
2141
2142
2143
2144
2145
2146
2147
2148
2155
2156
2157
2158
2159
2160
2161
2162
2163
2164
2172
2173
2174
2175
2176
2177
2178
2179
2180
2181
18641
18642
18643
18644
18645
18646
18647
18648
18649
18650
18680
18681
18682
18683
18684
18685
18686
18687
18688
18689
2330
2331
2332
2333
2334
18719
18720
18721
18722
18723
18724
2340
18725
2341
18726
2342
18727
2343
18728
2344
2345
2351
2352
2353
2354
2355
2356
2357
2363
2364
2365
2366
2367
2368
2369
2370
18758
18759
18760
2376
18761
2377
18762
2378
18763
2379
18764
2380
18765
2381
18766
2382
18767
2383
2384
2390
2391
2392
2393
2394
2395
2396
2397
2398
2399
2405
2406
2407
2408
2409
2410
2411
2412
18797
2413
18798
2414
18799
18800
18801
18802
18803
18804
18805
2421
18806
2422
2423
2424
2425
2426
2427
2428
2429
2430
2438
2439
2440
2441
2442
2443
2444
2445
2446
2447
18836
18837
18838
18839
18840
2456
18841
2457
18842
2458
18843
2459
18844
2460
18845
2461
2462
2463
2464
2465
18875
18876
18877
18878
18879
18880
18881
18882
18883
18884
18915
18916
18917
18918
18919
18920
18921
18922
18923
18955
18956
18957
18958
18959
18960
18961
18962
18995
18996
18997
18998
18999
19000
19001
2625
2626
2627
2628
2629
2630
2636
2637
2638
2639
2640
2641
2642
2648
2649
2650
2651
2652
2653
2654
2655
2661
2662
2663
2664
2665
2666
2667
2668
2669
2675
2676
2677
2678
2679
2680
2681
2682
2683
2684
2690
2691
2692
2693
2694
2695
2696
2697
2698
2699
2706
2707
2708
2709
2710
2711
2712
2713
2714
2715
2723
2724
2725
2726
2727
2728
2729
2730
2731
2732
2741
2742
2743
2744
2745
2746
2747
2748
2749
2750
2760
2761
2762
2763
2764
2765
2766
2767
2768
2769
2940
2941
2942
2943
2944
2945
2946
2952
2953
2954
2955
2956
2957
2958
2959
2965
2966
2967
2968
2969
2970
2971
2972
2973
2979
2980
2981
2982
2983
2984
2985
2986
2987
2988
2994
2995
2996
2997
2998
2999
3000
3001
3002
3003
3010
3011
3012
3013
3014
3015
3016
3017
3018
3019
3027
3028
3029
3030
3031
3032
3033
3034
3035
3036
19425
19426
19427
19428
19429
3045
19430
3046
19431
3047
19432
3048
19433
3049
19434
3050
3051
3052
3053
3054
3064
3065
3066
3067
3068
3069
3070
3071
3072
3073
19464
19465
19466
19467
19468
3084
19469
3085
19470
3086
19471
3087
19472
3088
19473
3089
3090
3091
3092
3093
19503
19504
19505
19506
19507
19508
19509
19510
19511
19512
19542
19543
19544
19545
19546
19547
19548
19549
19550
19551
19581
19582
19583
19584
19585
19586
19587
19588
19589
19590
19620
19621
19622
19623
19624
19625
19626
19627
19628
19629
3275
19660
3276
19661
3277
19662
3278
19663
3279
19664
3280
19665
3281
19666
3282
19667
19668
3288
3289
3290
3291
3292
3293
3294
3295
3296
3302
3303
3304
3305
3306
3307
3308
3309
3310
3311
19700
19701
3317
19702
3318
19703
3319
19704
3320
19705
3321
19706
3322
19707
3323
3324
3325
3326
3333
3334
3335
3336
3337
3338
3339
3340
3341
3342
3350
3351
3352
3353
3354
3355
19740
3356
19741
3357
19742
3358
19743
3359
19744
19745
19746
3368
3369
3370
3371
3372
3373
3374
3375
3376
3377
3387
3388
3389
3390
3391
3392
3393
3394
3395
19780
3396
19781
19782
19783
19784
19785
3407
3408
3409
3410
3411
3412
3413
3414
3415
3416
3428
3429
3430
3431
3432
3433
3434
3435
3436
3437
3630
3631
3632
3633
3634
3635
3636
3637
3638
3644
3645
3646
3647
3648
3649
3650
3651
3652
3653
3659
3660
3661
3662
3663
3664
3665
3666
3667
3668
3675
3676
3677
3678
3679
3680
3681
3682
3683
3684
3692
3693
3694
3695
3696
3697
3698
3699
3700
3701
3710
3711
3712
3713
3714
3715
3716
3717
3718
3719
3729
3730
3731
3732
3733
3734
3735
3736
3737
3738
3749
3750
3751
3752
3753
3754
3755
3756
3757
3758
3770
3771
3772
3773
3774
3775
3776
3777
3778
3779
3792
3793
3794
3795
3796
3797
3798
3799
3800
3801
20214
20215
20216
20217
20218
20219
20220
20221
20222
20223
20253
20254
20255
20256
20257
20258
20259
20260
20261
20262
20292
20293
20294
20295
20296
20297
20298
20299
20300
20301
20331
20332
20333
20334
20335
20336
20337
20338
20339
20340
20370
20371
20372
20373
20374
20375
20376
20377
20378
20379
4005
4006
4007
4008
4009
4010
4011
4012
4013
4014
4020
4021
4022
4023
4024
4025
20410
4026
20411
4027
20412
4028
20413
4029
20414
20415
20416
20417
20418
4036
4037
4038
4039
4040
4041
4042
4043
4044
4045
4053
4054
4055
4056
4057
4058
4059
4060
4061
4062
20450
20451
20452
20453
20454
20455
4071
20456
4072
20457
4073
4074
4075
4076
4077
4078
4079
4080
4090
4091
4092
4093
4094
4095
4096
4097
4098
4099
20490
20491
20492
20493
20494
4110
20495
4111
20496
4112
4113
4114
4115
4116
4117
4118
4119
4131
4132
4133
4134
4135
4136
4137
4138
4139
4140
20530
20531
20532
20533
20534
20535
4153
4154
4155
4156
4157
4158
4159
4160
4161
4162
4176
4177
4178
4179
4180
4181
4182
4183
4184
4185
20570
20571
20572
20573
20574
4400
4401
4402
4403
4404
4405
4406
4407
4408
4409
4416
4417
4418
4419
4420
4421
4422
4423
4424
4425
4433
4434
4435
4436
4437
4438
4439
4440
4441
4442
4451
4452
4453
4454
4455
4456
4457
4458
4459
4460
4470
4471
4472
4473
4474
4475
4476
4477
4478
4479
4490
4491
4492
4493
4494
4495
4496
4497
4498
4499
4511
4512
4513
4514
4515
4516
4517
4518
4519
4520
4533
4534
4535
4536
4537
4538
4539
4540
4541
4542
4556
4557
4558
4559
4560
4561
4562
4563
4564
4565
4580
4581
4582
4583
4584
4585
4586
4587
4588
4589
21007
21008
21009
21010
21011
21012
21013
21014
21015
21016
21046
21047
21048
21049
21050
21051
21052
21053
21054
21055
21085
21086
21087
21088
21089
21090
21091
21092
21093
21094
21124
21125
21126
21127
21128
21129
21130
21131
21132
21133
21164
21165
21166
21167
21168
21169
21170
21171
21172
4815
4816
4817
4818
4819
21204
4820
21205
4821
21206
4822
21207
4823
21208
4824
21209
21210
21211
4832
4833
4834
4835
4836
4837
4838
4839
4840
4841
4850
4851
4852
4853
4854
4855
4856
4857
4858
4859
21244
21245
21246
21247
21248
21249
21250
4869
4870
4871
4872
4873
4874
4875
4876
4877
4878
4889
4890
4891
4892
4893
4894
4895
4896
4897
4898
21284
21285
21286
21287
21288
21289
4910
4911
4912
4913
4914
4915
4916
4917
4918
4919
4932
4933
4934
4935
4936
4937
4938
4939
21324
4940
21325
4941
21326
21327
21328
4955
4956
4957
4958
4959
4960
4961
4962
4963
4964
4979
21364
4980
21365
4981
21366
4982
21367
4983
4984
4985
4986
4987
4988
5004
5005
5006
5007
5008
5009
5010
5011
5012
5013
5250
5251
5252
5253
5254
5255
5256
5257
5258
5259
5268
5269
5270
5271
5272
5273
5274
5275
5276
5277
5287
5288
5289
5290
5291
5292
5293
5294
5295
5296
5307
5308
5309
5310
5311
5312
5313
5314
5315
5316
5328
5329
5330
5331
5332
5333
5334
5335
5336
5337
5350
5351
5352
5353
5354
5355
5356
5357
5358
5359
5373
5374
5375
5376
5377
5378
5379
5380
5381
5382
5397
5398
5399
5400
5401
5402
5403
5404
5405
5406
21803
21804
21805
21806
5422
21807
5423
21808
5424
21809
5425
21810
5426
21811
5427
21812
5428
5429
5430
5431
5448
5449
5450
5451
5452
5453
5454
5455
5456
5457
21842
21843
21844
21845
21846
21847
21848
21849
21850
21851
21881
21882
21883
21884
21885
21886
21887
21888
21889
21890
21921
21922
21923
21924
21925
21926
21927
21928
21929
21961
21962
21963
21964
21965
21966
21967
21968
22001
22002
22003
22004
22005
22006
22007
22041
22042
22043
22044
22045
22046
22081
22082
22083
22084
22085
5705
5706
5707
5708
5709
5710
5711
5712
5713
5714
5724
5725
5726
5727
5728
5729
5730
5731
5732
5733
22121
22122
22123
22124
5744
5745
5746
5747
5748
5749
5750
5751
5752
5753
5765
5766
5767
5768
5769
5770
5771
5772
5773
5774
22161
22162
22163
5787
5788
5789
5790
5791
5792
5793
5794
5795
5796
5810
5811
5812
5813
5814
5815
5816
5817
5818
5819
5834
5835
5836
5837
5838
5839
5840
5841
5842
5843
5859
5860
5861
5862
5863
5864
5865
5866
5867
5868
5885
5886
5887
5888
5889
5890
5891
5892
5893
5894
5912
5913
5914
5915
5916
5917
5918
5919
5920
5921
6180
6181
6182
6183
6184
6185
6186
6187
6188
6189
6200
6201
6202
6203
6204
6205
6206
6207
6208
6209
22601
22602
22603
22604
22605
6221
22606
6222
22607
6223
22608
6224
22609
6225
22610
6226
6227
6228
6229
6230
6243
6244
6245
6246
6247
6248
6249
6250
6251
6252
22640
22641
22642
22643
22644
22645
22646
22647
22648
22649
6266
6267
6268
6269
6270
6271
6272
6273
6274
6275
6290
6291
6292
6293
6294
6295
22680
6296
22681
6297
22682
6298
22683
6299
22684
22685
22686
22687
22688
6315
6316
6317
6318
6319
6320
6321
6322
6323
6324
22720
22721
22722
22723
22724
22725
6341
22726
6342
22727
6343
6344
6345
6346
6347
6348
6349
6350
6368
6369
6370
6371
6372
6373
6374
6375
22760
6376
22761
6377
22762
22763
22764
22765
22766
6396
6397
6398
6399
6400
6401
6402
6403
6404
6405
22800
22801
22802
22803
22804
22805
22840
22841
22842
22843
22844
22880
22881
22882
22883
22920
22921
22922
22960
22961
6675
6676
6677
6678
6679
6680
6681
6682
6683
6684
6696
6697
6698
6699
6700
6701
6702
6703
6704
6705
6718
6719
6720
6721
6722
6723
6724
6725
6726
6727
6741
6742
6743
6744
6745
6746
6747
6748
6749
6750
6765
6766
6767
6768
6769
6770
6771
6772
6773
6774
6790
6791
6792
6793
6794
6795
6796
6797
6798
6799
6816
6817
6818
6819
6820
6821
6822
6823
6824
6825
6843
6844
6845
6846
6847
6848
6849
6850
6851
6852
6871
6872
6873
6874
6875
6876
6877
6878
6879
6880
6900
6901
6902
6903
6904
6905
6906
6907
6908
6909
23400
23401
23402
23403
23404
23405
23406
23407
23408
23409
23440
23441
23442
23443
23444
23445
23446
23447
23448
23480
23481
23482
23483
23484
23485
23486
23487
23520
23521
23522
23523
23524
23525
23526
23560
23561
23562
23563
23564
23565
7190
7191
7192
7193
7194
7195
7196
7197
7198
7199
7212
7213
7214
7215
23600
7216
23601
7217
23602
7218
23603
7219
23604
7220
7221
7235
7236
7237
7238
7239
7240
7241
7242
7243
7244
23640
23641
23642
23643
7259
7260
7261
7262
7263
7264
7265
7266
7267
7268
7284
7285
7286
7287
7288
7289
7290
7291
7292
7293
23680
23681
23682
7310
7311
7312
7313
7314
7315
7316
7317
7318
7319
23720
23721
7337
7338
7339
7340
7341
7342
7343
7344
7345
7346
7365
7366
7367
7368
7369
7370
7371
7372
7373
7374
23760
7394
7395
7396
7397
7398
7399
7400
7401
7402
7403
7424
7425
7426
7427
7428
7429
7430
7431
7432
7433
7725
7726
7727
7728
7729
7730
7731
7732
7733
7734
7748
7749
7750
7751
7752
7753
7754
7755
7756
7757
7772
7773
7774
7775
7776
7777
7778
7779
7780
7781
7797
7798
7799
7800
7801
7802
7803
7804
7805
7806
24200
24201
24202
24203
24204
24205
24206
24207
7823
24208
7824
7825
7826
7827
7828
7829
7830
7831
7832
7850
7851
7852
7853
7854
7855
24240
7856
24241
7857
24242
7858
24243
7859
24244
24245
24246
24247
7878
7879
7880
7881
7882
7883
7884
7885
7886
7887
24280
24281
24282
24283
24284
24285
24286
7907
7908
7909
7910
7911
7912
7913
7914
7915
7916
24320
24321
7937
24322
7938
24323
7939
24324
7940
24325
7941
7942
7943
7944
7945
7946
7968
7969
7970
7971
7972
7973
7974
7975
24360
7976
24361
7977
24362
24363
24364
24400
24401
24402
24403
24440
24441
24442
24480
24481
24520
8280
8281
8282
8283
8284
8285
8286
8287
8288
8289
8304
8305
8306
8307
8308
8309
8310
8311
8312
8313
8329
8330
8331
8332
8333
8334
8335
8336
8337
8338
8355
8356
8357
8358
8359
8360
8361
8362
8363
8364
8382
8383
8384
8385
8386
8387
8388
8389
8390
8391
8410
8411
8412
8413
8414
8415
8416
8417
8418
8419
8439
8440
8441
8442
8443
8444
8445
8446
8447
8448
8469
8470
8471
8472
8473
8474
8475
8476
8477
8478
8500
8501
8502
8503
8504
8505
8506
8507
8508
8509
8532
8533
8534
8535
8536
8537
8538
8539
8540
8541
25000
25001
25002
25003
25004
25005
25006
25007
25040
25041
25042
25043
25044
25045
25046
25080
25081
25082
25083
25084
25085
25120
25121
25122
25123
25124
25160
25161
25162
25163
25200
25201
25202
8855
25240
8856
25241
8857
8858
8859
8860
8861
8862
8863
8864
8880
8881
8882
8883
8884
8885
8886
8887
8888
8889
25280
8906
8907
8908
8909
8910
8911
8912
8913
8914
8915
8933
8934
8935
8936
8937
8938
8939
8940
8941
8942
8961
8962
8963
8964
8965
8966
8967
8968
8969
8970
8990
8991
8992
8993
8994
8995
8996
8997
8998
8999
9020
9021
9022
9023
9024
9025
9026
9027
9028
9029
9051
9052
9053
9054
9055
9056
9057
9058
9059
9060
9083
9084
9085
9086
9087
9088
9089
9090
9091
9092
9116
9117
9118
9119
9120
9121
9122
9123
9124
9125
25800
25801
25802
25803
25804
25805
25806
9450
9451
9452
9453
9454
9455
25840
9456
25841
9457
25842
9458
25843
9459
25844
25845
9476
9477
9478
9479
9480
9481
9482
9483
9484
9485
25880
25881
25882
25883
25884
9503
9504
9505
9506
9507
9508
9509
9510
9511
9512
9531
9532
9533
9534
9535
25920
9536
25921
9537
25922
9538
25923
9539
9540
9560
9561
9562
9563
9564
9565
9566
9567
9568
9569
25960
25961
25962
9590
9591
9592
9593
9594
9595
9596
9597
9598
9599
26000
26001
9621
9622
9623
9624
9625
9626
9627
9628
9629
9630
9653
9654
9655
26040
9656
9657
9658
9659
9660
9661
9662
9686
9687
9688
9689
9690
9691
9692
9693
9694
9695
9720
9721
9722
9723
9724
9725
9726
9727
9728
9729
10065
10066
10067
10068
10069
10070
10071
10072
10073
10074
10092
10093
10094
10095
10096
10097
10098
10099
10100
10101
10120
10121
10122
10123
10124
10125
10126
10127
10128
10129
10149
10150
10151
10152
10153
10154
10155
10156
10157
10158
10179
10180
10181
10182
10183
10184
10185
10186
10187
10188
10210
10211
10212
10213
10214
10215
26600
10216
26601
10217
26602
10218
26603
10219
26604
26605
10242
10243
10244
10245
10246
10247
10248
10249
10250
10251
26640
26641
26642
26643
26644
10275
10276
10277
10278
10279
10280
10281
10282
10283
10284
26680
26681
26682
26683
10309
10310
10311
10312
10313
10314
10315
10316
10317
10318
26720
26721
26722
10344
10345
10346
10347
10348
10349
10350
10351
10352
10353
26760
26761
26800
10699
10700
10701
10702
10703
10704
10705
10706
10707
10708
10727
10728
10729
10730
10731
10732
10733
10734
10735
10736
10756
10757
10758
10759
10760
10761
10762
10763
10764
10765
10786
10787
10788
10789
10790
10791
10792
10793
10794
10795
10817
10818
10819
10820
10821
10822
10823
10824
10825
10826
10849
10850
10851
10852
10853
10854
10855
10856
10857
10858
10882
10883
10884
10885
10886
10887
10888
10889
10890
10891
10916
10917
10918
10919
10920
10921
10922
10923
10924
10925
10951
10952
10953
10954
10955
10956
10957
10958
10959
10960
10987
10988
10989
10990
10991
10992
10993
10994
10995
10996
27400
27401
27402
27403
27404
27440
27441
27442
27443
27480
27481
27482
27520
27521
27560
11351
11352
11353
11354
11355
11356
11357
11358
11359
11360
11380
11381
11382
11383
11384
11385
11386
11387
11388
11389
11410
11411
11412
11413
11414
11415
11416
11417
11418
11419
11441
11442
11443
11444
11445
11446
11447
11448
11449
11450
11473
11474
11475
11476
11477
11478
11479
11480
11481
11482
11506
11507
11508
11509
11510
11511
11512
11513
11514
11515
11540
11541
11542
11543
11544
11545
11546
11547
11548
11549
11575
11576
11577
11578
11579
11580
11581
11582
11583
11584
11611
11612
11613
11614
11615
11616
11617
11618
11619
11620
11648
11649
11650
11651
11652
11653
11654
11655
11656
11657
28200
28201
28202
28203
28240
28241
28242
28280
28281
28320
12020
12021
12022
12023
12024
12025
12026
12027
12028
12029
12050
12051
12052
12053
12054
12055
12056
12057
12058
12059
12081
12082
12083
12084
12085
12086
12087
12088
12089
12090
12113
12114
12115
12116
12117
12118
12119
12120
12121
12122
12146
12147
12148
12149
12150
12151
12152
12153
12154
12155
12180
12181
12182
12183
12184
12185
12186
12187
12188
12189
12215
12216
12217
12218
12219
12220
12221
12222
12223
12224
12251
12252
12253
12254
12255
12256
12257
12258
12259
12260
12288
12289
12290
12291
12292
12293
12294
12295
12296
12297
12326
12327
12328
12329
12330
12331
12332
12333
12334
12335
29000
29001
29002
29040
29041
29080
12705
12706
12707
12708
12709
12710
12711
12712
12713
12714
12736
12737
12738
12739
12740
12741
12742
12743
12744
12745
12768
12769
12770
12771
12772
12773
12774
12775
12776
12777
12801
12802
12803
12804
12805
12806
12807
12808
12809
12810
12835
12836
12837
12838
12839
12840
12841
12842
12843
12844
12870
12871
12872
12873
12874
12875
12876
12877
12878
12879
12906
12907
12908
12909
12910
12911
12912
12913
12914
12915
12943
12944
12945
12946
12947
12948
12949
12950
12951
12952
12981
12982
12983
12984
12985
12986
12987
12988
12989
12990
13020
13021
13022
13023
13024
13025
13026
13027
13028
13029
13405
13406
13407
13408
13409
13410
13411
13412
13413
13414
29799
29800
13437
13438
13439
13440
13441
13442
13443
13444
13445
13446
29839
13470
13471
13472
13473
13474
13475
13476
13477
13478
13479
13504
13505
13506
13507
13508
13509
13510
13511
13512
13513
13539
13540
13541
13542
13543
13544
13545
13546
13547
13548
13575
13576
13577
13578
13579
13580
13581
13582
13583
13584
13612
13613
13614
13615
13616
13617
13618
13619
13620
13621
13650
13651
13652
13653
13654
13655
13656
13657
13658
13659
13689
13690
13691
13692
13693
13694
13695
13696
13697
13698
13728
13729
13730
13731
13732
13733
13734
13735
13736
13737
14119
14120
14121
14122
14123
14124
14125
14126
14127
14128
14152
14153
14154
14155
14156
14157
14158
14159
14160
14161
14186
14187
14188
14189
14190
14191
14192
14193
14194
14195
30596
14221
14222
14223
14224
14225
14226
14227
14228
14229
14230
14257
14258
14259
14260
14261
14262
14263
14264
14265
14266
14294
14295
14296
14297
14298
14299
14300
14301
14302
14303
14332
14333
14334
14335
14336
14337
14338
14339
14340
14341
14371
14372
14373
14374
14375
14376
14377
14378
14379
14380
14410
14411
14412
14413
14414
14415
14416
14417
14418
14419
14449
14450
14451
14452
14453
14454
14455
14456
14457
14458
14846
14847
14848
14849
14850
14851
14852
14853
14854
14855
14880
14881
14882
14883
14884
14885
14886
14887
14888
14889
14915
14916
14917
14918
14919
14920
14921
14922
14923
14924
14951
14952
14953
14954
14955
14956
14957
14958
14959
14960
14988
14989
14990
14991
14992
14993
14994
14995
14996
14997
15026
15027
15028
15029
15030
15031
15032
15033
15034
15035
15065
15066
15067
15068
15069
15070
15071
15072
15073
15074
15104
15105
15106
15107
15108
15109
15110
15111
15112
15113
15143
15144
15145
15146
15147
15148
15149
15150
15151
15152
15182
15183
15184
15185
15186
15187
15188
15189
15190
15191
15585
15586
15587
15588
15589
15590
15591
15592
15593
15594
15620
15621
15622
15623
15624
15625
15626
15627
15628
15629
15656
15657
15658
15659
15660
15661
15662
15663
15664
15665
15693
15694
15695
15696
15697
15698
15699
15700
15701
15702
15731
15732
15733
15734
15735
15736
15737
15738
15739
15740
15770
15771
15772
15773
15774
15775
15776
15777
15778
15779
15809
15810
15811
15812
15813
15814
15815
15816
15817
15818
15848
15849
15850
15851
15852
15853
15854
15855
15856
15857
15887
15888
15889
15890
15891
15892
15893
15894
15895
15896
15926
15927
15928
15929
15930
15931
15932
15933
15934
15935
16335
16336
16337
16338
16339
16340
16341
16342
16343
16344
16371
16372
16373
16374
16375
16376
16377
16378
16379
16380
)


// ************************************************************************* //
