/*--------------------------------*- C++ -*----------------------------------*\
| =========                 |                                                 |
| \\      /  F ield         | OpenFOAM: The Open Source CFD Toolbox           |
|  \\    /   O peration     | Version:  2306                                  |
|   \\  /    A nd           | Website:  www.openfoam.com                      |
|    \\/     M anipulation  |                                                 |
\*---------------------------------------------------------------------------*/
FoamFile
{
    version     2.0;
    format      ascii;
    arch        "LSB;label=32;scalar=64";
    class       volScalarField;
    location    "1.5/air";
    object      j;
}
// * * * * * * * * * * * * * * * * * * * * * * * * * * * * * * * * * * * * * //

dimensions      [0 -3 0 0 0 1 0];

internalField   nonuniform List<scalar> 
16000
(
0
0
0
0
0
0
0
0
0
0
0
0
0
0
0
0
0
0
0
0
0
0
0
0
0
0
0
0
0
0
0
0
0
0
0
0
0
0
0
0
0
0
0
0
0
0
0
0
0
0
0
0
0
0
0
0
0
0
0
0
0
0
0
0
0
0
0
0
0
0
0
0
0
0
0
0
0
0
0
0
0
0
0
0
0
0
0
0
0
0
0
0
0
0
0
0
0
0
0
0
0
0
0
0
0
0
0
0
0
0
0
0
0
0
0
0
0
0
0
0
0
0
0
0
0
0
0
0
0
0
0
0
0
0
0
0
0
0
0
0
0
0
0
0
0
0
0
0
0
0
0
0
0
0
0
0
0
0
0
0
0
0
0
0
0
0
0
0
0
0
0
0
0
0
0
0
0
0
0
0
0
0
0
0
0
0
0
0
0
0
0
0
0
0
0
0
0
0
0
0
0
0
0
0
0
0
0
0
0
0
0
0
0
0
0
0
0
0
0
0
0
0
0
0
0
0
0
0
0
0
0
0
0
0
0
0
0
0
0
0
0
0
0
0
0
0
0
0
0
0
0
0
0
0
0
0
0
0
0
0
0
0
0
0
0
0
0
0
0
0
0
0
0
0
0
0
0
0
0
0
0
0
0
0
0
0
0
0
0
0
0
0
0
0
0
0
0
0
0
0
0
0
0
0
0
0
0
0
0
0
0
0
0
0
0
0
0
0
0
0
0
0
0
0
0
0
0
0
0
0
0
0
0
0
0
0
0
0
0
0
0
0
0
0
0
0
0
0
0
0
0
0
0
0
0
0
0
0
0
0
0
0
0
0
0
0
0
0
0
0
0
0
0
0
0
0
0
0
0
0
0
0
0
0
0
0
0
0
0
0
0
0
0
0
0
0
0
0
0
0
0
0
0
0
0
0
0
0
0
0
0
0
0
0
0
0
0
0
0
0
0
0
0
0
0
0
0
0
0
0
0
0
0
0
0
0
0
0
0
0
0
0
0
0
0
0
0
0
0
0
0
0
0
0
0
0
0
0
0
0
0
0
0
0
0
0
0
0
0
0
0
0
0
0
0
0
0
0
0
0
0
0
0
0
0
0
0
0
0
0
0
0
0
0
0
0
0
0
0
0
0
0
0
0
0
0
0
0
0
0
0
0
0
0
0
0
0
0
0
0
0
0
0
0
0
0
0
0
0
0
0
0
0
0
0
0
0
0
0
0
0
0
0
0
0
0
0
0
0
0
0
0
0
0
0
0
0
0
0
0
0
0
0
0
0
0
0
0
0
0
0
0
0
0
0
0
0
0
0
0
0
0
0
0
0
0
0
0
0
0
0
0
0
0
0
0
0
0
0
0
0
0
0
0
0
0
0
0
0
0
0
0
0
0
0
0
0
0
0
0
0
0
0
0
0
0
0
0
0
0
0
0
0
0
0
0
0
0
0
0
0
0
0
0
0
0
0
0
0
0
0
0
0
0
0
0
0
0
0
0
0
0
0
0
0
0
0
0
0
0
0
0
0
0
0
0
0
0
0
0
0
0
0
0
0
0
0
0
0
0
0
0
0
0
0
0
0
0
0
0
0
0
0
0
0
0
0
0
0
0
0
0
0
0
0
0
0
0
0
0
0
0
0
0
0
0
0
0
0
0
0
0
0
0
0
0
0
0
0
0
0
0
0
0
0
0
0
0
0
0
0
0
0
0
0
0
0
0
0
0
0
0
0
0
0
0
0
0
0
0
0
0
0
0
0
0
0
0
0
0
0
0
0
0
0
0
0
0
0
0
0
0
0
0
0
0
0
0
0
0
0
0
0
0
0
0
0
0
0
0
0
0
0
0
0
0
0
0
0
0
0
0
0
0
0
0
0
0
0
0
0
0
0
0
0
0
0
0
0
0
0
0
0
0
0
0
0
0
0
0
0
0
0
0
0
0
0
0
0
0
0
0
0
0
0
0
0
0
0
0
0
0
0
0
0
0
0
0
0
0
0
0
0
0
0
0
0
0
0
0
0
0
0
0
0
0
0
0
0
0
0
0
0
0
0
0
0
0
0
0
0
0
0
0
0
0
0
0
0
0
0
0
0
0
0
0
0
0
0
0
0
0
0
0
0
0
0
0
0
0
0
0
0
0
0
0
0
0
0
0
0
0
0
0
0
0
0
0
0
0
0
0
0
0
0
0
0
0
0
0
0
0
0
0
0
0
0
0
0
0
0
0
0
0
0
0
0
0
0
8.265775e+08
0
0
0
0
0
0
0
0
0
0
0
0
0
0
0
0
0
0
0
0
0
0
0
0
0
0
0
0
0
0
0
0
0
0
0
0
0
0
0
0
0
0
0
0
0
0
0
0
0
0
0
0
0
0
0
0
0
0
0
0
0
0
0
0
0
0
0
0
0
0
0
0
0
0
0
0
0
0
0
0
0
0
0
0
0
0
0
0
0
0
0
0
0
0
0
0
0
0
0
0
0
0
0
0
0
0
0
0
0
0
0
0
0
0
0
0
0
0
0
0
0
0
0
0
0
0
0
0
0
0
0
0
0
0
0
0
0
0
0
0
0
0
0
0
0
0
0
0
0
0
0
0
0
0
0
0
0
0
0
0
0
0
8.337306e+08
0
0
0
0
0
0
0
0
0
0
7.571063e+08
8.322422e+08
0
0
0
0
0
0
0
0
0
0
0
0
0
0
0
0
0
0
0
0
0
0
0
0
0
0
0
0
0
0
0
0
0
0
0
0
0
0
0
0
0
0
0
0
0
0
0
0
0
0
0
0
0
0
0
0
0
0
0
0
0
0
0
0
0
0
0
0
0
0
0
0
0
0
0
0
0
0
0
0
0
0
0
0
0
0
0
0
0
0
0
0
0
0
0
0
0
0
0
0
0
0
0
0
0
0
0
0
0
0
0
0
0
0
0
0
0
0
0
0
0
0
0
0
0
0
0
0
0
0
0
0
0
0
0
0
0
0
0
0
0
0
0
0
0
0
0
0
0
0
0
0
0
0
0
0
0
0
0
0
0
0
0
0
8.481242e+08
0
0
0
0
0
0
0
0
0
0
7.617499e+08
8.395084e+08
0
0
0
0
0
0
0
0
0
0
6.982825e+08
7.62061e+08
8.474753e+08
0
0
0
0
0
0
0
0
0
0
0
0
0
0
0
0
0
0
0
0
0
0
0
0
0
0
0
0
0
0
0
0
0
0
0
0
0
0
0
0
0
0
0
0
0
0
0
0
0
0
0
0
0
0
0
0
0
0
0
0
0
0
0
0
0
0
0
0
0
0
0
0
0
0
0
0
0
0
0
0
0
0
0
0
0
0
0
0
0
0
0
0
0
0
0
0
0
0
0
0
0
0
0
0
0
0
0
0
0
0
0
0
0
0
0
0
0
0
0
0
0
0
0
0
0
0
0
0
0
0
0
0
0
0
0
0
0
0
0
0
0
0
0
0
0
0
0
0
0
0
0
0
0
0
0
0
0
0
0
0
0
0
0
0
0
8.696681e+08
0
0
0
0
0
0
0
0
0
0
7.708577e+08
8.54127e+08
0
0
0
0
0
0
0
0
0
0
7.018423e+08
7.66781e+08
8.550148e+08
0
0
0
0
0
0
0
0
0
0
6.510725e+08
7.027058e+08
7.7525e+08
8.727267e+08
0
0
0
0
0
0
0
0
0
0
0
0
0
0
0
0
0
0
0
0
0
0
0
0
0
0
0
0
0
0
0
0
0
0
0
0
0
0
0
0
0
0
0
0
0
0
0
0
0
0
0
0
0
0
0
0
0
0
0
0
0
0
0
0
0
0
0
0
0
0
0
0
0
0
0
0
0
0
0
0
0
0
0
0
0
0
0
0
0
0
0
0
0
0
0
0
0
0
0
0
0
0
0
0
0
0
0
0
0
0
0
0
0
0
0
0
0
0
0
0
0
0
0
0
0
0
0
0
0
0
0
0
0
0
0
0
0
0
0
0
0
0
0
0
0
0
0
0
0
0
0
0
0
0
0
0
0
0
0
0
0
0
0
0
0
8.974129e+08
0
0
0
0
0
0
0
0
0
0
7.83826e+08
8.75994e+08
0
0
0
0
0
0
0
0
0
0
7.087508e+08
7.760412e+08
8.701858e+08
0
0
0
0
0
0
0
0
0
0
6.540006e+08
7.063241e+08
7.801466e+08
8.807127e+08
0
0
0
0
0
0
0
0
0
0
6.117956e+08
6.550979e+08
7.143302e+08
7.970205e+08
9.089249e+08
0
0
0
0
0
0
0
0
0
0
0
0
0
0
0
0
0
0
0
0
0
0
0
0
0
0
0
0
0
0
0
0
0
0
0
0
0
0
0
0
0
0
0
0
0
0
0
0
0
0
0
0
0
0
0
0
0
0
0
0
0
0
0
0
0
0
0
0
0
0
0
0
0
0
0
0
0
0
0
0
0
0
0
0
0
0
0
0
0
0
0
0
0
0
0
0
0
0
0
0
0
0
0
0
0
0
0
0
0
0
0
0
0
0
0
0
0
0
0
0
0
0
0
0
0
0
0
0
0
0
0
0
0
0
0
0
0
0
0
0
0
0
0
0
0
0
0
0
0
0
0
0
0
0
0
0
0
0
0
0
0
0
0
0
0
9.275708e+08
0
0
0
0
0
0
0
0
0
0
7.991532e+08
9.041e+08
0
0
0
0
0
0
0
0
0
0
7.183783e+08
7.892346e+08
8.928776e+08
0
0
0
0
0
0
0
0
0
0
6.596503e+08
7.13349e+08
7.897587e+08
8.967895e+08
0
0
0
0
0
0
0
0
0
0
6.142948e+08
6.580736e+08
7.180813e+08
8.022014e+08
9.175553e+08
0
0
0
0
0
0
0
0
0
0
5.78013e+08
6.155031e+08
6.655508e+08
7.334306e+08
8.280971e+08
0
0
0
0
0
0
0
0
0
0
0
0
0
0
0
0
0
0
0
0
0
0
0
0
0
0
0
0
0
0
0
0
0
0
0
0
0
0
0
0
0
0
0
0
0
0
0
0
0
0
0
0
0
0
0
0
0
0
0
0
0
0
0
0
0
0
0
0
0
0
0
0
0
0
0
0
0
0
0
0
0
0
0
0
0
0
0
0
0
0
0
0
0
0
0
0
0
0
0
0
0
0
0
0
0
0
0
0
0
0
0
0
0
0
0
0
0
0
0
0
0
0
0
0
0
0
0
0
0
0
0
0
0
0
0
0
0
0
0
0
0
0
0
0
0
0
0
0
0
0
0
0
0
0
0
9.515896e+08
0
0
0
0
0
0
0
0
0
0
0
0
0
0
0
0
0
0
0
0
8.137162e+08
9.34517e+08
0
0
0
0
0
0
0
0
0
0
7.293086e+08
8.048472e+08
9.220128e+08
0
0
0
0
0
0
0
0
0
0
6.674313e+08
7.231491e+08
8.034683e+08
9.208483e+08
0
0
0
0
0
0
0
0
0
0
6.191001e+08
6.638177e+08
7.253691e+08
8.123791e+08
9.349424e+08
0
0
0
0
0
0
0
0
0
0
5.801946e+08
6.180422e+08
6.686334e+08
7.373938e+08
8.336834e+08
0
0
0
0
0
0
0
0
0
0
5.483634e+08
5.814529e+08
6.250289e+08
6.826562e+08
7.605866e+08
0
0
0
0
0
0
0
0
0
0
0
0
0
0
0
0
0
0
0
0
0
0
0
0
0
0
0
0
0
0
0
0
0
0
0
0
0
0
0
0
0
0
0
0
0
0
0
0
0
0
0
0
0
0
0
0
0
0
0
0
0
0
0
0
0
0
0
0
0
0
0
0
0
0
0
0
0
0
0
0
0
0
0
0
0
0
0
0
0
0
0
0
0
0
0
0
0
0
0
0
0
0
0
0
0
0
0
0
0
0
0
0
0
0
0
0
0
0
0
0
0
0
0
0
0
0
0
0
0
0
0
0
0
0
0
0
0
0
0
0
0
0
0
0
0
9.677695e+08
0
0
0
0
0
0
0
0
0
0
0
0
0
0
0
0
0
0
0
0
8.237441e+08
9.586524e+08
0
0
0
0
0
0
0
0
0
0
0
0
0
0
0
0
0
0
0
0
7.38932e+08
8.197151e+08
9.534431e+08
0
0
0
0
0
0
0
0
0
0
6.760682e+08
7.343042e+08
8.197235e+08
9.517341e+08
0
0
0
0
0
0
0
0
0
0
6.256713e+08
6.717385e+08
7.355516e+08
8.269172e+08
9.609894e+08
0
0
0
0
0
0
0
0
0
0
5.843797e+08
6.229268e+08
6.745885e+08
7.451004e+08
8.446682e+08
0
0
0
0
0
0
0
0
0
0
5.502988e+08
5.836689e+08
6.276575e+08
6.859088e+08
7.648501e+08
0
0
0
0
0
0
0
0
0
0
5.219314e+08
5.515725e+08
5.90211e+08
6.405619e+08
7.068931e+08
0
0
0
0
0
0
0
0
0
0
0
0
0
0
0
0
0
0
0
0
0
0
0
0
0
0
0
0
0
0
0
0
0
0
0
0
0
0
0
0
0
0
0
0
0
0
0
0
0
0
0
0
0
0
0
0
0
0
0
0
0
0
0
0
0
0
0
0
0
0
0
0
0
0
0
0
0
0
0
0
0
0
0
0
0
0
0
0
0
0
0
0
0
0
0
0
0
0
0
0
0
0
0
0
0
0
0
0
0
0
0
0
0
0
0
0
0
0
0
0
0
0
0
0
0
0
0
0
0
0
0
0
0
0
0
9.773695e+08
0
0
0
0
0
0
0
0
0
0
0
0
0
0
0
0
0
0
0
0
8.296991e+08
9.748424e+08
0
0
0
0
0
0
0
0
0
0
0
0
0
0
0
0
0
0
0
0
7.447298e+08
8.299592e+08
9.78306e+08
0
0
0
0
0
0
0
0
0
0
0
0
0
0
0
0
0
0
0
0
6.833313e+08
7.441859e+08
8.352516e+08
9.84988e+08
0
0
0
0
0
0
0
0
0
0
6.328674e+08
6.805587e+08
7.471805e+08
8.44199e+08
9.944531e+08
0
0
0
0
0
0
0
0
0
0
5.900764e+08
6.296149e+08
6.828144e+08
7.558888e+08
8.603882e+08
0
0
0
0
0
0
0
0
0
0
5.540058e+08
5.879219e+08
6.32718e+08
6.921981e+08
7.731496e+08
0
0
0
0
0
0
0
0
0
0
5.236684e+08
5.53538e+08
5.925035e+08
6.433322e+08
7.103853e+08
0
0
0
0
0
0
0
0
0
0
4.981163e+08
5.249377e+08
5.596784e+08
6.04448e+08
6.625074e+08
0
0
0
0
0
0
0
0
0
0
0
0
0
0
0
0
0
0
0
0
0
0
0
0
0
0
0
0
0
0
0
0
0
0
0
0
0
0
0
0
0
0
0
0
0
0
0
0
0
0
0
0
0
0
0
0
0
0
0
0
0
0
0
0
0
0
0
0
0
0
0
0
0
0
0
0
0
0
0
0
0
0
0
0
0
0
0
0
0
0
0
0
0
0
0
0
0
0
0
0
0
0
0
0
0
0
0
0
0
0
0
0
0
0
0
0
0
0
0
0
0
0
0
0
0
9.817928e+08
0
0
0
0
0
0
0
0
0
0
0
0
0
0
0
0
0
0
0
0
8.329227e+08
9.844123e+08
0
0
0
0
0
0
0
0
0
0
0
0
0
0
0
0
0
0
0
0
7.475792e+08
8.360209e+08
9.949248e+08
0
0
0
0
0
0
0
0
0
0
0
0
0
0
0
0
0
0
0
0
6.872877e+08
7.501828e+08
8.459631e+08
1.011232e+09
0
0
0
0
0
0
0
0
0
0
0
0
0
0
0
0
0
0
0
0
6.387496e+08
6.880378e+08
7.575545e+08
8.607708e+08
1.030458e+09
0
0
0
0
0
0
0
0
0
0
5.962606e+08
6.36964e+08
6.920112e+08
7.682579e+08
8.791322e+08
0
0
0
0
0
0
0
0
0
0
5.590357e+08
5.937184e+08
6.396597e+08
7.009045e+08
7.847941e+08
0
0
0
0
0
0
0
0
0
0
5.269915e+08
5.573041e+08
5.969069e+08
6.486706e+08
7.171455e+08
0
0
0
0
0
0
0
0
0
0
4.996896e+08
5.267012e+08
5.617105e+08
6.068615e+08
6.654767e+08
0
0
0
0
0
0
0
0
0
0
4.764699e+08
5.009422e+08
5.324784e+08
5.728196e+08
6.245124e+08
0
0
0
0
0
0
0
0
0
0
0
0
0
0
0
0
0
0
0
0
0
0
0
0
0
0
0
0
0
0
0
0
0
0
0
0
0
0
0
0
0
0
0
0
0
0
0
0
0
0
0
0
0
0
0
0
0
0
0
0
0
0
0
0
0
0
0
0
0
0
0
0
0
0
0
0
0
0
0
0
0
0
0
0
0
0
0
0
0
0
0
0
0
0
0
0
0
0
0
0
0
0
0
0
0
0
0
0
0
0
0
0
0
0
9.817928e+08
0
0
0
0
0
0
0
0
0
0
0
0
0
0
0
0
0
0
0
0
8.34331e+08
9.888104e+08
0
0
0
0
0
0
0
0
0
0
0
0
0
0
0
0
0
0
0
0
7.488045e+08
8.392831e+08
1.004717e+09
0
0
0
0
0
0
0
0
0
0
0
0
0
0
0
0
0
0
0
0
6.888841e+08
7.531457e+08
8.522855e+08
1.028725e+09
0
0
0
0
0
0
0
0
0
0
0
0
0
0
0
0
0
0
0
0
6.417255e+08
6.921661e+08
7.639008e+08
8.722206e+08
1.05883e+09
0
0
0
0
0
0
0
0
0
0
0
0
0
0
0
0
0
0
0
0
6.012226e+08
6.430278e+08
6.998828e+08
7.793759e+08
8.971839e+08
0
0
0
0
0
0
0
0
0
0
5.644639e+08
6.000326e+08
6.473204e+08
7.106835e+08
7.982021e+08
0
0
0
0
0
0
0
0
0
0
5.314901e+08
5.624205e+08
6.029192e+08
6.560101e+08
7.265268e+08
0
0
0
0
0
0
0
0
0
0
5.026966e+08
5.300764e+08
5.656073e+08
6.115017e+08
6.712052e+08
0
0
0
0
0
0
0
0
0
0
4.77905e+08
5.02539e+08
5.343007e+08
5.749568e+08
6.270954e+08
0
0
0
0
0
0
0
0
0
0
4.566638e+08
4.791338e+08
5.07987e+08
5.446744e+08
5.912994e+08
0
0
0
0
0
0
0
0
0
0
0
0
0
0
0
0
0
0
0
0
0
0
0
0
0
0
0
0
0
0
0
0
0
0
0
0
0
0
0
0
0
0
0
0
0
0
0
0
0
0
0
0
0
0
0
0
0
0
0
0
0
0
0
0
0
0
0
0
0
0
0
0
0
0
0
0
0
0
0
0
0
0
0
0
0
0
0
0
0
0
0
0
0
0
0
0
0
0
0
0
0
0
9.773695e+08
0
0
0
0
0
0
0
0
0
0
0
0
0
0
0
0
0
0
0
0
8.34331e+08
9.888104e+08
0
0
0
0
0
0
0
0
0
0
0
0
0
0
0
0
0
0
0
0
7.492375e+08
8.407005e+08
1.009208e+09
0
0
0
0
0
0
0
0
0
0
0
0
0
0
0
0
0
0
0
0
6.893431e+08
7.544241e+08
8.556722e+08
1.039008e+09
0
0
0
0
0
0
0
0
0
0
0
0
0
0
0
0
0
0
0
0
6.427186e+08
6.938652e+08
7.670587e+08
8.789684e+08
1.077704e+09
0
0
0
0
0
0
0
0
0
0
0
0
0
0
0
0
0
0
0
0
6.035975e+08
6.461505e+08
7.0429e+08
7.862337e+08
9.096797e+08
0
0
0
0
0
0
0
0
0
0
0
0
0
0
0
0
0
0
0
0
5.687644e+08
6.051489e+08
6.537087e+08
7.191364e+08
8.103479e+08
0
0
0
0
0
0
0
0
0
0
5.36324e+08
5.679608e+08
6.094978e+08
6.641503e+08
7.371166e+08
0
0
0
0
0
0
0
0
0
0
5.0676e+08
5.346508e+08
5.709109e+08
6.178522e+08
6.791013e+08
0
0
0
0
0
0
0
0
0
0
4.806459e+08
5.055923e+08
5.377909e+08
5.790591e+08
6.320671e+08
0
0
0
0
0
0
0
0
0
0
4.579806e+08
4.8059e+08
5.096362e+08
5.465892e+08
5.935835e+08
0
0
0
0
0
0
0
0
0
0
4.384403e+08
4.591812e+08
4.857387e+08
5.193568e+08
5.61792e+08
0
0
0
0
0
0
0
0
0
0
0
0
0
0
0
0
0
0
0
0
0
0
0
0
0
0
0
0
0
0
0
0
0
0
0
0
0
0
0
0
0
0
0
0
0
0
0
0
0
0
0
0
0
0
0
0
0
0
0
0
0
0
0
0
0
0
0
0
0
0
0
0
0
0
0
0
0
0
0
0
0
0
0
0
0
0
0
0
0
9.677695e+08
0
0
0
0
0
0
0
0
0
0
0
0
0
0
0
0
0
0
0
0
8.329227e+08
9.844123e+08
0
0
0
0
0
0
0
0
0
0
0
0
0
0
0
0
0
0
0
0
7.492375e+08
8.407005e+08
1.009208e+09
0
0
0
0
0
0
0
0
0
0
0
0
0
0
0
0
0
0
0
0
6.894122e+08
7.548768e+08
8.571374e+08
1.043716e+09
0
0
0
0
0
0
0
0
0
0
0
0
0
0
0
0
0
0
0
0
6.428396e+08
6.943757e+08
7.684307e+08
8.825708e+08
1.088781e+09
0
0
0
0
0
0
0
0
0
0
0
0
0
0
0
0
0
0
0
0
6.042582e+08
6.472329e+08
7.061453e+08
7.896745e+08
9.170389e+08
0
0
0
0
0
0
0
0
0
0
0
0
0
0
0
0
0
0
0
0
5.707361e+08
6.076495e+08
6.57062e+08
7.23938e+08
8.179003e+08
0
0
0
0
0
0
0
0
0
0
0
0
0
0
0
0
0
0
0
0
5.401182e+08
5.723939e+08
6.148885e+08
6.71015e+08
7.463623e+08
0
0
0
0
0
0
0
0
0
0
5.111122e+08
5.395825e+08
5.766794e+08
6.248365e+08
6.879062e+08
0
0
0
0
0
0
0
0
0
0
4.843445e+08
5.09723e+08
5.425297e+08
5.846555e+08
6.388893e+08
0
0
0
0
0
0
0
0
0
0
4.604939e+08
4.833723e+08
5.127917e+08
5.5026e+08
5.979729e+08
0
0
0
0
0
0
0
0
0
0
4.396545e+08
4.605171e+08
4.872418e+08
5.210881e+08
5.638358e+08
0
0
0
0
0
0
0
0
0
0
4.215966e+08
4.408245e+08
4.653926e+08
4.963782e+08
5.352874e+08
0
0
0
0
0
0
0
0
0
0
0
0
0
0
0
0
0
0
0
0
0
0
0
0
0
0
0
0
0
0
0
0
0
0
0
0
0
0
0
0
0
0
0
0
0
0
0
0
0
0
0
0
0
0
0
0
0
0
0
0
0
0
0
0
0
0
0
0
0
0
0
0
0
0
0
9.515896e+08
0
0
0
0
0
0
0
0
0
0
0
0
0
0
0
0
0
0
0
0
8.296991e+08
9.748424e+08
0
0
0
0
0
0
0
0
0
0
0
0
0
0
0
0
0
0
0
0
7.488045e+08
8.392831e+08
1.004717e+09
0
0
0
0
0
0
0
0
0
0
0
0
0
0
0
0
0
0
0
0
6.894122e+08
7.548768e+08
8.571374e+08
1.043716e+09
0
0
0
0
0
0
0
0
0
0
0
0
0
0
0
0
0
0
0
0
6.427575e+08
6.944654e+08
7.689195e+08
8.841243e+08
1.093847e+09
0
0
0
0
0
0
0
0
0
0
0
0
0
0
0
0
0
0
0
0
6.042134e+08
6.473998e+08
7.067313e+08
7.911834e+08
9.209592e+08
0
0
0
0
0
0
0
0
0
0
0
0
0
0
0
0
0
0
0
0
5.711963e+08
6.083872e+08
6.582735e+08
7.260074e+08
8.21723e+08
0
0
0
0
0
0
0
0
0
0
0
0
0
0
0
0
0
0
0
0
5.417978e+08
5.744741e+08
6.175839e+08
6.746889e+08
7.516877e+08
0
0
0
0
0
0
0
0
0
0
0
0
0
0
0
0
0
0
0
0
5.145038e+08
5.434917e+08
5.813486e+08
6.306288e+08
6.954161e+08
0
0
0
0
0
0
0
0
0
0
4.882957e+08
5.141613e+08
5.476612e+08
5.907743e+08
6.464347e+08
0
0
0
0
0
0
0
0
0
0
4.638816e+08
4.87131e+08
5.170682e+08
5.552558e+08
6.039769e+08
0
0
0
0
0
0
0
0
0
0
4.419706e+08
4.630678e+08
4.901157e+08
5.244042e+08
5.677585e+08
0
0
0
0
0
0
0
0
0
0
4.227209e+08
4.420561e+08
4.667709e+08
4.97955e+08
5.371333e+08
0
0
0
0
0
0
0
0
0
0
4.059675e+08
4.238591e+08
4.466816e+08
4.753812e+08
5.112627e+08
0
0
0
0
0
0
0
0
0
0
0
0
0
0
0
0
0
0
0
0
0
0
0
0
0
0
0
0
0
0
0
0
0
0
0
0
0
0
0
0
0
0
0
0
0
0
0
0
0
0
0
0
0
0
0
0
0
0
0
0
9.275708e+08
0
0
0
0
0
0
0
0
0
0
0
0
0
0
0
0
0
0
0
0
8.237441e+08
9.586524e+08
0
0
0
0
0
0
0
0
0
0
0
0
0
0
0
0
0
0
0
0
7.475792e+08
8.360209e+08
9.949248e+08
0
0
0
0
0
0
0
0
0
0
0
0
0
0
0
0
0
0
0
0
6.893431e+08
7.544241e+08
8.556722e+08
1.039008e+09
0
0
0
0
0
0
0
0
0
0
0
0
0
0
0
0
0
0
0
0
6.427575e+08
6.944654e+08
7.689195e+08
8.841243e+08
1.093847e+09
0
0
0
0
0
0
0
0
0
0
0
0
0
0
0
0
0
0
0
0
6.040636e+08
6.473365e+08
7.068504e+08
7.917258e+08
9.226458e+08
0
0
0
0
0
0
0
0
0
0
0
0
0
0
0
0
0
0
0
0
5.710645e+08
6.083824e+08
6.585028e+08
7.266943e+08
8.234168e+08
0
0
0
0
0
0
0
0
0
0
0
0
0
0
0
0
0
0
0
0
5.42126e+08
5.750009e+08
6.184306e+08
6.760725e+08
7.540356e+08
0
0
0
0
0
0
0
0
0
0
0
0
0
0
0
0
0
0
0
0
5.159615e+08
5.45266e+08
5.835965e+08
6.335931e+08
6.99511e+08
0
0
0
0
0
0
0
0
0
0
0
0
0
0
0
0
0
0
0
0
4.913569e+08
5.176537e+08
5.517763e+08
5.957889e+08
6.527689e+08
0
0
0
0
0
0
0
0
0
0
4.67493e+08
4.911586e+08
5.216833e+08
5.606939e+08
6.105791e+08
0
0
0
0
0
0
0
0
0
0
4.450897e+08
4.665094e+08
4.940049e+08
5.289086e+08
5.731115e+08
0
0
0
0
0
0
0
0
0
0
4.248644e+08
4.44406e+08
4.694041e+08
5.009726e+08
5.406727e+08
0
0
0
0
0
0
0
0
0
0
4.070124e+08
4.249992e+08
4.479516e+08
4.768259e+08
5.129419e+08
0
0
0
0
0
0
0
0
0
0
3.91418e+08
4.081184e+08
4.293953e+08
4.560859e+08
4.893357e+08
0
0
0
0
0
0
0
0
0
0
0
0
0
0
0
0
0
0
0
0
0
0
0
0
0
0
0
0
0
0
0
0
0
0
0
0
0
0
0
0
0
0
0
0
8.974129e+08
0
0
0
0
0
0
0
0
0
0
0
0
0
0
0
0
0
0
0
0
8.137162e+08
9.34517e+08
0
0
0
0
0
0
0
0
0
0
0
0
0
0
0
0
0
0
0
0
7.447298e+08
8.299592e+08
9.78306e+08
0
0
0
0
0
0
0
0
0
0
0
0
0
0
0
0
0
0
0
0
6.888841e+08
7.531457e+08
8.522855e+08
1.028725e+09
0
0
0
0
0
0
0
0
0
0
0
0
0
0
0
0
0
0
0
0
6.428396e+08
6.943757e+08
7.684307e+08
8.825708e+08
1.088781e+09
0
0
0
0
0
0
0
0
0
0
0
0
0
0
0
0
0
0
0
0
6.040636e+08
6.473365e+08
7.068504e+08
7.917258e+08
9.226458e+08
0
0
0
0
0
0
0
0
0
0
0
0
0
0
0
0
0
0
0
0
5.70884e+08
6.082491e+08
6.584638e+08
7.268522e+08
8.24032e+08
0
0
0
0
0
0
0
0
0
0
0
0
0
0
0
0
0
0
0
0
5.419458e+08
5.749039e+08
6.184784e+08
6.763821e+08
7.548521e+08
0
0
0
0
0
0
0
0
0
0
0
0
0
0
0
0
0
0
0
0
5.16198e+08
5.456523e+08
5.842169e+08
6.345833e+08
7.011145e+08
0
0
0
0
0
0
0
0
0
0
0
0
0
0
0
0
0
0
0
0
4.92639e+08
5.191946e+08
5.536966e+08
5.982673e+08
6.56084e+08
0
0
0
0
0
0
0
0
0
0
0
0
0
0
0
0
0
0
0
0
4.702773e+08
4.943089e+08
5.253572e+08
5.651104e+08
6.160589e+08
0
0
0
0
0
0
0
0
0
0
4.484088e+08
4.701892e+08
4.981902e+08
5.33795e+08
5.789721e+08
0
0
0
0
0
0
0
0
0
0
4.277487e+08
4.475739e+08
4.729634e+08
5.050656e+08
5.454935e+08
0
0
0
0
0
0
0
0
0
0
4.090034e+08
4.271735e+08
4.503765e+08
4.795888e+08
5.161593e+08
0
0
0
0
0
0
0
0
0
0
3.923922e+08
4.091777e+08
4.305704e+08
4.574161e+08
4.908727e+08
0
0
0
0
0
0
0
0
0
0
3.778347e+08
3.934662e+08
4.133625e+08
4.382717e+08
4.692073e+08
0
0
0
0
0
0
0
0
0
0
0
0
0
0
0
0
0
0
0
0
0
0
0
0
0
0
0
0
0
0
0
0
0
0
0
0
0
8.696681e+08
0
0
0
0
0
0
0
0
0
0
7.991532e+08
9.041e+08
0
0
0
0
0
0
0
0
0
0
0
0
0
0
0
0
0
0
0
0
7.38932e+08
8.197151e+08
9.534431e+08
0
0
0
0
0
0
0
0
0
0
0
0
0
0
0
0
0
0
0
0
6.872877e+08
7.501828e+08
8.459631e+08
1.011232e+09
0
0
0
0
0
0
0
0
0
0
0
0
0
0
0
0
0
0
0
0
6.427186e+08
6.938652e+08
7.670587e+08
8.789684e+08
1.077704e+09
0
0
0
0
0
0
0
0
0
0
0
0
0
0
0
0
0
0
0
0
6.042134e+08
6.473998e+08
7.067313e+08
7.911834e+08
9.209592e+08
0
0
0
0
0
0
0
0
0
0
0
0
0
0
0
0
0
0
0
0
5.70884e+08
6.082491e+08
6.584638e+08
7.268522e+08
8.24032e+08
0
0
0
0
0
0
0
0
0
0
0
0
0
0
0
0
0
0
0
0
5.417518e+08
5.747378e+08
6.183656e+08
6.763734e+08
7.55059e+08
0
0
0
0
0
0
0
0
0
0
0
0
0
0
0
0
0
0
0
0
5.159903e+08
5.455025e+08
5.84165e+08
6.346973e+08
7.015238e+08
0
0
0
0
0
0
0
0
0
0
0
0
0
0
0
0
0
0
0
0
4.928088e+08
5.194824e+08
5.541645e+08
5.990101e+08
6.572555e+08
0
0
0
0
0
0
0
0
0
0
0
0
0
0
0
0
0
0
0
0
4.714168e+08
4.956647e+08
5.270268e+08
5.672315e+08
6.18837e+08
0
0
0
0
0
0
0
0
0
0
0
0
0
0
0
0
0
0
0
0
4.509568e+08
4.730527e+08
5.015018e+08
5.377349e+08
5.837942e+08
0
0
0
0
0
0
0
0
0
0
4.308133e+08
4.509545e+08
4.767848e+08
5.094932e+08
5.507535e+08
0
0
0
0
0
0
0
0
0
0
4.116806e+08
4.301021e+08
4.536508e+08
4.833316e+08
5.20535e+08
0
0
0
0
0
0
0
0
0
0
3.942473e+08
4.111969e+08
4.32813e+08
4.599585e+08
4.938154e+08
0
0
0
0
0
0
0
0
0
0
3.787454e+08
3.944536e+08
4.14454e+08
4.395018e+08
4.706212e+08
0
0
0
0
0
0
0
0
0
0
3.651223e+08
3.797879e+08
3.984433e+08
4.217599e+08
4.506425e+08
0
0
0
0
0
0
0
0
0
0
0
0
0
0
0
0
0
0
0
0
0
0
0
0
0
0
0
0
0
8.481242e+08
0
0
0
0
0
0
0
0
0
0
7.83826e+08
8.75994e+08
0
0
0
0
0
0
0
0
0
0
7.293086e+08
8.048472e+08
9.220128e+08
0
0
0
0
0
0
0
0
0
0
0
0
0
0
0
0
0
0
0
0
6.833313e+08
7.441859e+08
8.352516e+08
9.84988e+08
0
0
0
0
0
0
0
0
0
0
0
0
0
0
0
0
0
0
0
0
6.417255e+08
6.921661e+08
7.639008e+08
8.722206e+08
1.05883e+09
0
0
0
0
0
0
0
0
0
0
0
0
0
0
0
0
0
0
0
0
6.042582e+08
6.472329e+08
7.061453e+08
7.896745e+08
9.170389e+08
0
0
0
0
0
0
0
0
0
0
0
0
0
0
0
0
0
0
0
0
5.710645e+08
6.083824e+08
6.585028e+08
7.266943e+08
8.234168e+08
0
0
0
0
0
0
0
0
0
0
0
0
0
0
0
0
0
0
0
0
5.417518e+08
5.747378e+08
6.183656e+08
6.763734e+08
7.55059e+08
0
0
0
0
0
0
0
0
0
0
0
0
0
0
0
0
0
0
0
0
5.157916e+08
5.45321e+08
5.840164e+08
6.346093e+08
7.015519e+08
0
0
0
0
0
0
0
0
0
0
0
0
0
0
0
0
0
0
0
0
4.925856e+08
5.193014e+08
5.540539e+08
5.990144e+08
6.574506e+08
0
0
0
0
0
0
0
0
0
0
0
0
0
0
0
0
0
0
0
0
4.715368e+08
4.958801e+08
5.273864e+08
5.678056e+08
6.197337e+08
0
0
0
0
0
0
0
0
0
0
0
0
0
0
0
0
0
0
0
0
4.519781e+08
4.74258e+08
5.029722e+08
5.395815e+08
5.861757e+08
0
0
0
0
0
0
0
0
0
0
0
0
0
0
0
0
0
0
0
0
4.331571e+08
4.535735e+08
4.797929e+08
5.130418e+08
5.550514e+08
0
0
0
0
0
0
0
0
0
0
4.145214e+08
4.332224e+08
4.571595e+08
4.873709e+08
5.25296e+08
0
0
0
0
0
0
0
0
0
0
3.967405e+08
4.139146e+08
4.358386e+08
4.633991e+08
4.978126e+08
0
0
0
0
0
0
0
0
0
0
3.804788e+08
3.963346e+08
4.165356e+08
4.418515e+08
4.733265e+08
0
0
0
0
0
0
0
0
0
0
3.659759e+08
3.807109e+08
3.994602e+08
4.229016e+08
4.519488e+08
0
0
0
0
0
0
0
0
0
0
3.531994e+08
3.669878e+08
3.845202e+08
4.064037e+08
4.334505e+08
0
0
0
0
0
0
0
0
0
0
0
0
0
0
0
0
0
0
0
0
8.337306e+08
0
0
0
0
0
0
0
0
0
0
7.708577e+08
8.54127e+08
0
0
0
0
0
0
0
0
0
0
7.183783e+08
7.892346e+08
8.928776e+08
0
0
0
0
0
0
0
0
0
0
6.760682e+08
7.343042e+08
8.197235e+08
9.517341e+08
0
0
0
0
0
0
0
0
0
0
0
0
0
0
0
0
0
0
0
0
6.387496e+08
6.880378e+08
7.575545e+08
8.607708e+08
1.030458e+09
0
0
0
0
0
0
0
0
0
0
0
0
0
0
0
0
0
0
0
0
6.035975e+08
6.461505e+08
7.0429e+08
7.862337e+08
9.096797e+08
0
0
0
0
0
0
0
0
0
0
0
0
0
0
0
0
0
0
0
0
5.711963e+08
6.083872e+08
6.582735e+08
7.260074e+08
8.21723e+08
0
0
0
0
0
0
0
0
0
0
0
0
0
0
0
0
0
0
0
0
5.419458e+08
5.749039e+08
6.184784e+08
6.763821e+08
7.548521e+08
0
0
0
0
0
0
0
0
0
0
0
0
0
0
0
0
0
0
0
0
5.157916e+08
5.45321e+08
5.840164e+08
6.346093e+08
7.015519e+08
0
0
0
0
0
0
0
0
0
0
0
0
0
0
0
0
0
0
0
0
4.923869e+08
5.191137e+08
5.538876e+08
5.988868e+08
6.573922e+08
0
0
0
0
0
0
0
0
0
0
0
0
0
0
0
0
0
0
0
0
4.713056e+08
4.956806e+08
5.272399e+08
5.677436e+08
6.198063e+08
0
0
0
0
0
0
0
0
0
0
0
0
0
0
0
0
0
0
0
0
4.520599e+08
4.744188e+08
5.032514e+08
5.400346e+08
5.868831e+08
0
0
0
0
0
0
0
0
0
0
0
0
0
0
0
0
0
0
0
0
4.340785e+08
4.54654e+08
4.811009e+08
5.146696e+08
5.571273e+08
0
0
0
0
0
0
0
0
0
0
0
0
0
0
0
0
0
0
0
0
4.166865e+08
4.356301e+08
4.599089e+08
4.905917e+08
5.291634e+08
0
0
0
0
0
0
0
0
0
0
3.993828e+08
4.168059e+08
4.390753e+08
4.67105e+08
5.021516e+08
0
0
0
0
0
0
0
0
0
0
3.828072e+08
3.988647e+08
4.19342e+08
4.450285e+08
4.769975e+08
0
0
0
0
0
0
0
0
0
0
3.675996e+08
3.824681e+08
4.013987e+08
4.250812e+08
4.544468e+08
0
0
0
0
0
0
0
0
0
0
3.540012e+08
3.678526e+08
3.854703e+08
4.074668e+08
4.346619e+08
0
0
0
0
0
0
0
0
0
0
3.419959e+08
3.549833e+08
3.714946e+08
3.920806e+08
4.174753e+08
0
0
0
0
0
0
0
0
0
0
8.265775e+08
0
0
0
0
0
0
0
0
0
0
7.617499e+08
8.395084e+08
0
0
0
0
0
0
0
0
0
0
7.087508e+08
7.760412e+08
8.701858e+08
0
0
0
0
0
0
0
0
0
0
6.674313e+08
7.231491e+08
8.034683e+08
9.208483e+08
0
0
0
0
0
0
0
0
0
0
6.328674e+08
6.805587e+08
7.471805e+08
8.44199e+08
9.944531e+08
0
0
0
0
0
0
0
0
0
0
0
0
0
0
0
0
0
0
0
0
6.012226e+08
6.430278e+08
6.998828e+08
7.793759e+08
8.971839e+08
0
0
0
0
0
0
0
0
0
0
0
0
0
0
0
0
0
0
0
0
5.707361e+08
6.076495e+08
6.57062e+08
7.23938e+08
8.179003e+08
0
0
0
0
0
0
0
0
0
0
0
0
0
0
0
0
0
0
0
0
5.42126e+08
5.750009e+08
6.184306e+08
6.760725e+08
7.540356e+08
0
0
0
0
0
0
0
0
0
0
0
0
0
0
0
0
0
0
0
0
5.159903e+08
5.455025e+08
5.84165e+08
6.346973e+08
7.015238e+08
0
0
0
0
0
0
0
0
0
0
0
0
0
0
0
0
0
0
0
0
4.923869e+08
5.191137e+08
5.538876e+08
5.988868e+08
6.573922e+08
0
0
0
0
0
0
0
0
0
0
0
0
0
0
0
0
0
0
0
0
4.711096e+08
4.954917e+08
5.270656e+08
5.675954e+08
6.197033e+08
0
0
0
0
0
0
0
0
0
0
0
0
0
0
0
0
0
0
0
0
4.518255e+08
4.742088e+08
5.030825e+08
5.399308e+08
5.868799e+08
0
0
0
0
0
0
0
0
0
0
0
0
0
0
0
0
0
0
0
0
4.341305e+08
4.547725e+08
4.813189e+08
5.15032e+08
5.576975e+08
0
0
0
0
0
0
0
0
0
0
0
0
0
0
0
0
0
0
0
0
4.175225e+08
4.366051e+08
4.610821e+08
4.920411e+08
5.309952e+08
0
0
0
0
0
0
0
0
0
0
0
0
0
0
0
0
0
0
0
0
4.013902e+08
4.19029e+08
4.416013e+08
4.700466e+08
5.056585e+08
0
0
0
0
0
0
0
0
0
0
3.852723e+08
4.015532e+08
4.223396e+08
4.484445e+08
4.809744e+08
0
0
0
0
0
0
0
0
0
0
3.697798e+08
3.848305e+08
4.040102e+08
4.280261e+08
4.578334e+08
0
0
0
0
0
0
0
0
0
0
3.555257e+08
3.694984e+08
3.872805e+08
4.094953e+08
4.369771e+08
0
0
0
0
0
0
0
0
0
0
3.427508e+08
3.557956e+08
3.723846e+08
3.930734e+08
4.186024e+08
0
0
0
0
0
0
0
0
0
0
3.31451e+08
3.43704e+08
3.59282e+08
3.786876e+08
4.025864e+08
0
0
0
0
0
0
0
0
0
0
7.571063e+08
8.322422e+08
0
0
0
0
0
0
0
0
0
0
7.018423e+08
7.66781e+08
8.550148e+08
0
0
0
0
0
0
0
0
0
0
6.596503e+08
7.13349e+08
7.897587e+08
8.967895e+08
0
0
0
0
0
0
0
0
0
0
6.256713e+08
6.717385e+08
7.355516e+08
8.269172e+08
9.609894e+08
0
0
0
0
0
0
0
0
0
0
5.962606e+08
6.36964e+08
6.920112e+08
7.682579e+08
8.791322e+08
0
0
0
0
0
0
0
0
0
0
0
0
0
0
0
0
0
0
0
0
5.687644e+08
6.051489e+08
6.537087e+08
7.191364e+08
8.103479e+08
0
0
0
0
0
0
0
0
0
0
0
0
0
0
0
0
0
0
0
0
5.417978e+08
5.744741e+08
6.175839e+08
6.746889e+08
7.516877e+08
0
0
0
0
0
0
0
0
0
0
0
0
0
0
0
0
0
0
0
0
5.16198e+08
5.456523e+08
5.842169e+08
6.345833e+08
7.011145e+08
0
0
0
0
0
0
0
0
0
0
0
0
0
0
0
0
0
0
0
0
4.925856e+08
5.193014e+08
5.540539e+08
5.990144e+08
6.574506e+08
0
0
0
0
0
0
0
0
0
0
0
0
0
0
0
0
0
0
0
0
4.711096e+08
4.954917e+08
5.270656e+08
5.675954e+08
6.197033e+08
0
0
0
0
0
0
0
0
0
0
0
0
0
0
0
0
0
0
0
0
4.516338e+08
4.740216e+08
5.029055e+08
5.397724e+08
5.867529e+08
0
0
0
0
0
0
0
0
0
0
0
0
0
0
0
0
0
0
0
0
4.338959e+08
4.545572e+08
4.811363e+08
5.149011e+08
5.576452e+08
0
0
0
0
0
0
0
0
0
0
0
0
0
0
0
0
0
0
0
0
4.17551e+08
4.366904e+08
4.612523e+08
4.923336e+08
5.314616e+08
0
0
0
0
0
0
0
0
0
0
0
0
0
0
0
0
0
0
0
0
4.021523e+08
4.199137e+08
4.426604e+08
4.713474e+08
5.072909e+08
0
0
0
0
0
0
0
0
0
0
0
0
0
0
0
0
0
0
0
0
3.871396e+08
4.036134e+08
4.246704e+08
4.511451e+08
4.841745e+08
0
0
0
0
0
0
0
0
0
0
3.720857e+08
3.873379e+08
4.067961e+08
4.311875e+08
4.614958e+08
0
0
0
0
0
0
0
0
0
0
3.575719e+08
3.717099e+08
3.897179e+08
4.12234e+08
4.401136e+08
0
0
0
0
0
0
0
0
0
0
3.441851e+08
3.573405e+08
3.740793e+08
3.949665e+08
4.207553e+08
0
0
0
0
0
0
0
0
0
0
3.32163e+08
3.444686e+08
3.601177e+08
3.79617e+08
4.036381e+08
0
0
0
0
0
0
0
0
0
0
3.215112e+08
3.330885e+08
3.478102e+08
3.661365e+08
3.886745e+08
0
0
0
0
0
0
0
0
0
0
6.982825e+08
7.62061e+08
8.474753e+08
0
0
0
0
0
0
0
0
0
0
6.540006e+08
7.063241e+08
7.801466e+08
8.807127e+08
0
0
0
0
0
0
0
0
0
0
6.191001e+08
6.638177e+08
7.253691e+08
8.123791e+08
9.349424e+08
0
0
0
0
0
0
0
0
0
0
5.900764e+08
6.296149e+08
6.828144e+08
7.558888e+08
8.603882e+08
0
0
0
0
0
0
0
0
0
0
5.644639e+08
6.000326e+08
6.473204e+08
7.106835e+08
7.982021e+08
0
0
0
0
0
0
0
0
0
0
0
0
0
0
0
0
0
0
0
0
5.401182e+08
5.723939e+08
6.148885e+08
6.71015e+08
7.463623e+08
0
0
0
0
0
0
0
0
0
0
0
0
0
0
0
0
0
0
0
0
5.159615e+08
5.45266e+08
5.835965e+08
6.335931e+08
6.99511e+08
0
0
0
0
0
0
0
0
0
0
0
0
0
0
0
0
0
0
0
0
4.928088e+08
5.194824e+08
5.541645e+08
5.990101e+08
6.572555e+08
0
0
0
0
0
0
0
0
0
0
0
0
0
0
0
0
0
0
0
0
4.713056e+08
4.956806e+08
5.272399e+08
5.677436e+08
6.198063e+08
0
0
0
0
0
0
0
0
0
0
0
0
0
0
0
0
0
0
0
0
4.516338e+08
4.740216e+08
5.029055e+08
5.397724e+08
5.867529e+08
0
0
0
0
0
0
0
0
0
0
0
0
0
0
0
0
0
0
0
0
4.337093e+08
4.543733e+08
4.809597e+08
5.147381e+08
5.575052e+08
0
0
0
0
0
0
0
0
0
0
0
0
0
0
0
0
0
0
0
0
4.173183e+08
4.364731e+08
4.610617e+08
4.921851e+08
5.313764e+08
0
0
0
0
0
0
0
0
0
0
0
0
0
0
0
0
0
0
0
0
4.021619e+08
4.199725e+08
4.427926e+08
4.71585e+08
5.076767e+08
0
0
0
0
0
0
0
0
0
0
0
0
0
0
0
0
0
0
0
0
3.878371e+08
4.044201e+08
4.256319e+08
4.523202e+08
4.856405e+08
0
0
0
0
0
0
0
0
0
0
0
0
0
0
0
0
0
0
0
0
3.738276e+08
3.892535e+08
4.08955e+08
4.336778e+08
4.644313e+08
0
0
0
0
0
0
0
0
0
0
3.597342e+08
3.740547e+08
3.92315e+08
4.151703e+08
4.435002e+08
0
0
0
0
0
0
0
0
0
0
3.461096e+08
3.594156e+08
3.763601e+08
3.975211e+08
4.236699e+08
0
0
0
0
0
0
0
0
0
0
3.335151e+08
3.459219e+08
3.61708e+08
3.813884e+08
4.05646e+08
0
0
0
0
0
0
0
0
0
0
3.22184e+08
3.338096e+08
3.485965e+08
3.670087e+08
3.896584e+08
0
0
0
0
0
0
0
0
0
0
3.121308e+08
3.230828e+08
3.37016e+08
3.543518e+08
3.756459e+08
0
0
0
0
0
0
0
0
0
0
6.510725e+08
7.027058e+08
7.7525e+08
8.727267e+08
0
0
0
0
0
0
0
0
0
0
6.142948e+08
6.580736e+08
7.180813e+08
8.022014e+08
9.175553e+08
0
0
0
0
0
0
0
0
0
0
5.843797e+08
6.229268e+08
6.745885e+08
7.451004e+08
8.446682e+08
0
0
0
0
0
0
0
0
0
0
5.590357e+08
5.937184e+08
6.396597e+08
7.009045e+08
7.847941e+08
0
0
0
0
0
0
0
0
0
0
5.36324e+08
5.679608e+08
6.094978e+08
6.641503e+08
7.371166e+08
0
0
0
0
0
0
0
0
0
0
0
0
0
0
0
0
0
0
0
0
5.145038e+08
5.434917e+08
5.813486e+08
6.306288e+08
6.954161e+08
0
0
0
0
0
0
0
0
0
0
0
0
0
0
0
0
0
0
0
0
4.92639e+08
5.191946e+08
5.536966e+08
5.982673e+08
6.56084e+08
0
0
0
0
0
0
0
0
0
0
0
0
0
0
0
0
0
0
0
0
4.715368e+08
4.958801e+08
5.273864e+08
5.678056e+08
6.197337e+08
0
0
0
0
0
0
0
0
0
0
0
0
0
0
0
0
0
0
0
0
4.518255e+08
4.742088e+08
5.030825e+08
5.399308e+08
5.868799e+08
0
0
0
0
0
0
0
0
0
0
0
0
0
0
0
0
0
0
0
0
4.337093e+08
4.543733e+08
4.809597e+08
5.147381e+08
5.575052e+08
0
0
0
0
0
0
0
0
0
0
0
0
0
0
0
0
0
0
0
0
4.171373e+08
4.362937e+08
4.608875e+08
4.920211e+08
5.312298e+08
0
0
0
0
0
0
0
0
0
0
0
0
0
0
0
0
0
0
0
0
4.019325e+08
4.197556e+08
4.425978e+08
4.714251e+08
5.075692e+08
0
0
0
0
0
0
0
0
0
0
0
0
0
0
0
0
0
0
0
0
3.878315e+08
4.044574e+08
4.257335e+08
4.525137e+08
4.859624e+08
0
0
0
0
0
0
0
0
0
0
0
0
0
0
0
0
0
0
0
0
3.744684e+08
3.89992e+08
4.09832e+08
4.347452e+08
4.657566e+08
0
0
0
0
0
0
0
0
0
0
0
0
0
0
0
0
0
0
0
0
3.613633e+08
3.758409e+08
3.943212e+08
4.174753e+08
4.462049e+08
0
0
0
0
0
0
0
0
0
0
3.481417e+08
3.616139e+08
3.787877e+08
4.002566e+08
4.268127e+08
0
0
0
0
0
0
0
0
0
0
3.353286e+08
3.478733e+08
3.638473e+08
3.837776e+08
4.083625e+08
0
0
0
0
0
0
0
0
0
0
3.234609e+08
3.351793e+08
3.50092e+08
3.686701e+08
3.915358e+08
0
0
0
0
0
0
0
0
0
0
3.127677e+08
3.237641e+08
3.377573e+08
3.551721e+08
3.765686e+08
0
0
0
0
0
0
0
0
0
0
3.032678e+08
3.136407e+08
3.268441e+08
3.432677e+08
3.634205e+08
0
0
0
0
0
0
0
0
0
0
6.117956e+08
6.550979e+08
7.143302e+08
7.970205e+08
9.089249e+08
0
0
0
0
0
0
0
0
0
0
5.801946e+08
6.180422e+08
6.686334e+08
7.373938e+08
8.336834e+08
0
0
0
0
0
0
0
0
0
0
5.540058e+08
5.879219e+08
6.32718e+08
6.921981e+08
7.731496e+08
0
0
0
0
0
0
0
0
0
0
5.314901e+08
5.624205e+08
6.029192e+08
6.560101e+08
7.265268e+08
0
0
0
0
0
0
0
0
0
0
5.111122e+08
5.395825e+08
5.766794e+08
6.248365e+08
6.879062e+08
0
0
0
0
0
0
0
0
0
0
0
0
0
0
0
0
0
0
0
0
4.913569e+08
5.176537e+08
5.517763e+08
5.957889e+08
6.527689e+08
0
0
0
0
0
0
0
0
0
0
0
0
0
0
0
0
0
0
0
0
4.714168e+08
4.956647e+08
5.270268e+08
5.672315e+08
6.18837e+08
0
0
0
0
0
0
0
0
0
0
0
0
0
0
0
0
0
0
0
0
4.520599e+08
4.744188e+08
5.032514e+08
5.400346e+08
5.868831e+08
0
0
0
0
0
0
0
0
0
0
0
0
0
0
0
0
0
0
0
0
4.338959e+08
4.545572e+08
4.811363e+08
5.149011e+08
5.576452e+08
0
0
0
0
0
0
0
0
0
0
0
0
0
0
0
0
0
0
0
0
4.171373e+08
4.362937e+08
4.608875e+08
4.920211e+08
5.312298e+08
0
0
0
0
0
0
0
0
0
0
0
0
0
0
0
0
0
0
0
0
4.017574e+08
4.195811e+08
4.424271e+08
4.712623e+08
5.074198e+08
0
0
0
0
0
0
0
0
0
0
0
0
0
0
0
0
0
0
0
0
3.876065e+08
4.042425e+08
4.255372e+08
4.523468e+08
4.858396e+08
0
0
0
0
0
0
0
0
0
0
0
0
0
0
0
0
0
0
0
0
3.744507e+08
3.900119e+08
4.099087e+08
4.349028e+08
4.660267e+08
0
0
0
0
0
0
0
0
0
0
0
0
0
0
0
0
0
0
0
0
3.619538e+08
3.765195e+08
3.951244e+08
4.184494e+08
4.474094e+08
0
0
0
0
0
0
0
0
0
0
0
0
0
0
0
0
0
0
0
0
3.496687e+08
3.632838e+08
3.806576e+08
4.023973e+08
4.293143e+08
0
0
0
0
0
0
0
0
0
0
3.372422e+08
3.499386e+08
3.661222e+08
3.863331e+08
4.112881e+08
0
0
0
0
0
0
0
0
0
0
3.251731e+08
3.370178e+08
3.52103e+08
3.709098e+08
3.940745e+08
0
0
0
0
0
0
0
0
0
0
3.139756e+08
3.250574e+08
3.391663e+08
3.567336e+08
3.783282e+08
0
0
0
0
0
0
0
0
0
0
3.038716e+08
3.142856e+08
3.275444e+08
3.440407e+08
3.642878e+08
0
0
0
0
0
0
0
0
0
0
2.948843e+08
3.047201e+08
3.172473e+08
3.328268e+08
3.519288e+08
0
0
0
0
0
0
0
0
0
0
5.78013e+08
6.155031e+08
6.655508e+08
7.334306e+08
8.280971e+08
0
0
0
0
0
0
0
0
0
0
5.502988e+08
5.836689e+08
6.276575e+08
6.859088e+08
7.648501e+08
0
0
0
0
0
0
0
0
0
0
5.269915e+08
5.573041e+08
5.969069e+08
6.486706e+08
7.171455e+08
0
0
0
0
0
0
0
0
0
0
5.0676e+08
5.346508e+08
5.709109e+08
6.178522e+08
6.791013e+08
0
0
0
0
0
0
0
0
0
0
4.882957e+08
5.141613e+08
5.476612e+08
5.907743e+08
6.464347e+08
0
0
0
0
0
0
0
0
0
0
0
0
0
0
0
0
0
0
0
0
4.702773e+08
4.943089e+08
5.253572e+08
5.651104e+08
6.160589e+08
0
0
0
0
0
0
0
0
0
0
0
0
0
0
0
0
0
0
0
0
4.519781e+08
4.74258e+08
5.029722e+08
5.395815e+08
5.861757e+08
0
0
0
0
0
0
0
0
0
0
0
0
0
0
0
0
0
0
0
0
4.341305e+08
4.547725e+08
4.813189e+08
5.15032e+08
5.576975e+08
0
0
0
0
0
0
0
0
0
0
0
0
0
0
0
0
0
0
0
0
4.173183e+08
4.364731e+08
4.610617e+08
4.921851e+08
5.313764e+08
0
0
0
0
0
0
0
0
0
0
0
0
0
0
0
0
0
0
0
0
4.017574e+08
4.195811e+08
4.424271e+08
4.712623e+08
5.074198e+08
0
0
0
0
0
0
0
0
0
0
0
0
0
0
0
0
0
0
0
0
3.874374e+08
4.040734e+08
4.253707e+08
4.521865e+08
4.856901e+08
0
0
0
0
0
0
0
0
0
0
0
0
0
0
0
0
0
0
0
0
3.742306e+08
3.898002e+08
4.097127e+08
4.34732e+08
4.658936e+08
0
0
0
0
0
0
0
0
0
0
0
0
0
0
0
0
0
0
0
0
3.61926e+08
3.765254e+08
3.951806e+08
4.185775e+08
4.476371e+08
0
0
0
0
0
0
0
0
0
0
0
0
0
0
0
0
0
0
0
0
3.502144e+08
3.639093e+08
3.81396e+08
4.0329e+08
4.304143e+08
0
0
0
0
0
0
0
0
0
0
0
0
0
0
0
0
0
0
0
0
3.386765e+08
3.515035e+08
3.678696e+08
3.883271e+08
4.136098e+08
0
0
0
0
0
0
0
0
0
0
3.269784e+08
3.389622e+08
3.542395e+08
3.733032e+08
3.968057e+08
0
0
0
0
0
0
0
0
0
0
3.155948e+08
3.267929e+08
3.410604e+08
3.58838e+08
3.807066e+08
0
0
0
0
0
0
0
0
0
0
3.050158e+08
3.155089e+08
3.288744e+08
3.455113e+08
3.659406e+08
0
0
0
0
0
0
0
0
0
0
2.954576e+08
3.053313e+08
3.179099e+08
3.335566e+08
3.527455e+08
0
0
0
0
0
0
0
0
0
0
2.869455e+08
2.962825e+08
3.081822e+08
3.229796e+08
3.411098e+08
0
0
0
0
0
0
0
0
0
0
5.483634e+08
5.814529e+08
6.250289e+08
6.826562e+08
7.605866e+08
0
0
0
0
0
0
0
0
0
0
5.236684e+08
5.53538e+08
5.925035e+08
6.433322e+08
7.103853e+08
0
0
0
0
0
0
0
0
0
0
5.026966e+08
5.300764e+08
5.656073e+08
6.115017e+08
6.712052e+08
0
0
0
0
0
0
0
0
0
0
4.843445e+08
5.09723e+08
5.425297e+08
5.846555e+08
6.388893e+08
0
0
0
0
0
0
0
0
0
0
4.67493e+08
4.911586e+08
5.216833e+08
5.606939e+08
6.105791e+08
0
0
0
0
0
0
0
0
0
0
0
0
0
0
0
0
0
0
0
0
4.509568e+08
4.730527e+08
5.015018e+08
5.377349e+08
5.837942e+08
0
0
0
0
0
0
0
0
0
0
0
0
0
0
0
0
0
0
0
0
4.340785e+08
4.54654e+08
4.811009e+08
5.146696e+08
5.571273e+08
0
0
0
0
0
0
0
0
0
0
0
0
0
0
0
0
0
0
0
0
4.17551e+08
4.366904e+08
4.612523e+08
4.923336e+08
5.314616e+08
0
0
0
0
0
0
0
0
0
0
0
0
0
0
0
0
0
0
0
0
4.019325e+08
4.197556e+08
4.425978e+08
4.714251e+08
5.075692e+08
0
0
0
0
0
0
0
0
0
0
0
0
0
0
0
0
0
0
0
0
3.874374e+08
4.040734e+08
4.253707e+08
4.521865e+08
4.856901e+08
0
0
0
0
0
0
0
0
0
0
0
0
0
0
0
0
0
0
0
0
3.740674e+08
3.896365e+08
4.095509e+08
4.345751e+08
4.657453e+08
0
0
0
0
0
0
0
0
0
0
0
0
0
0
0
0
0
0
0
0
3.617113e+08
3.763176e+08
3.949863e+08
4.18405e+08
4.474972e+08
0
0
0
0
0
0
0
0
0
0
0
0
0
0
0
0
0
0
0
0
3.501784e+08
3.639034e+08
3.814354e+08
4.033936e+08
4.306067e+08
0
0
0
0
0
0
0
0
0
0
0
0
0
0
0
0
0
0
0
0
3.39182e+08
3.520816e+08
3.685505e+08
3.891482e+08
4.146183e+08
0
0
0
0
0
0
0
0
0
0
0
0
0
0
0
0
0
0
0
3.283285e+08
3.404316e+08
3.558762e+08
3.751656e+08
3.989669e+08
0
0
0
0
0
0
0
0
0
0
3.173009e+08
3.286269e+08
3.43071e+08
3.610846e+08
3.832627e+08
0
0
0
0
0
0
0
0
0
0
3.065491e+08
3.171498e+08
3.306617e+08
3.474924e+08
3.681738e+08
0
0
0
0
0
0
0
0
0
0
2.965428e+08
3.064899e+08
3.191675e+08
3.349442e+08
3.543012e+08
0
0
0
0
0
0
0
0
0
0
2.874904e+08
2.968627e+08
3.088101e+08
3.236699e+08
3.418804e+08
0
0
0
0
0
0
0
0
0
0
2.794221e+08
2.882928e+08
2.996096e+08
3.136811e+08
3.309112e+08
0
0
0
0
0
0
0
0
0
0
5.219314e+08
5.515725e+08
5.90211e+08
6.405619e+08
7.068931e+08
0
0
0
0
0
0
0
0
0
0
4.996896e+08
5.267012e+08
5.617105e+08
6.068615e+08
6.654767e+08
0
0
0
0
0
0
0
0
0
0
4.806459e+08
5.055923e+08
5.377909e+08
5.790591e+08
6.320671e+08
0
0
0
0
0
0
0
0
0
0
4.638816e+08
4.87131e+08
5.170682e+08
5.552558e+08
6.039769e+08
0
0
0
0
0
0
0
0
0
0
4.484088e+08
4.701892e+08
4.981902e+08
5.33795e+08
5.789721e+08
0
0
0
0
0
0
0
0
0
0
0
0
0
0
0
0
0
0
0
0
4.331571e+08
4.535735e+08
4.797929e+08
5.130418e+08
5.550514e+08
0
0
0
0
0
0
0
0
0
0
0
0
0
0
0
0
0
0
0
0
4.175225e+08
4.366051e+08
4.610821e+08
4.920411e+08
5.309952e+08
0
0
0
0
0
0
0
0
0
0
0
0
0
0
0
0
0
0
0
0
4.021619e+08
4.199725e+08
4.427926e+08
4.71585e+08
5.076767e+08
0
0
0
0
0
0
0
0
0
0
0
0
0
0
0
0
0
0
0
0
3.876065e+08
4.042425e+08
4.255372e+08
4.523468e+08
4.858396e+08
0
0
0
0
0
0
0
0
0
0
0
0
0
0
0
0
0
0
0
0
3.740674e+08
3.896365e+08
4.095509e+08
4.345751e+08
4.657453e+08
0
0
0
0
0
0
0
0
0
0
0
0
0
0
0
0
0
0
0
0
3.615539e+08
3.761595e+08
3.948294e+08
4.18252e+08
4.473513e+08
0
0
0
0
0
0
0
0
0
0
0
0
0
0
0
0
0
0
0
0
3.499691e+08
3.637001e+08
3.812437e+08
4.03221e+08
4.304626e+08
0
0
0
0
0
0
0
0
0
0
0
0
0
0
0
0
0
0
0
0
3.391393e+08
3.520659e+08
3.685757e+08
3.892315e+08
4.147813e+08
0
0
0
0
0
0
0
0
0
0
0
0
0
0
0
0
0
0
0
3.287978e+08
3.409674e+08
3.565059e+08
3.759233e+08
3.998951e+08
0
0
0
0
0
0
0
0
0
0
0
0
0
0
0
0
0
0
3.185736e+08
3.300096e+08
3.446074e+08
3.628282e+08
3.8528e+08
0
0
0
0
0
0
0
0
0
0
3.081637e+08
3.188826e+08
3.325576e+08
3.496056e+08
3.705716e+08
0
0
0
0
0
0
0
0
0
0
2.979969e+08
3.080435e+08
3.208569e+08
3.368127e+08
3.564022e+08
0
0
0
0
0
0
0
0
0
0
2.885212e+08
2.979614e+08
3.100008e+08
3.249813e+08
3.433474e+08
0
0
0
0
0
0
0
0
0
0
2.799409e+08
2.888443e+08
3.002053e+08
3.143349e+08
3.316397e+08
0
0
0
0
0
0
0
0
0
0
2.722887e+08
2.807217e+08
2.914934e+08
3.048905e+08
3.212855e+08
0
0
0
0
0
0
0
0
0
0
4.981163e+08
5.249377e+08
5.596784e+08
6.04448e+08
6.625074e+08
0
0
0
0
0
0
0
0
0
0
4.77905e+08
5.02539e+08
5.343007e+08
5.749568e+08
6.270954e+08
0
0
0
0
0
0
0
0
0
0
4.604939e+08
4.833723e+08
5.127917e+08
5.5026e+08
5.979729e+08
0
0
0
0
0
0
0
0
0
0
4.450897e+08
4.665094e+08
4.940049e+08
5.289086e+08
5.731115e+08
0
0
0
0
0
0
0
0
0
0
4.308133e+08
4.509545e+08
4.767848e+08
5.094932e+08
5.507535e+08
0
0
0
0
0
0
0
0
0
0
0
0
0
0
0
0
0
0
0
0
4.166865e+08
4.356301e+08
4.599089e+08
4.905917e+08
5.291634e+08
0
0
0
0
0
0
0
0
0
0
0
0
0
0
0
0
0
0
0
0
4.021523e+08
4.199137e+08
4.426604e+08
4.713474e+08
5.072909e+08
0
0
0
0
0
0
0
0
0
0
0
0
0
0
0
0
0
0
0
0
3.878315e+08
4.044574e+08
4.257335e+08
4.525137e+08
4.859624e+08
0
0
0
0
0
0
0
0
0
0
0
0
0
0
0
0
0
0
0
0
3.742306e+08
3.898002e+08
4.097127e+08
4.34732e+08
4.658936e+08
0
0
0
0
0
0
0
0
0
0
0
0
0
0
0
0
0
0
0
0
3.615539e+08
3.761595e+08
3.948294e+08
4.18252e+08
4.473513e+08
0
0
0
0
0
0
0
0
0
0
0
0
0
0
0
0
0
0
0
0
3.498174e+08
3.635474e+08
3.810919e+08
4.030722e+08
4.303198e+08
0
0
0
0
0
0
0
0
0
0
0
0
0
0
0
0
0
0
0
0
3.389357e+08
3.518673e+08
3.683874e+08
3.8906e+08
4.146349e+08
0
0
0
0
0
0
0
0
0
0
0
0
0
0
0
0
0
0
0
3.287497e+08
3.409436e+08
3.565192e+08
3.759893e+08
4.000332e+08
0
0
0
0
0
0
0
0
0
0
0
0
0
0
0
0
0
0
3.190101e+08
3.305073e+08
3.451912e+08
3.635293e+08
3.86137e+08
0
0
0
0
0
0
0
0
0
0
0
0
0
0
0
0
0
3.093653e+08
3.201859e+08
3.340027e+08
3.512415e+08
3.724591e+08
0
0
0
0
0
0
0
0
0
0
2.995271e+08
3.096831e+08
3.226476e+08
3.388043e+08
3.586562e+08
0
0
0
0
0
0
0
0
0
0
2.89902e+08
2.994345e+08
3.115999e+08
3.267467e+08
3.453279e+08
0
0
0
0
0
0
0
0
0
0
2.809213e+08
2.898878e+08
3.013344e+08
3.155762e+08
3.330254e+08
0
0
0
0
0
0
0
0
0
0
2.727831e+08
2.812466e+08
2.920596e+08
3.055107e+08
3.219751e+08
0
0
0
0
0
0
0
0
0
0
2.655204e+08
2.735433e+08
2.838037e+08
2.965704e+08
3.121896e+08
0
0
0
0
0
0
0
0
0
0
4.764699e+08
5.009422e+08
5.324784e+08
5.728196e+08
6.245124e+08
0
0
0
0
0
0
0
0
0
0
4.579806e+08
4.8059e+08
5.096362e+08
5.465892e+08
5.935835e+08
0
0
0
0
0
0
0
0
0
0
4.419706e+08
4.630678e+08
4.901157e+08
5.244042e+08
5.677585e+08
0
0
0
0
0
0
0
0
0
0
4.277487e+08
4.475739e+08
4.729634e+08
5.050656e+08
5.454935e+08
0
0
0
0
0
0
0
0
0
0
4.145214e+08
4.332224e+08
4.571595e+08
4.873709e+08
5.25296e+08
0
0
0
0
0
0
0
0
0
0
0
0
0
0
0
0
0
0
0
0
4.013902e+08
4.19029e+08
4.416013e+08
4.700466e+08
5.056585e+08
0
0
0
0
0
0
0
0
0
0
0
0
0
0
0
0
0
0
0
0
3.878371e+08
4.044201e+08
4.256319e+08
4.523202e+08
4.856405e+08
0
0
0
0
0
0
0
0
0
0
0
0
0
0
0
0
0
0
0
0
3.744507e+08
3.900119e+08
4.099087e+08
4.349028e+08
4.660267e+08
0
0
0
0
0
0
0
0
0
0
0
0
0
0
0
0
0
0
0
0
3.617113e+08
3.763176e+08
3.949863e+08
4.18405e+08
4.474972e+08
0
0
0
0
0
0
0
0
0
0
0
0
0
0
0
0
0
0
0
0
3.498174e+08
3.635474e+08
3.810919e+08
4.030722e+08
4.303198e+08
0
0
0
0
0
0
0
0
0
0
0
0
0
0
0
0
0
0
0
0
3.387894e+08
3.517199e+08
3.682405e+08
3.889157e+08
4.144956e+08
0
0
0
0
0
0
0
0
0
0
0
0
0
0
0
0
0
0
0
3.285517e+08
3.407499e+08
3.563346e+08
3.758197e+08
3.998861e+08
0
0
0
0
0
0
0
0
0
0
0
0
0
0
0
0
0
0
3.189573e+08
3.304769e+08
3.451946e+08
3.635806e+08
3.862539e+08
0
0
0
0
0
0
0
0
0
0
0
0
0
0
0
0
0
3.097719e+08
3.206489e+08
3.345454e+08
3.518919e+08
3.732525e+08
0
0
0
0
0
0
0
0
0
0
0
0
0
0
0
0
3.006632e+08
3.109133e+08
3.240093e+08
3.403425e+08
3.604262e+08
0
0
0
0
0
0
0
0
0
0
2.913543e+08
3.009882e+08
3.132937e+08
3.28627e+08
3.47451e+08
0
0
0
0
0
0
0
0
0
0
2.822341e+08
2.912865e+08
3.028502e+08
3.172466e+08
3.348956e+08
0
0
0
0
0
0
0
0
0
0
2.737167e+08
2.822389e+08
2.931316e+08
3.066872e+08
3.23286e+08
0
0
0
0
0
0
0
0
0
0
2.659923e+08
2.740435e+08
2.843425e+08
2.971596e+08
3.128434e+08
0
0
0
0
0
0
0
0
0
0
2.590958e+08
2.667326e+08
2.765139e+08
2.886897e+08
3.035842e+08
0
0
0
0
0
0
0
0
0
0
4.566638e+08
4.791338e+08
5.07987e+08
5.446744e+08
5.912994e+08
0
0
0
0
0
0
0
0
0
0
4.396545e+08
4.605171e+08
4.872418e+08
5.210881e+08
5.638358e+08
0
0
0
0
0
0
0
0
0
0
4.248644e+08
4.44406e+08
4.694041e+08
5.009726e+08
5.406727e+08
0
0
0
0
0
0
0
0
0
0
4.116806e+08
4.301021e+08
4.536508e+08
4.833316e+08
5.20535e+08
0
0
0
0
0
0
0
0
0
0
3.993828e+08
4.168059e+08
4.390753e+08
4.67105e+08
5.021516e+08
0
0
0
0
0
0
0
0
0
0
0
0
0
0
0
0
0
0
0
0
3.871396e+08
4.036134e+08
4.246704e+08
4.511451e+08
4.841745e+08
0
0
0
0
0
0
0
0
0
0
0
0
0
0
0
0
0
0
0
0
3.744684e+08
3.89992e+08
4.09832e+08
4.347452e+08
4.657566e+08
0
0
0
0
0
0
0
0
0
0
0
0
0
0
0
0
0
0
0
0
3.61926e+08
3.765254e+08
3.951806e+08
4.185775e+08
4.476371e+08
0
0
0
0
0
0
0
0
0
0
0
0
0
0
0
0
0
0
0
0
3.499691e+08
3.637001e+08
3.812437e+08
4.03221e+08
4.304626e+08
0
0
0
0
0
0
0
0
0
0
0
0
0
0
0
0
0
0
0
0
3.387894e+08
3.517199e+08
3.682405e+08
3.889157e+08
4.144956e+08
0
0
0
0
0
0
0
0
0
0
0
0
0
0
0
0
0
0
0
3.284107e+08
3.406078e+08
3.561926e+08
3.756798e+08
3.997506e+08
0
0
0
0
0
0
0
0
0
0
0
0
0
0
0
0
0
0
3.187648e+08
3.302882e+08
3.450139e+08
3.634134e+08
3.86107e+08
0
0
0
0
0
0
0
0
0
0
0
0
0
0
0
0
0
3.097151e+08
3.206127e+08
3.345403e+08
3.519307e+08
3.733512e+08
0
0
0
0
0
0
0
0
0
0
0
0
0
0
0
0
3.010423e+08
3.113448e+08
3.245145e+08
3.409473e+08
3.611627e+08
0
0
0
0
0
0
0
0
0
0
0
0
0
0
0
2.9243e+08
3.021511e+08
3.145787e+08
3.300758e+08
3.491144e+08
0
0
0
0
0
0
0
0
0
0
2.836142e+08
2.927607e+08
3.044547e+08
3.190244e+08
3.36899e+08
0
0
0
0
0
0
0
0
0
0
2.749665e+08
2.835686e+08
2.945705e+08
3.082699e+08
3.250547e+08
0
0
0
0
0
0
0
0
0
0
2.668821e+08
2.749883e+08
2.853616e+08
2.982763e+08
3.140853e+08
0
0
0
0
0
0
0
0
0
0
2.595466e+08
2.6721e+08
2.770273e+08
2.892502e+08
3.042051e+08
0
0
0
0
0
0
0
0
0
0
2.529942e+08
2.60268e+08
2.695986e+08
2.812208e+08
2.954364e+08
0
0
0
0
0
0
0
0
0
0
4.384403e+08
4.591812e+08
4.857387e+08
5.193568e+08
5.61792e+08
0
0
0
0
0
0
0
0
0
0
4.227209e+08
4.420561e+08
4.667709e+08
4.97955e+08
5.371333e+08
0
0
0
0
0
0
0
0
0
0
4.090034e+08
4.271735e+08
4.503765e+08
4.795888e+08
5.161593e+08
0
0
0
0
0
0
0
0
0
0
3.967405e+08
4.139146e+08
4.358386e+08
4.633991e+08
4.978126e+08
0
0
0
0
0
0
0
0
0
0
3.852723e+08
4.015532e+08
4.223396e+08
4.484445e+08
4.809744e+08
0
0
0
0
0
0
0
0
0
0
0
0
0
0
0
0
0
0
0
0
3.738276e+08
3.892535e+08
4.08955e+08
4.336778e+08
4.644313e+08
0
0
0
0
0
0
0
0
0
0
0
0
0
0
0
0
0
0
0
0
3.619538e+08
3.765195e+08
3.951244e+08
4.184494e+08
4.474094e+08
0
0
0
0
0
0
0
0
0
0
0
0
0
0
0
0
0
0
0
0
3.501784e+08
3.639034e+08
3.814354e+08
4.033936e+08
4.306067e+08
0
0
0
0
0
0
0
0
0
0
0
0
0
0
0
0
0
0
0
0
3.389357e+08
3.518673e+08
3.683874e+08
3.8906e+08
4.146349e+08
0
0
0
0
0
0
0
0
0
0
0
0
0
0
0
0
0
0
0
3.284107e+08
3.406078e+08
3.561926e+08
3.756798e+08
3.997506e+08
0
0
0
0
0
0
0
0
0
0
0
0
0
0
0
0
0
0
3.186288e+08
3.301511e+08
3.448768e+08
3.63278e+08
3.859753e+08
0
0
0
0
0
0
0
0
0
0
0
0
0
0
0
0
0
3.09528e+08
3.20429e+08
3.343639e+08
3.517665e+08
3.732052e+08
0
0
0
0
0
0
0
0
0
0
0
0
0
0
0
0
3.009821e+08
3.113037e+08
3.245021e+08
3.409755e+08
3.612459e+08
0
0
0
0
0
0
0
0
0
0
0
0
0
0
0
2.927841e+08
3.025537e+08
3.150498e+08
3.306393e+08
3.497998e+08
0
0
0
0
0
0
0
0
0
0
0
0
0
0
2.846341e+08
2.938617e+08
3.056691e+08
3.203911e+08
3.384649e+08
0
0
0
0
0
0
0
0
0
0
2.762797e+08
2.849694e+08
2.960926e+08
3.099534e+08
3.269479e+08
0
0
0
0
0
0
0
0
0
0
2.680732e+08
2.76254e+08
2.867292e+08
2.997781e+08
3.157604e+08
0
0
0
0
0
0
0
0
0
0
2.603959e+08
2.681104e+08
2.779974e+08
2.903114e+08
3.053832e+08
0
0
0
0
0
0
0
0
0
0
2.534253e+08
2.607241e+08
2.700883e+08
2.817547e+08
2.960267e+08
0
0
0
0
0
0
0
0
0
2.47205e+08
2.541287e+08
2.630356e+08
2.741372e+08
2.877172e+08
0
0
0
0
0
0
0
0
0
0
4.215966e+08
4.408245e+08
4.653926e+08
4.963782e+08
5.352874e+08
0
0
0
0
0
0
0
0
0
0
4.070124e+08
4.249992e+08
4.479516e+08
4.768259e+08
5.129419e+08
0
0
0
0
0
0
0
0
0
0
3.942473e+08
4.111969e+08
4.32813e+08
4.599585e+08
4.938154e+08
0
0
0
0
0
0
0
0
0
0
3.828072e+08
3.988647e+08
4.19342e+08
4.450285e+08
4.769975e+08
0
0
0
0
0
0
0
0
0
0
3.720857e+08
3.873379e+08
4.067961e+08
4.311875e+08
4.614958e+08
0
0
0
0
0
0
0
0
0
0
0
0
0
0
0
0
0
0
0
0
3.613633e+08
3.758409e+08
3.943212e+08
4.174753e+08
4.462049e+08
0
0
0
0
0
0
0
0
0
0
0
0
0
0
0
0
0
0
0
0
3.502144e+08
3.639093e+08
3.81396e+08
4.0329e+08
4.304143e+08
0
0
0
0
0
0
0
0
0
0
0
0
0
0
0
0
0
0
0
0
3.391393e+08
3.520659e+08
3.685757e+08
3.892315e+08
4.147813e+08
0
0
0
0
0
0
0
0
0
0
0
0
0
0
0
0
0
0
0
3.285517e+08
3.407499e+08
3.563346e+08
3.758197e+08
3.998861e+08
0
0
0
0
0
0
0
0
0
0
0
0
0
0
0
0
0
0
3.186288e+08
3.301511e+08
3.448768e+08
3.63278e+08
3.859753e+08
0
0
0
0
0
0
0
0
0
0
0
0
0
0
0
0
0
3.093967e+08
3.202966e+08
3.342315e+08
3.516355e+08
3.730776e+08
0
0
0
0
0
0
0
0
0
0
0
0
0
0
0
0
3.008002e+08
3.111248e+08
3.243299e+08
3.408145e+08
3.611014e+08
0
0
0
0
0
0
0
0
0
0
0
0
0
0
0
2.927211e+08
3.025083e+08
3.150311e+08
3.306581e+08
3.498694e+08
0
0
0
0
0
0
0
0
0
0
0
0
0
0
2.849651e+08
2.942379e+08
3.06109e+08
3.209169e+08
3.391038e+08
0
0
0
0
0
0
0
0
0
0
0
0
0
2.772478e+08
2.86013e+08
2.97242e+08
3.112446e+08
3.284245e+08
0
0
0
0
0
0
0
0
0
0
2.693239e+08
2.775867e+08
2.881751e+08
3.013746e+08
3.175522e+08
0
0
0
0
0
0
0
0
0
0
2.615324e+08
2.693165e+08
2.792989e+08
2.917384e+08
3.06972e+08
0
0
0
0
0
0
0
0
0
0
2.542366e+08
2.615833e+08
2.710128e+08
2.827645e+08
2.97146e+08
0
0
0
0
0
0
0
0
0
2.476179e+08
2.545647e+08
2.635033e+08
2.746463e+08
2.882792e+08
0
0
0
0
0
0
0
0
2.417101e+08
2.483039e+08
2.568034e+08
2.67416e+08
2.803986e+08
0
0
0
0
0
0
0
0
0
0
4.059675e+08
4.238591e+08
4.466816e+08
4.753812e+08
5.112627e+08
0
0
0
0
0
0
0
0
0
0
3.923922e+08
4.091777e+08
4.305704e+08
4.574161e+08
4.908727e+08
0
0
0
0
0
0
0
0
0
0
3.804788e+08
3.963346e+08
4.165356e+08
4.418515e+08
4.733265e+08
0
0
0
0
0
0
0
0
0
0
3.697798e+08
3.848305e+08
4.040102e+08
4.280261e+08
4.578334e+08
0
0
0
0
0
0
0
0
0
0
3.597342e+08
3.740547e+08
3.92315e+08
4.151703e+08
4.435002e+08
0
0
0
0
0
0
0
0
0
0
0
0
0
0
0
0
0
0
0
0
3.496687e+08
3.632838e+08
3.806576e+08
4.023973e+08
4.293143e+08
0
0
0
0
0
0
0
0
0
0
0
0
0
0
0
0
0
0
0
0
3.39182e+08
3.520816e+08
3.685505e+08
3.891482e+08
4.146183e+08
0
0
0
0
0
0
0
0
0
0
0
0
0
0
0
0
0
0
0
3.287497e+08
3.409436e+08
3.565192e+08
3.759893e+08
4.000332e+08
0
0
0
0
0
0
0
0
0
0
0
0
0
0
0
0
0
0
3.187648e+08
3.302882e+08
3.450139e+08
3.634134e+08
3.86107e+08
0
0
0
0
0
0
0
0
0
0
0
0
0
0
0
0
0
3.093967e+08
3.202966e+08
3.342315e+08
3.516355e+08
3.730776e+08
0
0
0
0
0
0
0
0
0
0
0
0
0
0
0
0
3.006734e+08
3.109969e+08
3.24202e+08
3.406879e+08
3.609777e+08
0
0
0
0
0
0
0
0
0
0
0
0
0
0
0
2.925442e+08
3.023341e+08
3.148631e+08
3.305004e+08
3.49727e+08
0
0
0
0
0
0
0
0
0
0
0
0
0
0
2.848998e+08
2.94189e+08
3.060848e+08
3.209275e+08
3.391616e+08
0
0
0
0
0
0
0
0
0
0
0
0
0
2.775577e+08
2.86365e+08
2.976534e+08
3.11736e+08
3.290211e+08
0
0
0
0
0
0
0
0
0
0
0
0
2.702438e+08
2.785773e+08
2.892645e+08
3.025963e+08
3.189467e+08
0
0
0
0
0
0
0
0
0
0
2.627252e+08
2.705856e+08
2.806742e+08
2.932544e+08
3.086704e+08
0
0
0
0
0
0
0
0
0
0
2.55322e+08
2.62734e+08
2.722527e+08
2.841221e+08
2.986548e+08
0
0
0
0
0
0
0
0
0
2.483938e+08
2.553855e+08
2.643853e+08
2.756083e+08
2.893439e+08
0
0
0
0
0
0
0
0
2.421058e+08
2.487215e+08
2.572507e+08
2.679021e+08
2.809344e+08
0
0
0
0
0
0
0
2.365137e+08
2.427753e+08
2.508914e+08
2.610349e+08
2.734568e+08
0
0
0
0
0
0
0
0
0
0
3.91418e+08
4.081184e+08
4.293953e+08
4.560859e+08
4.893357e+08
0
0
0
0
0
0
0
0
0
0
3.787454e+08
3.944536e+08
4.14454e+08
4.395018e+08
4.706212e+08
0
0
0
0
0
0
0
0
0
0
3.675996e+08
3.824681e+08
4.013987e+08
4.250812e+08
4.544468e+08
0
0
0
0
0
0
0
0
0
0
3.575719e+08
3.717099e+08
3.897179e+08
4.12234e+08
4.401136e+08
0
0
0
0
0
0
0
0
0
0
3.481417e+08
3.616139e+08
3.787877e+08
4.002566e+08
4.268127e+08
0
0
0
0
0
0
0
0
0
0
0
0
0
0
0
0
0
0
0
0
3.386765e+08
3.515035e+08
3.678696e+08
3.883271e+08
4.136098e+08
0
0
0
0
0
0
0
0
0
0
0
0
0
0
0
0
0
0
0
3.287978e+08
3.409674e+08
3.565059e+08
3.759233e+08
3.998951e+08
0
0
0
0
0
0
0
0
0
0
0
0
0
0
0
0
0
0
3.189573e+08
3.304769e+08
3.451946e+08
3.635806e+08
3.862539e+08
0
0
0
0
0
0
0
0
0
0
0
0
0
0
0
0
0
3.09528e+08
3.20429e+08
3.343639e+08
3.517665e+08
3.732052e+08
0
0
0
0
0
0
0
0
0
0
0
0
0
0
0
0
3.006734e+08
3.109969e+08
3.24202e+08
3.406879e+08
3.609777e+08
0
0
0
0
0
0
0
0
0
0
0
0
0
0
0
2.924218e+08
3.022106e+08
3.147395e+08
3.303779e+08
3.496072e+08
0
0
0
0
0
0
0
0
0
0
0
0
0
0
2.847277e+08
2.940194e+08
3.059209e+08
3.207731e+08
3.390214e+08
0
0
0
0
0
0
0
0
0
0
0
0
0
2.774903e+08
2.86313e+08
2.976244e+08
3.117394e+08
3.290684e+08
0
0
0
0
0
0
0
0
0
0
0
0
2.705339e+08
2.78907e+08
2.896497e+08
3.030564e+08
3.195047e+08
0
0
0
0
0
0
0
0
0
0
0
2.636004e+08
2.715267e+08
2.81708e+08
2.94412e+08
3.099895e+08
0
0
0
0
0
0
0
0
0
0
2.564605e+08
2.639442e+08
2.735621e+08
2.855635e+08
3.00267e+08
0
0
0
0
0
0
0
0
0
2.494318e+08
2.564844e+08
2.655681e+08
2.769013e+08
2.907787e+08
0
0
0
0
0
0
0
0
2.428483e+08
2.495065e+08
2.58093e+08
2.688197e+08
2.819482e+08
0
0
0
0
0
0
0
2.368936e+08
2.431755e+08
2.513195e+08
2.614996e+08
2.739681e+08
0
0
0
0
0
0
2.316001e+08
2.375473e+08
2.452804e+08
2.549828e+08
2.668681e+08
0
0
0
0
0
0
0
0
0
0
3.778347e+08
3.934662e+08
4.133625e+08
4.382717e+08
4.692073e+08
0
0
0
0
0
0
0
0
0
0
3.659759e+08
3.807109e+08
3.994602e+08
4.229016e+08
4.519488e+08
0
0
0
0
0
0
0
0
0
0
3.555257e+08
3.694984e+08
3.872805e+08
4.094953e+08
4.369771e+08
0
0
0
0
0
0
0
0
0
0
3.461096e+08
3.594156e+08
3.763601e+08
3.975211e+08
4.236699e+08
0
0
0
0
0
0
0
0
0
0
3.372422e+08
3.499386e+08
3.661222e+08
3.863331e+08
4.112881e+08
0
0
0
0
0
0
0
0
0
0
0
0
0
0
0
0
0
0
0
3.283285e+08
3.404316e+08
3.558762e+08
3.751656e+08
3.989669e+08
0
0
0
0
0
0
0
0
0
0
0
0
0
0
0
0
0
0
3.190101e+08
3.305073e+08
3.451912e+08
3.635293e+08
3.86137e+08
0
0
0
0
0
0
0
0
0
0
0
0
0
0
0
0
0
3.097151e+08
3.206127e+08
3.345403e+08
3.519307e+08
3.733513e+08
0
0
0
0
0
0
0
0
0
0
0
0
0
0
0
0
3.008002e+08
3.111248e+08
3.243299e+08
3.408145e+08
3.611014e+08
0
0
0
0
0
0
0
0
0
0
0
0
0
0
0
2.924218e+08
3.022106e+08
3.147395e+08
3.303779e+08
3.496072e+08
0
0
0
0
0
0
0
0
0
0
0
0
0
0
2.846093e+08
2.939e+08
3.058014e+08
3.206547e+08
3.389053e+08
0
0
0
0
0
0
0
0
0
0
0
0
0
2.773228e+08
2.861478e+08
2.974646e+08
3.115884e+08
3.289305e+08
0
0
0
0
0
0
0
0
0
0
0
0
2.704647e+08
2.788522e+08
2.896166e+08
3.030535e+08
3.195427e+08
0
0
0
0
0
0
0
0
0
0
0
2.638724e+08
2.718357e+08
2.820692e+08
2.948432e+08
3.105122e+08
0
0
0
0
0
0
0
0
0
0
2.572938e+08
2.648396e+08
2.745441e+08
2.866618e+08
3.015163e+08
0
0
0
0
0
0
0
0
0
2.5052e+08
2.576393e+08
2.668164e+08
2.782733e+08
2.92311e+08
0
0
0
0
0
0
0
0
2.438414e+08
2.505572e+08
2.592222e+08
2.700527e+08
2.833143e+08
0
0
0
0
0
0
0
2.376055e+08
2.439266e+08
2.52125e+08
2.623757e+08
2.749348e+08
0
0
0
0
0
0
2.319647e+08
2.379314e+08
2.456906e+08
2.554275e+08
2.673567e+08
0
0
0
0
0
2.270048e+08
2.326037e+08
2.39975e+08
2.492398e+08
2.606208e+08
0
0
0
0
0
0
0
0
0
0
3.651223e+08
3.797879e+08
3.984433e+08
4.217599e+08
4.506425e+08
0
0
0
0
0
0
0
0
0
0
3.540012e+08
3.678526e+08
3.854703e+08
4.074668e+08
4.346619e+08
0
0
0
0
0
0
0
0
0
0
3.441851e+08
3.573405e+08
3.740793e+08
3.949665e+08
4.207553e+08
0
0
0
0
0
0
0
0
0
0
3.353286e+08
3.478733e+08
3.638473e+08
3.837776e+08
4.083625e+08
0
0
0
0
0
0
0
0
0
0
3.269784e+08
3.389622e+08
3.542395e+08
3.733032e+08
3.968057e+08
0
0
0
0
0
0
0
0
0
0
0
0
0
0
0
0
0
0
3.185736e+08
3.300096e+08
3.446074e+08
3.628282e+08
3.8528e+08
0
0
0
0
0
0
0
0
0
0
0
0
0
0
0
0
0
3.097719e+08
3.206489e+08
3.345454e+08
3.518919e+08
3.732525e+08
0
0
0
0
0
0
0
0
0
0
0
0
0
0
0
0
3.009821e+08
3.113037e+08
3.245021e+08
3.409755e+08
3.612459e+08
0
0
0
0
0
0
0
0
0
0
0
0
0
0
0
2.925442e+08
3.023341e+08
3.148631e+08
3.305004e+08
3.49727e+08
0
0
0
0
0
0
0
0
0
0
0
0
0
0
2.846093e+08
2.939e+08
3.058014e+08
3.206547e+08
3.389053e+08
0
0
0
0
0
0
0
0
0
0
0
0
0
2.772083e+08
2.860324e+08
2.97349e+08
3.114738e+08
3.288181e+08
0
0
0
0
0
0
0
0
0
0
0
0
2.703015e+08
2.786914e+08
2.894607e+08
3.029058e+08
3.194072e+08
0
0
0
0
0
0
0
0
0
0
0
2.638016e+08
2.717785e+08
2.820324e+08
2.948347e+08
3.10542e+08
0
0
0
0
0
0
0
0
0
0
2.575487e+08
2.651295e+08
2.74883e+08
2.870665e+08
3.020068e+08
0
0
0
0
0
0
0
0
0
2.513146e+08
2.584918e+08
2.677506e+08
2.793164e+08
2.93496e+08
0
0
0
0
0
0
0
0
2.448818e+08
2.51661e+08
2.604134e+08
2.713604e+08
2.847722e+08
0
0
0
0
0
0
0
2.385574e+08
2.449317e+08
2.532045e+08
2.635525e+08
2.76237e+08
0
0
0
0
0
0
2.326471e+08
2.386515e+08
2.464612e+08
2.562651e+08
2.682793e+08
0
0
0
0
0
2.273559e+08
2.329724e+08
2.403687e+08
2.496658e+08
2.610883e+08
0
0
0
0
2.227147e+08
2.279805e+08
2.349584e+08
2.438105e+08
2.54694e+08
0
0
0
0
0
0
0
0
0
0
3.531994e+08
3.669878e+08
3.845202e+08
4.064037e+08
4.334505e+08
0
0
0
0
0
0
0
0
0
0
3.427508e+08
3.557956e+08
3.723846e+08
3.930734e+08
4.186024e+08
0
0
0
0
0
0
0
0
0
0
3.335151e+08
3.459219e+08
3.61708e+08
3.813884e+08
4.05646e+08
0
0
0
0
0
0
0
0
0
0
3.251731e+08
3.370178e+08
3.52103e+08
3.709098e+08
3.940745e+08
0
0
0
0
0
0
0
0
0
0
3.173009e+08
3.286269e+08
3.43071e+08
3.610846e+08
3.832627e+08
0
0
0
0
0
0
0
0
0
0
0
0
0
0
0
0
0
3.093654e+08
3.201859e+08
3.340027e+08
3.512415e+08
3.724591e+08
0
0
0
0
0
0
0
0
0
0
0
0
0
0
0
0
3.010423e+08
3.113448e+08
3.245145e+08
3.409473e+08
3.611627e+08
0
0
0
0
0
0
0
0
0
0
0
0
0
0
0
2.927211e+08
3.025083e+08
3.150311e+08
3.306581e+08
3.498694e+08
0
0
0
0
0
0
0
0
0
0
0
0
0
0
2.847277e+08
2.940194e+08
3.059209e+08
3.207731e+08
3.390214e+08
0
0
0
0
0
0
0
0
0
0
0
0
0
2.772083e+08
2.860324e+08
2.97349e+08
3.114738e+08
3.288181e+08
0
0
0
0
0
0
0
0
0
0
0
0
2.701907e+08
2.785797e+08
2.893489e+08
3.027949e+08
3.192983e+08
0
0
0
0
0
0
0
0
0
0
0
2.636427e+08
2.716217e+08
2.818803e+08
2.946904e+08
3.10409e+08
0
0
0
0
0
0
0
0
0
0
2.574765e+08
2.650702e+08
2.748428e+08
2.870531e+08
3.020292e+08
0
0
0
0
0
0
0
0
0
2.515539e+08
2.587638e+08
2.680689e+08
2.796964e+08
2.939567e+08
0
0
0
0
0
0
0
0
2.456393e+08
2.524738e+08
2.613026e+08
2.723524e+08
2.858973e+08
0
0
0
0
0
0
0
2.395543e+08
2.45987e+08
2.543428e+08
2.648e+08
2.77626e+08
0
0
0
0
0
0
2.335592e+08
2.396149e+08
2.474938e+08
2.573899e+08
2.695218e+08
0
0
0
0
0
2.280121e+08
2.336626e+08
2.411073e+08
2.504669e+08
2.6197e+08
0
0
0
0
2.230523e+08
2.283355e+08
2.353363e+08
2.442192e+08
2.551416e+08
0
0
0
2.188475e+08
2.236641e+08
2.302674e+08
2.386772e+08
2.490922e+08
0
0
0
0
0
0
0
0
0
0
3.419959e+08
3.549833e+08
3.714946e+08
3.920806e+08
4.174753e+08
0
0
0
0
0
0
0
0
0
0
3.32163e+08
3.444686e+08
3.601177e+08
3.79617e+08
4.036381e+08
0
0
0
0
0
0
0
0
0
0
3.234609e+08
3.351793e+08
3.50092e+08
3.686701e+08
3.915358e+08
0
0
0
0
0
0
0
0
0
0
3.155948e+08
3.267929e+08
3.410604e+08
3.58838e+08
3.807066e+08
0
0
0
0
0
0
0
0
0
0
3.081637e+08
3.188826e+08
3.325576e+08
3.496056e+08
3.705716e+08
0
0
0
0
0
0
0
0
0
0
0
0
0
0
0
0
3.006632e+08
3.109133e+08
3.240093e+08
3.403425e+08
3.604262e+08
0
0
0
0
0
0
0
0
0
0
0
0
0
0
0
2.927841e+08
3.025537e+08
3.150498e+08
3.306393e+08
3.497998e+08
0
0
0
0
0
0
0
0
0
0
0
0
0
0
2.848998e+08
2.94189e+08
3.060848e+08
3.209275e+08
3.391616e+08
0
0
0
0
0
0
0
0
0
0
0
0
0
2.773228e+08
2.861478e+08
2.974646e+08
3.115884e+08
3.289305e+08
0
0
0
0
0
0
0
0
0
0
0
0
2.701907e+08
2.785797e+08
2.893489e+08
3.027949e+08
3.192983e+08
0
0
0
0
0
0
0
0
0
0
0
2.635353e+08
2.715135e+08
2.81772e+08
2.945829e+08
3.103035e+08
0
0
0
0
0
0
0
0
0
0
2.573215e+08
2.649173e+08
2.746943e+08
2.86912e+08
3.018988e+08
0
0
0
0
0
0
0
0
0
2.514805e+08
2.587025e+08
2.680258e+08
2.796785e+08
2.939725e+08
0
0
0
0
0
0
0
0
2.458634e+08
2.527294e+08
2.616017e+08
2.727098e+08
2.863305e+08
0
0
0
0
0
0
0
2.402784e+08
2.467619e+08
2.551906e+08
2.657442e+08
2.786959e+08
0
0
0
0
0
0
2.345136e+08
2.406259e+08
2.485818e+08
2.585816e+08
2.708465e+08
0
0
0
0
0
2.28889e+08
2.345856e+08
2.420969e+08
2.515425e+08
2.631572e+08
0
0
0
0
2.23682e+08
2.289991e+08
2.360441e+08
2.449869e+08
2.559847e+08
0
0
0
2.191742e+08
2.240053e+08
2.306312e+08
2.390693e+08
2.495216e+08
0
0
2.153873e+08
2.197732e+08
2.258873e+08
2.338777e+08
2.437965e+08
0
0
0
0
0
0
0
0
0
0
3.31451e+08
3.43704e+08
3.59282e+08
3.786876e+08
4.025864e+08
0
0
0
0
0
0
0
0
0
0
3.22184e+08
3.338096e+08
3.485965e+08
3.670087e+08
3.896584e+08
0
0
0
0
0
0
0
0
0
0
3.139756e+08
3.250574e+08
3.391663e+08
3.567336e+08
3.783282e+08
0
0
0
0
0
0
0
0
0
0
3.065491e+08
3.171498e+08
3.306617e+08
3.474924e+08
3.681738e+08
0
0
0
0
0
0
0
0
0
0
2.995271e+08
3.096831e+08
3.226476e+08
3.388043e+08
3.586562e+08
0
0
0
0
0
0
0
0
0
0
0
0
0
0
0
2.9243e+08
3.021511e+08
3.145787e+08
3.300758e+08
3.491144e+08
0
0
0
0
0
0
0
0
0
0
0
0
0
0
2.849651e+08
2.942379e+08
3.06109e+08
3.209169e+08
3.391038e+08
0
0
0
0
0
0
0
0
0
0
0
0
0
2.774903e+08
2.86313e+08
2.976244e+08
3.117394e+08
3.290684e+08
0
0
0
0
0
0
0
0
0
0
0
0
2.703015e+08
2.786914e+08
2.894607e+08
3.029058e+08
3.194072e+08
0
0
0
0
0
0
0
0
0
0
0
2.635353e+08
2.715135e+08
2.81772e+08
2.945829e+08
3.103035e+08
0
0
0
0
0
0
0
0
0
0
2.572173e+08
2.648125e+08
2.745894e+08
2.868079e+08
3.017965e+08
0
0
0
0
0
0
0
0
0
2.513293e+08
2.585533e+08
2.678809e+08
2.795405e+08
2.938447e+08
0
0
0
0
0
0
0
0
2.457885e+08
2.526666e+08
2.615559e+08
2.726879e+08
2.863403e+08
0
0
0
0
0
0
0
2.40489e+08
2.470016e+08
2.55472e+08
2.660805e+08
2.791037e+08
0
0
0
0
0
0
2.352043e+08
2.413666e+08
2.4939e+08
2.594818e+08
2.718646e+08
0
0
0
0
0
2.298063e+08
2.355534e+08
2.431391e+08
2.526814e+08
2.644224e+08
0
0
0
0
2.245229e+08
2.298865e+08
2.369921e+08
2.460175e+08
2.571197e+08
0
0
0
2.197829e+08
2.246422e+08
2.313117e+08
2.398049e+08
2.503293e+08
0
0
2.157015e+08
2.201035e+08
2.262369e+08
2.342552e+08
2.442084e+08
0
2.12671e+08
2.162909e+08
2.219393e+08
2.29396e+08
2.388464e+08
0
0
0
0
0
0
0
0
0
0
3.215112e+08
3.330885e+08
3.478102e+08
3.661365e+08
3.886745e+08
0
0
0
0
0
0
0
0
0
0
3.127677e+08
3.237641e+08
3.377573e+08
3.551721e+08
3.765686e+08
0
0
0
0
0
0
0
0
0
0
3.050158e+08
3.155089e+08
3.288744e+08
3.455113e+08
3.659406e+08
0
0
0
0
0
0
0
0
0
0
2.979969e+08
3.080435e+08
3.208569e+08
3.368127e+08
3.564022e+08
0
0
0
0
0
0
0
0
0
0
2.913543e+08
3.009882e+08
3.132937e+08
3.28627e+08
3.47451e+08
0
0
0
0
0
0
0
0
0
0
0
0
0
0
2.846341e+08
2.938617e+08
3.056691e+08
3.203911e+08
3.384649e+08
0
0
0
0
0
0
0
0
0
0
0
0
0
2.775577e+08
2.86365e+08
2.976534e+08
3.11736e+08
3.290211e+08
0
0
0
0
0
0
0
0
0
0
0
0
2.704647e+08
2.788522e+08
2.896166e+08
3.030535e+08
3.195427e+08
0
0
0
0
0
0
0
0
0
0
0
2.636427e+08
2.716217e+08
2.818803e+08
2.946904e+08
3.10409e+08
0
0
0
0
0
0
0
0
0
0
2.572173e+08
2.648125e+08
2.745894e+08
2.868079e+08
3.017965e+08
0
0
0
0
0
0
0
0
0
2.512282e+08
2.584515e+08
2.677792e+08
2.794395e+08
2.937456e+08
0
0
0
0
0
0
0
0
2.456405e+08
2.525209e+08
2.614142e+08
2.72553e+08
2.862148e+08
0
0
0
0
0
0
0
2.404133e+08
2.469367e+08
2.554239e+08
2.660548e+08
2.791082e+08
0
0
0
0
0
0
2.354008e+08
2.415923e+08
2.496543e+08
2.597986e+08
2.722487e+08
0
0
0
0
0
2.304688e+08
2.3626e+08
2.439117e+08
2.535395e+08
2.653928e+08
0
0
0
0
2.254013e+08
2.308167e+08
2.379896e+08
2.471083e+08
2.583284e+08
0
0
0
2.205957e+08
2.254931e+08
2.322229e+08
2.40792e+08
2.514165e+08
0
0
2.162854e+08
2.20719e+08
2.268899e+08
2.349623e+08
2.449822e+08
0
2.129779e+08
2.166084e+08
2.222776e+08
2.297587e+08
2.392427e+08
2.106958e+08
2.13557e+08
2.184043e+08
2.253568e+08
2.342234e+08
0
0
0
0
0
0
0
0
0
0
3.121308e+08
3.230828e+08
3.37016e+08
3.543518e+08
3.756459e+08
0
0
0
0
0
0
0
0
0
0
3.038717e+08
3.142856e+08
3.275444e+08
3.440407e+08
3.642878e+08
0
0
0
0
0
0
0
0
0
0
2.965428e+08
3.064899e+08
3.191675e+08
3.349442e+08
3.543012e+08
0
0
0
0
0
0
0
0
0
0
2.89902e+08
2.994345e+08
3.115999e+08
3.267467e+08
3.453279e+08
0
0
0
0
0
0
0
0
0
0
2.836142e+08
2.927607e+08
3.044547e+08
3.190244e+08
3.36899e+08
0
0
0
0
0
0
0
0
0
0
0
0
0
2.772478e+08
2.86013e+08
2.97242e+08
3.112446e+08
3.284245e+08
0
0
0
0
0
0
0
0
0
0
0
0
2.705339e+08
2.78907e+08
2.896497e+08
3.030564e+08
3.195047e+08
0
0
0
0
0
0
0
0
0
0
0
2.638016e+08
2.717785e+08
2.820324e+08
2.948347e+08
3.10542e+08
0
0
0
0
0
0
0
0
0
0
2.573215e+08
2.649173e+08
2.746943e+08
2.86912e+08
3.018988e+08
0
0
0
0
0
0
0
0
0
2.512282e+08
2.584515e+08
2.677792e+08
2.794395e+08
2.937456e+08
0
0
0
0
0
0
0
0
2.455422e+08
2.524221e+08
2.613155e+08
2.724551e+08
2.861186e+08
0
0
0
0
0
0
0
2.402687e+08
2.467941e+08
2.552855e+08
2.659227e+08
2.789852e+08
0
0
0
0
0
0
2.353231e+08
2.415261e+08
2.496036e+08
2.597698e+08
2.722481e+08
0
0
0
0
0
2.306539e+08
2.364709e+08
2.441609e+08
2.538376e+08
2.657552e+08
0
0
0
0
2.260323e+08
2.314943e+08
2.387267e+08
2.479284e+08
2.592533e+08
0
0
0
2.214449e+08
2.263837e+08
2.331816e+08
2.418359e+08
2.525739e+08
0
0
2.170642e+08
2.215414e+08
2.277636e+08
2.35911e+08
2.460232e+08
0
2.135479e+08
2.171989e+08
2.229087e+08
2.304371e+08
2.399863e+08
2.109872e+08
2.138672e+08
2.187296e+08
2.257078e+08
2.346042e+08
2.115665e+08
2.156288e+08
2.217381e+08
2.300578e+08
0
0
0
0
0
0
0
0
0
0
3.032678e+08
3.136407e+08
3.268441e+08
3.432677e+08
3.634205e+08
0
0
0
0
0
0
0
0
0
0
2.954576e+08
3.053313e+08
3.179099e+08
3.335566e+08
3.527455e+08
0
0
0
0
0
0
0
0
0
0
2.885212e+08
2.979614e+08
3.100008e+08
3.249813e+08
3.433474e+08
0
0
0
0
0
0
0
0
0
0
2.822341e+08
2.912865e+08
3.028502e+08
3.172466e+08
3.348956e+08
0
0
0
0
0
0
0
0
0
0
2.762797e+08
2.849694e+08
2.960926e+08
3.099534e+08
3.269479e+08
0
0
0
0
0
0
0
0
0
0
0
0
2.702438e+08
2.785773e+08
2.892645e+08
3.025963e+08
3.189467e+08
0
0
0
0
0
0
0
0
0
0
0
2.638724e+08
2.718357e+08
2.820692e+08
2.948432e+08
3.105122e+08
0
0
0
0
0
0
0
0
0
0
2.574765e+08
2.650702e+08
2.748428e+08
2.870531e+08
3.020292e+08
0
0
0
0
0
0
0
0
0
2.513293e+08
2.585533e+08
2.678809e+08
2.795405e+08
2.938447e+08
0
0
0
0
0
0
0
0
2.455422e+08
2.524221e+08
2.613155e+08
2.724551e+08
2.861186e+08
0
0
0
0
0
0
0
2.401731e+08
2.46698e+08
2.551896e+08
2.658276e+08
2.788918e+08
0
0
0
0
0
0
2.35181e+08
2.413867e+08
2.494679e+08
2.596404e+08
2.721274e+08
0
0
0
0
0
2.305755e+08
2.364025e+08
2.441083e+08
2.538052e+08
2.657502e+08
0
0
0
0
2.26203e+08
2.316934e+08
2.389602e+08
2.4821e+08
2.595948e+08
0
0
0
2.220542e+08
2.270294e+08
2.338885e+08
2.426184e+08
2.534578e+08
0
0
2.17875e+08
2.224024e+08
2.286815e+08
2.36914e+08
2.471305e+08
0
2.143085e+08
2.179869e+08
2.237531e+08
2.313466e+08
2.409867e+08
2.115265e+08
2.144437e+08
2.19335e+08
2.263633e+08
2.353175e+08
2.11861e+08
2.159466e+08
2.220754e+08
2.304261e+08
2.136034e+08
2.188965e+08
2.26323e+08
0
0
0
0
0
0
0
0
0
0
2.948843e+08
3.047201e+08
3.172473e+08
3.328268e+08
3.519288e+08
0
0
0
0
0
0
0
0
0
0
2.874904e+08
2.968627e+08
3.088101e+08
3.236699e+08
3.418804e+08
0
0
0
0
0
0
0
0
0
0
2.809213e+08
2.898878e+08
3.013344e+08
3.155762e+08
3.330254e+08
0
0
0
0
0
0
0
0
0
0
2.749665e+08
2.835686e+08
2.945705e+08
3.082699e+08
3.250547e+08
0
0
0
0
0
0
0
0
0
0
2.693239e+08
2.775867e+08
2.881751e+08
3.013746e+08
3.175522e+08
0
0
0
0
0
0
0
0
0
0
0
2.636004e+08
2.715267e+08
2.81708e+08
2.94412e+08
3.099895e+08
0
0
0
0
0
0
0
0
0
0
2.575487e+08
2.651295e+08
2.74883e+08
2.870665e+08
3.020068e+08
0
0
0
0
0
0
0
0
0
2.514805e+08
2.587025e+08
2.680258e+08
2.796785e+08
2.939725e+08
0
0
0
0
0
0
0
0
2.456405e+08
2.525209e+08
2.614142e+08
2.72553e+08
2.862148e+08
0
0
0
0
0
0
0
2.401731e+08
2.46698e+08
2.551896e+08
2.658276e+08
2.788918e+08
0
0
0
0
0
0
2.350876e+08
2.412932e+08
2.493746e+08
2.59548e+08
2.720366e+08
0
0
0
0
0
2.304362e+08
2.362653e+08
2.439755e+08
2.536782e+08
2.656318e+08
0
0
0
0
2.261212e+08
2.316239e+08
2.389047e+08
2.48175e+08
2.595852e+08
0
0
0
2.222164e+08
2.272134e+08
2.341092e+08
2.428827e+08
2.537808e+08
0
0
2.184513e+08
2.230259e+08
2.293552e+08
2.376644e+08
2.479739e+08
0
2.151014e+08
2.188091e+08
2.246404e+08
2.323068e+08
2.420505e+08
2.122423e+08
2.152133e+08
2.201439e+08
2.272423e+08
2.362763e+08
2.124064e+08
2.165376e+08
2.227042e+08
2.311153e+08
2.139051e+08
2.192261e+08
2.26677e+08
2.168165e+08
2.2339e+08
0
0
0
0
0
0
0
0
0
0
2.869455e+08
2.962825e+08
3.081822e+08
3.229796e+08
3.411098e+08
0
0
0
0
0
0
0
0
0
0
2.799409e+08
2.888443e+08
3.002053e+08
3.143349e+08
3.316397e+08
0
0
0
0
0
0
0
0
0
0
2.737167e+08
2.822389e+08
2.931316e+08
3.066872e+08
3.23286e+08
0
0
0
0
0
0
0
0
0
0
2.680732e+08
2.76254e+08
2.867292e+08
2.997781e+08
3.157604e+08
0
0
0
0
0
0
0
0
0
0
2.627252e+08
2.705856e+08
2.806742e+08
2.932544e+08
3.086704e+08
0
0
0
0
0
0
0
0
0
0
2.572938e+08
2.648396e+08
2.745441e+08
2.866618e+08
3.015163e+08
0
0
0
0
0
0
0
0
0
2.515539e+08
2.587638e+08
2.680689e+08
2.796964e+08
2.939567e+08
0
0
0
0
0
0
0
0
2.457885e+08
2.526666e+08
2.615559e+08
2.726879e+08
2.863403e+08
0
0
0
0
0
0
0
2.402687e+08
2.467941e+08
2.552855e+08
2.659227e+08
2.789852e+08
0
0
0
0
0
0
2.350876e+08
2.412932e+08
2.493746e+08
2.59548e+08
2.720366e+08
0
0
0
0
0
2.303452e+08
2.36174e+08
2.438848e+08
2.535882e+08
2.655435e+08
0
0
0
0
2.259829e+08
2.314895e+08
2.387739e+08
2.480505e+08
2.594687e+08
0
0
0
2.221344e+08
2.271403e+08
2.340523e+08
2.42844e+08
2.537676e+08
0
0
2.185954e+08
2.23201e+08
2.2956e+08
2.379148e+08
2.482778e+08
0
2.156655e+08
2.193989e+08
2.252909e+08
2.330221e+08
2.428593e+08
2.129802e+08
2.160173e+08
2.209912e+08
2.281704e+08
2.372947e+08
2.131306e+08
2.173278e+08
2.235462e+08
2.320418e+08
2.144642e+08
2.1984e+08
2.27338e+08
2.171293e+08
2.237358e+08
2.212348e+08
0
0
0
0
0
0
0
0
0
0
2.794221e+08
2.882928e+08
2.996096e+08
3.136811e+08
3.309112e+08
0
0
0
0
0
0
0
0
0
0
2.727831e+08
2.812466e+08
2.920596e+08
3.055107e+08
3.219751e+08
0
0
0
0
0
0
0
0
0
0
2.668821e+08
2.749883e+08
2.853616e+08
2.982763e+08
3.140853e+08
0
0
0
0
0
0
0
0
0
0
2.615324e+08
2.693165e+08
2.792989e+08
2.917384e+08
3.06972e+08
0
0
0
0
0
0
0
0
0
0
2.564605e+08
2.639442e+08
2.735621e+08
2.855635e+08
3.00267e+08
0
0
0
0
0
0
0
0
0
2.513146e+08
2.584918e+08
2.677506e+08
2.793164e+08
2.93496e+08
0
0
0
0
0
0
0
0
2.458634e+08
2.527294e+08
2.616017e+08
2.727098e+08
2.863305e+08
0
0
0
0
0
0
0
2.404133e+08
2.469367e+08
2.554239e+08
2.660548e+08
2.791082e+08
0
0
0
0
0
0
2.35181e+08
2.413867e+08
2.494679e+08
2.596404e+08
2.721274e+08
0
0
0
0
0
2.303452e+08
2.36174e+08
2.438848e+08
2.535882e+08
2.655435e+08
0
0
0
0
2.258932e+08
2.314005e+08
2.386852e+08
2.47963e+08
2.593826e+08
0
0
0
2.219987e+08
2.270066e+08
2.33924e+08
2.427212e+08
2.536532e+08
0
0
2.185058e+08
2.231274e+08
2.294988e+08
2.37874e+08
2.4826e+08
0
2.158051e+08
2.195555e+08
2.254862e+08
2.332553e+08
2.431477e+08
2.134889e+08
2.165947e+08
2.21607e+08
2.288611e+08
2.380658e+08
2.138789e+08
2.181564e+08
2.244326e+08
2.33026e+08
2.152078e+08
2.206625e+08
2.282254e+08
2.1771e+08
2.243812e+08
2.21563e+08
0
0
0
0
0
0
0
0
0
0
2.722887e+08
2.807217e+08
2.914934e+08
3.048905e+08
3.212855e+08
0
0
0
0
0
0
0
0
0
0
2.659923e+08
2.740435e+08
2.843425e+08
2.971596e+08
3.128434e+08
0
0
0
0
0
0
0
0
0
0
2.603959e+08
2.681104e+08
2.779974e+08
2.903114e+08
3.053832e+08
0
0
0
0
0
0
0
0
0
0
2.55322e+08
2.62734e+08
2.722527e+08
2.841221e+08
2.986548e+08
0
0
0
0
0
0
0
0
0
2.5052e+08
2.576393e+08
2.668164e+08
2.782733e+08
2.92311e+08
0
0
0
0
0
0
0
0
2.456393e+08
2.524738e+08
2.613026e+08
2.723524e+08
2.858973e+08
0
0
0
0
0
0
0
2.40489e+08
2.470016e+08
2.55472e+08
2.660805e+08
2.791037e+08
0
0
0
0
0
0
2.353231e+08
2.415261e+08
2.496036e+08
2.597698e+08
2.722481e+08
0
0
0
0
0
2.304362e+08
2.362653e+08
2.439755e+08
2.536782e+08
2.656318e+08
0
0
0
0
2.258932e+08
2.314005e+08
2.386852e+08
2.47963e+08
2.593826e+08
0
0
0
2.219111e+08
2.269188e+08
2.338375e+08
2.426355e+08
2.535694e+08
0
0
2.183678e+08
2.229963e+08
2.293711e+08
2.377535e+08
2.481468e+08
0
2.157161e+08
2.194741e+08
2.254243e+08
2.332096e+08
2.43127e+08
2.135906e+08
2.167466e+08
2.217828e+08
2.290839e+08
2.383353e+08
2.144003e+08
2.187592e+08
2.250868e+08
2.337707e+08
2.159792e+08
2.215294e+08
2.291655e+08
2.18484e+08
2.252481e+08
2.221734e+08
0
0
0
0
0
0
0
0
0
0
2.655204e+08
2.735433e+08
2.838037e+08
2.965704e+08
3.121896e+08
0
0
0
0
0
0
0
0
0
0
2.595466e+08
2.6721e+08
2.770273e+08
2.892502e+08
3.042051e+08
0
0
0
0
0
0
0
0
0
0
2.542366e+08
2.615834e+08
2.710128e+08
2.827645e+08
2.97146e+08
0
0
0
0
0
0
0
0
0
2.494318e+08
2.564844e+08
2.655681e+08
2.769013e+08
2.907788e+08
0
0
0
0
0
0
0
0
2.448818e+08
2.51661e+08
2.604134e+08
2.713604e+08
2.847722e+08
0
0
0
0
0
0
0
2.402784e+08
2.467619e+08
2.551906e+08
2.657442e+08
2.786959e+08
0
0
0
0
0
0
2.354008e+08
2.415923e+08
2.496543e+08
2.597986e+08
2.722487e+08
0
0
0
0
0
2.305755e+08
2.364025e+08
2.441083e+08
2.538052e+08
2.657502e+08
0
0
0
0
2.259829e+08
2.314895e+08
2.387739e+08
2.480505e+08
2.594687e+08
0
0
0
2.219111e+08
2.269188e+08
2.338375e+08
2.426355e+08
2.535694e+08
0
0
2.182796e+08
2.229106e+08
2.292857e+08
2.376699e+08
2.480647e+08
0
2.155802e+08
2.193403e+08
2.252989e+08
2.330893e+08
2.430156e+08
2.134784e+08
2.166656e+08
2.217126e+08
2.29037e+08
2.383088e+08
2.145137e+08
2.189301e+08
2.25289e+08
2.340286e+08
2.165245e+08
2.221699e+08
2.298712e+08
2.192914e+08
2.261675e+08
2.229892e+08
0
0
0
0
0
0
0
0
0
0
2.590958e+08
2.667326e+08
2.765139e+08
2.886897e+08
3.035842e+08
0
0
0
0
0
0
0
0
0
0
2.534253e+08
2.607241e+08
2.700883e+08
2.817547e+08
2.960267e+08
0
0
0
0
0
0
0
0
0
2.483938e+08
2.553855e+08
2.643853e+08
2.756083e+08
2.893439e+08
0
0
0
0
0
0
0
0
2.438414e+08
2.505572e+08
2.592222e+08
2.700527e+08
2.833143e+08
0
0
0
0
0
0
0
2.395543e+08
2.45987e+08
2.543428e+08
2.648e+08
2.77626e+08
0
0
0
0
0
0
2.352043e+08
2.413666e+08
2.4939e+08
2.594818e+08
2.718646e+08
0
0
0
0
0
2.306539e+08
2.364709e+08
2.441609e+08
2.538376e+08
2.657552e+08
0
0
0
0
2.261212e+08
2.316239e+08
2.389047e+08
2.48175e+08
2.595852e+08
0
0
0
2.219987e+08
2.270066e+08
2.33924e+08
2.427212e+08
2.536532e+08
0
0
2.182796e+08
2.229106e+08
2.292857e+08
2.376699e+08
2.480647e+08
0
2.154936e+08
2.19254e+08
2.252155e+08
2.330067e+08
2.429356e+08
2.133292e+08
2.16534e+08
2.215844e+08
2.289189e+08
2.381972e+08
2.144091e+08
2.188602e+08
2.252331e+08
2.340003e+08
2.166557e+08
2.223667e+08
2.301069e+08
2.19872e+08
2.268586e+08
2.238459e+08
0
0
0
0
0
0
0
0
0
0
2.529942e+08
2.60268e+08
2.695986e+08
2.812208e+08
2.954364e+08
0
0
0
0
0
0
0
0
0
2.476179e+08
2.545647e+08
2.635033e+08
2.746463e+08
2.882792e+08
0
0
0
0
0
0
0
0
2.428483e+08
2.495065e+08
2.58093e+08
2.688197e+08
2.819482e+08
0
0
0
0
0
0
0
2.385574e+08
2.449317e+08
2.532045e+08
2.635525e+08
2.76237e+08
0
0
0
0
0
0
2.345136e+08
2.406259e+08
2.485818e+08
2.585816e+08
2.708465e+08
0
0
0
0
0
2.304688e+08
2.3626e+08
2.439117e+08
2.535395e+08
2.653928e+08
0
0
0
0
2.26203e+08
2.316934e+08
2.389602e+08
2.4821e+08
2.595948e+08
0
0
0
2.221344e+08
2.271403e+08
2.340523e+08
2.42844e+08
2.537676e+08
0
0
2.183678e+08
2.229963e+08
2.293711e+08
2.377535e+08
2.481468e+08
0
2.154936e+08
2.19254e+08
2.252155e+08
2.330067e+08
2.429356e+08
2.132366e+08
2.164493e+08
2.215003e+08
2.288383e+08
2.38118e+08
2.14264e+08
2.187341e+08
2.251117e+08
2.338908e+08
2.165614e+08
2.223109e+08
2.300686e+08
2.200273e+08
2.270885e+08
2.244738e+08
0
0
0
0
0
0
0
0
0
2.47205e+08
2.541287e+08
2.630356e+08
2.741372e+08
2.877172e+08
0
0
0
0
0
0
0
0
2.421058e+08
2.487215e+08
2.572507e+08
2.679021e+08
2.809344e+08
0
0
0
0
0
0
0
2.376055e+08
2.439266e+08
2.52125e+08
2.623757e+08
2.749348e+08
0
0
0
0
0
0
2.335592e+08
2.396149e+08
2.474938e+08
2.573899e+08
2.695218e+08
0
0
0
0
0
2.298063e+08
2.355534e+08
2.431391e+08
2.526814e+08
2.644224e+08
0
0
0
0
2.260323e+08
2.314943e+08
2.387267e+08
2.479284e+08
2.592533e+08
0
0
0
2.222164e+08
2.272134e+08
2.341092e+08
2.428827e+08
2.537808e+08
0
0
2.185058e+08
2.231274e+08
2.294988e+08
2.37874e+08
2.4826e+08
0
2.155802e+08
2.193403e+08
2.252989e+08
2.330893e+08
2.430156e+08
2.132366e+08
2.164493e+08
2.215003e+08
2.288383e+08
2.38118e+08
2.141731e+08
2.186515e+08
2.250302e+08
2.338134e+08
2.164213e+08
2.221916e+08
2.299554e+08
2.199459e+08
2.270501e+08
2.246596e+08
0
0
0
0
0
0
0
0
2.417101e+08
2.483039e+08
2.568034e+08
2.67416e+08
2.803986e+08
0
0
0
0
0
0
0
2.368936e+08
2.431755e+08
2.513195e+08
2.614996e+08
2.739681e+08
0
0
0
0
0
0
2.326471e+08
2.386515e+08
2.464612e+08
2.562651e+08
2.682793e+08
0
0
0
0
0
2.28889e+08
2.345856e+08
2.420969e+08
2.515425e+08
2.631572e+08
0
0
0
0
2.254013e+08
2.308167e+08
2.379896e+08
2.471083e+08
2.583284e+08
0
0
0
2.220542e+08
2.270294e+08
2.338885e+08
2.426184e+08
2.534578e+08
0
0
2.185954e+08
2.23201e+08
2.2956e+08
2.379148e+08
2.482778e+08
0
2.157161e+08
2.194741e+08
2.254243e+08
2.332096e+08
2.43127e+08
2.133292e+08
2.16534e+08
2.215844e+08
2.289189e+08
2.381972e+08
2.141731e+08
2.186515e+08
2.250302e+08
2.338134e+08
2.163323e+08
2.221117e+08
2.298769e+08
2.19812e+08
2.269389e+08
2.245941e+08
0
0
0
0
0
0
0
2.365137e+08
2.427753e+08
2.508914e+08
2.610349e+08
2.734568e+08
0
0
0
0
0
0
2.319647e+08
2.379314e+08
2.456906e+08
2.554275e+08
2.673567e+08
0
0
0
0
0
2.280121e+08
2.336626e+08
2.411073e+08
2.504669e+08
2.6197e+08
0
0
0
0
2.245229e+08
2.298865e+08
2.369921e+08
2.460175e+08
2.571197e+08
0
0
0
2.214449e+08
2.263837e+08
2.331816e+08
2.418359e+08
2.525739e+08
0
0
2.184513e+08
2.230259e+08
2.293552e+08
2.376644e+08
2.479739e+08
0
2.158051e+08
2.195555e+08
2.254862e+08
2.332553e+08
2.431477e+08
2.134784e+08
2.166656e+08
2.217126e+08
2.29037e+08
2.383088e+08
2.14264e+08
2.187341e+08
2.251117e+08
2.338908e+08
2.163323e+08
2.221117e+08
2.298769e+08
2.197253e+08
2.268621e+08
2.244673e+08
0
0
0
0
0
0
2.316001e+08
2.375473e+08
2.452804e+08
2.549828e+08
2.668681e+08
0
0
0
0
0
2.273559e+08
2.329724e+08
2.403687e+08
2.496658e+08
2.610883e+08
0
0
0
0
2.23682e+08
2.289991e+08
2.360441e+08
2.449869e+08
2.559847e+08
0
0
0
2.205957e+08
2.254931e+08
2.322229e+08
2.40792e+08
2.514165e+08
0
0
2.17875e+08
2.224024e+08
2.286815e+08
2.36914e+08
2.471305e+08
0
2.156655e+08
2.193989e+08
2.252909e+08
2.330221e+08
2.428593e+08
2.135906e+08
2.167466e+08
2.217828e+08
2.290839e+08
2.383353e+08
2.144091e+08
2.188602e+08
2.252331e+08
2.340003e+08
2.164213e+08
2.221916e+08
2.299554e+08
2.197253e+08
2.268621e+08
2.243833e+08
0
0
0
0
0
2.270048e+08
2.326037e+08
2.39975e+08
2.492398e+08
2.606208e+08
0
0
0
0
2.230523e+08
2.283355e+08
2.353363e+08
2.442192e+08
2.551416e+08
0
0
0
2.197829e+08
2.246422e+08
2.313117e+08
2.398049e+08
2.503293e+08
0
0
2.170642e+08
2.215414e+08
2.277636e+08
2.35911e+08
2.460232e+08
0
2.151014e+08
2.188091e+08
2.246404e+08
2.323068e+08
2.420505e+08
2.134889e+08
2.165947e+08
2.21607e+08
2.288611e+08
2.380658e+08
2.145137e+08
2.189301e+08
2.25289e+08
2.340286e+08
2.165614e+08
2.223109e+08
2.300686e+08
2.19812e+08
2.269389e+08
2.243833e+08
0
0
0
0
2.227147e+08
2.279805e+08
2.349584e+08
2.438105e+08
2.54694e+08
0
0
0
2.191742e+08
2.240053e+08
2.306312e+08
2.390693e+08
2.495216e+08
0
0
2.162854e+08
2.20719e+08
2.268899e+08
2.349623e+08
2.449822e+08
0
2.143085e+08
2.179869e+08
2.237531e+08
2.313466e+08
2.409867e+08
2.129802e+08
2.160173e+08
2.209912e+08
2.281704e+08
2.372947e+08
2.144003e+08
2.187592e+08
2.250868e+08
2.337707e+08
2.166557e+08
2.223667e+08
2.301069e+08
2.199459e+08
2.270501e+08
2.244673e+08
0
0
0
2.188475e+08
2.236641e+08
2.302674e+08
2.386772e+08
2.490922e+08
0
0
2.157015e+08
2.201035e+08
2.262369e+08
2.342552e+08
2.442084e+08
0
2.135479e+08
2.171989e+08
2.229087e+08
2.304371e+08
2.399863e+08
2.122423e+08
2.152133e+08
2.201439e+08
2.272423e+08
2.362763e+08
2.138789e+08
2.181564e+08
2.244326e+08
2.33026e+08
2.165245e+08
2.221699e+08
2.298712e+08
2.200273e+08
2.270885e+08
2.245941e+08
0
0
2.153873e+08
2.197732e+08
2.258873e+08
2.338777e+08
2.437965e+08
0
2.129779e+08
2.166084e+08
2.222776e+08
2.297587e+08
2.392427e+08
2.115265e+08
2.144437e+08
2.19335e+08
2.263633e+08
2.353175e+08
2.131306e+08
2.173278e+08
2.235462e+08
2.320418e+08
2.159792e+08
2.215294e+08
2.291655e+08
2.19872e+08
2.268586e+08
2.246596e+08
0
2.12671e+08
2.162909e+08
2.219393e+08
2.29396e+08
2.388464e+08
2.109872e+08
2.138672e+08
2.187296e+08
2.257078e+08
2.346042e+08
2.124064e+08
2.165376e+08
2.227042e+08
2.311153e+08
2.152078e+08
2.206625e+08
2.282254e+08
2.192914e+08
2.261675e+08
2.244738e+08
2.106958e+08
2.13557e+08
2.184043e+08
2.253568e+08
2.342234e+08
2.11861e+08
2.159466e+08
2.220754e+08
2.304261e+08
2.144642e+08
2.1984e+08
2.27338e+08
2.18484e+08
2.252481e+08
2.238459e+08
2.115665e+08
2.156288e+08
2.217381e+08
2.300578e+08
2.139051e+08
2.192261e+08
2.26677e+08
2.1771e+08
2.243812e+08
2.229892e+08
2.136034e+08
2.188965e+08
2.26323e+08
2.171293e+08
2.237358e+08
2.221734e+08
2.168165e+08
2.2339e+08
2.21563e+08
2.212348e+08
)
;

boundaryField
{
    airInlet
    {
        type            calculated;
        value           uniform 0;
    }
    airOutlet
    {
        type            calculated;
        value           uniform 0;
    }
    cathodeSides
    {
        type            calculated;
        value           uniform 0;
    }
    air_to_interconnect
    {
        type            calculated;
        value           uniform 0;
    }
    air_to_electrolyte
    {
        type            calculated;
        value           uniform 0;
    }
}


// ************************************************************************* //
