/*--------------------------------*- C++ -*----------------------------------*\
| =========                 |                                                 |
| \\      /  F ield         | OpenFOAM: The Open Source CFD Toolbox           |
|  \\    /   O peration     | Version:  2306                                  |
|   \\  /    A nd           | Website:  www.openfoam.com                      |
|    \\/     M anipulation  |                                                 |
\*---------------------------------------------------------------------------*/
FoamFile
{
    version     2.0;
    format      ascii;
    arch        "LSB;label=32;scalar=64";
    class       cellSet;
    location    "constant/phiEC/polyMesh/sets";
    object      ccl;
}
// * * * * * * * * * * * * * * * * * * * * * * * * * * * * * * * * * * * * * //


4000
(
16384
16395
16396
16397
16398
8206
16399
8207
16410
16411
16412
16413
16414
8223
8224
8225
16425
16426
16427
16428
16429
8241
8242
8243
8244
16440
16441
16442
16443
16444
8260
8261
16454
8262
16455
8263
16456
8264
16457
16458
16467
16468
16469
16470
16471
8280
8281
8282
8283
8284
16479
16480
16481
16482
16483
16490
16491
16492
8300
16493
8301
16494
8302
8303
8304
16500
16501
16502
16503
16504
16509
16510
16511
16512
8320
16513
8321
8322
8323
8324
8340
8341
8342
8343
16536
8344
16537
16538
16539
16540
8360
8361
8362
8363
8364
16562
16563
16564
16565
16566
8380
8381
8382
8383
8384
16587
16588
16589
16590
16591
8400
8401
8402
8403
8404
16611
16612
16613
16614
16615
8430
8431
8432
8433
8434
16634
16635
16636
16637
16638
16649
16650
16651
16652
8460
16653
8461
8462
8463
8464
16664
16665
16666
16667
16668
16679
16680
16681
16682
8490
16683
8491
8492
8493
8494
16694
16695
16696
16697
16698
16709
16710
16711
8519
16712
8520
16713
8521
8522
8523
16724
16725
16726
16727
16728
16739
8547
16740
8548
16741
8549
16742
8550
16743
8551
16754
16755
16756
16757
16758
16768
16769
16770
16771
16772
16781
16782
16783
16784
16785
16793
16794
16795
16796
16797
16804
16805
16806
16807
16808
16814
16815
16816
16817
16818
8626
16823
16824
16825
16826
16827
16831
16832
16833
16834
16835
8652
8653
16857
16858
16859
16860
16861
8679
8680
8681
16882
16883
16884
16885
16886
8697
8698
8699
8700
16906
16907
16908
8716
16909
8717
16910
8718
8719
8720
8736
16929
8737
16930
8738
16931
8739
16932
8740
16933
8756
8757
8758
16951
8759
16952
8760
16953
16954
16955
16966
16967
16968
8776
16969
8777
16970
8778
8779
8780
16981
16982
16983
16984
16985
8796
8797
8798
8799
8800
16996
16997
16998
16999
17000
8816
8817
8818
17011
8819
17012
8820
17013
17014
17015
17026
17027
17028
8836
17029
8837
17030
8838
8839
8840
17041
17042
17043
17044
17045
8856
8857
8858
8859
8860
17056
17057
17058
17059
17060
8876
8877
17070
8878
17071
8879
17072
8880
17073
17074
17083
17084
17085
17086
17087
17095
17096
17097
17098
8906
17099
8907
8908
8909
8910
17106
17107
17108
17109
17110
17116
17117
17118
17119
17120
17125
17126
17127
17128
8936
17129
8937
8938
8939
8940
17133
17134
17135
17136
17137
17140
17141
17142
17143
17144
8965
8966
8967
8968
8969
17165
17166
17167
17168
17169
8993
8994
8995
8996
17189
8997
17190
17191
17192
17193
17212
9020
17213
9021
17214
9022
17215
9023
17216
9024
17234
17235
17236
17237
17238
17255
17256
17257
17258
17259
9075
17270
17271
17272
17273
17274
17285
17286
17287
17288
17289
9101
9102
17300
17301
17302
17303
17304
17315
17316
17317
17318
17319
9128
9129
9130
17330
17331
17332
17333
17334
17345
17346
17347
17348
9156
17349
9157
9158
9159
17359
17360
17361
17362
17363
9175
9176
9177
9178
9179
17372
17373
17374
17375
17376
17384
17385
17386
17387
9195
17388
9196
9197
9198
9199
17395
17396
17397
17398
17399
17405
17406
17407
9215
17408
9216
17409
9217
9218
9219
17414
17415
17416
17417
17418
17422
17423
17424
17425
17426
9235
9236
17429
9237
17430
9238
17431
9239
17432
17433
17435
17436
17437
17438
17439
9255
9256
9257
9258
9259
17459
17460
17461
17462
17463
9275
9276
9277
9278
9279
17482
17483
17484
17485
17486
9295
9296
9297
9298
9299
17504
17505
17506
17507
9315
17508
9316
9317
9318
9319
17525
17526
17527
9335
17528
9336
17529
9337
9338
9339
17545
17546
17547
9355
17548
9356
17549
9357
9358
9359
17560
17561
17562
17563
17564
17575
17576
17577
9385
17578
9386
17579
9387
9388
9389
17590
17591
17592
17593
17594
17605
17606
9414
17607
9415
17608
9416
17609
9417
9418
17620
17621
17622
17623
17624
17634
9442
17635
9443
17636
9444
17637
9445
17638
9446
17647
17648
17649
17650
17651
17659
17660
17661
9469
17662
9470
17663
9471
9472
9473
17670
17671
17672
17673
17674
17680
17681
17682
17683
17684
9495
9496
17689
9497
17690
9498
17691
9499
17692
17693
17697
17698
17699
17700
17701
17704
17705
17706
17707
17708
17710
17711
17712
17713
17714
17715
17716
17717
9525
17718
17719
17738
17739
17740
17741
17742
9551
9552
17760
17761
17762
17763
17764
9578
9579
9580
17781
17782
17783
17784
17785
9606
9607
9608
17801
9609
17802
17803
17804
17805
17820
17821
17822
17823
17824
9635
9636
9637
9638
9639
17835
17836
17837
17838
17839
9655
9656
9657
17850
9658
17851
9659
17852
17853
17854
17865
17866
17867
9675
17868
9676
17869
9677
9678
9679
17880
17881
17882
17883
17884
9695
9696
9697
9698
9699
17894
17895
17896
17897
17898
17907
9715
17908
9716
17909
9717
17910
9718
17911
9719
17919
17920
17921
17922
17923
9735
9736
9737
17930
9738
17931
9739
17932
17933
17934
17940
17941
17942
17943
17944
9755
9756
17949
9757
17950
9758
17951
9759
17952
17953
17957
17958
17959
17960
17961
17964
17965
17966
17967
9775
17968
9776
9777
17970
9778
17971
9779
17972
17973
17974
17975
17976
17977
17978
17979
17980
17981
17982
17983
9795
9796
9797
9798
9799
18001
18002
18003
18004
18005
9815
9816
9817
9818
9819
18022
18023
18024
18025
18026
9835
9836
9837
9838
9839
18042
18043
18044
18045
18046
9864
9865
9866
9867
9868
18061
18062
18063
18064
18065
18079
18080
18081
18082
18083
9892
9893
9894
9895
9896
18094
18095
18096
18097
18098
18109
18110
18111
9919
18112
9920
18113
9921
9922
9923
18124
18125
18126
18127
18128
9945
18138
9946
18139
9947
18140
9948
18141
9949
18142
18151
18152
18153
18154
18155
9970
18163
9971
18164
9972
18165
9973
18166
9974
18167
18174
18175
18176
18177
18178
18184
18185
18186
18187
18188
10000
18193
10001
18194
18195
18196
18197
18201
18202
18203
18204
18205
18208
18209
18210
18211
18212
18214
18215
18216
18217
18218
18219
10027
18220
10028
18221
10029
18222
18223
18224
18225
18226
18227
18228
18229
18230
18247
10055
18248
10056
18249
10057
18250
10058
18251
18267
18268
18269
18270
18271
10084
10085
10086
10087
10088
18286
18287
18288
18289
18290
18304
18305
18306
10114
18307
10115
18308
10116
10117
10118
18321
18322
18323
18324
18325
10134
10135
10136
10137
10138
18336
18337
18338
18339
18340
10154
10155
10156
10157
10158
18351
18352
18353
18354
18355
18365
18366
10174
18367
10175
18368
10176
18369
10177
10178
18378
18379
18380
18381
18382
10194
10195
10196
10197
18390
10198
18391
18392
18393
18394
18401
18402
18403
18404
18405
10214
10215
10216
10217
10218
18411
18412
18413
18414
18415
18420
18421
18422
18423
18424
10234
10235
18428
10236
18429
10237
18430
10238
18431
18432
18435
18436
18437
18438
18439
18441
18442
18443
18444
18445
18446
10254
18447
10255
18448
10256
18449
10257
18450
10258
18451
18452
18453
18454
18455
18456
18457
18458
18459
10274
10275
10276
10277
10278
18475
18476
18477
18478
18479
10294
10295
10296
10297
10298
18494
18495
18496
18497
18498
10313
10314
10315
10316
10317
18512
18513
18514
18515
18516
18529
18530
18531
18532
18533
10341
10342
10343
10344
10345
18545
18546
18547
18548
18549
18560
10368
18561
10369
18562
10370
18563
10371
18564
10372
18574
18575
18576
18577
18578
10394
18587
10395
18588
10396
18589
10397
18590
10398
18591
18599
18600
18601
18602
18603
18610
18611
10419
18612
10420
18613
10421
18614
10422
10423
18620
18621
18622
18623
18624
18629
18630
18631
18632
18633
10443
10444
18637
10445
18638
10446
18639
10447
18640
18641
18644
18645
18646
18647
18648
18650
18651
18652
18653
18654
18655
18656
18657
18658
18659
18660
18661
18662
18663
18664
18665
10473
18666
10474
18667
10475
18668
18669
18684
18685
18686
18687
18688
10501
10502
10503
10504
18702
18703
18704
18705
18706
18719
18720
18721
18722
10530
18723
10531
10532
10533
10534
18735
18736
18737
18738
18739
18750
18751
18752
10560
18753
10561
18754
10562
10563
10564
18764
18765
18766
18767
18768
18777
18778
18779
18780
18781
10590
10591
10592
10593
10594
18789
18790
18791
18792
18793
18800
18801
18802
10610
18803
10611
18804
10612
10613
10614
18810
18811
18812
18813
18814
18819
18820
18821
18822
10630
18823
10631
10632
10633
10634
18827
18828
18829
18830
18831
18834
18835
18836
18837
18838
18840
18841
18842
10650
18843
10651
18844
10652
18845
10653
18846
10654
18847
18848
18849
18850
18851
18852
18853
18854
18855
18856
18857
18858
18859
10670
10671
10672
10673
10674
18873
18874
18875
18876
18877
10690
10691
10692
10693
10694
18890
18891
18892
18893
18894
2515
10710
10711
10712
10713
18906
10714
18907
18908
18909
18910
18921
18922
10730
18923
10731
18924
10732
18925
10733
10734
18935
18936
18937
18938
18939
10750
10751
10752
10753
10754
18948
18949
18950
18951
18952
18960
18961
10769
18962
10770
18963
10771
18964
10772
10773
18971
18972
18973
18974
18975
10787
10788
18981
10789
18982
10790
18983
10791
18984
18985
18990
18991
18992
18993
18994
18998
18999
19000
19001
19002
19005
19006
10814
19007
10815
19008
10816
19009
10817
10818
19011
19012
19013
19014
19015
19016
19017
19018
19019
19020
19021
19022
19023
19024
19025
19026
19027
19028
19029
19030
10840
10841
10842
10843
10844
19043
19044
19045
19046
19047
10865
10866
19059
10867
19060
10868
19061
10869
19062
19063
19074
19075
19076
19077
19078
10889
10890
10891
10892
10893
19088
19089
19090
19091
19092
19101
19102
19103
19104
10912
19105
10913
10914
10915
10916
19113
19114
19115
19116
19117
19124
19125
2741
19126
19127
19128
19134
10942
19135
10943
19136
10944
19137
10945
19138
19143
19144
19145
19146
19147
19151
2767
19152
2768
19153
19154
19155
19158
19159
19160
19161
19162
10971
19164
10972
19165
10973
19166
10974
19167
10975
19168
19169
19170
19171
19172
19173
19174
19175
19176
19177
19178
19179
19180
19181
19182
19183
11001
11002
19195
11003
19196
11004
19197
11005
19198
19199
19210
19211
19212
19213
19214
11031
19224
11032
19225
11033
19226
11034
19227
11035
19228
19237
19238
19239
19240
19241
19249
19250
19251
19252
19253
11061
11062
11063
11064
11065
19260
19261
19262
19263
19264
19270
19271
19272
19273
11081
19274
11082
11083
11084
11085
19279
19280
19281
19282
19283
19287
19288
19289
19290
19291
11101
19294
11102
19295
11103
19296
11104
19297
11105
19298
19300
19301
19302
19303
19304
19305
19306
19307
19308
19309
19310
19311
19312
19313
11121
19314
11122
19315
11123
19316
11124
19317
11125
19318
19319
19330
19331
19332
19333
11141
19334
11142
11143
11144
11145
19344
19345
19346
19347
19348
11161
11162
11163
11164
19357
11165
19358
19359
19360
19361
2984
19369
19370
19371
19372
19373
11181
11182
11183
11184
11185
19380
19381
19382
19383
19384
19390
19391
19392
19393
11201
19394
11202
3010
11203
3011
11204
11205
19399
19400
19401
19402
19403
19407
19408
19409
19410
19411
11220
11221
19414
11222
19415
11223
19416
11224
19417
19418
19420
19421
3037
19422
3038
19423
3039
19424
19425
19426
19427
19428
19429
19430
11238
19431
11239
19432
11240
19433
11241
19434
11242
19435
19436
19437
19438
19439
11255
11256
19449
11257
19450
11258
19451
11259
19452
19453
19462
19463
19464
19465
19466
11281
19474
11282
19475
11283
19476
11284
19477
11285
19478
19485
19486
19487
19488
19489
19495
19496
19497
19498
11306
19499
11307
11308
11309
11310
19504
19505
19506
19507
19508
19512
19513
19514
19515
19516
19519
19520
19521
19522
11330
19523
11331
11332
19525
11333
19526
11334
19527
19528
19529
19530
19531
19532
19533
19534
19535
19536
19537
19538
19539
19540
19541
19542
19543
19544
11353
11354
11355
11356
11357
19553
19554
19555
19556
19557
19565
19566
19567
11375
19568
11376
19569
11377
11378
11379
19576
19577
19578
19579
19580
19586
19587
19588
19589
19590
19595
19596
19597
11405
19598
11406
19599
11407
11408
11409
19603
19604
19605
19606
19607
19610
19611
19612
19613
19614
19616
19617
19618
19619
19620
19621
19622
19623
19624
19625
19626
19627
11435
19628
11436
19629
11437
3245
19630
11438
19631
11439
19632
19633
19634
19635
19643
19644
19645
19646
19647
19654
19655
3271
19656
3272
19657
11465
19658
11466
11467
11468
11469
19664
19665
19666
19667
19668
19673
19674
19675
19676
19677
19681
19682
3298
19683
3299
19684
3300
19685
11495
19688
11496
19689
11497
19690
11498
19691
11499
19692
19694
19695
19696
19697
19698
19699
19700
19701
19702
19703
19704
19705
19706
19707
19708
19709
19710
3326
19711
3327
19712
3328
19713
3329
11525
11526
11527
19720
11528
19721
11529
19722
19723
19724
19730
19731
19732
19733
19734
11545
11546
19739
11547
19740
11548
19741
11549
19742
19743
19747
19748
19749
19750
19751
19754
19755
19756
19757
11565
19758
11566
11567
19760
11568
19761
11569
19762
19763
19764
19765
19766
19767
19768
19769
19770
19771
19772
19773
19774
19775
19776
19777
11585
19778
11586
19779
11587
11588
11589
19785
19786
19787
19788
19789
19794
19795
19796
19797
11605
19798
11606
11607
11608
11609
19802
19803
19804
19805
19806
19809
19810
19811
19812
19813
19815
19816
19817
11625
19818
11626
19819
11627
19820
11628
19821
11629
19822
19823
19824
19825
19826
19827
19828
19829
19830
19831
19832
19833
19834
11645
11646
19839
11647
19840
11648
19841
11649
19842
19843
19847
19848
19849
19850
19851
19854
19855
19856
11664
19857
11665
19858
11666
11667
19860
11668
19861
19862
19863
19864
19865
19866
19867
19868
19869
19870
19871
19872
19873
19874
11682
19875
11683
19876
11684
19877
11685
19878
11686
19879
19883
19884
19885
19886
19887
19890
19891
11699
19892
11700
19893
11701
19894
11702
11703
19896
19897
19898
19899
19900
19901
19902
19903
19904
19905
19906
19907
11715
19908
11716
19909
11717
3525
19910
11718
19911
11719
19912
19913
19914
19915
19918
19919
19920
19921
19922
19924
19925
19926
19927
19928
19929
19930
19931
19932
11740
19933
11741
19934
11742
19935
11743
3551
19936
11744
3552
19937
19938
19939
19940
19941
19942
19943
19945
19946
19947
19948
19949
19950
19951
19952
19953
19954
19955
19956
11764
19957
11765
19958
11766
19959
11767
19960
11768
19961
19962
3578
19963
3579
19964
3580
19965
19966
19967
19968
19969
19970
19971
19972
19973
19974
19975
19976
19977
19978
19979
11787
19980
11788
19981
11789
19982
11790
19983
11791
19984
19985
19986
19987
19988
19989
19990
3606
19991
3607
19992
3608
19993
3609
19994
19995
19996
19997
19998
19999
11809
11810
11811
11812
11813
3635
3636
3637
11830
3638
11831
3639
11832
11833
11834
11860
11861
11862
11863
11864
11890
11891
11892
11893
11894
11920
11921
11922
11923
11924
11950
11951
11952
11953
11954
11980
11981
11982
11983
11984
12000
12001
12002
12003
12004
3824
12020
12021
12022
12023
12024
12040
12041
12042
3850
12043
3851
12044
12060
12061
12062
12063
12064
3877
3878
3879
12080
12081
12082
12083
12084
3905
3906
12099
3907
12100
3908
12101
12102
12103
12117
12118
12119
12120
12121
3934
3935
3936
3937
3938
12134
12135
12136
12137
12138
12150
12151
12152
12153
12154
3964
3965
3966
3967
3968
12165
12166
12167
12168
12169
12189
12190
12191
12192
12193
12212
12213
12214
12215
12216
12234
12235
12236
12237
12238
12255
12256
12257
12258
12259
12275
12276
12277
12278
12279
12305
12306
12307
12308
12309
12335
12336
12337
12338
12339
4151
4167
4168
12365
12366
12367
12368
12369
4194
4195
4196
12395
12396
12397
12398
12399
4222
4223
4224
4225
12425
12426
12427
12428
12429
4251
4252
12445
4253
12446
4254
12447
4255
12448
12449
12465
12466
12467
12468
12469
4281
4282
4283
4284
4285
12485
12486
12487
12488
12489
4311
4312
12505
4313
12506
4314
12507
4315
12508
12509
12524
12525
12526
12527
12528
12542
12543
12544
12545
12546
12559
12560
12561
12562
12563
12575
12576
12577
12578
12579
12590
12591
12592
12593
12594
12605
12606
12607
12608
12609
12628
12629
12630
12631
12632
12650
12651
12652
12653
12654
12671
12672
12673
12674
12675
4495
12691
12692
12693
12694
12695
4511
4512
12710
12711
12712
12713
12714
4528
4529
4530
12740
12741
12742
12743
12744
4556
4557
4558
4559
12770
12771
12772
12773
12774
4585
4586
4587
4588
4589
12800
12801
12802
12803
12804
4615
4616
4617
4618
4619
12830
12831
12832
12833
12834
4645
4646
4647
4648
4649
12860
12861
12862
12863
12864
4675
4676
4677
4678
4679
12880
12881
12882
12883
12884
12900
12901
12902
12903
12904
12920
12921
12922
12923
12924
12939
12940
12941
12942
12943
12957
12958
12959
12960
12961
12974
12975
12976
12977
12978
12990
12991
12992
12993
12994
13005
13006
13007
13008
13009
13020
13021
13022
13023
13024
13035
13036
13037
13038
13039
4855
13057
13058
13059
13060
13061
4871
4872
13078
13079
13080
4888
13081
4889
13082
4890
13098
4906
13099
4907
13100
4908
13101
4909
13102
13117
13118
13119
13120
13121
4935
4936
4937
4938
4939
13135
13136
13137
13138
13139
4965
4966
4967
4968
4969
13165
13166
13167
13168
13169
4995
4996
4997
4998
4999
13195
13196
13197
13198
13199
5025
5026
5027
5028
5029
13225
13226
13227
13228
13229
5055
5056
5057
5058
5059
13255
13256
13257
13258
13259
13285
13286
13287
13288
13289
13305
13306
13307
13308
13309
13325
13326
13327
13328
13329
13344
13345
13346
13347
13348
13362
13363
13364
13365
13366
13379
13380
13381
13382
13383
13395
13396
13397
13398
13399
13410
13411
13412
13413
13414
5230
13425
13426
13427
13428
13429
5246
5247
13440
13441
13442
13443
13444
13455
5263
13456
5264
13457
5265
13458
13459
5281
5282
5283
13476
5284
13477
13478
13479
13480
5300
5301
5302
5303
13496
5304
13497
13498
13499
13500
13515
13516
13517
13518
13519
5330
5331
5332
5333
5334
13533
13534
13535
13536
13537
13550
13551
13552
5360
13553
5361
13554
5362
5363
5364
13580
13581
13582
5390
13583
5391
13584
5392
5393
5394
13610
13611
13612
5420
13613
5421
13614
5422
5423
5424
13640
13641
13642
5450
13643
5451
13644
5452
5453
5454
13670
13671
13672
13673
13674
13700
13701
13702
13703
13704
13720
13721
13722
13723
13724
13739
13740
13741
13742
13743
13757
13758
13759
13760
13761
13774
13775
13776
13777
13778
13790
13791
13792
13793
13794
13805
13806
13807
13808
13809
5619
13820
13821
13822
13823
13824
5635
5636
13835
13836
13837
13838
13839
5652
5653
5654
13850
13851
13852
13853
13854
5670
5671
5672
13865
5673
13866
13867
13868
13869
5689
5690
5691
5692
13885
5693
13886
13887
13888
13889
5709
5710
5711
13904
5712
13905
5713
13906
13907
13908
13922
13923
13924
13925
13926
5739
5740
5741
5742
5743
13939
13940
13941
13942
13943
13955
13956
13957
13958
13959
5769
5770
5771
5772
5773
13985
13986
13987
13988
13989
5799
5800
5801
5802
5803
14015
14016
14017
14018
14019
5829
5830
5831
5832
5833
14045
14046
14047
14048
14049
5859
5860
5861
5862
5863
14075
14076
14077
14078
14079
14105
14106
14107
14108
14109
14124
14125
14126
14127
14128
14142
14143
14144
14145
14146
14159
14160
14161
14162
14163
14175
14176
14177
14178
14179
14190
14191
14192
14193
14194
14205
14206
14207
14208
14209
6021
14220
14221
14222
14223
14224
6037
6038
14235
14236
14237
14238
14239
6054
6055
6056
14250
14251
14252
14253
14254
6072
14265
6073
14266
6074
14267
6075
14268
14269
6091
14284
6092
14285
6093
14286
6094
14287
6095
14288
14302
14303
6111
14304
6112
14305
6113
14306
6114
6115
14319
14320
14321
14322
14323
6131
6132
6133
6134
6135
14335
14336
14337
14338
14339
14350
14351
14352
14353
6161
14354
6162
6163
6164
6165
14380
14381
14382
14383
6191
14384
6192
6193
6194
6195
14410
14411
14412
14413
6221
14414
6222
6223
6224
6225
14440
14441
14442
14443
6251
14444
6252
6253
6254
6255
14470
14471
14472
14473
6281
14474
6282
6283
6284
6285
14499
14500
14501
14502
14503
14517
14518
14519
14520
14521
14534
14535
14536
14537
14538
14550
14551
14552
14553
14554
14565
14566
14567
14568
14569
14580
14581
14582
14583
14584
14595
14596
14597
14598
14599
14610
14611
14612
14613
14614
14625
14626
14627
6435
14628
14629
14640
14641
14642
14643
6451
14644
6452
14655
14656
14657
14658
14659
6468
6469
6470
14673
14674
14675
14676
14677
6486
6487
6488
6489
14690
14691
14692
14693
14694
6505
6506
6507
6508
6509
14706
14707
14708
14709
14710
6525
6526
6527
6528
14721
6529
14722
14723
14724
14725
14735
14736
14737
6545
14738
6546
14739
6547
6548
6549
6565
6566
6567
6568
6569
14765
14766
14767
14768
14769
6595
6596
6597
6598
6599
14795
14796
14797
14798
14799
6625
6626
6627
6628
6629
14825
14826
14827
14828
14829
6655
6656
6657
6658
6659
14854
14855
14856
14857
14858
6685
6686
6687
6688
6689
14882
14883
14884
14885
14886
14899
14900
14901
14902
14903
6715
6716
6717
6718
6719
14915
14916
14917
14918
14919
14930
14931
14932
14933
14934
14945
14946
14947
14948
14949
14960
14961
14962
14963
14964
14975
14976
14977
14978
14979
14990
14991
14992
14993
14994
15005
15006
15007
15008
15009
15020
15021
15022
15023
15024
15035
15036
15037
15038
15039
15052
6860
15053
15054
15055
15056
15068
6876
15069
6877
15070
15071
15072
15083
15084
15085
6893
15086
6894
15087
6895
15097
15098
15099
15100
15101
6911
6912
6913
6914
15110
15111
15112
15113
15114
6930
6931
6932
6933
6934
15140
15141
15142
6950
15143
6951
15144
6952
6953
6954
6970
6971
6972
6973
6974
15170
15171
15172
15173
15174
6990
6991
6992
6993
6994
15199
15200
15201
15202
7010
15203
7011
7012
7013
7014
15227
15228
15229
15230
15231
7040
7041
7042
7043
7044
15254
15255
15256
15257
15258
7070
7071
7072
7073
7074
15270
15271
15272
15273
15274
15285
15286
15287
15288
15289
7100
7101
7102
7103
7104
15300
15301
15302
15303
15304
15315
15316
15317
15318
15319
7130
7131
7132
7133
7134
15330
15331
15332
15333
15334
15345
15346
15347
15348
15349
7160
7161
7162
7163
7164
15360
15361
15362
15363
15364
15375
15376
15377
15378
15379
15390
15391
15392
15393
15394
15405
15406
15407
15408
15409
15421
15422
15423
15424
15425
15436
15437
15438
15439
15440
15450
15451
15452
15453
15454
15463
15464
15465
15466
15467
15475
15476
15477
15478
15479
7295
7311
7312
15505
15506
15507
15508
15509
7328
7329
7330
15534
15535
15536
15537
15538
7346
7347
7348
7349
7365
7366
7367
7368
7369
15562
15563
15564
15565
15566
7385
7386
7387
7388
7389
15589
15590
15591
15592
15593
7405
7406
7407
7408
7409
15615
15616
15617
7425
15618
7426
15619
7427
7428
7429
15630
15631
15632
15633
15634
7445
7446
7447
7448
7449
15645
15646
15647
15648
15649
7465
7466
7467
15660
7468
15661
7469
15662
15663
15664
15675
15676
15677
15678
15679
7495
7496
7497
15690
7498
15691
7499
15692
15693
15694
15705
15706
15707
15708
15709
7525
7526
7527
15720
7528
15721
7529
15722
15723
15724
15735
15736
15737
15738
15739
7555
7556
7557
15750
7558
15751
7559
15752
15753
15754
15765
15766
15767
15768
15769
7585
7586
7587
15780
7588
15781
7589
15782
15783
15784
15794
15795
15796
15797
15798
15807
7615
15808
7616
15809
7617
15810
7618
15811
7619
15819
15820
15821
15822
15823
15830
15831
15832
15833
15834
15859
15860
15861
15862
15863
15887
15888
15889
15890
15891
15914
15915
15916
15917
15918
7739
15940
15941
15942
15943
15944
7755
7756
7772
15965
7773
15966
7774
15967
15968
15969
15980
15981
15982
7790
15983
7791
15984
7792
7793
15995
15996
15997
15998
15999
7809
7810
7811
7812
7813
16010
16011
16012
16013
16014
7829
7830
7831
7832
16025
7833
16026
16027
16028
16029
16040
16041
7849
16042
7850
16043
7851
16044
7852
7853
16055
16056
16057
16058
16059
7869
7870
7871
7872
7873
16070
16071
16072
16073
16074
7889
7890
7891
7892
16085
7893
16086
16087
16088
16089
16100
16101
7909
16102
7910
16103
7911
16104
7912
7913
16115
16116
16117
16118
16119
7929
7930
7931
7932
7933
16129
16130
16131
16132
16133
16142
16143
16144
16145
16146
7959
7960
7961
16154
7962
16155
7963
16156
16157
16158
16165
16166
16167
16168
16169
16175
16176
16177
16178
16179
7989
7990
7991
7992
7993
16203
16204
16205
16206
16207
8019
8020
8021
8022
8023
16230
16231
16232
16233
16234
8049
8050
8051
8052
8053
16256
16257
16258
16259
16260
8078
8079
8080
8081
8082
16281
16282
16283
16284
16285
16305
16306
16307
16308
16309
16320
16321
16322
16323
16324
16335
16336
16337
16338
16339
16350
16351
16352
16353
16354
16365
16366
16367
16368
16369
8180
16380
16381
16382
16383
)


// ************************************************************************* //
