/*--------------------------------*- C++ -*----------------------------------*\
| =========                 |                                                 |
| \\      /  F ield         | OpenFOAM: The Open Source CFD Toolbox           |
|  \\    /   O peration     | Version:  2306                                  |
|   \\  /    A nd           | Website:  www.openfoam.com                      |
|    \\/     M anipulation  |                                                 |
\*---------------------------------------------------------------------------*/
FoamFile
{
    version     2.0;
    format      ascii;
    arch        "LSB;label=32;scalar=64";
    class       volScalarField;
    location    "0.6/air";
    object      j;
}
// * * * * * * * * * * * * * * * * * * * * * * * * * * * * * * * * * * * * * //

dimensions      [0 -3 0 0 0 1 0];

internalField   nonuniform List<scalar> 
16000
(
0
0
0
0
0
0
0
0
0
0
0
0
0
0
0
0
0
0
0
0
0
0
0
0
0
0
0
0
0
0
0
0
0
0
0
0
0
0
0
0
0
0
0
0
0
0
0
0
0
0
0
0
0
0
0
0
0
0
0
0
0
0
0
0
0
0
0
0
0
0
0
0
0
0
0
0
0
0
0
0
0
0
0
0
0
0
0
0
0
0
0
0
0
0
0
0
0
0
0
0
0
0
0
0
0
0
0
0
0
0
0
0
0
0
0
0
0
0
0
0
0
0
0
0
0
0
0
0
0
0
0
0
0
0
0
0
0
0
0
0
0
0
0
0
0
0
0
0
0
0
0
0
0
0
0
0
0
0
0
0
0
0
0
0
0
0
0
0
0
0
0
0
0
0
0
0
0
0
0
0
0
0
0
0
0
0
0
0
0
0
0
0
0
0
0
0
0
0
0
0
0
0
0
0
0
0
0
0
0
0
0
0
0
0
0
0
0
0
0
0
0
0
0
0
0
0
0
0
0
0
0
0
0
0
0
0
0
0
0
0
0
0
0
0
0
0
0
0
0
0
0
0
0
0
0
0
0
0
0
0
0
0
0
0
0
0
0
0
0
0
0
0
0
0
0
0
0
0
0
0
0
0
0
0
0
0
0
0
0
0
0
0
0
0
0
0
0
0
0
0
0
0
0
0
0
0
0
0
0
0
0
0
0
0
0
0
0
0
0
0
0
0
0
0
0
0
0
0
0
0
0
0
0
0
0
0
0
0
0
0
0
0
0
0
0
0
0
0
0
0
0
0
0
0
0
0
0
0
0
0
0
0
0
0
0
0
0
0
0
0
0
0
0
0
0
0
0
0
0
0
0
0
0
0
0
0
0
0
0
0
0
0
0
0
0
0
0
0
0
0
0
0
0
0
0
0
0
0
0
0
0
0
0
0
0
0
0
0
0
0
0
0
0
0
0
0
0
0
0
0
0
0
0
0
0
0
0
0
0
0
0
0
0
0
0
0
0
0
0
0
0
0
0
0
0
0
0
0
0
0
0
0
0
0
0
0
0
0
0
0
0
0
0
0
0
0
0
0
0
0
0
0
0
0
0
0
0
0
0
0
0
0
0
0
0
0
0
0
0
0
0
0
0
0
0
0
0
0
0
0
0
0
0
0
0
0
0
0
0
0
0
0
0
0
0
0
0
0
0
0
0
0
0
0
0
0
0
0
0
0
0
0
0
0
0
0
0
0
0
0
0
0
0
0
0
0
0
0
0
0
0
0
0
0
0
0
0
0
0
0
0
0
0
0
0
0
0
0
0
0
0
0
0
0
0
0
0
0
0
0
0
0
0
0
0
0
0
0
0
0
0
0
0
0
0
0
0
0
0
0
0
0
0
0
0
0
0
0
0
0
0
0
0
0
0
0
0
0
0
0
0
0
0
0
0
0
0
0
0
0
0
0
0
0
0
0
0
0
0
0
0
0
0
0
0
0
0
0
0
0
0
0
0
0
0
0
0
0
0
0
0
0
0
0
0
0
0
0
0
0
0
0
0
0
0
0
0
0
0
0
0
0
0
0
0
0
0
0
0
0
0
0
0
0
0
0
0
0
0
0
0
0
0
0
0
0
0
0
0
0
0
0
0
0
0
0
0
0
0
0
0
0
0
0
0
0
0
0
0
0
0
0
0
0
0
0
0
0
0
0
0
0
0
0
0
0
0
0
0
0
0
0
0
0
0
0
0
0
0
0
0
0
0
0
0
0
0
0
0
0
0
0
0
0
0
0
0
0
0
0
0
0
0
0
0
0
0
0
0
0
0
0
0
0
0
0
0
0
0
0
0
0
0
0
0
0
0
0
0
0
0
0
0
0
0
0
0
0
0
0
0
0
0
0
0
0
0
0
0
0
0
0
0
0
0
0
0
0
0
0
0
0
0
0
0
0
0
0
0
0
0
0
0
0
0
0
0
0
0
0
0
0
0
0
0
0
0
0
0
0
0
0
0
0
0
0
0
0
0
0
0
0
0
0
0
0
0
0
0
0
0
0
0
0
0
0
0
0
0
0
0
0
0
0
0
0
0
0
0
0
0
0
0
0
0
0
0
0
0
0
0
0
0
0
0
0
0
0
0
0
0
0
0
0
0
0
0
0
0
0
0
0
0
0
0
0
0
0
0
0
0
0
0
0
0
0
0
0
0
0
0
0
0
0
0
0
0
0
0
0
0
0
0
0
0
0
0
0
0
7.550665e+08
0
0
0
0
0
0
0
0
0
0
0
0
0
0
0
0
0
0
0
0
0
0
0
0
0
0
0
0
0
0
0
0
0
0
0
0
0
0
0
0
0
0
0
0
0
0
0
0
0
0
0
0
0
0
0
0
0
0
0
0
0
0
0
0
0
0
0
0
0
0
0
0
0
0
0
0
0
0
0
0
0
0
0
0
0
0
0
0
0
0
0
0
0
0
0
0
0
0
0
0
0
0
0
0
0
0
0
0
0
0
0
0
0
0
0
0
0
0
0
0
0
0
0
0
0
0
0
0
0
0
0
0
0
0
0
0
0
0
0
0
0
0
0
0
0
0
0
0
0
0
0
0
0
0
0
0
0
0
0
0
0
0
7.620835e+08
0
0
0
0
0
0
0
0
0
0
6.94695e+08
7.611412e+08
0
0
0
0
0
0
0
0
0
0
0
0
0
0
0
0
0
0
0
0
0
0
0
0
0
0
0
0
0
0
0
0
0
0
0
0
0
0
0
0
0
0
0
0
0
0
0
0
0
0
0
0
0
0
0
0
0
0
0
0
0
0
0
0
0
0
0
0
0
0
0
0
0
0
0
0
0
0
0
0
0
0
0
0
0
0
0
0
0
0
0
0
0
0
0
0
0
0
0
0
0
0
0
0
0
0
0
0
0
0
0
0
0
0
0
0
0
0
0
0
0
0
0
0
0
0
0
0
0
0
0
0
0
0
0
0
0
0
0
0
0
0
0
0
0
0
0
0
0
0
0
0
0
0
0
0
0
0
0
0
0
0
0
0
7.762914e+08
0
0
0
0
0
0
0
0
0
0
6.992659e+08
7.682763e+08
0
0
0
0
0
0
0
0
0
0
6.446746e+08
7.000667e+08
7.76942e+08
0
0
0
0
0
0
0
0
0
0
0
0
0
0
0
0
0
0
0
0
0
0
0
0
0
0
0
0
0
0
0
0
0
0
0
0
0
0
0
0
0
0
0
0
0
0
0
0
0
0
0
0
0
0
0
0
0
0
0
0
0
0
0
0
0
0
0
0
0
0
0
0
0
0
0
0
0
0
0
0
0
0
0
0
0
0
0
0
0
0
0
0
0
0
0
0
0
0
0
0
0
0
0
0
0
0
0
0
0
0
0
0
0
0
0
0
0
0
0
0
0
0
0
0
0
0
0
0
0
0
0
0
0
0
0
0
0
0
0
0
0
0
0
0
0
0
0
0
0
0
0
0
0
0
0
0
0
0
0
0
0
0
0
0
0
7.975464e+08
0
0
0
0
0
0
0
0
0
0
7.082862e+08
7.827211e+08
0
0
0
0
0
0
0
0
0
0
6.481833e+08
7.04718e+08
7.843598e+08
0
0
0
0
0
0
0
0
0
0
6.048124e+08
6.495229e+08
7.139141e+08
8.029574e+08
0
0
0
0
0
0
0
0
0
0
0
0
0
0
0
0
0
0
0
0
0
0
0
0
0
0
0
0
0
0
0
0
0
0
0
0
0
0
0
0
0
0
0
0
0
0
0
0
0
0
0
0
0
0
0
0
0
0
0
0
0
0
0
0
0
0
0
0
0
0
0
0
0
0
0
0
0
0
0
0
0
0
0
0
0
0
0
0
0
0
0
0
0
0
0
0
0
0
0
0
0
0
0
0
0
0
0
0
0
0
0
0
0
0
0
0
0
0
0
0
0
0
0
0
0
0
0
0
0
0
0
0
0
0
0
0
0
0
0
0
0
0
0
0
0
0
0
0
0
0
0
0
0
0
0
0
0
0
0
0
0
0
0
0
0
8.248311e+08
0
0
0
0
0
0
0
0
0
0
7.210889e+08
8.043216e+08
0
0
0
0
0
0
0
0
0
0
6.550285e+08
7.13899e+08
7.993784e+08
0
0
0
0
0
0
0
0
0
0
6.076996e+08
6.530941e+08
7.187512e+08
8.108364e+08
0
0
0
0
0
0
0
0
0
0
5.71757e+08
6.092683e+08
6.618826e+08
7.366219e+08
8.401463e+08
0
0
0
0
0
0
0
0
0
0
0
0
0
0
0
0
0
0
0
0
0
0
0
0
0
0
0
0
0
0
0
0
0
0
0
0
0
0
0
0
0
0
0
0
0
0
0
0
0
0
0
0
0
0
0
0
0
0
0
0
0
0
0
0
0
0
0
0
0
0
0
0
0
0
0
0
0
0
0
0
0
0
0
0
0
0
0
0
0
0
0
0
0
0
0
0
0
0
0
0
0
0
0
0
0
0
0
0
0
0
0
0
0
0
0
0
0
0
0
0
0
0
0
0
0
0
0
0
0
0
0
0
0
0
0
0
0
0
0
0
0
0
0
0
0
0
0
0
0
0
0
0
0
0
0
0
0
0
0
0
0
0
0
0
0
8.542961e+08
0
0
0
0
0
0
0
0
0
0
7.361343e+08
8.320106e+08
0
0
0
0
0
0
0
0
0
0
6.645121e+08
7.269379e+08
8.218395e+08
0
0
0
0
0
0
0
0
0
0
6.132942e+08
6.600634e+08
7.283028e+08
8.267939e+08
0
0
0
0
0
0
0
0
0
0
5.74224e+08
6.122069e+08
6.655956e+08
7.41758e+08
8.48691e+08
0
0
0
0
0
0
0
0
0
0
5.433383e+08
5.758985e+08
6.205093e+08
6.820651e+08
7.689496e+08
0
0
0
0
0
0
0
0
0
0
0
0
0
0
0
0
0
0
0
0
0
0
0
0
0
0
0
0
0
0
0
0
0
0
0
0
0
0
0
0
0
0
0
0
0
0
0
0
0
0
0
0
0
0
0
0
0
0
0
0
0
0
0
0
0
0
0
0
0
0
0
0
0
0
0
0
0
0
0
0
0
0
0
0
0
0
0
0
0
0
0
0
0
0
0
0
0
0
0
0
0
0
0
0
0
0
0
0
0
0
0
0
0
0
0
0
0
0
0
0
0
0
0
0
0
0
0
0
0
0
0
0
0
0
0
0
0
0
0
0
0
0
0
0
0
0
0
0
0
0
0
0
0
0
0
8.777506e+08
0
0
0
0
0
0
0
0
0
0
0
0
0
0
0
0
0
0
0
0
7.503254e+08
8.618137e+08
0
0
0
0
0
0
0
0
0
0
6.751729e+08
7.422797e+08
8.506153e+08
0
0
0
0
0
0
0
0
0
0
6.209379e+08
6.697294e+08
7.418839e+08
8.506751e+08
0
0
0
0
0
0
0
0
0
0
5.78983e+08
6.179034e+08
6.728457e+08
7.51906e+08
8.660068e+08
0
0
0
0
0
0
0
0
0
0
5.454961e+08
5.784093e+08
6.235636e+08
6.860046e+08
7.745127e+08
0
0
0
0
0
0
0
0
0
0
5.184057e+08
5.472141e+08
5.862498e+08
6.387959e+08
7.106881e+08
0
0
0
0
0
0
0
0
0
0
0
0
0
0
0
0
0
0
0
0
0
0
0
0
0
0
0
0
0
0
0
0
0
0
0
0
0
0
0
0
0
0
0
0
0
0
0
0
0
0
0
0
0
0
0
0
0
0
0
0
0
0
0
0
0
0
0
0
0
0
0
0
0
0
0
0
0
0
0
0
0
0
0
0
0
0
0
0
0
0
0
0
0
0
0
0
0
0
0
0
0
0
0
0
0
0
0
0
0
0
0
0
0
0
0
0
0
0
0
0
0
0
0
0
0
0
0
0
0
0
0
0
0
0
0
0
0
0
0
0
0
0
0
0
0
8.935844e+08
0
0
0
0
0
0
0
0
0
0
0
0
0
0
0
0
0
0
0
0
7.60029e+08
8.854734e+08
0
0
0
0
0
0
0
0
0
0
0
0
0
0
0
0
0
0
0
0
6.844278e+08
7.567822e+08
8.815191e+08
0
0
0
0
0
0
0
0
0
0
6.293053e+08
6.806222e+08
7.578968e+08
8.812784e+08
0
0
0
0
0
0
0
0
0
0
5.854289e+08
6.256963e+08
6.829179e+08
7.663589e+08
8.919512e+08
0
0
0
0
0
0
0
0
0
0
5.49645e+08
5.832549e+08
6.294881e+08
6.937028e+08
7.855129e+08
0
0
0
0
0
0
0
0
0
0
5.203253e+08
5.494099e+08
5.888585e+08
6.42034e+08
7.149488e+08
0
0
0
0
0
0
0
0
0
0
4.961815e+08
5.220512e+08
5.568231e+08
6.030336e+08
6.646469e+08
0
0
0
0
0
0
0
0
0
0
0
0
0
0
0
0
0
0
0
0
0
0
0
0
0
0
0
0
0
0
0
0
0
0
0
0
0
0
0
0
0
0
0
0
0
0
0
0
0
0
0
0
0
0
0
0
0
0
0
0
0
0
0
0
0
0
0
0
0
0
0
0
0
0
0
0
0
0
0
0
0
0
0
0
0
0
0
0
0
0
0
0
0
0
0
0
0
0
0
0
0
0
0
0
0
0
0
0
0
0
0
0
0
0
0
0
0
0
0
0
0
0
0
0
0
0
0
0
0
0
0
0
0
0
0
9.030168e+08
0
0
0
0
0
0
0
0
0
0
0
0
0
0
0
0
0
0
0
0
7.657341e+08
9.013946e+08
0
0
0
0
0
0
0
0
0
0
0
0
0
0
0
0
0
0
0
0
6.898755e+08
7.667077e+08
9.05997e+08
0
0
0
0
0
0
0
0
0
0
0
0
0
0
0
0
0
0
0
0
6.361849e+08
6.901338e+08
7.730828e+08
9.141084e+08
0
0
0
0
0
0
0
0
0
0
5.92368e+08
6.342541e+08
6.943083e+08
7.834472e+08
9.252357e+08
0
0
0
0
0
0
0
0
0
0
5.552324e+08
5.898269e+08
6.376086e+08
7.044208e+08
8.012113e+08
0
0
0
0
0
0
0
0
0
0
5.24007e+08
5.536339e+08
5.938963e+08
6.483203e+08
7.232825e+08
0
0
0
0
0
0
0
0
0
0
4.979098e+08
5.240044e+08
5.591036e+08
6.057972e+08
6.681445e+08
0
0
0
0
0
0
0
0
0
0
4.76167e+08
4.996232e+08
5.310251e+08
5.723586e+08
6.266956e+08
0
0
0
0
0
0
0
0
0
0
0
0
0
0
0
0
0
0
0
0
0
0
0
0
0
0
0
0
0
0
0
0
0
0
0
0
0
0
0
0
0
0
0
0
0
0
0
0
0
0
0
0
0
0
0
0
0
0
0
0
0
0
0
0
0
0
0
0
0
0
0
0
0
0
0
0
0
0
0
0
0
0
0
0
0
0
0
0
0
0
0
0
0
0
0
0
0
0
0
0
0
0
0
0
0
0
0
0
0
0
0
0
0
0
0
0
0
0
0
0
0
0
0
0
0
9.073794e+08
0
0
0
0
0
0
0
0
0
0
0
0
0
0
0
0
0
0
0
0
7.687969e+08
9.108519e+08
0
0
0
0
0
0
0
0
0
0
0
0
0
0
0
0
0
0
0
0
6.924306e+08
7.725268e+08
9.224223e+08
0
0
0
0
0
0
0
0
0
0
0
0
0
0
0
0
0
0
0
0
6.397611e+08
6.957749e+08
7.834928e+08
9.400664e+08
0
0
0
0
0
0
0
0
0
0
0
0
0
0
0
0
0
0
0
0
5.978716e+08
6.413489e+08
7.043263e+08
7.997189e+08
9.609427e+08
0
0
0
0
0
0
0
0
0
0
5.61181e+08
5.969268e+08
6.465652e+08
7.165935e+08
8.198344e+08
0
0
0
0
0
0
0
0
0
0
5.289454e+08
5.593302e+08
6.007435e+08
6.569585e+08
7.349151e+08
0
0
0
0
0
0
0
0
0
0
5.012175e+08
5.277521e+08
5.634936e+08
6.111391e+08
6.749414e+08
0
0
0
0
0
0
0
0
0
0
4.777383e+08
5.013815e+08
5.330527e+08
5.747728e+08
6.296771e+08
0
0
0
0
0
0
0
0
0
0
4.579797e+08
4.794265e+08
5.080428e+08
5.454972e+08
5.942093e+08
0
0
0
0
0
0
0
0
0
0
0
0
0
0
0
0
0
0
0
0
0
0
0
0
0
0
0
0
0
0
0
0
0
0
0
0
0
0
0
0
0
0
0
0
0
0
0
0
0
0
0
0
0
0
0
0
0
0
0
0
0
0
0
0
0
0
0
0
0
0
0
0
0
0
0
0
0
0
0
0
0
0
0
0
0
0
0
0
0
0
0
0
0
0
0
0
0
0
0
0
0
0
0
0
0
0
0
0
0
0
0
0
0
0
9.073794e+08
0
0
0
0
0
0
0
0
0
0
0
0
0
0
0
0
0
0
0
0
7.701291e+08
9.152175e+08
0
0
0
0
0
0
0
0
0
0
0
0
0
0
0
0
0
0
0
0
6.934498e+08
7.756351e+08
9.321543e+08
0
0
0
0
0
0
0
0
0
0
0
0
0
0
0
0
0
0
0
0
6.410292e+08
6.984384e+08
7.895859e+08
9.574444e+08
0
0
0
0
0
0
0
0
0
0
0
0
0
0
0
0
0
0
0
0
6.004637e+08
6.450912e+08
7.103215e+08
8.108973e+08
9.891433e+08
0
0
0
0
0
0
0
0
0
0
0
0
0
0
0
0
0
0
0
0
5.657844e+08
6.026134e+08
6.540652e+08
7.273864e+08
8.376503e+08
0
0
0
0
0
0
0
0
0
0
5.341635e+08
5.654172e+08
6.081767e+08
6.665359e+08
7.4819e+08
0
0
0
0
0
0
0
0
0
0
5.056414e+08
5.327861e+08
5.694267e+08
6.184194e+08
6.843085e+08
0
0
0
0
0
0
0
0
0
0
4.807396e+08
5.047481e+08
5.369463e+08
5.794247e+08
6.354467e+08
0
0
0
0
0
0
0
0
0
0
4.594189e+08
4.810248e+08
5.098674e+08
5.476422e+08
5.96811e+08
0
0
0
0
0
0
0
0
0
0
4.413467e+08
4.610746e+08
4.873562e+08
5.215906e+08
5.658105e+08
0
0
0
0
0
0
0
0
0
0
0
0
0
0
0
0
0
0
0
0
0
0
0
0
0
0
0
0
0
0
0
0
0
0
0
0
0
0
0
0
0
0
0
0
0
0
0
0
0
0
0
0
0
0
0
0
0
0
0
0
0
0
0
0
0
0
0
0
0
0
0
0
0
0
0
0
0
0
0
0
0
0
0
0
0
0
0
0
0
0
0
0
0
0
0
0
0
0
0
0
0
0
9.030168e+08
0
0
0
0
0
0
0
0
0
0
0
0
0
0
0
0
0
0
0
0
7.701291e+08
9.152175e+08
0
0
0
0
0
0
0
0
0
0
0
0
0
0
0
0
0
0
0
0
6.937788e+08
7.769807e+08
9.366391e+08
0
0
0
0
0
0
0
0
0
0
0
0
0
0
0
0
0
0
0
0
6.412524e+08
6.995076e+08
7.928284e+08
9.677189e+08
0
0
0
0
0
0
0
0
0
0
0
0
0
0
0
0
0
0
0
0
6.011222e+08
6.46456e+08
7.131806e+08
8.174363e+08
1.007989e+09
0
0
0
0
0
0
0
0
0
0
0
0
0
0
0
0
0
0
0
0
5.677905e+08
6.053486e+08
6.580895e+08
7.339092e+08
8.499205e+08
0
0
0
0
0
0
0
0
0
0
0
0
0
0
0
0
0
0
0
0
5.381332e+08
5.701781e+08
6.14201e+08
6.746448e+08
7.600607e+08
0
0
0
0
0
0
0
0
0
0
5.102903e+08
5.381251e+08
5.757992e+08
6.263688e+08
6.947542e+08
0
0
0
0
0
0
0
0
0
0
4.847449e+08
5.092568e+08
5.421878e+08
5.857295e+08
6.433344e+08
0
0
0
0
0
0
0
0
0
0
4.62163e+08
4.84079e+08
5.133636e+08
5.517653e+08
6.018301e+08
0
0
0
0
0
0
0
0
0
0
4.426732e+08
4.625382e+08
4.890141e+08
5.235196e+08
5.681199e+08
0
0
0
0
0
0
0
0
0
0
4.260511e+08
4.442919e+08
4.685666e+08
5.000904e+08
5.405722e+08
0
0
0
0
0
0
0
0
0
0
0
0
0
0
0
0
0
0
0
0
0
0
0
0
0
0
0
0
0
0
0
0
0
0
0
0
0
0
0
0
0
0
0
0
0
0
0
0
0
0
0
0
0
0
0
0
0
0
0
0
0
0
0
0
0
0
0
0
0
0
0
0
0
0
0
0
0
0
0
0
0
0
0
0
0
0
0
0
0
8.935844e+08
0
0
0
0
0
0
0
0
0
0
0
0
0
0
0
0
0
0
0
0
7.687969e+08
9.108519e+08
0
0
0
0
0
0
0
0
0
0
0
0
0
0
0
0
0
0
0
0
6.937788e+08
7.769807e+08
9.366391e+08
0
0
0
0
0
0
0
0
0
0
0
0
0
0
0
0
0
0
0
0
6.412002e+08
6.998549e+08
7.942271e+08
9.724469e+08
0
0
0
0
0
0
0
0
0
0
0
0
0
0
0
0
0
0
0
0
6.010009e+08
6.467266e+08
7.143429e+08
8.209078e+08
1.019113e+09
0
0
0
0
0
0
0
0
0
0
0
0
0
0
0
0
0
0
0
0
5.681289e+08
6.060919e+08
6.596087e+08
7.370577e+08
8.570998e+08
0
0
0
0
0
0
0
0
0
0
0
0
0
0
0
0
0
0
0
0
5.397608e+08
5.723084e+08
6.171706e+08
6.790756e+08
7.673067e+08
0
0
0
0
0
0
0
0
0
0
0
0
0
0
0
0
0
0
0
0
5.137825e+08
5.42232e+08
5.808488e+08
6.32896e+08
7.036996e+08
0
0
0
0
0
0
0
0
0
0
4.889362e+08
5.140124e+08
5.47776e+08
5.925433e+08
6.520022e+08
0
0
0
0
0
0
0
0
0
0
4.658184e+08
4.881603e+08
5.180564e+08
5.57332e+08
6.086549e+08
0
0
0
0
0
0
0
0
0
0
4.451979e+08
4.653302e+08
4.921847e+08
5.272196e+08
5.725641e+08
0
0
0
0
0
0
0
0
0
0
4.2728e+08
4.456407e+08
4.700843e+08
5.018419e+08
5.426469e+08
0
0
0
0
0
0
0
0
0
0
4.119228e+08
4.288594e+08
4.5139e+08
4.805765e+08
5.179031e+08
0
0
0
0
0
0
0
0
0
0
0
0
0
0
0
0
0
0
0
0
0
0
0
0
0
0
0
0
0
0
0
0
0
0
0
0
0
0
0
0
0
0
0
0
0
0
0
0
0
0
0
0
0
0
0
0
0
0
0
0
0
0
0
0
0
0
0
0
0
0
0
0
0
0
0
8.777506e+08
0
0
0
0
0
0
0
0
0
0
0
0
0
0
0
0
0
0
0
0
7.657341e+08
9.013946e+08
0
0
0
0
0
0
0
0
0
0
0
0
0
0
0
0
0
0
0
0
6.934498e+08
7.756351e+08
9.321543e+08
0
0
0
0
0
0
0
0
0
0
0
0
0
0
0
0
0
0
0
0
6.412002e+08
6.998549e+08
7.942271e+08
9.724469e+08
0
0
0
0
0
0
0
0
0
0
0
0
0
0
0
0
0
0
0
0
6.007929e+08
6.466927e+08
7.147259e+08
8.224013e+08
1.024226e+09
0
0
0
0
0
0
0
0
0
0
0
0
0
0
0
0
0
0
0
0
5.678498e+08
6.060129e+08
6.599521e+08
7.383589e+08
8.609064e+08
0
0
0
0
0
0
0
0
0
0
0
0
0
0
0
0
0
0
0
0
5.399194e+08
5.727208e+08
6.180417e+08
6.808115e+08
7.708499e+08
0
0
0
0
0
0
0
0
0
0
0
0
0
0
0
0
0
0
0
0
5.151445e+08
5.439683e+08
5.831789e+08
6.361978e+08
7.086764e+08
0
0
0
0
0
0
0
0
0
0
0
0
0
0
0
0
0
0
0
0
4.920542e+08
5.176254e+08
5.52134e+08
5.980206e+08
6.592158e+08
0
0
0
0
0
0
0
0
0
0
4.696309e+08
4.924468e+08
5.230325e+08
5.633048e+08
6.160808e+08
0
0
0
0
0
0
0
0
0
0
4.485561e+08
4.690543e+08
4.964309e+08
5.322006e+08
5.785845e+08
0
0
0
0
0
0
0
0
0
0
4.296151e+08
4.482091e+08
4.729816e+08
5.051953e+08
5.466314e+08
0
0
0
0
0
0
0
0
0
0
4.130665e+08
4.301088e+08
4.52788e+08
4.821789e+08
5.197853e+08
0
0
0
0
0
0
0
0
0
0
3.988257e+08
4.146053e+08
4.356004e+08
4.627499e+08
4.973516e+08
0
0
0
0
0
0
0
0
0
0
0
0
0
0
0
0
0
0
0
0
0
0
0
0
0
0
0
0
0
0
0
0
0
0
0
0
0
0
0
0
0
0
0
0
0
0
0
0
0
0
0
0
0
0
0
0
0
0
0
0
8.542961e+08
0
0
0
0
0
0
0
0
0
0
0
0
0
0
0
0
0
0
0
0
7.60029e+08
8.854734e+08
0
0
0
0
0
0
0
0
0
0
0
0
0
0
0
0
0
0
0
0
6.924306e+08
7.725268e+08
9.224223e+08
0
0
0
0
0
0
0
0
0
0
0
0
0
0
0
0
0
0
0
0
6.412524e+08
6.995076e+08
7.928284e+08
9.677189e+08
0
0
0
0
0
0
0
0
0
0
0
0
0
0
0
0
0
0
0
0
6.007929e+08
6.466927e+08
7.147259e+08
8.224013e+08
1.024226e+09
0
0
0
0
0
0
0
0
0
0
0
0
0
0
0
0
0
0
0
0
5.67578e+08
6.058218e+08
6.59946e+08
7.387961e+08
8.625414e+08
0
0
0
0
0
0
0
0
0
0
0
0
0
0
0
0
0
0
0
0
5.395684e+08
5.724791e+08
6.180227e+08
6.81255e+08
7.72341e+08
0
0
0
0
0
0
0
0
0
0
0
0
0
0
0
0
0
0
0
0
5.151941e+08
5.441919e+08
5.837e+08
6.37243e+08
7.106981e+08
0
0
0
0
0
0
0
0
0
0
0
0
0
0
0
0
0
0
0
0
4.932202e+08
5.190834e+08
5.540439e+08
6.006315e+08
6.629584e+08
0
0
0
0
0
0
0
0
0
0
0
0
0
0
0
0
0
0
0
0
4.724448e+08
4.956721e+08
5.268669e+08
5.680345e+08
6.221397e+08
0
0
0
0
0
0
0
0
0
0
4.520491e+08
4.729524e+08
5.009145e+08
5.375166e+08
5.850899e+08
0
0
0
0
0
0
0
0
0
0
4.32717e+08
4.516296e+08
4.768547e+08
5.096996e+08
5.520138e+08
0
0
0
0
0
0
0
0
0
0
4.152359e+08
4.324838e+08
4.554522e+08
4.852414e+08
5.233934e+08
0
0
0
0
0
0
0
0
0
0
3.998941e+08
4.157678e+08
4.368949e+08
4.642251e+08
4.990721e+08
0
0
0
0
0
0
0
0
0
0
3.866422e+08
4.013922e+08
4.210209e+08
4.46373e+08
4.785963e+08
0
0
0
0
0
0
0
0
0
0
0
0
0
0
0
0
0
0
0
0
0
0
0
0
0
0
0
0
0
0
0
0
0
0
0
0
0
0
0
0
0
0
0
0
8.248311e+08
0
0
0
0
0
0
0
0
0
0
0
0
0
0
0
0
0
0
0
0
7.503254e+08
8.618137e+08
0
0
0
0
0
0
0
0
0
0
0
0
0
0
0
0
0
0
0
0
6.898755e+08
7.667077e+08
9.05997e+08
0
0
0
0
0
0
0
0
0
0
0
0
0
0
0
0
0
0
0
0
6.410292e+08
6.984384e+08
7.895859e+08
9.574444e+08
0
0
0
0
0
0
0
0
0
0
0
0
0
0
0
0
0
0
0
0
6.010009e+08
6.467266e+08
7.143429e+08
8.209078e+08
1.019113e+09
0
0
0
0
0
0
0
0
0
0
0
0
0
0
0
0
0
0
0
0
5.67578e+08
6.058218e+08
6.59946e+08
7.387961e+08
8.625414e+08
0
0
0
0
0
0
0
0
0
0
0
0
0
0
0
0
0
0
0
0
5.392734e+08
5.722224e+08
6.178543e+08
6.812864e+08
7.728525e+08
0
0
0
0
0
0
0
0
0
0
0
0
0
0
0
0
0
0
0
0
5.148111e+08
5.438738e+08
5.83509e+08
6.373027e+08
7.112717e+08
0
0
0
0
0
0
0
0
0
0
0
0
0
0
0
0
0
0
0
0
4.932002e+08
5.191905e+08
5.543619e+08
6.012984e+08
6.64229e+08
0
0
0
0
0
0
0
0
0
0
0
0
0
0
0
0
0
0
0
0
4.73459e+08
4.969236e+08
5.284779e+08
5.701873e+08
6.251206e+08
0
0
0
0
0
0
0
0
0
0
0
0
0
0
0
0
0
0
0
0
4.546099e+08
4.758623e+08
5.043372e+08
5.416786e+08
5.903235e+08
0
0
0
0
0
0
0
0
0
0
4.359357e+08
4.552e+08
4.809304e+08
5.144871e+08
5.577999e+08
0
0
0
0
0
0
0
0
0
0
4.181143e+08
4.356427e+08
4.590084e+08
4.893475e+08
5.282567e+08
0
0
0
0
0
0
0
0
0
0
4.019172e+08
4.17974e+08
4.393577e+08
4.670397e+08
5.023646e+08
0
0
0
0
0
0
0
0
0
0
3.876439e+08
4.024781e+08
4.22225e+08
4.477382e+08
4.801789e+08
0
0
0
0
0
0
0
0
0
0
3.752826e+08
3.891013e+08
4.075101e+08
4.312599e+08
4.613822e+08
0
0
0
0
0
0
0
0
0
0
0
0
0
0
0
0
0
0
0
0
0
0
0
0
0
0
0
0
0
0
0
0
0
0
0
0
0
7.975464e+08
0
0
0
0
0
0
0
0
0
0
7.361343e+08
8.320106e+08
0
0
0
0
0
0
0
0
0
0
0
0
0
0
0
0
0
0
0
0
6.844278e+08
7.567822e+08
8.815191e+08
0
0
0
0
0
0
0
0
0
0
0
0
0
0
0
0
0
0
0
0
6.397611e+08
6.957749e+08
7.834928e+08
9.400664e+08
0
0
0
0
0
0
0
0
0
0
0
0
0
0
0
0
0
0
0
0
6.011222e+08
6.46456e+08
7.131806e+08
8.174363e+08
1.007989e+09
0
0
0
0
0
0
0
0
0
0
0
0
0
0
0
0
0
0
0
0
5.678498e+08
6.060129e+08
6.599521e+08
7.383589e+08
8.609064e+08
0
0
0
0
0
0
0
0
0
0
0
0
0
0
0
0
0
0
0
0
5.392734e+08
5.722224e+08
6.178543e+08
6.812864e+08
7.728525e+08
0
0
0
0
0
0
0
0
0
0
0
0
0
0
0
0
0
0
0
0
5.145112e+08
5.435922e+08
5.832714e+08
6.371632e+08
7.113514e+08
0
0
0
0
0
0
0
0
0
0
0
0
0
0
0
0
0
0
0
0
4.928056e+08
5.188368e+08
5.540877e+08
6.011725e+08
6.643879e+08
0
0
0
0
0
0
0
0
0
0
0
0
0
0
0
0
0
0
0
0
4.733924e+08
4.96955e+08
5.286679e+08
5.706307e+08
6.259741e+08
0
0
0
0
0
0
0
0
0
0
0
0
0
0
0
0
0
0
0
0
4.555028e+08
4.769534e+08
5.057251e+08
5.435031e+08
5.927952e+08
0
0
0
0
0
0
0
0
0
0
0
0
0
0
0
0
0
0
0
0
4.382816e+08
4.578475e+08
4.840178e+08
5.182019e+08
5.624054e+08
0
0
0
0
0
0
0
0
0
0
4.21095e+08
4.38932e+08
4.627401e+08
4.936972e+08
5.334638e+08
0
0
0
0
0
0
0
0
0
0
4.045988e+08
4.209047e+08
4.426406e+08
4.708077e+08
5.067944e+08
0
0
0
0
0
0
0
0
0
0
3.895371e+08
4.045351e+08
4.24512e+08
4.503387e+08
4.832026e+08
0
0
0
0
0
0
0
0
0
0
3.762245e+08
3.901192e+08
4.086343e+08
4.32529e+08
4.628457e+08
0
0
0
0
0
0
0
0
0
0
3.646593e+08
3.776421e+08
3.949454e+08
4.172616e+08
4.455099e+08
0
0
0
0
0
0
0
0
0
0
0
0
0
0
0
0
0
0
0
0
0
0
0
0
0
0
0
0
0
7.762914e+08
0
0
0
0
0
0
0
0
0
0
7.210889e+08
8.043216e+08
0
0
0
0
0
0
0
0
0
0
6.751729e+08
7.422797e+08
8.506153e+08
0
0
0
0
0
0
0
0
0
0
0
0
0
0
0
0
0
0
0
0
6.361849e+08
6.901338e+08
7.730828e+08
9.141084e+08
0
0
0
0
0
0
0
0
0
0
0
0
0
0
0
0
0
0
0
0
6.004637e+08
6.450912e+08
7.103215e+08
8.108973e+08
9.891433e+08
0
0
0
0
0
0
0
0
0
0
0
0
0
0
0
0
0
0
0
0
5.681289e+08
6.060919e+08
6.596087e+08
7.370577e+08
8.570998e+08
0
0
0
0
0
0
0
0
0
0
0
0
0
0
0
0
0
0
0
0
5.395684e+08
5.724791e+08
6.180227e+08
6.81255e+08
7.72341e+08
0
0
0
0
0
0
0
0
0
0
0
0
0
0
0
0
0
0
0
0
5.145112e+08
5.435922e+08
5.832714e+08
6.371632e+08
7.113514e+08
0
0
0
0
0
0
0
0
0
0
0
0
0
0
0
0
0
0
0
0
4.925092e+08
5.185487e+08
5.538226e+08
6.009584e+08
6.642838e+08
0
0
0
0
0
0
0
0
0
0
0
0
0
0
0
0
0
0
0
0
4.729966e+08
4.965865e+08
5.283527e+08
5.70412e+08
6.259287e+08
0
0
0
0
0
0
0
0
0
0
0
0
0
0
0
0
0
0
0
0
4.554039e+08
4.769329e+08
5.058303e+08
5.438031e+08
5.933981e+08
0
0
0
0
0
0
0
0
0
0
0
0
0
0
0
0
0
0
0
0
4.390749e+08
4.5881e+08
4.852315e+08
5.197799e+08
5.645097e+08
0
0
0
0
0
0
0
0
0
0
0
0
0
0
0
0
0
0
0
0
4.232559e+08
4.413565e+08
4.655483e+08
4.970475e+08
5.375737e+08
0
0
0
0
0
0
0
0
0
0
4.073705e+08
4.2395e+08
4.460772e+08
4.747882e+08
5.115221e+08
0
0
0
0
0
0
0
0
0
0
3.920443e+08
4.072649e+08
4.275567e+08
4.538153e+08
4.872646e+08
0
0
0
0
0
0
0
0
0
0
3.780017e+08
3.92044e+08
4.10766e+08
4.349425e+08
4.656372e+08
0
0
0
0
0
0
0
0
0
0
3.655479e+08
3.785992e+08
3.95999e+08
4.184461e+08
4.468694e+08
0
0
0
0
0
0
0
0
0
0
3.547122e+08
3.669262e+08
3.832338e+08
4.042501e+08
4.308197e+08
0
0
0
0
0
0
0
0
0
0
0
0
0
0
0
0
0
0
0
0
7.620835e+08
0
0
0
0
0
0
0
0
0
0
7.082862e+08
7.827211e+08
0
0
0
0
0
0
0
0
0
0
6.645121e+08
7.269379e+08
8.218395e+08
0
0
0
0
0
0
0
0
0
0
6.293053e+08
6.806222e+08
7.578968e+08
8.812784e+08
0
0
0
0
0
0
0
0
0
0
0
0
0
0
0
0
0
0
0
0
5.978716e+08
6.413489e+08
7.043263e+08
7.997189e+08
9.609427e+08
0
0
0
0
0
0
0
0
0
0
0
0
0
0
0
0
0
0
0
0
5.677905e+08
6.053486e+08
6.580895e+08
7.339092e+08
8.499205e+08
0
0
0
0
0
0
0
0
0
0
0
0
0
0
0
0
0
0
0
0
5.399194e+08
5.727208e+08
6.180417e+08
6.808115e+08
7.708499e+08
0
0
0
0
0
0
0
0
0
0
0
0
0
0
0
0
0
0
0
0
5.148111e+08
5.438738e+08
5.83509e+08
6.373027e+08
7.112717e+08
0
0
0
0
0
0
0
0
0
0
0
0
0
0
0
0
0
0
0
0
4.925092e+08
5.185487e+08
5.538226e+08
6.009584e+08
6.642838e+08
0
0
0
0
0
0
0
0
0
0
0
0
0
0
0
0
0
0
0
0
4.727077e+08
4.963007e+08
5.280791e+08
5.701668e+08
6.257428e+08
0
0
0
0
0
0
0
0
0
0
0
0
0
0
0
0
0
0
0
0
4.550127e+08
4.765607e+08
5.054961e+08
5.435364e+08
5.932475e+08
0
0
0
0
0
0
0
0
0
0
0
0
0
0
0
0
0
0
0
0
4.389529e+08
4.587529e+08
4.852774e+08
5.199828e+08
5.64949e+08
0
0
0
0
0
0
0
0
0
0
0
0
0
0
0
0
0
0
0
0
4.239657e+08
4.422131e+08
4.666219e+08
4.98432e+08
5.394004e+08
0
0
0
0
0
0
0
0
0
0
0
0
0
0
0
0
0
0
0
0
4.0937e+08
4.261827e+08
4.486483e+08
4.778346e+08
5.152277e+08
0
0
0
0
0
0
0
0
0
0
3.946313e+08
4.10096e+08
4.307372e+08
4.57479e+08
4.91588e+08
0
0
0
0
0
0
0
0
0
0
3.80353e+08
3.945958e+08
4.136011e+08
4.381653e+08
4.693825e+08
0
0
0
0
0
0
0
0
0
0
3.672211e+08
3.804057e+08
3.97993e+08
4.206945e+08
4.494583e+08
0
0
0
0
0
0
0
0
0
0
3.555524e+08
3.678289e+08
3.842241e+08
4.053594e+08
4.320875e+08
0
0
0
0
0
0
0
0
0
0
3.453772e+08
3.568929e+08
3.722843e+08
3.921272e+08
4.171748e+08
0
0
0
0
0
0
0
0
0
0
7.550665e+08
0
0
0
0
0
0
0
0
0
0
6.992659e+08
7.682763e+08
0
0
0
0
0
0
0
0
0
0
6.550285e+08
7.13899e+08
7.993784e+08
0
0
0
0
0
0
0
0
0
0
6.209379e+08
6.697294e+08
7.418839e+08
8.506751e+08
0
0
0
0
0
0
0
0
0
0
5.92368e+08
6.342541e+08
6.943083e+08
7.834472e+08
9.252357e+08
0
0
0
0
0
0
0
0
0
0
0
0
0
0
0
0
0
0
0
0
5.657844e+08
6.026134e+08
6.540652e+08
7.273864e+08
8.376503e+08
0
0
0
0
0
0
0
0
0
0
0
0
0
0
0
0
0
0
0
0
5.397608e+08
5.723084e+08
6.171706e+08
6.790756e+08
7.673067e+08
0
0
0
0
0
0
0
0
0
0
0
0
0
0
0
0
0
0
0
0
5.151941e+08
5.441919e+08
5.837e+08
6.37243e+08
7.106981e+08
0
0
0
0
0
0
0
0
0
0
0
0
0
0
0
0
0
0
0
0
4.928056e+08
5.188368e+08
5.540877e+08
6.011725e+08
6.643879e+08
0
0
0
0
0
0
0
0
0
0
0
0
0
0
0
0
0
0
0
0
4.727077e+08
4.963007e+08
5.280791e+08
5.701668e+08
6.257428e+08
0
0
0
0
0
0
0
0
0
0
0
0
0
0
0
0
0
0
0
0
4.547329e+08
4.762812e+08
5.052231e+08
5.4328e+08
5.930257e+08
0
0
0
0
0
0
0
0
0
0
0
0
0
0
0
0
0
0
0
0
4.385691e+08
4.583829e+08
4.849359e+08
5.196915e+08
5.647413e+08
0
0
0
0
0
0
0
0
0
0
0
0
0
0
0
0
0
0
0
0
4.238271e+08
4.421293e+08
4.66625e+08
4.985658e+08
5.397268e+08
0
0
0
0
0
0
0
0
0
0
0
0
0
0
0
0
0
0
0
0
4.100087e+08
4.269506e+08
4.496062e+08
4.790631e+08
5.168355e+08
0
0
0
0
0
0
0
0
0
0
0
0
0
0
0
0
0
0
0
0
3.964888e+08
4.121614e+08
4.331042e+08
4.602675e+08
4.949565e+08
0
0
0
0
0
0
0
0
0
0
3.82775e+08
3.972376e+08
4.165568e+08
4.415544e+08
4.733593e+08
0
0
0
0
0
0
0
0
0
0
3.69433e+08
3.827984e+08
4.006423e+08
4.23694e+08
4.529279e+08
0
0
0
0
0
0
0
0
0
0
3.571314e+08
3.695295e+08
3.860949e+08
4.074617e+08
4.34498e+08
0
0
0
0
0
0
0
0
0
0
3.461734e+08
3.577462e+08
3.73218e+08
3.931694e+08
4.183614e+08
0
0
0
0
0
0
0
0
0
0
3.366024e+08
3.474772e+08
3.620344e+08
3.807979e+08
4.0447e+08
0
0
0
0
0
0
0
0
0
0
6.94695e+08
7.611412e+08
0
0
0
0
0
0
0
0
0
0
6.481833e+08
7.04718e+08
7.843598e+08
0
0
0
0
0
0
0
0
0
0
6.132942e+08
6.600634e+08
7.283028e+08
8.267939e+08
0
0
0
0
0
0
0
0
0
0
5.854289e+08
6.256963e+08
6.829179e+08
7.663589e+08
8.919512e+08
0
0
0
0
0
0
0
0
0
0
5.61181e+08
5.969268e+08
6.465652e+08
7.165935e+08
8.198344e+08
0
0
0
0
0
0
0
0
0
0
0
0
0
0
0
0
0
0
0
0
5.381332e+08
5.701781e+08
6.14201e+08
6.746448e+08
7.600607e+08
0
0
0
0
0
0
0
0
0
0
0
0
0
0
0
0
0
0
0
0
5.151445e+08
5.439683e+08
5.831789e+08
6.361978e+08
7.086764e+08
0
0
0
0
0
0
0
0
0
0
0
0
0
0
0
0
0
0
0
0
4.932002e+08
5.191905e+08
5.543619e+08
6.012984e+08
6.64229e+08
0
0
0
0
0
0
0
0
0
0
0
0
0
0
0
0
0
0
0
0
4.729966e+08
4.965865e+08
5.283527e+08
5.70412e+08
6.259287e+08
0
0
0
0
0
0
0
0
0
0
0
0
0
0
0
0
0
0
0
0
4.547329e+08
4.762812e+08
5.052231e+08
5.4328e+08
5.930257e+08
0
0
0
0
0
0
0
0
0
0
0
0
0
0
0
0
0
0
0
0
4.38299e+08
4.581117e+08
4.84668e+08
5.194338e+08
5.645051e+08
0
0
0
0
0
0
0
0
0
0
0
0
0
0
0
0
0
0
0
0
4.234522e+08
4.417648e+08
4.662828e+08
4.982628e+08
5.394877e+08
0
0
0
0
0
0
0
0
0
0
0
0
0
0
0
0
0
0
0
0
4.098577e+08
4.268469e+08
4.495773e+08
4.791457e+08
5.170801e+08
0
0
0
0
0
0
0
0
0
0
0
0
0
0
0
0
0
0
0
0
3.970664e+08
4.128536e+08
4.33965e+08
4.613667e+08
4.963871e+08
0
0
0
0
0
0
0
0
0
0
0
0
0
0
0
0
0
0
0
0
3.845062e+08
3.991559e+08
4.187459e+08
4.441208e+08
4.764414e+08
0
0
0
0
0
0
0
0
0
0
3.717079e+08
3.852713e+08
4.033995e+08
4.268421e+08
4.566042e+08
0
0
0
0
0
0
0
0
0
0
3.592169e+08
3.717801e+08
3.885784e+08
4.102634e+08
4.37725e+08
0
0
0
0
0
0
0
0
0
0
3.476668e+08
3.593508e+08
3.749788e+08
3.95141e+08
4.206138e+08
0
0
0
0
0
0
0
0
0
0
3.373587e+08
3.482858e+08
3.629168e+08
3.817801e+08
4.05584e+08
0
0
0
0
0
0
0
0
0
0
3.283455e+08
3.386269e+08
3.524172e+08
3.701963e+08
3.926041e+08
0
0
0
0
0
0
0
0
0
0
6.446746e+08
7.000667e+08
7.76942e+08
0
0
0
0
0
0
0
0
0
0
6.076996e+08
6.530941e+08
7.187512e+08
8.108364e+08
0
0
0
0
0
0
0
0
0
0
5.78983e+08
6.179034e+08
6.728457e+08
7.51906e+08
8.660068e+08
0
0
0
0
0
0
0
0
0
0
5.552324e+08
5.898269e+08
6.376086e+08
7.044208e+08
8.012113e+08
0
0
0
0
0
0
0
0
0
0
5.341635e+08
5.654172e+08
6.081767e+08
6.665359e+08
7.4819e+08
0
0
0
0
0
0
0
0
0
0
0
0
0
0
0
0
0
0
0
0
5.137825e+08
5.42232e+08
5.808488e+08
6.32896e+08
7.036996e+08
0
0
0
0
0
0
0
0
0
0
0
0
0
0
0
0
0
0
0
0
4.932202e+08
5.190834e+08
5.540439e+08
6.006315e+08
6.629584e+08
0
0
0
0
0
0
0
0
0
0
0
0
0
0
0
0
0
0
0
0
4.733924e+08
4.96955e+08
5.286679e+08
5.706307e+08
6.259741e+08
0
0
0
0
0
0
0
0
0
0
0
0
0
0
0
0
0
0
0
0
4.550127e+08
4.765607e+08
5.054961e+08
5.435364e+08
5.932475e+08
0
0
0
0
0
0
0
0
0
0
0
0
0
0
0
0
0
0
0
0
4.38299e+08
4.581117e+08
4.84668e+08
5.194338e+08
5.645051e+08
0
0
0
0
0
0
0
0
0
0
0
0
0
0
0
0
0
0
0
0
4.231919e+08
4.415026e+08
4.660221e+08
4.980085e+08
5.392478e+08
0
0
0
0
0
0
0
0
0
0
0
0
0
0
0
0
0
0
0
0
4.094924e+08
4.264898e+08
4.492382e+08
4.788385e+08
5.168238e+08
0
0
0
0
0
0
0
0
0
0
0
0
0
0
0
0
0
0
0
0
3.969063e+08
4.127348e+08
4.339117e+08
4.614104e+08
4.965701e+08
0
0
0
0
0
0
0
0
0
0
0
0
0
0
0
0
0
0
0
0
3.850302e+08
3.99783e+08
4.195238e+08
4.451112e+08
4.77725e+08
0
0
0
0
0
0
0
0
0
0
0
0
0
0
0
0
0
0
0
0
3.733268e+08
3.870588e+08
4.054322e+08
4.292149e+08
4.594399e+08
0
0
0
0
0
0
0
0
0
0
3.613587e+08
3.741022e+08
3.911584e+08
4.131987e+08
4.411379e+08
0
0
0
0
0
0
0
0
0
0
3.49638e+08
3.614724e+08
3.773139e+08
3.97766e+08
4.236261e+08
0
0
0
0
0
0
0
0
0
0
3.387743e+08
3.498032e+08
3.645776e+08
3.836348e+08
4.076951e+08
0
0
0
0
0
0
0
0
0
0
3.290656e+08
3.393949e+08
3.532531e+08
3.71124e+08
3.936534e+08
0
0
0
0
0
0
0
0
0
0
3.205672e+08
3.302993e+08
3.433792e+08
3.602526e+08
3.815064e+08
0
0
0
0
0
0
0
0
0
0
6.048124e+08
6.495229e+08
7.139141e+08
8.029574e+08
0
0
0
0
0
0
0
0
0
0
5.74224e+08
6.122069e+08
6.655956e+08
7.41758e+08
8.486911e+08
0
0
0
0
0
0
0
0
0
0
5.49645e+08
5.832549e+08
6.294881e+08
6.937028e+08
7.855129e+08
0
0
0
0
0
0
0
0
0
0
5.289454e+08
5.593302e+08
6.007435e+08
6.569585e+08
7.349151e+08
0
0
0
0
0
0
0
0
0
0
5.102903e+08
5.381251e+08
5.757992e+08
6.263688e+08
6.947542e+08
0
0
0
0
0
0
0
0
0
0
0
0
0
0
0
0
0
0
0
0
4.920542e+08
5.176254e+08
5.52134e+08
5.980206e+08
6.592158e+08
0
0
0
0
0
0
0
0
0
0
0
0
0
0
0
0
0
0
0
0
4.73459e+08
4.969236e+08
5.284779e+08
5.701873e+08
6.251206e+08
0
0
0
0
0
0
0
0
0
0
0
0
0
0
0
0
0
0
0
0
4.554039e+08
4.769329e+08
5.058303e+08
5.438031e+08
5.933981e+08
0
0
0
0
0
0
0
0
0
0
0
0
0
0
0
0
0
0
0
0
4.385691e+08
4.583829e+08
4.849359e+08
5.196915e+08
5.647413e+08
0
0
0
0
0
0
0
0
0
0
0
0
0
0
0
0
0
0
0
0
4.231919e+08
4.415026e+08
4.660221e+08
4.980085e+08
5.392478e+08
0
0
0
0
0
0
0
0
0
0
0
0
0
0
0
0
0
0
0
0
4.092417e+08
4.262367e+08
4.489855e+08
4.785901e+08
5.165855e+08
0
0
0
0
0
0
0
0
0
0
0
0
0
0
0
0
0
0
0
0
3.965509e+08
4.123859e+08
4.33578e+08
4.611032e+08
4.963052e+08
0
0
0
0
0
0
0
0
0
0
0
0
0
0
0
0
0
0
0
0
3.848629e+08
3.996527e+08
4.194515e+08
4.451246e+08
4.778601e+08
0
0
0
0
0
0
0
0
0
0
0
0
0
0
0
0
0
0
0
0
3.738041e+08
3.876288e+08
4.061387e+08
4.301124e+08
4.605995e+08
0
0
0
0
0
0
0
0
0
0
0
0
0
0
0
0
0
0
0
0
3.628764e+08
3.757735e+08
3.930522e+08
4.154015e+08
4.43759e+08
0
0
0
0
0
0
0
0
0
0
3.516594e+08
3.636583e+08
3.797359e+08
4.005117e+08
4.268066e+08
0
0
0
0
0
0
0
0
0
0
3.406412e+08
3.518082e+08
3.667783e+08
3.86102e+08
4.105159e+08
0
0
0
0
0
0
0
0
0
0
3.304105e+08
3.408331e+08
3.548233e+08
3.728728e+08
3.956381e+08
0
0
0
0
0
0
0
0
0
0
3.212541e+08
3.310304e+08
3.441729e+08
3.611311e+08
3.824969e+08
0
0
0
0
0
0
0
0
0
0
3.132298e+08
3.224546e+08
3.348764e+08
3.509109e+08
3.711028e+08
0
0
0
0
0
0
0
0
0
0
5.71757e+08
6.092683e+08
6.618826e+08
7.366219e+08
8.401463e+08
0
0
0
0
0
0
0
0
0
0
5.454961e+08
5.784093e+08
6.235636e+08
6.860046e+08
7.745127e+08
0
0
0
0
0
0
0
0
0
0
5.24007e+08
5.536339e+08
5.938963e+08
6.483203e+08
7.232825e+08
0
0
0
0
0
0
0
0
0
0
5.056414e+08
5.327861e+08
5.694267e+08
6.184194e+08
6.843085e+08
0
0
0
0
0
0
0
0
0
0
4.889362e+08
5.140124e+08
5.47776e+08
5.925433e+08
6.520022e+08
0
0
0
0
0
0
0
0
0
0
0
0
0
0
0
0
0
0
0
0
4.724448e+08
4.956721e+08
5.268669e+08
5.680345e+08
6.221397e+08
0
0
0
0
0
0
0
0
0
0
0
0
0
0
0
0
0
0
0
0
4.555028e+08
4.769534e+08
5.057251e+08
5.435031e+08
5.927952e+08
0
0
0
0
0
0
0
0
0
0
0
0
0
0
0
0
0
0
0
0
4.389529e+08
4.587529e+08
4.852774e+08
5.199828e+08
5.64949e+08
0
0
0
0
0
0
0
0
0
0
0
0
0
0
0
0
0
0
0
0
4.234522e+08
4.417648e+08
4.662828e+08
4.982628e+08
5.394877e+08
0
0
0
0
0
0
0
0
0
0
0
0
0
0
0
0
0
0
0
0
4.092417e+08
4.262367e+08
4.489855e+08
4.785901e+08
5.165855e+08
0
0
0
0
0
0
0
0
0
0
0
0
0
0
0
0
0
0
0
0
3.963093e+08
4.121418e+08
4.333337e+08
4.608618e+08
4.960712e+08
0
0
0
0
0
0
0
0
0
0
0
0
0
0
0
0
0
0
0
0
3.845172e+08
3.993126e+08
4.191242e+08
4.448201e+08
4.775916e+08
0
0
0
0
0
0
0
0
0
0
0
0
0
0
0
0
0
0
0
0
3.736317e+08
3.874893e+08
4.060515e+08
4.301016e+08
4.606968e+08
0
0
0
0
0
0
0
0
0
0
0
0
0
0
0
0
0
0
0
0
3.633121e+08
3.762937e+08
3.936959e+08
4.162187e+08
4.448122e+08
0
0
0
0
0
0
0
0
0
0
0
0
0
0
0
0
0
0
0
0
3.530859e+08
3.652249e+08
3.815063e+08
4.025634e+08
4.292391e+08
0
0
0
0
0
0
0
0
0
0
3.425531e+08
3.538709e+08
3.690576e+08
3.886784e+08
4.134893e+08
0
0
0
0
0
0
0
0
0
0
3.321828e+08
3.427318e+08
3.569025e+08
3.751972e+08
3.982878e+08
0
0
0
0
0
0
0
0
0
0
3.225344e+08
3.323966e+08
3.456608e+08
3.627839e+08
3.843673e+08
0
0
0
0
0
0
0
0
0
0
3.138864e+08
3.23152e+08
3.356317e+08
3.517446e+08
3.720402e+08
0
0
0
0
0
0
0
0
0
0
3.06302e+08
3.150549e+08
3.268678e+08
3.421248e+08
3.613336e+08
0
0
0
0
0
0
0
0
0
0
5.433383e+08
5.758985e+08
6.205093e+08
6.820651e+08
7.689496e+08
0
0
0
0
0
0
0
0
0
0
5.203253e+08
5.494099e+08
5.888585e+08
6.42034e+08
7.149488e+08
0
0
0
0
0
0
0
0
0
0
5.012175e+08
5.277521e+08
5.634936e+08
6.111391e+08
6.749414e+08
0
0
0
0
0
0
0
0
0
0
4.847449e+08
5.092568e+08
5.421878e+08
5.857295e+08
6.433344e+08
0
0
0
0
0
0
0
0
0
0
4.696309e+08
4.924468e+08
5.230325e+08
5.633048e+08
6.160808e+08
0
0
0
0
0
0
0
0
0
0
0
0
0
0
0
0
0
0
0
0
4.546099e+08
4.758623e+08
5.043372e+08
5.416786e+08
5.903235e+08
0
0
0
0
0
0
0
0
0
0
0
0
0
0
0
0
0
0
0
0
4.390749e+08
4.5881e+08
4.852315e+08
5.197799e+08
5.645097e+08
0
0
0
0
0
0
0
0
0
0
0
0
0
0
0
0
0
0
0
0
4.238271e+08
4.421293e+08
4.66625e+08
4.985658e+08
5.397268e+08
0
0
0
0
0
0
0
0
0
0
0
0
0
0
0
0
0
0
0
0
4.094924e+08
4.264898e+08
4.492382e+08
4.788385e+08
5.168238e+08
0
0
0
0
0
0
0
0
0
0
0
0
0
0
0
0
0
0
0
0
3.963093e+08
4.121418e+08
4.333337e+08
4.608618e+08
4.960712e+08
0
0
0
0
0
0
0
0
0
0
0
0
0
0
0
0
0
0
0
0
3.842843e+08
3.990772e+08
4.188881e+08
4.445861e+08
4.773633e+08
0
0
0
0
0
0
0
0
0
0
0
0
0
0
0
0
0
0
0
0
3.732956e+08
3.871577e+08
4.057313e+08
4.298013e+08
4.604277e+08
0
0
0
0
0
0
0
0
0
0
0
0
0
0
0
0
0
0
0
0
3.631358e+08
3.761473e+08
3.935966e+08
4.161885e+08
4.448788e+08
0
0
0
0
0
0
0
0
0
0
0
0
0
0
0
0
0
0
0
0
3.534846e+08
3.657007e+08
3.820953e+08
4.033101e+08
4.302005e+08
0
0
0
0
0
0
0
0
0
0
0
0
0
0
0
0
0
0
0
0
3.438966e+08
3.553432e+08
3.707168e+08
3.905961e+08
4.157544e+08
0
0
0
0
0
0
0
0
0
0
3.339951e+08
3.446824e+08
3.590528e+08
3.776208e+08
4.010766e+08
0
0
0
0
0
0
0
0
0
0
3.242202e+08
3.341988e+08
3.476292e+08
3.64979e+08
3.868623e+08
0
0
0
0
0
0
0
0
0
0
3.151073e+08
3.244523e+08
3.370447e+08
3.533101e+08
3.73807e+08
0
0
0
0
0
0
0
0
0
0
3.069307e+08
3.157213e+08
3.27588e+08
3.429179e+08
3.622227e+08
0
0
0
0
0
0
0
0
0
0
2.997628e+08
3.080684e+08
3.193145e+08
3.338516e+08
3.521494e+08
0
0
0
0
0
0
0
0
0
0
5.184057e+08
5.472141e+08
5.862498e+08
6.387959e+08
7.106881e+08
0
0
0
0
0
0
0
0
0
0
4.979098e+08
5.240044e+08
5.591036e+08
6.057972e+08
6.681445e+08
0
0
0
0
0
0
0
0
0
0
4.807396e+08
5.047481e+08
5.369463e+08
5.794247e+08
6.354467e+08
0
0
0
0
0
0
0
0
0
0
4.658184e+08
4.881603e+08
5.180564e+08
5.57332e+08
6.086549e+08
0
0
0
0
0
0
0
0
0
0
4.520491e+08
4.729524e+08
5.009145e+08
5.375166e+08
5.850899e+08
0
0
0
0
0
0
0
0
0
0
0
0
0
0
0
0
0
0
0
0
4.382816e+08
4.578475e+08
4.840178e+08
5.182019e+08
5.624054e+08
0
0
0
0
0
0
0
0
0
0
0
0
0
0
0
0
0
0
0
0
4.239657e+08
4.422131e+08
4.666219e+08
4.98432e+08
5.394004e+08
0
0
0
0
0
0
0
0
0
0
0
0
0
0
0
0
0
0
0
0
4.098577e+08
4.268469e+08
4.495773e+08
4.791457e+08
5.170801e+08
0
0
0
0
0
0
0
0
0
0
0
0
0
0
0
0
0
0
0
0
3.965509e+08
4.123859e+08
4.33578e+08
4.611032e+08
4.963052e+08
0
0
0
0
0
0
0
0
0
0
0
0
0
0
0
0
0
0
0
0
3.842843e+08
3.990772e+08
4.188881e+08
4.445861e+08
4.773633e+08
0
0
0
0
0
0
0
0
0
0
0
0
0
0
0
0
0
0
0
0
3.730709e+08
3.869305e+08
4.055034e+08
4.295749e+08
4.602059e+08
0
0
0
0
0
0
0
0
0
0
0
0
0
0
0
0
0
0
0
0
3.628089e+08
3.758244e+08
3.932837e+08
4.158934e+08
4.446113e+08
0
0
0
0
0
0
0
0
0
0
0
0
0
0
0
0
0
0
0
0
3.533052e+08
3.655488e+08
3.819864e+08
4.032638e+08
4.30242e+08
0
0
0
0
0
0
0
0
0
0
0
0
0
0
0
0
0
0
0
0
3.442619e+08
3.557795e+08
3.712571e+08
3.912812e+08
4.166351e+08
0
0
0
0
0
0
0
0
0
0
0
0
0
0
0
0
0
0
0
3.352634e+08
3.460689e+08
3.606119e+08
3.794177e+08
4.031931e+08
0
0
0
0
0
0
0
0
0
0
3.259418e+08
3.360476e+08
3.496622e+08
3.672647e+08
3.894844e+08
0
0
0
0
0
0
0
0
0
0
3.167136e+08
3.261663e+08
3.389127e+08
3.553875e+08
3.761621e+08
0
0
0
0
0
0
0
0
0
0
3.080972e+08
3.169612e+08
3.289326e+08
3.444041e+08
3.638954e+08
0
0
0
0
0
0
0
0
0
0
3.003657e+08
3.087064e+08
3.200026e+08
3.346076e+08
3.529947e+08
0
0
0
0
0
0
0
0
0
0
2.935813e+08
3.014739e+08
3.121839e+08
3.260507e+08
3.435047e+08
0
0
0
0
0
0
0
0
0
0
4.961815e+08
5.220512e+08
5.568231e+08
6.030336e+08
6.646469e+08
0
0
0
0
0
0
0
0
0
0
4.777383e+08
5.013815e+08
5.330527e+08
5.747728e+08
6.296771e+08
0
0
0
0
0
0
0
0
0
0
4.62163e+08
4.84079e+08
5.133636e+08
5.517653e+08
6.018301e+08
0
0
0
0
0
0
0
0
0
0
4.485561e+08
4.690543e+08
4.964309e+08
5.322006e+08
5.785845e+08
0
0
0
0
0
0
0
0
0
0
4.359357e+08
4.552e+08
4.809304e+08
5.144871e+08
5.577999e+08
0
0
0
0
0
0
0
0
0
0
0
0
0
0
0
0
0
0
0
0
4.232559e+08
4.413565e+08
4.655483e+08
4.970475e+08
5.375737e+08
0
0
0
0
0
0
0
0
0
0
0
0
0
0
0
0
0
0
0
0
4.100087e+08
4.269506e+08
4.496062e+08
4.790631e+08
5.168355e+08
0
0
0
0
0
0
0
0
0
0
0
0
0
0
0
0
0
0
0
0
3.969062e+08
4.127348e+08
4.339117e+08
4.614104e+08
4.965701e+08
0
0
0
0
0
0
0
0
0
0
0
0
0
0
0
0
0
0
0
0
3.845172e+08
3.993126e+08
4.191242e+08
4.448201e+08
4.775916e+08
0
0
0
0
0
0
0
0
0
0
0
0
0
0
0
0
0
0
0
0
3.730709e+08
3.869305e+08
4.055034e+08
4.295749e+08
4.602059e+08
0
0
0
0
0
0
0
0
0
0
0
0
0
0
0
0
0
0
0
0
3.625919e+08
3.75605e+08
3.930635e+08
4.156745e+08
4.443962e+08
0
0
0
0
0
0
0
0
0
0
0
0
0
0
0
0
0
0
0
0
3.52987e+08
3.652343e+08
3.816809e+08
4.029742e+08
4.299774e+08
0
0
0
0
0
0
0
0
0
0
0
0
0
0
0
0
0
0
0
0
3.440804e+08
3.556231e+08
3.711403e+08
3.912218e+08
4.166556e+08
0
0
0
0
0
0
0
0
0
0
0
0
0
0
0
0
0
0
0
3.355988e+08
3.464697e+08
3.611088e+08
3.800479e+08
4.040031e+08
0
0
0
0
0
0
0
0
0
0
0
0
0
0
0
0
0
0
3.271418e+08
3.373564e+08
3.511303e+08
3.689529e+08
3.914673e+08
0
0
0
0
0
0
0
0
0
0
3.18352e+08
3.279224e+08
3.408391e+08
3.575477e+08
3.786338e+08
0
0
0
0
0
0
0
0
0
0
3.096309e+08
3.185943e+08
3.307088e+08
3.463747e+08
3.661231e+08
0
0
0
0
0
0
0
0
0
0
3.014817e+08
3.098909e+08
3.212843e+08
3.360213e+08
3.545818e+08
0
0
0
0
0
0
0
0
0
0
2.941606e+08
3.020856e+08
3.128425e+08
3.267726e+08
3.4431e+08
0
0
0
0
0
0
0
0
0
0
2.877355e+08
2.952402e+08
3.05454e+08
3.18688e+08
3.353565e+08
0
0
0
0
0
0
0
0
0
0
4.76167e+08
4.996232e+08
5.310251e+08
5.723586e+08
6.266956e+08
0
0
0
0
0
0
0
0
0
0
4.594189e+08
4.810248e+08
5.098674e+08
5.476422e+08
5.96811e+08
0
0
0
0
0
0
0
0
0
0
4.451979e+08
4.653302e+08
4.921847e+08
5.272196e+08
5.725641e+08
0
0
0
0
0
0
0
0
0
0
4.32717e+08
4.516296e+08
4.768547e+08
5.096996e+08
5.520138e+08
0
0
0
0
0
0
0
0
0
0
4.21095e+08
4.38932e+08
4.627401e+08
4.936972e+08
5.334638e+08
0
0
0
0
0
0
0
0
0
0
0
0
0
0
0
0
0
0
0
0
4.0937e+08
4.261827e+08
4.486483e+08
4.778346e+08
5.152277e+08
0
0
0
0
0
0
0
0
0
0
0
0
0
0
0
0
0
0
0
0
3.970664e+08
4.128536e+08
4.33965e+08
4.613667e+08
4.963871e+08
0
0
0
0
0
0
0
0
0
0
0
0
0
0
0
0
0
0
0
0
3.848629e+08
3.996527e+08
4.194515e+08
4.451246e+08
4.778601e+08
0
0
0
0
0
0
0
0
0
0
0
0
0
0
0
0
0
0
0
0
3.732956e+08
3.871577e+08
4.057313e+08
4.298013e+08
4.604277e+08
0
0
0
0
0
0
0
0
0
0
0
0
0
0
0
0
0
0
0
0
3.625919e+08
3.75605e+08
3.930635e+08
4.156745e+08
4.443962e+08
0
0
0
0
0
0
0
0
0
0
0
0
0
0
0
0
0
0
0
0
3.527772e+08
3.650223e+08
3.814681e+08
4.027624e+08
4.297689e+08
0
0
0
0
0
0
0
0
0
0
0
0
0
0
0
0
0
0
0
0
3.437705e+08
3.553166e+08
3.708422e+08
3.909382e+08
4.163944e+08
0
0
0
0
0
0
0
0
0
0
0
0
0
0
0
0
0
0
0
3.354156e+08
3.463098e+08
3.609855e+08
3.799776e+08
4.040061e+08
0
0
0
0
0
0
0
0
0
0
0
0
0
0
0
0
0
0
3.274503e+08
3.377253e+08
3.515881e+08
3.695342e+08
3.922144e+08
0
0
0
0
0
0
0
0
0
0
0
0
0
0
0
0
0
3.194892e+08
3.291606e+08
3.422247e+08
3.591373e+08
3.804964e+08
0
0
0
0
0
0
0
0
0
0
3.111931e+08
3.202651e+08
3.32538e+08
3.48421e+08
3.684582e+08
0
0
0
0
0
0
0
0
0
0
3.029481e+08
3.114499e+08
3.229762e+08
3.378944e+08
3.566942e+08
0
0
0
0
0
0
0
0
0
0
2.952302e+08
3.032188e+08
3.140667e+08
3.281198e+08
3.45819e+08
0
0
0
0
0
0
0
0
0
0
2.882928e+08
2.958279e+08
3.060854e+08
3.193788e+08
3.361251e+08
0
0
0
0
0
0
0
0
0
0
2.822013e+08
2.893451e+08
2.99093e+08
3.117404e+08
3.276686e+08
0
0
0
0
0
0
0
0
0
0
4.579797e+08
4.794265e+08
5.080428e+08
5.454972e+08
5.942093e+08
0
0
0
0
0
0
0
0
0
0
4.426731e+08
4.625382e+08
4.890141e+08
5.235196e+08
5.681199e+08
0
0
0
0
0
0
0
0
0
0
4.296151e+08
4.482091e+08
4.729816e+08
5.051953e+08
5.466314e+08
0
0
0
0
0
0
0
0
0
0
4.181143e+08
4.356427e+08
4.590084e+08
4.893475e+08
5.282567e+08
0
0
0
0
0
0
0
0
0
0
4.073705e+08
4.2395e+08
4.460772e+08
4.747882e+08
5.115221e+08
0
0
0
0
0
0
0
0
0
0
0
0
0
0
0
0
0
0
0
0
3.964888e+08
4.121614e+08
4.331042e+08
4.602675e+08
4.949565e+08
0
0
0
0
0
0
0
0
0
0
0
0
0
0
0
0
0
0
0
0
3.850302e+08
3.99783e+08
4.195238e+08
4.451112e+08
4.77725e+08
0
0
0
0
0
0
0
0
0
0
0
0
0
0
0
0
0
0
0
0
3.736317e+08
3.874893e+08
4.060515e+08
4.301016e+08
4.606968e+08
0
0
0
0
0
0
0
0
0
0
0
0
0
0
0
0
0
0
0
0
3.628089e+08
3.758244e+08
3.932837e+08
4.158934e+08
4.446113e+08
0
0
0
0
0
0
0
0
0
0
0
0
0
0
0
0
0
0
0
0
3.527772e+08
3.650223e+08
3.814681e+08
4.027624e+08
4.297689e+08
0
0
0
0
0
0
0
0
0
0
0
0
0
0
0
0
0
0
0
0
3.435675e+08
3.551115e+08
3.706364e+08
3.907332e+08
4.161923e+08
0
0
0
0
0
0
0
0
0
0
0
0
0
0
0
0
0
0
0
3.351136e+08
3.46011e+08
3.606943e+08
3.797e+08
4.037491e+08
0
0
0
0
0
0
0
0
0
0
0
0
0
0
0
0
0
0
3.27266e+08
3.375626e+08
3.514594e+08
3.694545e+08
3.922024e+08
0
0
0
0
0
0
0
0
0
0
0
0
0
0
0
0
0
3.197731e+08
3.295009e+08
3.426475e+08
3.596746e+08
3.811874e+08
0
0
0
0
0
0
0
0
0
0
0
0
0
0
0
0
3.122733e+08
3.214385e+08
3.338489e+08
3.499213e+08
3.702117e+08
0
0
0
0
0
0
0
0
0
0
3.044399e+08
3.130429e+08
3.247164e+08
3.39837e+08
3.589052e+08
0
0
0
0
0
0
0
0
0
0
2.966345e+08
3.047091e+08
3.156815e+08
3.299035e+08
3.478259e+08
0
0
0
0
0
0
0
0
0
0
2.893195e+08
2.969139e+08
3.072563e+08
3.20665e+08
3.375625e+08
0
0
0
0
0
0
0
0
0
0
2.827384e+08
2.899105e+08
2.996994e+08
3.124023e+08
3.284036e+08
0
0
0
0
0
0
0
0
0
0
2.76963e+08
2.837644e+08
2.930781e+08
3.051748e+08
3.204161e+08
0
0
0
0
0
0
0
0
0
0
4.413467e+08
4.610746e+08
4.873562e+08
5.215906e+08
5.658105e+08
0
0
0
0
0
0
0
0
0
0
4.2728e+08
4.456407e+08
4.700843e+08
5.018419e+08
5.426469e+08
0
0
0
0
0
0
0
0
0
0
4.152358e+08
4.324838e+08
4.554522e+08
4.852414e+08
5.233934e+08
0
0
0
0
0
0
0
0
0
0
4.045988e+08
4.209047e+08
4.426406e+08
4.708077e+08
5.067944e+08
0
0
0
0
0
0
0
0
0
0
3.946313e+08
4.10096e+08
4.307372e+08
4.57479e+08
4.91588e+08
0
0
0
0
0
0
0
0
0
0
0
0
0
0
0
0
0
0
0
0
3.845062e+08
3.991559e+08
4.187459e+08
4.441208e+08
4.764414e+08
0
0
0
0
0
0
0
0
0
0
0
0
0
0
0
0
0
0
0
0
3.738042e+08
3.876287e+08
4.061387e+08
4.301124e+08
4.605995e+08
0
0
0
0
0
0
0
0
0
0
0
0
0
0
0
0
0
0
0
0
3.631358e+08
3.761473e+08
3.935966e+08
4.161885e+08
4.448788e+08
0
0
0
0
0
0
0
0
0
0
0
0
0
0
0
0
0
0
0
0
3.52987e+08
3.652343e+08
3.816809e+08
4.029742e+08
4.299774e+08
0
0
0
0
0
0
0
0
0
0
0
0
0
0
0
0
0
0
0
0
3.435675e+08
3.551115e+08
3.706364e+08
3.907332e+08
4.161923e+08
0
0
0
0
0
0
0
0
0
0
0
0
0
0
0
0
0
0
0
3.349169e+08
3.458124e+08
3.60495e+08
3.795016e+08
4.035533e+08
0
0
0
0
0
0
0
0
0
0
0
0
0
0
0
0
0
0
3.269715e+08
3.372711e+08
3.511752e+08
3.691827e+08
3.919498e+08
0
0
0
0
0
0
0
0
0
0
0
0
0
0
0
0
0
3.195879e+08
3.29336e+08
3.425143e+08
3.59587e+08
3.811625e+08
0
0
0
0
0
0
0
0
0
0
0
0
0
0
0
0
3.125354e+08
3.217526e+08
3.342402e+08
3.50419e+08
3.708521e+08
0
0
0
0
0
0
0
0
0
0
0
0
0
0
0
3.05467e+08
3.141574e+08
3.259586e+08
3.412561e+08
3.605598e+08
0
0
0
0
0
0
0
0
0
0
2.980611e+08
3.062301e+08
3.173402e+08
3.317509e+08
3.49924e+08
0
0
0
0
0
0
0
0
0
0
2.906663e+08
2.98341e+08
3.087996e+08
3.223668e+08
3.394728e+08
0
0
0
0
0
0
0
0
0
0
2.837254e+08
2.909527e+08
3.008212e+08
3.136322e+08
3.297754e+08
0
0
0
0
0
0
0
0
0
0
2.774815e+08
2.843092e+08
2.936612e+08
3.058102e+08
3.211201e+08
0
0
0
0
0
0
0
0
0
0
2.719973e+08
2.784821e+08
2.873843e+08
2.989673e+08
3.135641e+08
0
0
0
0
0
0
0
0
0
0
4.260511e+08
4.442919e+08
4.685666e+08
5.000904e+08
5.405722e+08
0
0
0
0
0
0
0
0
0
0
4.130665e+08
4.301088e+08
4.52788e+08
4.821789e+08
5.197853e+08
0
0
0
0
0
0
0
0
0
0
4.019172e+08
4.17974e+08
4.393577e+08
4.670397e+08
5.023646e+08
0
0
0
0
0
0
0
0
0
0
3.920443e+08
4.072649e+08
4.275567e+08
4.538153e+08
4.872646e+08
0
0
0
0
0
0
0
0
0
0
3.82775e+08
3.972376e+08
4.165568e+08
4.415544e+08
4.733593e+08
0
0
0
0
0
0
0
0
0
0
0
0
0
0
0
0
0
0
0
0
3.733268e+08
3.870588e+08
4.054322e+08
4.292149e+08
4.594399e+08
0
0
0
0
0
0
0
0
0
0
0
0
0
0
0
0
0
0
0
0
3.633121e+08
3.762937e+08
3.936959e+08
4.162187e+08
4.448122e+08
0
0
0
0
0
0
0
0
0
0
0
0
0
0
0
0
0
0
0
0
3.533052e+08
3.655488e+08
3.819864e+08
4.032638e+08
4.30242e+08
0
0
0
0
0
0
0
0
0
0
0
0
0
0
0
0
0
0
0
0
3.437705e+08
3.553166e+08
3.708422e+08
3.909382e+08
4.163944e+08
0
0
0
0
0
0
0
0
0
0
0
0
0
0
0
0
0
0
0
3.349169e+08
3.458124e+08
3.60495e+08
3.795016e+08
4.035533e+08
0
0
0
0
0
0
0
0
0
0
0
0
0
0
0
0
0
0
3.267806e+08
3.370786e+08
3.509821e+08
3.689904e+08
3.9176e+08
0
0
0
0
0
0
0
0
0
0
0
0
0
0
0
0
0
3.193004e+08
3.290515e+08
3.422366e+08
3.593211e+08
3.809142e+08
0
0
0
0
0
0
0
0
0
0
0
0
0
0
0
0
3.1235e+08
3.215859e+08
3.341033e+08
3.503247e+08
3.708162e+08
0
0
0
0
0
0
0
0
0
0
0
0
0
0
0
3.057085e+08
3.144483e+08
3.263211e+08
3.417183e+08
3.611549e+08
0
0
0
0
0
0
0
0
0
0
0
0
0
0
2.990391e+08
3.072899e+08
3.185201e+08
3.330956e+08
3.51489e+08
0
0
0
0
0
0
0
0
0
0
2.920327e+08
2.997954e+08
3.10383e+08
3.241273e+08
3.414673e+08
0
0
0
0
0
0
0
0
0
0
2.850191e+08
2.923213e+08
3.022988e+08
3.152582e+08
3.315971e+08
0
0
0
0
0
0
0
0
0
0
2.784322e+08
2.85311e+08
2.947377e+08
3.069882e+08
3.224312e+08
0
0
0
0
0
0
0
0
0
0
2.724984e+08
2.79008e+08
2.87946e+08
2.995782e+08
3.142396e+08
0
0
0
0
0
0
0
0
0
2.673052e+08
2.734747e+08
2.819953e+08
2.930921e+08
3.070875e+08
0
0
0
0
0
0
0
0
0
0
4.119228e+08
4.288594e+08
4.5139e+08
4.805765e+08
5.179031e+08
0
0
0
0
0
0
0
0
0
0
3.998941e+08
4.157678e+08
4.368949e+08
4.642251e+08
4.990721e+08
0
0
0
0
0
0
0
0
0
0
3.895371e+08
4.045351e+08
4.24512e+08
4.503387e+08
4.832026e+08
0
0
0
0
0
0
0
0
0
0
3.80353e+08
3.945958e+08
4.136011e+08
4.381653e+08
4.693825e+08
0
0
0
0
0
0
0
0
0
0
3.717079e+08
3.852713e+08
4.033995e+08
4.268421e+08
4.566042e+08
0
0
0
0
0
0
0
0
0
0
0
0
0
0
0
0
0
0
0
0
3.628764e+08
3.757735e+08
3.930522e+08
4.154015e+08
4.43759e+08
0
0
0
0
0
0
0
0
0
0
0
0
0
0
0
0
0
0
0
0
3.534846e+08
3.657007e+08
3.820953e+08
4.033101e+08
4.302005e+08
0
0
0
0
0
0
0
0
0
0
0
0
0
0
0
0
0
0
0
0
3.440804e+08
3.556231e+08
3.711403e+08
3.912218e+08
4.166555e+08
0
0
0
0
0
0
0
0
0
0
0
0
0
0
0
0
0
0
0
3.351137e+08
3.46011e+08
3.606943e+08
3.797e+08
4.037491e+08
0
0
0
0
0
0
0
0
0
0
0
0
0
0
0
0
0
0
3.267806e+08
3.370786e+08
3.509821e+08
3.689904e+08
3.9176e+08
0
0
0
0
0
0
0
0
0
0
0
0
0
0
0
0
0
3.191149e+08
3.288646e+08
3.420493e+08
3.591345e+08
3.8073e+08
0
0
0
0
0
0
0
0
0
0
0
0
0
0
0
0
3.120694e+08
3.213079e+08
3.338318e+08
3.500643e+08
3.705724e+08
0
0
0
0
0
0
0
0
0
0
0
0
0
0
0
3.055226e+08
3.142806e+08
3.26181e+08
3.416182e+08
3.611094e+08
0
0
0
0
0
0
0
0
0
0
0
0
0
0
2.992615e+08
3.075589e+08
3.188569e+08
3.335253e+08
3.520432e+08
0
0
0
0
0
0
0
0
0
0
0
0
0
2.929656e+08
3.008045e+08
3.11505e+08
3.254044e+08
3.429501e+08
0
0
0
0
0
0
0
0
0
0
2.8633e+08
2.937142e+08
3.038126e+08
3.169383e+08
3.334971e+08
0
0
0
0
0
0
0
0
0
0
2.796774e+08
2.866255e+08
2.961544e+08
3.085444e+08
3.241711e+08
0
0
0
0
0
0
0
0
0
0
2.734146e+08
2.799728e+08
2.889805e+08
3.007082e+08
3.154949e+08
0
0
0
0
0
0
0
0
0
2.677905e+08
2.739828e+08
2.825375e+08
2.936803e+08
3.077366e+08
0
0
0
0
0
0
0
0
2.628571e+08
2.687431e+08
2.76887e+08
2.875321e+08
3.009588e+08
0
0
0
0
0
0
0
0
0
0
3.988257e+08
4.146053e+08
4.356004e+08
4.627499e+08
4.973516e+08
0
0
0
0
0
0
0
0
0
0
3.876439e+08
4.024781e+08
4.22225e+08
4.477382e+08
4.801789e+08
0
0
0
0
0
0
0
0
0
0
3.780017e+08
3.92044e+08
4.10766e+08
4.349425e+08
4.656372e+08
0
0
0
0
0
0
0
0
0
0
3.69433e+08
3.827984e+08
4.006423e+08
4.23694e+08
4.529279e+08
0
0
0
0
0
0
0
0
0
0
3.613587e+08
3.741022e+08
3.911584e+08
4.131987e+08
4.411379e+08
0
0
0
0
0
0
0
0
0
0
0
0
0
0
0
0
0
0
0
0
3.530859e+08
3.652249e+08
3.815063e+08
4.025634e+08
4.292391e+08
0
0
0
0
0
0
0
0
0
0
0
0
0
0
0
0
0
0
0
0
3.44262e+08
3.557795e+08
3.712571e+08
3.912812e+08
4.166351e+08
0
0
0
0
0
0
0
0
0
0
0
0
0
0
0
0
0
0
0
3.354156e+08
3.463098e+08
3.609855e+08
3.799776e+08
4.040061e+08
0
0
0
0
0
0
0
0
0
0
0
0
0
0
0
0
0
0
3.269715e+08
3.372711e+08
3.511752e+08
3.691827e+08
3.919498e+08
0
0
0
0
0
0
0
0
0
0
0
0
0
0
0
0
0
3.191149e+08
3.288646e+08
3.420493e+08
3.591345e+08
3.8073e+08
0
0
0
0
0
0
0
0
0
0
0
0
0
0
0
0
3.118892e+08
3.211263e+08
3.336499e+08
3.498832e+08
3.703936e+08
0
0
0
0
0
0
0
0
0
0
0
0
0
0
0
3.052481e+08
3.14009e+08
3.259154e+08
3.413631e+08
3.6087e+08
0
0
0
0
0
0
0
0
0
0
0
0
0
0
2.99075e+08
3.0739e+08
3.187145e+08
3.334201e+08
3.519893e+08
0
0
0
0
0
0
0
0
0
0
0
0
0
2.931708e+08
3.010532e+08
3.118178e+08
3.258051e+08
3.43467e+08
0
0
0
0
0
0
0
0
0
0
0
0
2.872215e+08
2.946768e+08
3.04881e+08
3.181527e+08
3.349052e+08
0
0
0
0
0
0
0
0
0
0
2.80938e+08
2.879616e+08
2.976039e+08
3.101502e+08
3.259838e+08
0
0
0
0
0
0
0
0
0
0
2.746143e+08
2.81238e+08
2.903409e+08
3.021999e+08
3.171596e+08
0
0
0
0
0
0
0
0
0
2.68676e+08
2.749127e+08
2.835336e+08
2.947659e+08
3.089403e+08
0
0
0
0
0
0
0
0
2.633275e+08
2.692353e+08
2.774108e+08
2.880997e+08
3.015836e+08
0
0
0
0
0
0
0
2.586674e+08
2.642577e+08
2.720604e+08
2.822624e+08
2.951603e+08
0
0
0
0
0
0
0
0
0
0
3.866422e+08
4.013922e+08
4.210209e+08
4.46373e+08
4.785963e+08
0
0
0
0
0
0
0
0
0
0
3.762245e+08
3.901192e+08
4.086343e+08
4.32529e+08
4.628457e+08
0
0
0
0
0
0
0
0
0
0
3.672212e+08
3.804057e+08
3.97993e+08
4.206945e+08
4.494583e+08
0
0
0
0
0
0
0
0
0
0
3.592169e+08
3.717801e+08
3.885784e+08
4.102634e+08
4.37725e+08
0
0
0
0
0
0
0
0
0
0
3.516594e+08
3.636583e+08
3.79736e+08
4.005117e+08
4.268066e+08
0
0
0
0
0
0
0
0
0
0
0
0
0
0
0
0
0
0
0
0
3.438967e+08
3.553432e+08
3.707168e+08
3.905961e+08
4.157544e+08
0
0
0
0
0
0
0
0
0
0
0
0
0
0
0
0
0
0
0
3.355988e+08
3.464698e+08
3.611088e+08
3.800479e+08
4.040031e+08
0
0
0
0
0
0
0
0
0
0
0
0
0
0
0
0
0
0
3.27266e+08
3.375626e+08
3.514594e+08
3.694545e+08
3.922024e+08
0
0
0
0
0
0
0
0
0
0
0
0
0
0
0
0
0
3.193004e+08
3.290515e+08
3.422366e+08
3.593211e+08
3.809142e+08
0
0
0
0
0
0
0
0
0
0
0
0
0
0
0
0
3.118892e+08
3.211263e+08
3.336499e+08
3.498832e+08
3.703936e+08
0
0
0
0
0
0
0
0
0
0
0
0
0
0
0
3.050726e+08
3.138326e+08
3.257385e+08
3.411871e+08
3.606962e+08
0
0
0
0
0
0
0
0
0
0
0
0
0
0
2.988059e+08
3.071241e+08
3.184548e+08
3.331702e+08
3.517541e+08
0
0
0
0
0
0
0
0
0
0
0
0
0
2.929844e+08
3.008829e+08
3.11673e+08
3.256959e+08
3.434056e+08
0
0
0
0
0
0
0
0
0
0
0
0
2.874117e+08
2.949072e+08
3.051715e+08
3.185263e+08
3.353887e+08
0
0
0
0
0
0
0
0
0
0
0
2.817925e+08
2.888816e+08
2.986231e+08
3.113067e+08
3.273227e+08
0
0
0
0
0
0
0
0
0
0
2.758276e+08
2.825227e+08
2.917312e+08
3.037372e+08
3.188915e+08
0
0
0
0
0
0
0
0
0
2.698346e+08
2.761314e+08
2.848427e+08
2.96198e+08
3.105354e+08
0
0
0
0
0
0
0
0
2.641835e+08
2.701338e+08
2.783706e+08
2.891447e+08
3.027396e+08
0
0
0
0
0
0
0
2.591243e+08
2.647346e+08
2.725675e+08
2.828104e+08
2.957628e+08
0
0
0
0
0
0
2.546967e+08
2.600327e+08
2.674848e+08
2.772835e+08
2.896651e+08
0
0
0
0
0
0
0
0
0
0
3.752826e+08
3.891013e+08
4.0751e+08
4.312599e+08
4.613822e+08
0
0
0
0
0
0
0
0
0
0
3.655479e+08
3.785992e+08
3.95999e+08
4.18446e+08
4.468693e+08
0
0
0
0
0
0
0
0
0
0
3.571314e+08
3.695296e+08
3.860949e+08
4.074617e+08
4.34498e+08
0
0
0
0
0
0
0
0
0
0
3.49638e+08
3.614724e+08
3.773139e+08
3.97766e+08
4.236261e+08
0
0
0
0
0
0
0
0
0
0
3.425531e+08
3.538709e+08
3.690576e+08
3.886785e+08
4.134893e+08
0
0
0
0
0
0
0
0
0
0
0
0
0
0
0
0
0
0
0
3.352634e+08
3.460689e+08
3.606119e+08
3.794177e+08
4.031931e+08
0
0
0
0
0
0
0
0
0
0
0
0
0
0
0
0
0
0
3.274503e+08
3.377253e+08
3.515882e+08
3.695342e+08
3.922144e+08
0
0
0
0
0
0
0
0
0
0
0
0
0
0
0
0
0
3.195879e+08
3.29336e+08
3.425143e+08
3.59587e+08
3.811625e+08
0
0
0
0
0
0
0
0
0
0
0
0
0
0
0
0
3.120694e+08
3.213079e+08
3.338319e+08
3.500643e+08
3.705724e+08
0
0
0
0
0
0
0
0
0
0
0
0
0
0
0
3.050726e+08
3.138326e+08
3.257386e+08
3.411871e+08
3.606962e+08
0
0
0
0
0
0
0
0
0
0
0
0
0
0
2.986347e+08
3.069521e+08
3.182829e+08
3.32999e+08
3.515851e+08
0
0
0
0
0
0
0
0
0
0
0
0
0
2.927211e+08
3.006221e+08
3.114184e+08
3.254511e+08
3.431746e+08
0
0
0
0
0
0
0
0
0
0
0
0
2.872265e+08
2.947364e+08
3.050243e+08
3.184131e+08
3.353212e+08
0
0
0
0
0
0
0
0
0
0
0
2.819693e+08
2.89096e+08
2.988935e+08
3.116551e+08
3.27775e+08
0
0
0
0
0
0
0
0
0
0
2.766469e+08
2.834045e+08
2.927053e+08
3.048404e+08
3.201665e+08
0
0
0
0
0
0
0
0
0
2.710052e+08
2.773678e+08
2.861792e+08
2.976721e+08
3.121929e+08
0
0
0
0
0
0
0
0
2.653028e+08
2.713107e+08
2.796314e+08
2.905223e+08
3.042703e+08
0
0
0
0
0
0
0
2.599538e+08
2.656031e+08
2.734948e+08
2.83817e+08
2.968751e+08
0
0
0
0
0
0
2.551405e+08
2.604959e+08
2.679761e+08
2.77814e+08
2.902466e+08
0
0
0
0
0
2.510027e+08
2.560284e+08
2.631751e+08
2.725638e+08
2.844742e+08
0
0
0
0
0
0
0
0
0
0
3.646593e+08
3.776422e+08
3.949454e+08
4.172616e+08
4.455099e+08
0
0
0
0
0
0
0
0
0
0
3.555524e+08
3.67829e+08
3.842241e+08
4.053594e+08
4.320875e+08
0
0
0
0
0
0
0
0
0
0
3.476668e+08
3.593508e+08
3.749788e+08
3.95141e+08
4.206138e+08
0
0
0
0
0
0
0
0
0
0
3.406413e+08
3.518082e+08
3.667784e+08
3.86102e+08
4.105159e+08
0
0
0
0
0
0
0
0
0
0
3.339952e+08
3.446824e+08
3.590528e+08
3.776208e+08
4.010766e+08
0
0
0
0
0
0
0
0
0
0
0
0
0
0
0
0
0
0
3.271418e+08
3.373564e+08
3.511303e+08
3.689529e+08
3.914673e+08
0
0
0
0
0
0
0
0
0
0
0
0
0
0
0
0
0
3.197731e+08
3.295009e+08
3.426475e+08
3.596747e+08
3.811874e+08
0
0
0
0
0
0
0
0
0
0
0
0
0
0
0
0
3.1235e+08
3.21586e+08
3.341033e+08
3.503247e+08
3.708162e+08
0
0
0
0
0
0
0
0
0
0
0
0
0
0
0
3.052481e+08
3.14009e+08
3.259154e+08
3.413631e+08
3.6087e+08
0
0
0
0
0
0
0
0
0
0
0
0
0
0
2.986347e+08
3.069521e+08
3.182829e+08
3.32999e+08
3.515851e+08
0
0
0
0
0
0
0
0
0
0
0
0
0
2.925542e+08
3.004543e+08
3.112508e+08
3.252845e+08
3.4301e+08
0
0
0
0
0
0
0
0
0
0
0
0
2.869691e+08
2.94481e+08
3.047743e+08
3.181728e+08
3.350944e+08
0
0
0
0
0
0
0
0
0
0
0
2.817844e+08
2.889258e+08
2.987448e+08
3.115382e+08
3.277015e+08
0
0
0
0
0
0
0
0
0
0
2.768102e+08
2.836045e+08
2.92958e+08
3.051661e+08
3.205899e+08
0
0
0
0
0
0
0
0
0
2.717925e+08
2.782133e+08
2.871128e+08
2.987264e+08
3.134091e+08
0
0
0
0
0
0
0
0
2.664319e+08
2.725035e+08
2.809174e+08
2.91939e+08
3.058592e+08
0
0
0
0
0
0
0
2.610376e+08
2.667398e+08
2.747121e+08
2.851435e+08
2.983471e+08
0
0
0
0
0
0
2.55944e+08
2.613374e+08
2.688723e+08
2.787863e+08
2.913177e+08
0
0
0
0
0
2.514356e+08
2.564782e+08
2.636522e+08
2.730776e+08
2.850368e+08
0
0
0
0
2.475164e+08
2.523031e+08
2.590902e+08
2.681187e+08
2.795536e+08
0
0
0
0
0
0
0
0
0
0
3.547123e+08
3.669262e+08
3.832338e+08
4.042501e+08
4.308197e+08
0
0
0
0
0
0
0
0
0
0
3.461734e+08
3.577463e+08
3.73218e+08
3.931694e+08
4.183614e+08
0
0
0
0
0
0
0
0
0
0
3.387744e+08
3.498032e+08
3.645776e+08
3.836348e+08
4.076951e+08
0
0
0
0
0
0
0
0
0
0
3.321828e+08
3.427318e+08
3.569025e+08
3.751972e+08
3.982879e+08
0
0
0
0
0
0
0
0
0
0
3.259419e+08
3.360476e+08
3.496622e+08
3.672647e+08
3.894844e+08
0
0
0
0
0
0
0
0
0
0
0
0
0
0
0
0
0
3.194892e+08
3.291606e+08
3.422248e+08
3.591374e+08
3.804964e+08
0
0
0
0
0
0
0
0
0
0
0
0
0
0
0
0
3.125354e+08
3.217526e+08
3.342403e+08
3.50419e+08
3.708522e+08
0
0
0
0
0
0
0
0
0
0
0
0
0
0
0
3.055226e+08
3.142806e+08
3.26181e+08
3.416182e+08
3.611094e+08
0
0
0
0
0
0
0
0
0
0
0
0
0
0
2.988059e+08
3.071241e+08
3.184549e+08
3.331702e+08
3.517541e+08
0
0
0
0
0
0
0
0
0
0
0
0
0
2.925542e+08
3.004543e+08
3.112508e+08
3.252845e+08
3.4301e+08
0
0
0
0
0
0
0
0
0
0
0
0
2.868065e+08
2.943174e+08
3.046106e+08
3.180103e+08
3.349341e+08
0
0
0
0
0
0
0
0
0
0
0
2.815317e+08
2.88676e+08
2.984998e+08
3.113018e+08
3.274783e+08
0
0
0
0
0
0
0
0
0
0
2.766253e+08
2.834341e+08
2.92809e+08
3.050463e+08
3.205108e+08
0
0
0
0
0
0
0
0
0
2.719438e+08
2.78399e+08
2.873496e+08
2.990322e+08
3.138065e+08
0
0
0
0
0
0
0
0
2.67188e+08
2.73316e+08
2.818126e+08
2.929496e+08
3.070216e+08
0
0
0
0
0
0
0
2.621301e+08
2.678904e+08
2.759526e+08
2.865063e+08
2.998736e+08
0
0
0
0
0
0
2.569929e+08
2.624381e+08
2.700478e+08
2.800666e+08
2.927345e+08
0
0
0
0
0
2.522175e+08
2.572933e+08
2.645203e+08
2.740169e+08
2.860709e+08
0
0
0
0
2.479374e+08
2.527419e+08
2.595535e+08
2.686174e+08
2.800983e+08
0
0
0
2.443749e+08
2.487868e+08
2.552901e+08
2.639053e+08
2.7492e+08
0
0
0
0
0
0
0
0
0
0
3.453772e+08
3.568929e+08
3.722843e+08
3.921272e+08
4.171748e+08
0
0
0
0
0
0
0
0
0
0
3.373587e+08
3.482858e+08
3.629168e+08
3.817801e+08
4.055841e+08
0
0
0
0
0
0
0
0
0
0
3.304105e+08
3.408331e+08
3.548233e+08
3.728728e+08
3.956381e+08
0
0
0
0
0
0
0
0
0
0
3.242202e+08
3.341988e+08
3.476293e+08
3.64979e+08
3.868623e+08
0
0
0
0
0
0
0
0
0
0
3.18352e+08
3.279224e+08
3.408391e+08
3.575477e+08
3.786338e+08
0
0
0
0
0
0
0
0
0
0
0
0
0
0
0
0
3.122733e+08
3.214385e+08
3.33849e+08
3.499213e+08
3.702117e+08
0
0
0
0
0
0
0
0
0
0
0
0
0
0
0
3.057085e+08
3.144483e+08
3.263211e+08
3.417183e+08
3.611549e+08
0
0
0
0
0
0
0
0
0
0
0
0
0
0
2.99075e+08
3.0739e+08
3.187145e+08
3.334202e+08
3.519893e+08
0
0
0
0
0
0
0
0
0
0
0
0
0
2.92721e+08
3.006221e+08
3.114184e+08
3.254511e+08
3.431746e+08
0
0
0
0
0
0
0
0
0
0
0
0
2.868065e+08
2.943174e+08
3.046106e+08
3.180103e+08
3.349341e+08
0
0
0
0
0
0
0
0
0
0
0
2.813727e+08
2.885166e+08
2.983402e+08
3.11143e+08
3.273219e+08
0
0
0
0
0
0
0
0
0
0
2.763768e+08
2.831888e+08
2.925693e+08
3.048144e+08
3.202908e+08
0
0
0
0
0
0
0
0
0
2.717592e+08
2.78228e+08
2.871996e+08
2.989108e+08
3.137229e+08
0
0
0
0
0
0
0
0
2.673272e+08
2.73489e+08
2.820337e+08
2.932372e+08
3.073957e+08
0
0
0
0
0
0
0
2.628594e+08
2.686707e+08
2.768129e+08
2.874753e+08
3.009876e+08
0
0
0
0
0
0
2.580483e+08
2.635512e+08
2.712441e+08
2.813808e+08
2.942026e+08
0
0
0
0
0
2.532377e+08
2.583584e+08
2.656584e+08
2.75253e+08
2.874379e+08
0
0
0
0
2.486954e+08
2.53535e+08
2.603942e+08
2.695271e+08
2.81097e+08
0
0
0
2.447879e+08
2.492134e+08
2.557418e+08
2.643894e+08
2.754485e+08
0
0
2.414636e+08
2.456183e+08
2.517026e+08
2.599857e+08
2.705277e+08
0
0
0
0
0
0
0
0
0
0
3.366024e+08
3.474772e+08
3.620344e+08
3.807979e+08
4.0447e+08
0
0
0
0
0
0
0
0
0
0
3.290656e+08
3.393949e+08
3.532531e+08
3.711241e+08
3.936534e+08
0
0
0
0
0
0
0
0
0
0
3.225344e+08
3.323966e+08
3.456608e+08
3.627839e+08
3.843673e+08
0
0
0
0
0
0
0
0
0
0
3.167136e+08
3.261664e+08
3.389127e+08
3.553876e+08
3.761621e+08
0
0
0
0
0
0
0
0
0
0
3.111932e+08
3.202651e+08
3.325381e+08
3.484211e+08
3.684582e+08
0
0
0
0
0
0
0
0
0
0
0
0
0
0
0
3.05467e+08
3.141574e+08
3.259586e+08
3.412561e+08
3.605599e+08
0
0
0
0
0
0
0
0
0
0
0
0
0
0
2.992615e+08
3.075589e+08
3.188569e+08
3.335253e+08
3.520432e+08
0
0
0
0
0
0
0
0
0
0
0
0
0
2.929843e+08
3.008829e+08
3.11673e+08
3.256959e+08
3.434056e+08
0
0
0
0
0
0
0
0
0
0
0
0
2.869691e+08
2.94481e+08
3.047743e+08
3.181728e+08
3.350944e+08
0
0
0
0
0
0
0
0
0
0
0
2.813727e+08
2.885166e+08
2.983402e+08
3.11143e+08
3.273219e+08
0
0
0
0
0
0
0
0
0
0
2.76221e+08
2.830328e+08
2.924137e+08
3.046595e+08
3.201379e+08
0
0
0
0
0
0
0
0
0
2.715149e+08
2.779867e+08
2.86964e+08
2.986837e+08
3.135067e+08
0
0
0
0
0
0
0
0
2.671423e+08
2.733178e+08
2.818823e+08
2.931138e+08
3.073091e+08
0
0
0
0
0
0
0
2.629892e+08
2.688309e+08
2.770199e+08
2.877452e+08
3.013408e+08
0
0
0
0
0
0
2.587492e+08
2.643039e+08
2.720705e+08
2.82312e+08
2.952707e+08
0
0
0
0
0
2.542637e+08
2.594336e+08
2.668156e+08
2.765201e+08
2.888531e+08
0
0
0
0
2.49683e+08
2.545709e+08
2.614952e+08
2.707235e+08
2.824164e+08
0
0
0
2.455305e+08
2.499823e+08
2.565598e+08
2.652701e+08
2.764154e+08
0
0
2.418651e+08
2.460369e+08
2.521416e+08
2.604576e+08
2.710404e+08
0
2.391514e+08
2.426811e+08
2.4847e+08
2.562847e+08
2.664421e+08
0
0
0
0
0
0
0
0
0
0
3.283455e+08
3.386269e+08
3.524172e+08
3.701963e+08
3.926041e+08
0
0
0
0
0
0
0
0
0
0
3.212541e+08
3.310304e+08
3.441729e+08
3.611312e+08
3.82497e+08
0
0
0
0
0
0
0
0
0
0
3.151073e+08
3.244523e+08
3.370448e+08
3.533102e+08
3.73807e+08
0
0
0
0
0
0
0
0
0
0
3.096309e+08
3.185943e+08
3.307088e+08
3.463748e+08
3.661232e+08
0
0
0
0
0
0
0
0
0
0
3.044399e+08
3.130429e+08
3.247164e+08
3.39837e+08
3.589052e+08
0
0
0
0
0
0
0
0
0
0
0
0
0
0
2.990391e+08
3.072899e+08
3.185201e+08
3.330956e+08
3.51489e+08
0
0
0
0
0
0
0
0
0
0
0
0
0
2.931706e+08
3.010532e+08
3.118178e+08
3.258051e+08
3.43467e+08
0
0
0
0
0
0
0
0
0
0
0
0
2.872266e+08
2.947363e+08
3.050243e+08
3.184131e+08
3.353212e+08
0
0
0
0
0
0
0
0
0
0
0
2.815317e+08
2.886761e+08
2.984998e+08
3.113018e+08
3.274784e+08
0
0
0
0
0
0
0
0
0
0
2.76221e+08
2.830328e+08
2.924137e+08
3.046595e+08
3.201379e+08
0
0
0
0
0
0
0
0
0
2.713623e+08
2.778339e+08
2.868117e+08
2.985327e+08
3.133574e+08
0
0
0
0
0
0
0
0
2.669016e+08
2.730805e+08
2.816504e+08
2.928902e+08
3.07097e+08
0
0
0
0
0
0
0
2.628053e+08
2.68659e+08
2.768677e+08
2.876194e+08
3.012506e+08
0
0
0
0
0
0
2.588677e+08
2.64454e+08
2.722635e+08
2.82566e+08
2.956035e+08
0
0
0
0
0
2.549436e+08
2.601572e+08
2.676127e+08
2.774146e+08
2.898796e+08
0
0
0
0
2.506733e+08
2.55616e+08
2.626129e+08
2.71949e+08
2.837805e+08
0
0
0
2.464979e+08
2.50985e+08
2.576305e+08
2.664273e+08
2.77692e+08
0
0
2.425848e+08
2.467899e+08
2.529344e+08
2.613143e+08
2.719762e+08
0
2.395498e+08
2.430879e+08
2.489007e+08
2.567432e+08
2.669417e+08
2.372175e+08
2.40348e+08
2.45472e+08
2.529502e+08
2.625834e+08
0
0
0
0
0
0
0
0
0
0
3.205672e+08
3.302994e+08
3.433793e+08
3.602527e+08
3.815064e+08
0
0
0
0
0
0
0
0
0
0
3.138864e+08
3.23152e+08
3.356317e+08
3.517447e+08
3.720402e+08
0
0
0
0
0
0
0
0
0
0
3.080972e+08
3.169612e+08
3.289326e+08
3.444041e+08
3.638954e+08
0
0
0
0
0
0
0
0
0
0
3.029481e+08
3.114499e+08
3.229762e+08
3.378944e+08
3.566942e+08
0
0
0
0
0
0
0
0
0
0
2.980611e+08
3.062302e+08
3.173402e+08
3.317509e+08
3.49924e+08
0
0
0
0
0
0
0
0
0
0
0
0
0
2.929654e+08
3.008045e+08
3.11505e+08
3.254044e+08
3.429501e+08
0
0
0
0
0
0
0
0
0
0
0
0
2.874117e+08
2.949071e+08
3.051715e+08
3.185263e+08
3.353887e+08
0
0
0
0
0
0
0
0
0
0
0
2.817845e+08
2.889258e+08
2.987447e+08
3.115382e+08
3.277015e+08
0
0
0
0
0
0
0
0
0
0
2.763768e+08
2.831888e+08
2.925693e+08
3.048144e+08
3.202908e+08
0
0
0
0
0
0
0
0
0
2.713623e+08
2.778339e+08
2.868117e+08
2.985327e+08
3.133574e+08
0
0
0
0
0
0
0
0
2.667517e+08
2.729307e+08
2.815011e+08
2.927423e+08
3.069513e+08
0
0
0
0
0
0
0
2.625688e+08
2.68425e+08
2.766394e+08
2.87399e+08
3.010416e+08
0
0
0
0
0
0
2.586829e+08
2.642828e+08
2.721098e+08
2.824384e+08
2.955096e+08
0
0
0
0
0
2.550554e+08
2.602953e+08
2.677945e+08
2.776528e+08
2.90194e+08
0
0
0
0
2.513243e+08
2.563179e+08
2.633793e+08
2.728118e+08
2.847665e+08
0
0
0
2.474682e+08
2.519938e+08
2.587167e+08
2.676106e+08
2.790109e+08
0
0
2.435204e+08
2.47772e+08
2.539707e+08
2.624393e+08
2.732106e+08
0
2.402638e+08
2.438177e+08
2.496771e+08
2.575733e+08
2.678516e+08
2.375968e+08
2.407517e+08
2.458906e+08
2.533999e+08
2.630686e+08
2.383947e+08
2.430905e+08
2.498559e+08
2.591073e+08
0
0
0
0
0
0
0
0
0
0
3.132298e+08
3.224547e+08
3.348765e+08
3.509109e+08
3.711029e+08
0
0
0
0
0
0
0
0
0
0
3.069307e+08
3.157213e+08
3.275881e+08
3.42918e+08
3.622228e+08
0
0
0
0
0
0
0
0
0
0
3.014818e+08
3.098909e+08
3.212844e+08
3.360213e+08
3.545819e+08
0
0
0
0
0
0
0
0
0
0
2.966345e+08
3.047092e+08
3.156815e+08
3.299035e+08
3.478259e+08
0
0
0
0
0
0
0
0
0
0
2.920325e+08
2.997954e+08
3.103831e+08
3.241273e+08
3.414673e+08
0
0
0
0
0
0
0
0
0
0
0
0
2.872214e+08
2.946766e+08
3.04881e+08
3.181527e+08
3.349052e+08
0
0
0
0
0
0
0
0
0
0
0
2.819693e+08
2.89096e+08
2.988933e+08
3.116551e+08
3.27775e+08
0
0
0
0
0
0
0
0
0
0
2.766253e+08
2.834341e+08
2.92809e+08
3.050463e+08
3.205108e+08
0
0
0
0
0
0
0
0
0
2.715149e+08
2.779867e+08
2.86964e+08
2.986837e+08
3.135066e+08
0
0
0
0
0
0
0
0
2.667517e+08
2.729307e+08
2.815011e+08
2.927423e+08
3.069513e+08
0
0
0
0
0
0
0
2.624219e+08
2.682779e+08
2.76493e+08
2.87254e+08
3.008988e+08
0
0
0
0
0
0
2.584489e+08
2.640528e+08
2.718846e+08
2.822212e+08
2.953031e+08
0
0
0
0
0
2.548723e+08
2.601228e+08
2.67641e+08
2.775229e+08
2.900971e+08
0
0
0
0
2.514225e+08
2.564488e+08
2.635481e+08
2.730373e+08
2.850628e+08
0
0
0
2.481063e+08
2.52666e+08
2.594601e+08
2.684404e+08
2.799619e+08
0
0
2.444548e+08
2.487603e+08
2.550191e+08
2.635891e+08
2.744839e+08
0
2.411934e+08
2.447675e+08
2.506918e+08
2.586619e+08
2.690513e+08
2.382726e+08
2.414756e+08
2.466429e+08
2.542125e+08
2.639501e+08
2.38779e+08
2.435057e+08
2.502928e+08
2.59583e+08
2.410937e+08
2.473976e+08
2.558795e+08
0
0
0
0
0
0
0
0
0
0
3.063021e+08
3.150549e+08
3.268678e+08
3.421249e+08
3.613337e+08
0
0
0
0
0
0
0
0
0
0
3.003657e+08
3.087064e+08
3.200026e+08
3.346076e+08
3.529948e+08
0
0
0
0
0
0
0
0
0
0
2.952303e+08
3.032188e+08
3.140667e+08
3.281198e+08
3.458191e+08
0
0
0
0
0
0
0
0
0
0
2.90666e+08
2.98341e+08
3.087996e+08
3.223668e+08
3.394728e+08
0
0
0
0
0
0
0
0
0
0
2.863298e+08
2.93714e+08
3.038126e+08
3.169383e+08
3.334972e+08
0
0
0
0
0
0
0
0
0
0
0
2.817925e+08
2.888815e+08
2.986229e+08
3.113067e+08
3.273227e+08
0
0
0
0
0
0
0
0
0
0
2.768103e+08
2.836045e+08
2.92958e+08
3.05166e+08
3.205899e+08
0
0
0
0
0
0
0
0
0
2.717592e+08
2.782281e+08
2.871996e+08
2.989109e+08
3.137228e+08
0
0
0
0
0
0
0
0
2.669016e+08
2.730805e+08
2.816504e+08
2.928903e+08
3.07097e+08
0
0
0
0
0
0
0
2.624219e+08
2.682779e+08
2.76493e+08
2.87254e+08
3.008988e+08
0
0
0
0
0
0
2.583042e+08
2.639086e+08
2.717408e+08
2.82079e+08
2.951631e+08
0
0
0
0
0
2.546424e+08
2.598952e+08
2.674195e+08
2.773084e+08
2.898934e+08
0
0
0
0
2.512359e+08
2.562777e+08
2.633927e+08
2.729068e+08
2.849625e+08
0
0
0
2.482021e+08
2.527828e+08
2.596208e+08
2.686512e+08
2.802435e+08
0
0
2.450613e+08
2.494192e+08
2.557313e+08
2.643939e+08
2.753986e+08
0
2.421252e+08
2.457193e+08
2.517187e+08
2.597716e+08
2.702881e+08
2.391457e+08
2.424193e+08
2.476242e+08
2.552783e+08
2.651106e+08
2.394643e+08
2.442518e+08
2.510801e+08
2.604456e+08
2.41489e+08
2.478309e+08
2.563416e+08
2.453327e+08
2.533151e+08
0
0
0
0
0
0
0
0
0
0
2.997628e+08
3.080684e+08
3.193145e+08
3.338517e+08
3.521495e+08
0
0
0
0
0
0
0
0
0
0
2.941606e+08
3.020857e+08
3.128425e+08
3.267727e+08
3.4431e+08
0
0
0
0
0
0
0
0
0
0
2.893191e+08
2.969139e+08
3.072563e+08
3.20665e+08
3.375625e+08
0
0
0
0
0
0
0
0
0
0
2.850187e+08
2.92321e+08
3.022988e+08
3.152582e+08
3.315972e+08
0
0
0
0
0
0
0
0
0
0
2.80938e+08
2.879614e+08
2.976037e+08
3.101502e+08
3.259838e+08
0
0
0
0
0
0
0
0
0
0
2.766471e+08
2.834045e+08
2.927052e+08
3.048402e+08
3.201665e+08
0
0
0
0
0
0
0
0
0
2.719439e+08
2.783991e+08
2.873496e+08
2.990322e+08
3.138063e+08
0
0
0
0
0
0
0
0
2.671423e+08
2.733178e+08
2.818824e+08
2.931139e+08
3.073091e+08
0
0
0
0
0
0
0
2.625688e+08
2.68425e+08
2.766394e+08
2.87399e+08
3.010416e+08
0
0
0
0
0
0
2.583042e+08
2.639086e+08
2.717408e+08
2.82079e+08
2.951631e+08
0
0
0
0
0
2.545004e+08
2.597531e+08
2.672785e+08
2.771686e+08
2.89756e+08
0
0
0
0
2.510064e+08
2.56054e+08
2.631733e+08
2.726957e+08
2.847609e+08
0
0
0
2.480193e+08
2.526078e+08
2.594663e+08
2.68518e+08
2.801415e+08
0
0
2.451394e+08
2.495332e+08
2.558769e+08
2.645954e+08
2.756635e+08
0
2.427357e+08
2.46346e+08
2.524166e+08
2.605431e+08
2.711751e+08
2.400064e+08
2.433681e+08
2.486132e+08
2.563649e+08
2.663042e+08
2.403507e+08
2.452265e+08
2.521106e+08
2.615814e+08
2.421953e+08
2.486115e+08
2.571771e+08
2.457451e+08
2.537731e+08
2.511563e+08
0
0
0
0
0
0
0
0
0
0
2.935814e+08
3.014739e+08
3.121839e+08
3.260507e+08
3.435048e+08
0
0
0
0
0
0
0
0
0
0
2.882923e+08
2.958279e+08
3.060854e+08
3.193788e+08
3.361251e+08
0
0
0
0
0
0
0
0
0
0
2.837249e+08
2.909523e+08
3.008213e+08
3.136322e+08
3.297754e+08
0
0
0
0
0
0
0
0
0
0
2.796775e+08
2.866251e+08
2.961541e+08
3.085445e+08
3.241712e+08
0
0
0
0
0
0
0
0
0
0
2.758278e+08
2.825227e+08
2.91731e+08
3.037369e+08
3.188915e+08
0
0
0
0
0
0
0
0
0
2.717925e+08
2.782135e+08
2.871128e+08
2.987263e+08
3.13409e+08
0
0
0
0
0
0
0
0
2.673273e+08
2.73489e+08
2.820338e+08
2.932372e+08
3.073957e+08
0
0
0
0
0
0
0
2.628053e+08
2.68659e+08
2.768677e+08
2.876194e+08
3.012507e+08
0
0
0
0
0
0
2.584489e+08
2.640528e+08
2.718846e+08
2.822213e+08
2.953032e+08
0
0
0
0
0
2.545004e+08
2.597531e+08
2.672785e+08
2.771686e+08
2.89756e+08
0
0
0
0
2.508653e+08
2.559146e+08
2.630343e+08
2.725586e+08
2.846257e+08
0
0
0
2.477947e+08
2.523844e+08
2.592506e+08
2.683087e+08
2.79943e+08
0
0
2.449487e+08
2.493618e+08
2.557181e+08
2.644625e+08
2.755578e+08
0
2.428214e+08
2.464417e+08
2.525589e+08
2.60728e+08
2.71429e+08
2.405427e+08
2.439984e+08
2.492776e+08
2.571205e+08
2.671549e+08
2.412277e+08
2.462121e+08
2.531571e+08
2.627497e+08
2.431111e+08
2.496346e+08
2.58275e+08
2.464841e+08
2.546011e+08
2.515922e+08
0
0
0
0
0
0
0
0
0
0
2.877349e+08
2.952402e+08
3.05454e+08
3.18688e+08
3.353565e+08
0
0
0
0
0
0
0
0
0
0
2.827377e+08
2.8991e+08
2.996994e+08
3.124023e+08
3.284036e+08
0
0
0
0
0
0
0
0
0
0
2.784324e+08
2.853105e+08
2.947373e+08
3.069882e+08
3.224312e+08
0
0
0
0
0
0
0
0
0
0
2.746145e+08
2.81238e+08
2.903406e+08
3.021996e+08
3.171596e+08
0
0
0
0
0
0
0
0
0
2.710052e+08
2.77368e+08
2.861792e+08
2.976718e+08
3.121927e+08
0
0
0
0
0
0
0
0
2.671881e+08
2.73316e+08
2.818128e+08
2.929496e+08
3.070215e+08
0
0
0
0
0
0
0
2.629892e+08
2.688309e+08
2.770199e+08
2.877453e+08
3.013408e+08
0
0
0
0
0
0
2.586828e+08
2.642828e+08
2.721099e+08
2.824384e+08
2.955096e+08
0
0
0
0
0
2.546424e+08
2.598952e+08
2.674195e+08
2.773084e+08
2.898934e+08
0
0
0
0
2.508653e+08
2.559146e+08
2.630343e+08
2.725586e+08
2.846257e+08
0
0
0
2.476567e+08
2.522458e+08
2.591143e+08
2.681734e+08
2.798104e+08
0
0
2.447212e+08
2.491432e+08
2.555024e+08
2.642566e+08
2.753605e+08
0
2.426392e+08
2.462621e+08
2.524033e+08
2.6059e+08
2.713229e+08
2.405738e+08
2.441016e+08
2.494005e+08
2.573012e+08
2.673903e+08
2.417831e+08
2.468795e+08
2.538772e+08
2.635826e+08
2.440228e+08
2.506769e+08
2.594003e+08
2.474458e+08
2.556907e+08
2.523762e+08
0
0
0
0
0
0
0
0
0
0
2.822005e+08
2.893446e+08
2.99093e+08
3.117404e+08
3.276686e+08
0
0
0
0
0
0
0
0
0
0
2.77482e+08
2.843085e+08
2.936607e+08
3.058102e+08
3.211201e+08
0
0
0
0
0
0
0
0
0
0
2.734149e+08
2.79973e+08
2.8898e+08
3.007078e+08
3.154949e+08
0
0
0
0
0
0
0
0
0
2.698346e+08
2.761316e+08
2.848427e+08
2.961976e+08
3.105351e+08
0
0
0
0
0
0
0
0
2.66432e+08
2.725035e+08
2.809176e+08
2.91939e+08
3.058589e+08
0
0
0
0
0
0
0
2.628594e+08
2.686708e+08
2.768129e+08
2.874755e+08
3.009876e+08
0
0
0
0
0
0
2.588677e+08
2.64454e+08
2.722635e+08
2.82566e+08
2.956036e+08
0
0
0
0
0
2.548723e+08
2.601228e+08
2.67641e+08
2.775229e+08
2.900971e+08
0
0
0
0
2.510064e+08
2.56054e+08
2.631733e+08
2.726957e+08
2.847609e+08
0
0
0
2.476567e+08
2.522458e+08
2.591143e+08
2.681734e+08
2.798104e+08
0
0
2.445824e+08
2.490077e+08
2.553668e+08
2.641239e+08
2.752296e+08
0
2.42419e+08
2.460405e+08
2.521923e+08
2.603838e+08
2.711288e+08
2.403554e+08
2.439304e+08
2.492362e+08
2.571661e+08
2.67278e+08
2.41831e+08
2.470096e+08
2.540371e+08
2.638127e+08
2.446135e+08
2.513994e+08
2.601948e+08
2.484111e+08
2.568108e+08
2.534009e+08
0
0
0
0
0
0
0
0
0
0
2.769637e+08
2.837636e+08
2.930775e+08
3.051748e+08
3.204161e+08
0
0
0
0
0
0
0
0
0
0
2.724987e+08
2.790085e+08
2.879454e+08
2.995777e+08
3.142396e+08
0
0
0
0
0
0
0
0
0
2.686759e+08
2.74913e+08
2.835338e+08
2.947654e+08
3.089399e+08
0
0
0
0
0
0
0
0
2.653028e+08
2.713107e+08
2.796316e+08
2.905223e+08
3.042699e+08
0
0
0
0
0
0
0
2.621302e+08
2.678904e+08
2.759525e+08
2.865065e+08
2.998736e+08
0
0
0
0
0
0
2.587492e+08
2.643039e+08
2.720705e+08
2.82312e+08
2.952709e+08
0
0
0
0
0
2.550554e+08
2.602953e+08
2.677945e+08
2.776528e+08
2.90194e+08
0
0
0
0
2.512359e+08
2.562777e+08
2.633927e+08
2.729068e+08
2.849625e+08
0
0
0
2.477947e+08
2.523844e+08
2.592506e+08
2.683087e+08
2.79943e+08
0
0
2.445824e+08
2.490077e+08
2.553668e+08
2.641239e+08
2.752296e+08
0
2.422842e+08
2.45904e+08
2.520597e+08
2.602517e+08
2.710004e+08
2.401129e+08
2.437159e+08
2.490219e+08
2.569644e+08
2.670831e+08
2.416232e+08
2.468537e+08
2.538924e+08
2.637028e+08
2.446868e+08
2.515663e+08
2.604021e+08
2.490535e+08
2.576068e+08
2.544394e+08
0
0
0
0
0
0
0
0
0
0
2.719977e+08
2.784828e+08
2.873834e+08
2.989667e+08
3.135641e+08
0
0
0
0
0
0
0
0
0
2.677904e+08
2.739832e+08
2.82538e+08
2.936797e+08
3.077361e+08
0
0
0
0
0
0
0
0
2.641836e+08
2.701337e+08
2.783709e+08
2.891449e+08
3.02739e+08
0
0
0
0
0
0
0
2.610377e+08
2.667399e+08
2.747121e+08
2.851437e+08
2.983471e+08
0
0
0
0
0
0
2.580482e+08
2.635512e+08
2.712442e+08
2.813808e+08
2.942028e+08
0
0
0
0
0
2.549436e+08
2.601572e+08
2.676127e+08
2.774147e+08
2.898796e+08
0
0
0
0
2.514225e+08
2.564488e+08
2.635481e+08
2.730373e+08
2.850628e+08
0
0
0
2.480193e+08
2.526078e+08
2.594663e+08
2.68518e+08
2.801415e+08
0
0
2.447212e+08
2.491432e+08
2.555024e+08
2.642566e+08
2.753605e+08
0
2.422842e+08
2.45904e+08
2.520597e+08
2.602517e+08
2.710004e+08
2.399674e+08
2.435836e+08
2.488883e+08
2.568353e+08
2.66955e+08
2.413862e+08
2.466466e+08
2.53687e+08
2.635123e+08
2.444932e+08
2.514299e+08
2.602815e+08
2.491611e+08
2.578207e+08
2.551508e+08
0
0
0
0
0
0
0
0
0
2.67305e+08
2.734751e+08
2.81996e+08
2.930912e+08
3.07087e+08
0
0
0
0
0
0
0
0
2.633277e+08
2.692352e+08
2.774111e+08
2.881002e+08
3.015829e+08
0
0
0
0
0
0
0
2.599538e+08
2.656032e+08
2.734947e+08
2.838173e+08
2.968753e+08
0
0
0
0
0
0
2.569928e+08
2.624382e+08
2.700479e+08
2.800666e+08
2.927348e+08
0
0
0
0
0
2.542637e+08
2.594336e+08
2.668156e+08
2.765202e+08
2.888531e+08
0
0
0
0
2.513243e+08
2.563179e+08
2.633793e+08
2.728118e+08
2.847666e+08
0
0
0
2.482021e+08
2.527828e+08
2.596207e+08
2.686512e+08
2.802435e+08
0
0
2.449487e+08
2.493618e+08
2.557181e+08
2.644625e+08
2.755577e+08
0
2.42419e+08
2.460405e+08
2.521923e+08
2.603838e+08
2.711288e+08
2.399674e+08
2.435836e+08
2.488883e+08
2.568353e+08
2.66955e+08
2.412431e+08
2.46517e+08
2.535567e+08
2.633871e+08
2.442629e+08
2.512317e+08
2.600867e+08
2.489854e+08
2.577084e+08
2.55302e+08
0
0
0
0
0
0
0
0
2.628573e+08
2.68743e+08
2.768874e+08
2.875328e+08
3.00958e+08
0
0
0
0
0
0
0
2.591244e+08
2.647347e+08
2.725674e+08
2.828107e+08
2.957633e+08
0
0
0
0
0
0
2.55944e+08
2.613375e+08
2.688724e+08
2.787862e+08
2.91318e+08
0
0
0
0
0
2.532377e+08
2.583584e+08
2.656585e+08
2.752531e+08
2.874379e+08
0
0
0
0
2.506733e+08
2.556159e+08
2.626129e+08
2.71949e+08
2.837806e+08
0
0
0
2.481062e+08
2.52666e+08
2.594601e+08
2.684404e+08
2.799619e+08
0
0
2.451394e+08
2.495332e+08
2.558769e+08
2.645954e+08
2.756634e+08
0
2.426392e+08
2.462621e+08
2.524033e+08
2.6059e+08
2.713229e+08
2.401129e+08
2.437159e+08
2.490219e+08
2.569644e+08
2.670831e+08
2.412431e+08
2.46517e+08
2.535567e+08
2.633871e+08
2.441223e+08
2.511055e+08
2.599602e+08
2.487632e+08
2.57521e+08
2.551482e+08
0
0
0
0
0
0
0
2.586675e+08
2.642578e+08
2.720603e+08
2.822627e+08
2.95161e+08
0
0
0
0
0
0
2.551405e+08
2.60496e+08
2.679763e+08
2.778139e+08
2.90247e+08
0
0
0
0
0
2.522175e+08
2.572933e+08
2.645204e+08
2.74017e+08
2.860708e+08
0
0
0
0
2.49683e+08
2.545708e+08
2.614952e+08
2.707236e+08
2.824165e+08
0
0
0
2.474682e+08
2.519937e+08
2.587166e+08
2.676106e+08
2.790109e+08
0
0
2.450613e+08
2.494192e+08
2.557313e+08
2.643938e+08
2.753986e+08
0
2.428214e+08
2.464417e+08
2.525589e+08
2.60728e+08
2.71429e+08
2.403554e+08
2.439304e+08
2.492362e+08
2.571661e+08
2.67278e+08
2.413862e+08
2.466466e+08
2.53687e+08
2.635123e+08
2.441223e+08
2.511055e+08
2.599602e+08
2.486255e+08
2.573987e+08
2.549353e+08
0
0
0
0
0
0
2.546967e+08
2.600328e+08
2.674849e+08
2.772834e+08
2.896655e+08
0
0
0
0
0
2.514356e+08
2.564782e+08
2.636523e+08
2.730777e+08
2.850367e+08
0
0
0
0
2.486954e+08
2.535349e+08
2.603942e+08
2.695272e+08
2.810971e+08
0
0
0
2.464978e+08
2.50985e+08
2.576304e+08
2.664273e+08
2.77692e+08
0
0
2.444548e+08
2.487603e+08
2.550191e+08
2.63589e+08
2.744839e+08
0
2.427357e+08
2.46346e+08
2.524166e+08
2.605431e+08
2.711751e+08
2.405738e+08
2.441016e+08
2.494005e+08
2.573012e+08
2.673903e+08
2.416232e+08
2.468537e+08
2.538924e+08
2.637028e+08
2.442629e+08
2.512317e+08
2.600867e+08
2.486255e+08
2.573987e+08
2.548009e+08
0
0
0
0
0
2.510027e+08
2.560284e+08
2.631752e+08
2.725639e+08
2.84474e+08
0
0
0
0
2.479373e+08
2.527418e+08
2.595535e+08
2.686175e+08
2.800984e+08
0
0
0
2.455305e+08
2.499822e+08
2.565597e+08
2.652701e+08
2.764155e+08
0
0
2.435204e+08
2.47772e+08
2.539707e+08
2.624392e+08
2.732106e+08
0
2.421252e+08
2.457193e+08
2.517187e+08
2.597716e+08
2.70288e+08
2.405427e+08
2.439984e+08
2.492776e+08
2.571205e+08
2.671549e+08
2.41831e+08
2.470096e+08
2.540371e+08
2.638127e+08
2.444932e+08
2.514299e+08
2.602815e+08
2.487632e+08
2.57521e+08
2.548009e+08
0
0
0
0
2.475164e+08
2.52303e+08
2.590903e+08
2.681188e+08
2.795538e+08
0
0
0
2.447879e+08
2.492134e+08
2.557418e+08
2.643894e+08
2.754486e+08
0
0
2.425848e+08
2.467899e+08
2.529344e+08
2.613142e+08
2.719762e+08
0
2.411934e+08
2.447675e+08
2.506918e+08
2.586619e+08
2.690512e+08
2.400064e+08
2.433681e+08
2.486132e+08
2.563649e+08
2.663042e+08
2.417831e+08
2.468795e+08
2.538772e+08
2.635826e+08
2.446868e+08
2.515663e+08
2.604021e+08
2.489854e+08
2.577084e+08
2.549353e+08
0
0
0
2.443749e+08
2.487868e+08
2.552901e+08
2.639053e+08
2.749201e+08
0
0
2.418651e+08
2.460368e+08
2.521416e+08
2.604576e+08
2.710404e+08
0
2.402638e+08
2.438177e+08
2.496771e+08
2.575733e+08
2.678516e+08
2.391457e+08
2.424193e+08
2.476242e+08
2.552782e+08
2.651106e+08
2.412277e+08
2.462121e+08
2.531571e+08
2.627497e+08
2.446135e+08
2.513994e+08
2.601948e+08
2.491611e+08
2.578207e+08
2.551482e+08
0
0
2.414636e+08
2.456183e+08
2.517026e+08
2.599857e+08
2.705277e+08
0
2.395498e+08
2.430879e+08
2.489007e+08
2.567432e+08
2.669417e+08
2.382726e+08
2.414756e+08
2.466429e+08
2.542125e+08
2.639501e+08
2.403507e+08
2.452265e+08
2.521106e+08
2.615814e+08
2.440228e+08
2.50677e+08
2.594003e+08
2.490535e+08
2.576068e+08
2.55302e+08
0
2.391514e+08
2.426811e+08
2.4847e+08
2.562847e+08
2.664421e+08
2.375968e+08
2.407517e+08
2.458906e+08
2.533998e+08
2.630686e+08
2.394643e+08
2.442518e+08
2.510801e+08
2.604456e+08
2.431111e+08
2.496346e+08
2.58275e+08
2.484111e+08
2.568108e+08
2.551508e+08
2.372175e+08
2.40348e+08
2.45472e+08
2.529502e+08
2.625833e+08
2.38779e+08
2.435057e+08
2.502928e+08
2.59583e+08
2.421953e+08
2.486115e+08
2.571771e+08
2.474458e+08
2.556908e+08
2.544394e+08
2.383947e+08
2.430905e+08
2.498559e+08
2.591073e+08
2.41489e+08
2.478309e+08
2.563416e+08
2.464842e+08
2.546011e+08
2.534009e+08
2.410937e+08
2.473976e+08
2.558795e+08
2.457451e+08
2.537731e+08
2.523762e+08
2.453327e+08
2.533151e+08
2.515922e+08
2.511563e+08
)
;

boundaryField
{
    airInlet
    {
        type            calculated;
        value           uniform 0;
    }
    airOutlet
    {
        type            calculated;
        value           uniform 0;
    }
    cathodeSides
    {
        type            calculated;
        value           uniform 0;
    }
    air_to_interconnect
    {
        type            calculated;
        value           uniform 0;
    }
    air_to_electrolyte
    {
        type            calculated;
        value           uniform 0;
    }
}


// ************************************************************************* //
