/*--------------------------------*- C++ -*----------------------------------*\
| =========                 |                                                 |
| \\      /  F ield         | OpenFOAM: The Open Source CFD Toolbox           |
|  \\    /   O peration     | Version:  2306                                  |
|   \\  /    A nd           | Website:  www.openfoam.com                      |
|    \\/     M anipulation  |                                                 |
\*---------------------------------------------------------------------------*/
FoamFile
{
    version     2.0;
    format      ascii;
    arch        "LSB;label=32;scalar=64";
    class       cellSet;
    location    "constant/polyMesh/sets";
    object      ampl;
}
// * * * * * * * * * * * * * * * * * * * * * * * * * * * * * * * * * * * * * //


4000
(
49159
49160
49161
32793
32794
32795
32796
32797
49182
49183
49204
32832
32833
32834
32835
32836
32871
32872
32873
32874
32875
32910
32911
32912
32913
32914
16559
32949
32950
32951
32952
32953
16598
16599
32988
32989
32990
32991
32992
16637
16638
16639
33027
33028
33029
33030
33031
49420
49421
49422
49423
49444
16676
49445
16677
49446
16678
16679
33066
33067
33068
33069
33070
49467
49468
16715
16716
16717
16718
16719
49489
33105
33106
33107
33108
33109
16754
16755
16756
16757
16758
33144
33145
33146
33147
33148
16793
16794
16795
16796
16797
33183
33184
33185
33186
33187
16832
16833
16834
16835
16836
33222
33223
33224
33225
33226
16871
16872
16873
16874
16875
33261
33262
33263
33264
33265
16910
16911
16912
16913
16914
33300
33301
33302
33303
33304
49710
49711
49712
33339
33340
33341
33342
33343
49733
49734
49755
33377
33378
33379
33380
33381
33414
33415
33416
33417
33418
33450
33451
33452
33453
33454
33485
33486
33487
33488
33489
33519
33520
33521
33522
33523
33571
33572
33573
33574
33575
49980
49981
33610
33611
33612
33613
33614
50002
33649
33650
33651
33652
33653
17283
33688
33689
33690
33691
33692
17322
17323
33727
33728
33729
33730
33731
17361
17362
17363
33766
33767
33768
33769
33770
17400
17401
17402
17403
33805
33806
33807
33808
33809
17439
17440
17441
17442
17443
33844
33845
50230
33846
33847
33848
17478
17479
17480
17481
17482
33883
33884
33885
33886
33887
17517
17518
17519
17520
17521
33922
33923
33924
33925
33926
17556
17557
17558
17559
17560
33961
33962
33963
33964
33965
17595
17596
17597
17598
17599
34000
34001
34002
34003
34004
17634
17635
17636
17637
17638
34039
34040
34041
34042
34043
17673
17674
17675
17676
17677
34078
34079
34080
34081
34082
34116
34117
34118
34119
34120
34153
34154
34155
34156
34157
34189
34190
34191
34192
34193
34224
34225
34226
34227
34228
34258
34259
34260
34261
34262
34291
34292
34293
34294
34295
34342
34343
34344
34345
34346
34381
34382
34383
34384
34385
18015
34420
34421
34422
34423
34424
18054
18055
34459
34460
34461
34462
34463
18093
18094
18095
34498
34499
34500
34501
34502
18132
18133
18134
18135
34537
34538
34539
34540
34541
18171
18172
18173
18174
18175
34576
34577
34578
34579
34580
18210
18211
18212
18213
18214
34615
34616
34617
34618
34619
18249
18250
18251
18252
18253
34654
34655
34656
34657
34658
18288
18289
18290
18291
18292
34693
34694
34695
34696
34697
18327
18328
18329
18330
18331
34732
34733
34734
34735
34736
18366
18367
18368
18369
18370
34771
34772
34773
34774
34775
18405
18406
18407
18408
18409
34810
34811
34812
34813
34814
18444
18445
18446
18447
18448
34848
34849
34850
34851
34852
34885
34886
34887
34888
34889
34921
34922
34923
34924
34925
34956
34957
34958
34959
34960
34990
34991
34992
34993
34994
35023
35024
35025
35026
35027
35055
35056
35057
35058
35059
35105
35106
35107
35108
35109
18754
35144
35145
35146
35147
35148
18793
18794
35183
35184
35185
35186
35187
18832
18833
18834
35222
35223
35224
35225
35226
18871
18872
18873
18874
35261
35262
35263
35264
35265
18910
18911
18912
18913
18914
35300
35301
35302
35303
35304
18949
18950
18951
18952
18953
35339
35340
35341
35342
35343
18988
18989
18990
18991
18992
35378
35379
35380
35381
35382
19027
19028
19029
19030
19031
35417
35418
35419
35420
35421
19066
19067
19068
19069
19070
35456
35457
35458
35459
35460
19105
19106
19107
19108
19109
35495
35496
35497
35498
35499
19144
19145
19146
19147
19148
35534
35535
35536
35537
35538
19183
19184
19185
19186
19187
35572
35573
35574
35575
35576
19222
19223
19224
35609
19225
35610
19226
35611
35612
35613
35645
35646
35647
35648
35649
35680
35681
35682
35683
35684
35714
35715
35716
35717
35718
35747
35748
35749
35750
35751
35779
35780
35781
35782
35783
35810
35811
35812
35813
35814
35859
35860
35861
35862
35863
19499
35898
35899
35900
35901
35902
19538
19539
35937
35938
35939
35940
35941
19577
19578
19579
35976
35977
35978
35979
35980
19616
19617
19618
19619
36015
36016
36017
36018
36019
19655
19656
19657
19658
19659
36054
36055
36056
36057
36058
19694
19695
19696
19697
19698
36093
36094
36095
36096
36097
19733
19734
19735
19736
19737
36132
36133
36134
36135
36136
19772
19773
19774
19775
19776
36171
36172
36173
36174
36175
19811
19812
19813
19814
19815
36210
36211
36212
36213
36214
19850
19851
19852
19853
19854
36249
36250
36251
36252
36253
19889
19890
19891
19892
19893
36287
36288
36289
36290
36291
19928
19929
19930
19931
19932
36324
36325
36326
36327
36328
19967
19968
19969
19970
19971
36360
36361
36362
36363
36364
20006
20007
20008
20009
20010
36395
36396
36397
36398
36399
36429
36430
36431
36432
36433
36462
36463
36464
36465
36466
36494
36495
36496
36497
36498
36525
36526
36527
36528
36529
36555
36556
36557
36558
36559
36603
36604
36605
36606
36607
20249
36642
36643
36644
36645
36646
20288
20289
36681
36682
36683
36684
36685
20327
20328
20329
36720
36721
36722
36723
36724
20366
20367
20368
20369
36759
36760
36761
36762
36763
20405
20406
20407
20408
20409
36798
36799
36800
36801
36802
20444
20445
20446
20447
20448
36837
36838
36839
36840
36841
20483
20484
20485
20486
20487
36876
36877
36878
36879
36880
20522
20523
20524
20525
20526
36915
36916
36917
36918
36919
20561
20562
20563
20564
20565
36954
36955
36956
36957
36958
20600
20601
20602
20603
20604
36992
36993
36994
36995
36996
20639
20640
20641
20642
20643
37029
37030
37031
37032
37033
20678
20679
20680
37065
20681
37066
20682
37067
37068
37069
37100
37101
20717
37102
20718
37103
20719
37104
20720
20721
37134
37135
37136
37137
37138
20756
20757
20758
20759
20760
37167
37168
37169
37170
37171
20795
20796
20797
20798
20799
37199
37200
37201
37202
37203
37230
37231
37232
37233
37234
37260
37261
37262
37263
37264
37289
37290
37291
37292
37293
37336
37337
37338
37339
37340
37375
37376
37377
37378
37379
21003
37414
37415
37416
37417
37418
21042
21043
37453
37454
37455
37456
37457
21081
21082
21083
37492
37493
37494
37495
37496
21120
21121
21122
21123
37531
37532
37533
37534
37535
21159
21160
21161
21162
21163
37570
37571
37572
37573
37574
21198
21199
21200
21201
21202
37609
37610
37611
37612
37613
21237
21238
21239
21240
21241
37648
37649
37650
37651
37652
21276
21277
21278
21279
21280
37686
37687
37688
37689
37690
21315
21316
21317
21318
21319
37723
37724
37725
37726
37727
21354
21355
21356
21357
21358
37759
37760
37761
37762
37763
21393
21394
21395
21396
21397
37794
37795
37796
37797
37798
21432
21433
21434
21435
21436
37828
37829
37830
37831
37832
21471
21472
21473
21474
21475
37861
37862
37863
37864
37865
37893
37894
21510
37895
21511
37896
21512
37897
21513
21514
37924
37925
37926
37927
37928
21549
21550
21551
21552
21553
37954
37955
37956
37957
37958
21588
21589
21590
21591
21592
37983
37984
37985
37986
37987
38011
38012
38013
38014
38015
38057
38058
38059
38060
38061
38096
38097
38098
38099
38100
38135
38136
38137
38138
38139
21760
38174
38175
38176
38177
38178
21799
21800
38213
38214
38215
38216
38217
21838
21839
21840
38252
38253
38254
38255
38256
21877
21878
21879
21880
38291
38292
38293
38294
38295
21916
21917
21918
21919
21920
38330
38331
38332
38333
38334
21955
21956
21957
21958
21959
38368
38369
38370
38371
38372
21994
21995
21996
21997
21998
38405
38406
38407
38408
38409
22033
22034
22035
22036
22037
38441
38442
38443
38444
38445
22072
22073
22074
22075
22076
38476
38477
38478
38479
38480
22111
22112
22113
22114
22115
38510
38511
38512
38513
38514
22150
22151
22152
22153
22154
38543
38544
38545
38546
38547
22189
22190
38575
22191
38576
22192
38577
22193
38578
38579
38606
38607
38608
38609
38610
22228
22229
22230
22231
22232
38636
38637
38638
38639
38640
22267
22268
22269
22270
22271
38665
38666
38667
38668
38669
22306
22307
22308
38693
22309
38694
22310
38695
38696
38697
38720
38721
38722
38723
38724
22345
22346
22347
22348
22349
38765
38766
38767
38768
22384
38769
22385
22386
22387
22388
38804
38805
38806
38807
38808
38843
38844
38845
38846
38847
38882
38883
38884
38885
38886
22519
38921
38922
38923
38924
38925
22558
22559
38960
38961
38962
38963
38964
22597
22598
22599
38999
39000
39001
39002
39003
22636
22637
22638
22639
39037
39038
39039
39040
39041
22675
22676
22677
22678
22679
39074
39075
39076
39077
39078
22714
22715
22716
22717
22718
39110
39111
39112
39113
39114
22753
22754
22755
22756
22757
39145
39146
39147
39148
39149
22792
22793
22794
39179
22795
39180
22796
39181
39182
39183
39212
39213
39214
39215
22831
39216
22832
22833
22834
22835
39244
39245
39246
39247
39248
22870
22871
22872
22873
22874
39275
39276
39277
39278
39279
22909
22910
22911
22912
22913
39305
39306
39307
39308
39309
22948
22949
39334
22950
39335
22951
39336
22952
39337
39338
39362
39363
39364
39365
39366
22987
22988
22989
22990
22991
39389
39390
39391
39392
39393
23026
23027
23028
23029
23030
39415
39416
39417
39418
39419
23065
23066
23067
23068
23069
39459
39460
39461
39462
39463
23104
23105
23106
23107
23108
39498
39499
39500
39501
39502
23143
23144
23145
23146
23147
39537
39538
39539
39540
39541
23182
23183
23184
23185
23186
39576
39577
39578
39579
39580
39615
39616
39617
39618
39619
39654
39655
39656
39657
39658
23279
39692
39693
39694
39695
39696
23318
23319
39729
39730
39731
39732
39733
23357
23358
23359
39765
39766
39767
39768
39769
23396
23397
23398
23399
39800
39801
39802
39803
39804
23435
23436
23437
23438
23439
39834
39835
39836
39837
39838
23474
23475
23476
23477
23478
39867
39868
39869
39870
39871
23513
23514
39899
23515
39900
23516
39901
23517
39902
39903
39930
39931
39932
39933
39934
23552
23553
23554
23555
23556
39960
39961
39962
39963
39964
23591
23592
23593
23594
23595
39989
39990
39991
39992
39993
23630
23631
23632
40017
23633
40018
23634
40019
40020
40021
40044
40045
40046
40047
40048
23669
23670
23671
23672
23673
40070
40071
40072
40073
40074
23708
23709
23710
40095
23711
40096
23712
40097
40098
40099
23747
23748
23749
23750
23751
40138
40139
40140
40141
40142
23786
23787
23788
23789
23790
40177
40178
40179
40180
40181
23825
23826
23827
23828
23829
40216
40217
40218
40219
40220
23864
23865
23866
23867
23868
40255
40256
40257
40258
40259
23903
23904
23905
23906
23907
40294
40295
40296
40297
40298
23942
23943
23944
23945
23946
40332
40333
40334
40335
40336
23981
23982
23983
23984
40369
23985
40370
40371
40372
40373
40405
40406
40407
40408
40409
24039
40440
40441
40442
40443
40444
24078
24079
40474
40475
40476
40477
40478
24117
24118
24119
40507
40508
40509
40510
40511
40539
40540
24156
40541
24157
40542
24158
40543
24159
40570
40571
40572
40573
40574
24195
24196
24197
24198
24199
40600
40601
40602
40603
40604
24234
24235
24236
24237
24238
40629
40630
40631
40632
40633
40657
24273
40658
24274
40659
24275
40660
24276
40661
24277
40684
40685
40686
40687
40688
24312
24313
24314
24315
24316
40710
40711
40712
40713
40714
40735
24351
40736
24352
40737
24353
40738
24354
40739
24355
40760
40761
40762
40763
24390
24391
24392
24393
24394
40801
40802
40803
40804
40805
24429
24430
24431
24432
24433
40840
40841
40842
40843
40844
24468
24469
24470
24471
24472
40879
40880
40881
40882
40883
24507
24508
24509
24510
24511
40918
40919
40920
40921
40922
24546
24547
24548
24549
24550
40956
40957
40958
40959
40960
24585
24586
24587
24588
24589
40993
40994
40995
40996
40997
24624
24625
24626
24627
24628
41029
41030
41031
41032
41033
24663
24664
24665
24666
24667
41064
41065
41066
41067
41068
24702
24703
24704
24705
24706
41098
41099
41100
41101
41102
24741
24742
24743
24744
24745
41131
41132
41133
41134
41135
41163
41164
24780
41165
24781
41166
24782
41167
24783
24784
41194
41195
41196
41197
41198
24838
24839
41224
41225
41226
41227
41228
41253
41254
41255
41256
41257
24877
24878
24879
41281
41282
41283
41284
41285
24916
24917
24918
24919
41308
41309
41310
41311
41312
41334
41335
41336
41337
41338
24955
24956
24957
24958
24959
41359
41360
41361
41362
41363
24994
24995
24996
24997
24998
41384
41385
41386
41387
41408
41409
41410
25033
25034
25035
25036
25037
41447
41448
41449
41450
41451
25072
25073
25074
25075
25076
41486
41487
41488
41489
41490
25111
25112
25113
25114
25115
41525
41526
41527
41528
41529
25150
25151
25152
25153
25154
41563
41564
41565
41566
41567
25189
25190
25191
25192
25193
41600
41601
41602
41603
41604
25228
25229
25230
25231
25232
41636
41637
41638
41639
41640
25267
25268
25269
25270
25271
41671
41672
41673
41674
41675
25306
25307
25308
25309
25310
41705
41706
41707
41708
41709
25345
25346
25347
25348
25349
41738
41739
41740
41741
41742
25384
25385
41770
25386
41771
25387
41772
25388
41773
41774
41801
41802
41803
41804
41805
25423
25424
25425
25426
25427
41831
41832
41833
41834
41835
25462
25463
25464
25465
25466
41860
41861
41862
41863
41864
25501
25502
25503
41888
25504
41889
25505
41890
41891
41892
41915
41916
41917
41918
41919
25540
25541
25542
25543
25544
41941
41942
41943
41944
41945
25579
25580
25581
41966
25582
41967
25583
41968
41969
41970
41991
41992
41993
41994
42015
42016
42017
25637
25638
25639
42038
42039
25676
25677
25678
25679
42075
42076
42077
42078
42079
25715
25716
25717
25718
25719
42114
42115
42116
42117
42118
25754
25755
25756
25757
25758
42152
42153
42154
42155
42156
25793
25794
25795
25796
25797
42189
42190
42191
42192
42193
25832
25833
25834
25835
25836
42225
42226
42227
42228
42229
25871
25872
25873
25874
25875
42260
42261
42262
42263
42264
42294
25910
42295
25911
42296
25912
42297
25913
42298
25914
42327
42328
42329
42330
42331
25949
25950
25951
25952
25953
42359
42360
42361
42362
42363
25988
25989
25990
25991
25992
42390
42391
42392
42393
42394
26027
26028
26029
26030
26031
42420
42421
42422
42423
42424
42449
42450
26066
42451
26067
42452
26068
42453
26069
26070
42477
42478
42479
42480
42481
26105
26106
26107
26108
26109
42504
42505
42506
42507
42508
26144
26145
42530
26146
42531
26147
42532
26148
42533
42534
42555
42556
42557
42558
42559
26183
26184
26185
26186
26187
42580
42581
42582
42583
42604
42605
42606
26222
26223
26224
26225
26226
42627
42628
26261
26262
26263
26264
42649
26265
42684
26300
42685
26301
42686
26302
42687
26303
42688
26304
42722
42723
26339
42724
26340
42725
26341
42726
26342
26343
42759
42760
42761
42762
26378
42763
26379
26380
26381
26382
42795
42796
42797
42798
42799
26436
26437
26438
26439
42830
42831
42832
42833
42834
26475
26476
26477
26478
26479
42864
42865
42866
42867
42868
42897
42898
26514
42899
26515
42900
26516
42901
26517
26518
42929
42930
42931
42932
42933
26553
26554
26555
26556
26557
42960
42961
42962
42963
42964
26592
26593
26594
26595
26596
42990
42991
42992
42993
42994
26631
26632
26633
26634
43019
26635
43020
43021
43022
43023
43047
43048
43049
43050
43051
26670
26671
26672
26673
26674
43074
43075
43076
43077
43078
26709
26710
26711
26712
26713
43100
43101
43102
43103
43104
43125
43126
43127
43128
43129
26748
26749
26750
26751
26752
43150
43151
43152
43153
26787
26788
26789
43174
26790
43175
26791
43176
43197
43198
26826
26827
26828
26829
26830
43219
26865
26866
26867
26868
26869
43273
43274
43275
43276
43277
26904
26905
26906
26907
26908
43310
43311
43312
43313
43314
26943
26944
26945
26946
26947
10568
43346
43347
43348
43349
43350
26982
26983
26984
26985
26986
43381
43382
43383
43384
43385
27021
27022
27023
27024
27025
43415
43416
43417
43418
43419
27060
27061
27062
27063
43448
27064
43449
43450
43451
43452
43480
43481
43482
43483
27099
43484
27100
27101
27102
27103
43511
43512
43513
43514
43515
27138
27139
27140
27141
27142
43541
43542
43543
43544
43545
27177
27178
27179
27180
27181
43570
43571
43572
43573
43574
43598
43599
43600
43601
43602
27235
27236
27237
27238
27239
43625
43626
43627
43628
43629
43651
43652
43653
43654
43655
27274
27275
27276
27277
27278
43676
43677
43678
43679
43680
27313
27314
27315
27316
43701
27317
43702
43703
43704
43725
43726
43727
27352
27353
27354
27355
27356
43748
43749
43770
27391
27392
27393
27394
27395
27430
27431
27432
27433
27434
43842
43843
43844
43845
43846
27469
27470
27471
27472
27473
43878
43879
43880
43881
43882
27508
27509
27510
27511
27512
43913
43914
43915
43916
43917
27547
27548
27549
27550
27551
11175
43947
43948
43949
43950
43951
27586
27587
27588
27589
27590
43980
43981
43982
11214
43983
11215
43984
27625
27626
27627
44012
27628
44013
27629
44014
44015
44016
44043
44044
44045
44046
44047
27664
27665
27666
27667
27668
44073
44074
44075
44076
44077
27703
27704
27705
27706
27707
44102
44103
44104
44105
44106
27742
27743
27744
27745
44130
27746
44131
44132
44133
44134
44157
44158
44159
44160
44161
27781
27782
27783
27784
27785
44183
44184
44185
44186
44187
27820
27821
27822
27823
44208
27824
44209
44210
44211
44212
44233
44234
44235
44236
27859
27860
27861
27862
27863
44257
44258
44259
44280
44281
27898
27899
27900
27901
27902
44302
27937
27938
27939
27940
27941
27976
27977
27978
27979
27980
44391
44392
44393
44394
44395
28034
28035
28036
28037
28038
44426
44427
44428
44429
44430
28073
28074
28075
44460
28076
44461
28077
44462
44463
44464
44493
44494
44495
44496
28112
44497
28113
28114
28115
28116
44525
44526
44527
44528
44529
28151
28152
28153
28154
28155
44556
44557
44558
44559
44560
11799
28190
28191
28192
28193
28194
44586
44587
44588
44589
44590
11838
11839
28229
28230
44615
28231
44616
28232
44617
28233
44618
44619
44643
44644
44645
11877
44646
11878
44647
11879
28268
28269
28270
28271
28272
44670
44671
44672
44673
44674
28307
28308
28309
28310
28311
44696
44697
44698
44699
44700
44721
44722
44723
44724
44725
28346
28347
28348
28349
28350
44746
44747
44748
44749
28385
44770
28386
44771
28387
44772
28388
28389
44793
44794
28424
28425
28426
28427
28428
44815
28463
28464
28465
28466
28467
28502
28503
28504
28505
28506
44920
44921
44922
44923
44924
28541
28542
28543
28544
28545
44954
44955
44956
44957
44958
28580
28581
28582
28583
28584
44987
44988
44989
44990
44991
28619
28620
28621
28622
28623
45019
45020
45021
45022
45023
28658
28659
28660
28661
28662
45050
45051
45052
45053
45054
45080
45081
28697
45082
28698
45083
28699
45084
28700
28701
45109
45110
45111
45112
45113
28736
28737
28738
28739
28740
45137
45138
45139
45140
45141
28775
28776
28777
28778
28779
45164
45165
45166
45167
45168
45190
45191
45192
45193
45194
12439
45215
45216
45217
28833
45218
28834
45219
28835
28836
28837
45240
45241
45242
45243
12478
12479
28872
28873
28874
28875
28876
45264
45265
45266
12517
12518
45287
12519
45288
28911
28912
28913
28914
28915
45309
12556
12557
12558
12559
28950
28951
28952
28953
28954
28989
28990
28991
28992
28993
29028
29029
29030
29031
29032
45429
45430
45431
45432
45433
29067
29068
29069
29070
29071
45462
45463
45464
45465
45466
29106
29107
29108
29109
45494
29110
45495
45496
45497
45498
45525
45526
45527
45528
45529
29145
29146
29147
29148
29149
45555
45556
45557
45558
45559
29184
29185
29186
29187
29188
45584
45585
45586
45587
45588
29223
29224
29225
29226
29227
45612
45613
45614
45615
45616
45639
45640
45641
45642
45643
29262
29263
29264
29265
29266
45665
45666
45667
45668
45669
29301
29302
29303
29304
29305
45690
45691
45692
45693
45694
45715
45716
45717
45718
29340
29341
29342
29343
29344
45739
45740
45741
45762
45763
29379
29380
29381
29382
29383
45784
29418
29419
29420
29421
29422
29457
29458
29459
29460
29461
13094
29496
29497
29498
29499
29500
13133
13134
45918
45919
29535
45920
29536
45921
29537
45922
29538
29539
13172
13173
13174
45950
45951
45952
45953
45954
29574
29575
29576
29577
29578
13211
13212
45981
13213
45982
13214
45983
45984
45985
46011
46012
46013
46014
46015
29631
29632
29633
29634
13250
29635
13251
13252
13253
13254
46040
46041
46042
46043
46044
29670
29671
29672
29673
29674
46068
46069
46070
46071
46072
29709
29710
46095
29711
46096
29712
46097
29713
46098
46099
46121
46122
46123
46124
46125
29748
29749
29750
29751
29752
46146
46147
46148
46149
46150
46171
29787
46172
29788
46173
29789
46174
29790
29791
46195
46196
46197
29826
29827
29828
29829
29830
46218
46219
46240
29865
29866
29867
29868
29869
29904
29905
29906
29907
29908
29943
29944
29945
29946
29947
29982
29983
29984
29985
29986
46387
46388
46389
46390
46391
30021
30022
30023
30024
30025
46418
46419
46420
46421
46422
30060
30061
30062
30063
46448
30064
46449
46450
46451
46452
46477
46478
46479
46480
46481
30099
30100
30101
30102
30103
46505
46506
46507
46508
46509
30138
30139
30140
30141
30142
13763
46532
46533
46534
46535
46536
46558
46559
46560
46561
30177
46562
30178
30179
30180
30181
13802
13803
46583
46584
46585
46586
46587
30216
30217
30218
30219
30220
46608
46609
13841
46610
13842
46611
13843
46632
46633
46634
30255
30256
30257
30258
30259
13880
13881
13882
13883
46655
46656
46677
30294
30295
30296
30297
30298
13919
13920
13921
13922
13923
30333
30334
30335
30336
30337
13958
13959
13960
13961
13962
30371
30372
30373
30374
30375
30427
30428
30429
30430
30431
46836
46837
46838
46839
46840
30466
30467
30468
30469
30470
46866
46867
46868
46869
46870
30505
30506
30507
30508
30509
46895
46896
46897
46898
46899
46923
46924
46925
46926
46927
30544
30545
30546
30547
30548
46950
46951
46952
46953
46954
30583
30584
30585
30586
30587
46976
46977
46978
46979
46980
47001
47002
47003
47004
47005
30622
30623
30624
30625
30626
47026
47027
47028
47029
30661
30662
30663
30664
30665
47050
47051
47052
47073
47074
30700
30701
30702
30703
30704
47095
30739
30740
30741
30742
30743
30778
30779
30780
30781
30782
30817
30818
30819
30820
30821
14445
30856
30857
30858
30859
30860
14484
14485
47265
47266
47267
47268
47269
30895
30896
30897
30898
30899
14523
14524
14525
47294
47295
47296
47297
47298
30934
30935
30936
30937
47322
30938
47323
47324
47325
47326
14562
14563
14564
14565
47349
47350
47351
47352
47353
30973
30974
30975
30976
30977
14601
14602
14603
14604
14605
47375
47376
47377
47378
47379
31012
31013
31014
31015
47400
31016
47401
47402
47403
47404
14640
14641
14642
14643
14644
47425
47426
47427
47428
31051
31052
31053
31054
31055
14679
14680
47449
14681
47450
14682
47451
14683
47472
47473
31090
31091
31092
31093
31094
47494
31128
31129
31130
31131
31132
31165
31166
31167
31168
31169
31220
31221
31222
31223
31224
31259
31260
31261
31262
31263
47674
47675
47676
47677
47678
31298
31299
31300
31301
31302
47702
47703
47704
47705
47706
31337
31338
31339
31340
31341
47729
47730
47731
47732
47733
47755
47756
47757
47758
47759
31376
31377
31378
31379
31380
47780
47781
47782
47783
47784
31415
31416
31417
31418
31419
47805
47806
47807
47808
47829
47830
47831
31454
31455
31456
31457
31458
47852
47853
47874
31493
31494
31495
31496
31497
15139
31532
31533
31534
31535
31536
15178
15179
31571
31572
31573
31574
31575
15217
15218
15219
31610
31611
31612
31613
31614
15256
15257
15258
15259
31649
31650
31651
31652
31653
48063
15295
48064
15296
48065
15297
48066
15298
48067
15299
31688
31689
31690
31691
31692
48090
48091
48092
48093
48094
15334
15335
15336
15337
15338
31727
31728
31729
31730
31731
48116
48117
48118
48119
48120
48141
15373
48142
15374
48143
15375
48144
15376
48145
15377
31766
31767
31768
31769
31770
48166
48167
48168
48169
15412
15413
15414
15415
15416
31805
48190
31806
48191
31807
48192
31808
31809
48213
48214
31844
31845
31846
31847
31848
48235
31882
31883
31884
31885
31886
31919
31920
31921
31922
31923
31955
31956
31957
31958
31959
32009
32010
32011
32012
32013
48432
32048
48433
32049
48434
32050
48435
32051
48436
32052
48458
48459
48460
48461
48462
32087
32088
32089
32090
32091
48483
48484
48485
48486
48487
48508
48509
48510
32126
48511
32127
32128
32129
32130
48532
48533
48534
32165
32166
32167
32168
32169
48555
48556
48577
32204
32205
32206
32207
32208
15844
32243
32244
32245
32246
32247
15883
15884
32282
32283
32284
32285
32286
15922
15923
15924
32321
32322
32323
32324
32325
15961
15962
15963
15964
32360
32361
32362
32363
32364
16000
16001
16002
16003
16004
48781
48782
48783
32399
48784
32400
48785
32401
32402
32403
48806
48807
16039
48808
16040
48809
16041
48810
16042
16043
32438
32439
32440
32441
32442
48831
48832
48833
48834
16078
16079
16080
16081
16082
48855
48856
48857
32477
32478
32479
32480
32481
48878
48879
16117
16118
16119
16120
16121
48900
32516
32517
32518
32519
32520
16156
16157
16158
16159
16160
32555
32556
32557
32558
32559
32594
32595
32596
32597
32598
32632
32633
32634
32635
32636
32669
32670
32671
32672
32673
32705
32706
32707
32708
32709
49110
49111
49112
49113
49114
32740
32741
32742
32743
32744
49135
49136
49137
49138
)


// ************************************************************************* //
