/*--------------------------------*- C++ -*----------------------------------*\
| =========                 |                                                 |
| \\      /  F ield         | OpenFOAM: The Open Source CFD Toolbox           |
|  \\    /   O peration     | Version:  2306                                  |
|   \\  /    A nd           | Website:  www.openfoam.com                      |
|    \\/     M anipulation  |                                                 |
\*---------------------------------------------------------------------------*/
FoamFile
{
    version     2.0;
    format      ascii;
    arch        "LSB;label=32;scalar=64";
    class       cellSet;
    location    "constant/polyMesh/sets";
    object      ccl;
}
// * * * * * * * * * * * * * * * * * * * * * * * * * * * * * * * * * * * * * //


4000
(
16391
16392
16393
32778
16394
32779
16395
32780
32781
32782
16428
16429
16430
16431
16432
32817
32818
32819
32820
32821
16466
16467
16468
16469
16470
32856
32857
32858
32859
32860
16505
16506
16507
16508
16509
32895
32896
32897
32898
32899
16544
16545
16546
16547
16548
32934
32935
32936
32937
32938
16583
16584
16585
16586
16587
32973
32974
32975
32976
32977
16622
16623
16624
16625
16626
33012
33013
33014
33015
33016
16661
16662
16663
16664
16665
33051
33052
33053
33054
33055
16700
16701
16702
16703
16704
33090
33091
33092
33093
33094
16739
16740
16741
16742
16743
33129
33130
33131
33132
33133
16778
16779
16780
16781
16782
33168
33169
33170
33171
33172
16817
16818
16819
16820
16821
33207
33208
33209
33210
33211
16856
16857
16858
16859
16860
33246
33247
33248
33249
33250
16895
16896
16897
16898
16899
33285
33286
33287
33288
33289
33325
33326
33327
33328
16945
16946
16947
16948
16949
16977
16978
16979
33364
16980
33365
16981
33366
17010
17011
17012
17013
17014
33402
33403
17044
17045
17046
17047
17048
33439
17079
17080
17081
17082
17083
17115
17116
17117
17118
17119
17152
17153
17154
17155
17156
33556
33557
33558
33559
33560
17190
17191
17192
17193
17194
33595
33596
33597
33598
33599
17229
17230
17231
17232
17233
33634
33635
33636
33637
33638
17268
17269
17270
17271
17272
33673
33674
33675
33676
33677
17307
17308
17309
17310
17311
33712
33713
33714
33715
33716
17346
17347
17348
17349
17350
33751
33752
33753
33754
33755
17385
17386
17387
17388
17389
33790
33791
33792
33793
33794
17424
17425
17426
17427
17428
33829
33830
33831
33832
33833
17463
17464
17465
17466
17467
33868
33869
33870
33871
33872
17502
17503
17504
17505
17506
33907
33908
33909
33910
33911
17541
17542
17543
17544
17545
33946
33947
33948
33949
33950
17580
17581
17582
17583
17584
33985
33986
33987
33988
33989
17619
17620
17621
17622
17623
34024
34025
34026
34027
34028
17658
17659
17660
17661
17662
34064
34065
34066
34067
17709
17710
17711
17712
17713
34103
34104
34105
17742
17743
17744
17745
17746
34141
34142
17776
17777
17778
17779
17780
34178
17811
17812
17813
17814
17815
17847
17848
17849
17850
17851
17884
17885
17886
17887
17888
17922
17923
17924
17925
17926
34327
34328
34329
34330
34331
17961
17962
17963
17964
17965
34366
34367
34368
34369
34370
18000
18001
18002
18003
18004
34405
34406
34407
34408
34409
18039
18040
18041
18042
18043
34444
34445
34446
34447
34448
18078
18079
18080
18081
18082
34483
34484
34485
34486
34487
18117
18118
18119
18120
18121
34522
34523
34524
34525
34526
18156
18157
18158
18159
18160
34561
34562
34563
34564
34565
18195
18196
18197
18198
18199
34600
34601
34602
34603
34604
18234
18235
18236
18237
18238
34639
34640
34641
34642
34643
18273
18274
18275
18276
18277
34678
34679
34680
34681
34682
18312
18313
18314
18315
18316
34717
34718
34719
34720
34721
18351
18352
18353
18354
18355
34756
34757
34758
34759
34760
18390
18391
18392
18393
18394
34796
34797
34798
34799
18429
18430
18431
18432
18433
34835
34836
34837
18481
18482
18483
18484
18485
34873
34874
18515
18516
18517
18518
18519
34910
18550
18551
18552
18553
18554
18586
18587
18588
18589
18590
18623
18624
18625
18626
18627
18661
18662
18663
18664
18665
18700
18701
18702
18703
18704
35090
35091
35092
35093
35094
18739
18740
18741
18742
18743
35129
35130
35131
35132
35133
18778
18779
18780
18781
18782
35168
35169
35170
35171
35172
18817
18818
18819
18820
18821
35207
35208
35209
35210
35211
18856
18857
18858
18859
18860
35246
35247
35248
35249
35250
18895
18896
18897
18898
18899
35285
35286
35287
35288
35289
18934
18935
18936
18937
18938
35324
35325
35326
35327
35328
18973
18974
18975
18976
18977
35363
35364
35365
35366
35367
19012
19013
19014
19015
19016
35402
35403
35404
35405
35406
19051
19052
19053
19054
19055
35441
35442
35443
35444
35445
19090
19091
19092
19093
19094
35480
35481
35482
35483
35484
19129
19130
19131
19132
19133
35520
35521
35522
35523
19168
19169
19170
19171
19172
35559
35560
35561
19207
19208
19209
19210
19211
35597
35598
35634
19260
19261
19262
19263
19264
19295
19296
19297
19298
19299
19331
19332
19333
19334
19335
19368
19369
19370
19371
19372
19406
19407
19408
19409
19410
19445
19446
19447
19448
19449
35844
35845
35846
35847
35848
19484
19485
19486
19487
19488
35883
35884
35885
35886
35887
19523
19524
19525
19526
19527
35922
35923
35924
35925
35926
19562
19563
19564
19565
19566
35961
35962
35963
35964
35965
19601
19602
19603
3219
19604
19605
36000
36001
36002
36003
36004
19640
19641
19642
19643
19644
36039
36040
36041
36042
36043
19679
19680
19681
19682
19683
36078
36079
36080
36081
36082
19718
19719
19720
19721
19722
36117
36118
36119
36120
36121
19757
19758
19759
19760
19761
36156
36157
36158
36159
36160
19796
19797
19798
19799
19800
36195
36196
36197
36198
36199
19835
19836
19837
19838
19839
36235
36236
36237
36238
19874
19875
19876
19877
19878
36274
36275
36276
19913
19914
19915
19916
19917
3542
36312
36313
19952
3568
19953
3569
19954
19955
19956
36349
19991
19992
19993
19994
19995
20045
20046
20047
20048
20049
20081
20082
20083
20084
20085
20118
20119
20120
20121
20122
20156
20157
20158
20159
20160
20195
20196
20197
20198
20199
36588
36589
36590
36591
36592
20234
20235
20236
20237
20238
36627
36628
36629
36630
36631
3884
20273
20274
20275
20276
20277
36666
36667
36668
36669
36670
3910
3911
20312
20313
20314
20315
20316
36705
3937
36706
3938
36707
3939
36708
36709
20351
20352
20353
20354
20355
36744
36745
36746
36747
36748
20390
20391
20392
20393
20394
36783
36784
36785
36786
36787
20429
20430
20431
20432
20433
36822
36823
36824
36825
36826
20468
20469
20470
20471
20472
36861
36862
36863
36864
36865
20507
20508
20509
20510
20511
36900
36901
36902
36903
36904
20546
20547
20548
20549
20550
36940
36941
36942
36943
20585
20586
20587
20588
20589
36979
36980
36981
20624
20625
20626
20627
20628
4245
37017
37018
4271
4272
20663
20664
20665
20666
20667
37054
4298
4299
4300
20702
20703
20704
20705
20706
4326
4327
4328
4329
20741
20742
20743
20744
20745
20780
20781
20782
20783
20784
20835
20836
20837
20838
20839
20872
20873
20874
20875
20876
20910
20911
20912
20913
20914
37321
37322
37323
37324
37325
20949
20950
20951
20952
20953
37360
37361
37362
37363
37364
20988
20989
20990
20991
20992
4625
37399
37400
37401
37402
37403
21027
21028
21029
21030
21031
4651
4652
37438
37439
37440
37441
37442
4678
4679
4680
21066
21067
21068
21069
21070
4706
4707
4708
37477
4709
37478
37479
37480
37481
21105
21106
21107
21108
21109
4735
4736
4737
4738
4739
37516
37517
37518
37519
37520
21144
21145
21146
21147
21148
37555
37556
37557
37558
37559
21183
21184
21185
21186
21187
37594
37595
37596
37597
37598
21222
21223
21224
21225
21226
37634
37635
37636
37637
21261
21262
21263
21264
21265
37673
37674
37675
21300
21301
21302
21303
21304
37711
37712
21339
21340
21341
21342
21343
37748
21378
21379
21380
21381
21382
5024
21417
21418
21419
21420
21421
5050
5051
21456
21457
21458
21459
21460
5077
5078
5079
5105
5106
5107
5108
21495
21496
21497
21498
21499
5134
5135
5136
5137
5138
21534
21535
21536
21537
21538
5164
5165
5166
5167
5168
21573
21574
21575
21576
21577
21629
21630
21631
21632
21633
38042
38043
38044
38045
38046
21667
21668
21669
21670
21671
38081
38082
38083
38084
38085
21706
21707
21708
21709
21710
38120
38121
38122
38123
38124
21745
21746
21747
21748
21749
38159
38160
38161
38162
38163
21784
21785
21786
21787
21788
38198
38199
38200
38201
38202
21823
21824
21825
21826
5442
21827
5468
38237
5469
38238
38239
38240
38241
21862
21863
21864
21865
21866
5495
5496
5497
38276
38277
38278
38279
38280
21901
21902
21903
21904
21905
5523
5524
5525
5526
38316
38317
38318
38319
5552
5553
5554
5555
21940
5556
21941
21942
21943
21944
5582
5583
5584
5585
5586
38355
38356
38357
21979
21980
21981
21982
21983
5613
5614
5615
5616
5617
38393
38394
22018
22019
22020
22021
22022
38430
22057
22058
22059
22060
22061
22096
22097
22098
22099
22100
22135
22136
22137
22138
22139
22174
22175
22176
22177
22178
22213
22214
22215
22216
22217
22252
22253
22254
22255
22256
5879
5905
5906
22291
22292
22293
22294
22295
5932
5933
5934
22330
22331
22332
22333
22334
5960
5961
5962
5963
38750
38751
38752
38753
22369
38754
22370
22371
22372
22373
5989
5990
5991
5992
5993
6019
6020
38789
6021
38790
6022
38791
6023
38792
38793
22426
22427
22428
22429
22430
6050
6051
6052
6053
6054
38828
38829
38830
38831
38832
22465
22466
6082
22467
6083
22468
6084
22469
6085
6086
38867
38868
38869
38870
38871
22504
22505
22506
22507
22508
38906
38907
38908
38909
38910
22543
22544
22545
22546
22547
38945
38946
38947
38948
38949
22582
22583
22584
22585
22586
38985
38986
38987
38988
22621
22622
22623
22624
22625
39024
39025
39026
22660
22661
22662
22663
22664
39062
39063
22699
22700
22701
22702
22703
39099
6335
22738
22739
22740
22741
22742
6361
6362
6388
6389
6390
22777
22778
22779
22780
22781
6416
6417
6418
6419
22816
22817
22818
22819
22820
6445
6446
6447
6448
6449
22855
22856
22857
22858
22859
6475
6476
6477
6478
6479
6506
6507
6508
6509
22894
6510
22895
22896
22897
22898
6538
6539
6540
6541
6542
22933
22934
22935
22936
22937
6571
6572
6573
6574
6575
22972
22973
22974
22975
22976
23011
23012
23013
23014
23015
23050
23051
23052
23053
23054
39444
39445
39446
39447
39448
23089
23090
23091
23092
23093
39483
39484
39485
39486
39487
23128
23129
23130
23131
23132
39522
39523
39524
39525
39526
23167
23168
23169
23170
23171
39561
39562
39563
39564
39565
6810
39600
39601
39602
39603
39604
6836
6837
23225
23226
23227
23228
23229
6863
6864
6865
39640
39641
39642
39643
23264
23265
23266
23267
23268
6891
6892
6893
6894
39679
39680
39681
23303
23304
6920
23305
6921
23306
6922
23307
6923
6924
39717
39718
6950
6951
6952
6953
6954
23342
23343
23344
23345
23346
6981
6982
6983
6984
6985
39754
23381
23382
23383
23384
23385
7013
7014
7015
7016
7017
23420
23421
23422
23423
23424
7046
7047
7048
7049
7050
23459
23460
23461
23462
23463
7080
7081
7082
7083
7084
23498
23499
23500
23501
23502
23537
23538
23539
23540
23541
23576
23577
23578
23579
23580
23615
23616
23617
23618
23619
23654
23655
23656
23657
23658
7304
23693
23694
23695
23696
23697
7330
7331
23732
23733
23734
23735
23736
40123
40124
40125
7357
40126
7358
40127
7359
7385
7386
23771
7387
23772
7388
23773
23774
23775
40162
40163
40164
40165
40166
7414
7415
7416
7417
7418
23810
23811
23812
23813
23814
40201
40202
40203
40204
40205
7444
7445
7446
7447
7448
23849
23850
23851
23852
23853
40240
40241
40242
40243
7475
40244
7476
7477
7478
7479
23888
23889
23890
23891
7507
23892
7508
7509
7510
7511
40280
40281
40282
40283
7540
7541
7542
23927
7543
23928
7544
23929
23930
23931
40319
40320
40321
7574
7575
7576
7577
7578
23966
23967
23968
23969
23970
40357
40358
7609
7610
7611
7612
7613
40394
24024
24025
24026
24027
24028
24063
24064
24065
24066
24067
24102
24103
24104
24105
24106
24141
24142
24143
24144
24145
24180
24181
24182
24183
24184
7817
24219
24220
24221
24222
24223
7843
7844
7870
7871
7872
24258
24259
24260
24261
24262
7898
7899
7900
7901
24297
24298
24299
24300
24301
7927
7928
7929
7930
7931
24336
24337
24338
24339
24340
7957
7958
7959
7960
7961
7988
7989
7990
24375
7991
24376
7992
24377
24378
24379
40786
40787
40788
8020
40789
8021
40790
8022
8023
8024
24414
24415
24416
24417
24418
8053
8054
8055
8056
40825
8057
40826
40827
40828
40829
24453
24454
24455
24456
24457
8087
8088
8089
8090
8091
40864
40865
40866
40867
40868
24492
24493
24494
24495
24496
8122
8123
8124
8125
8126
40904
40905
40906
40907
24531
24532
24533
24534
24535
8158
8159
8160
8161
8162
40943
40944
40945
24570
24571
24572
24573
24574
40981
40982
24609
24610
24611
24612
24613
41018
24648
24649
24650
24651
24652
24687
24688
24689
24690
24691
24726
24727
24728
24729
24730
8349
8375
8376
24765
24766
24767
24768
24769
8402
8403
8404
8430
8431
8432
8433
24823
24824
24825
24826
24827
8459
8460
8461
8462
8463
24862
24863
24864
24865
24866
8489
8490
8491
8492
8493
24901
24902
24903
24904
8520
24905
8521
8522
8523
8524
8552
8553
8554
8555
24940
8556
24941
24942
24943
24944
8585
8586
8587
8588
8589
24979
24980
24981
24982
24983
8619
8620
8621
8622
8623
25018
25019
25020
25021
25022
8654
8655
8656
8657
8658
41432
41433
41434
41435
41436
25057
25058
25059
25060
25061
8690
8691
8692
8693
8694
41471
41472
41473
41474
41475
25096
25097
25098
25099
25100
8727
8728
8729
8730
8731
41511
41512
41513
41514
25135
25136
25137
25138
25139
41550
41551
41552
25174
25175
25176
25177
25178
41588
41589
25213
25214
25215
25216
25217
41625
25252
25253
25254
25255
25256
8900
25291
25292
25293
25294
25295
8926
8927
25330
25331
25332
25333
25334
8953
8954
8955
8981
8982
8983
8984
25369
25370
25371
25372
25373
9010
9011
9012
9013
9014
25408
25409
25410
25411
25412
9040
9041
9042
9043
9044
25447
25448
25449
25450
25451
9071
9072
9073
9074
9075
25486
25487
9103
25488
9104
25489
9105
25490
9106
9107
9136
9137
9138
9139
9140
25525
25526
25527
25528
25529
9170
9171
9172
9173
9174
25564
25565
25566
25567
25568
9205
9206
9207
9208
9209
25622
25623
25624
25625
9241
25626
9242
9243
9244
9245
25661
25662
9278
25663
9279
25664
9280
25665
9281
9282
42060
42061
42062
42063
42064
25700
9316
25701
9317
25702
9318
25703
9319
25704
9320
42100
42101
42102
42103
25739
25740
25741
25742
25743
42139
42140
42141
25778
25779
25780
25781
25782
42177
42178
25817
25818
25819
25820
25821
42214
9470
25856
25857
25858
25859
25860
9496
9497
25895
25896
25897
25898
25899
9523
9524
9525
25934
25935
9551
25936
9552
25937
9553
25938
9554
9580
9581
9582
9583
9584
25973
25974
25975
25976
25977
9610
9611
9612
9613
9614
26012
26013
26014
26015
26016
9641
9642
9643
9644
9645
26051
26052
26053
26054
26055
9673
9674
9675
9676
9677
26090
9706
26091
9707
26092
9708
26093
9709
26094
9710
9740
9741
9742
9743
9744
26129
26130
26131
26132
26133
9775
9776
9777
9778
9779
26168
26169
26170
26171
26172
9811
9812
9813
9814
9815
26207
26208
26209
26210
26211
9848
9849
9850
9851
9852
26246
26247
26248
26249
26250
9886
9887
9888
9889
9890
26285
42670
26286
42671
26287
42672
26288
42673
26289
9925
9926
9927
9928
9929
26324
42709
26325
42710
26326
42711
26327
26328
42747
26363
42748
26364
26365
26366
26367
42784
26421
26422
26423
26424
26425
10059
26460
26461
26462
26463
26464
10085
10086
10112
10113
10114
26499
26500
26501
26502
26503
10140
10141
10142
10143
26538
26539
26540
26541
26542
10169
10170
10171
10172
10173
26577
26578
26579
26580
26581
10199
10200
10201
10202
10203
10230
10231
26616
10232
26617
10233
26618
10234
26619
26620
10262
10263
10264
10265
10266
26655
26656
26657
26658
26659
10295
10296
10297
10298
10299
26694
26695
26696
26697
26698
10329
10330
10331
10332
10333
26733
26734
26735
26736
26737
10364
10365
10366
10367
10368
26772
26773
26774
26775
26776
10400
10401
10402
10403
10404
26811
26812
26813
26814
26815
10437
10438
10439
10440
10441
26850
26851
26852
26853
26854
10475
10476
10477
10478
10479
43260
43261
43262
26889
26890
26891
26892
26893
10514
10515
10516
10517
10518
43298
43299
26928
26929
26930
26931
26932
10553
10554
10555
10556
10557
43335
26967
26968
26969
26970
26971
27006
27007
27008
27009
27010
27045
27046
27047
27048
27049
10666
10692
10693
27084
27085
27086
27087
27088
10719
10720
10721
27123
27124
27125
27126
27127
10747
10748
10749
10750
10776
10777
27162
10778
27163
10779
27164
10780
27165
27166
10806
10807
10808
10809
10810
27220
27221
10837
27222
10838
27223
10839
27224
10840
10841
10869
10870
10871
10872
10873
27259
27260
27261
27262
27263
10902
10903
10904
10905
10906
27298
27299
27300
27301
27302
10936
10937
10938
10939
10940
27337
27338
27339
27340
27341
10971
10972
10973
10974
10975
27376
27377
27378
27379
27380
11007
11008
11009
11010
11011
27415
27416
27417
27418
27419
11044
11045
11046
11047
11048
43830
43831
27454
27455
27456
27457
27458
11082
11083
11084
11085
11086
43867
27493
27494
27495
27496
27497
11121
11122
11123
11124
11125
27532
27533
27534
27535
27536
11160
11161
11162
11163
11164
27571
27572
27573
27574
27575
11199
11200
11201
11202
11203
27610
27611
27612
27613
27614
27649
27650
27651
27652
27653
11290
27688
27689
27690
27691
27692
11316
11317
27727
11343
27728
11344
27729
11345
27730
27731
11371
11372
11373
11374
27766
27767
27768
27769
27770
11400
11401
11402
11403
11404
27805
27806
27807
27808
27809
11430
11431
11432
11433
11434
27844
27845
11461
27846
11462
27847
11463
27848
11464
11465
11493
11494
11495
11496
11497
27883
27884
27885
27886
27887
11526
11527
11528
11529
11530
27922
27923
27924
27925
27926
11560
11561
11562
11563
11564
27961
27962
27963
27964
27965
11595
11596
11597
11598
11599
44380
11631
11632
11633
11634
28019
11635
28020
28021
28022
28023
11668
11669
11670
11671
11672
28058
28059
28060
28061
28062
11706
11707
11708
11709
11710
28097
28098
28099
28100
28101
11745
11746
11747
11748
11749
28136
28137
28138
28139
28140
11784
11785
11786
11787
11788
28175
28176
28177
28178
28179
11823
11824
11825
11826
11827
28214
28215
28216
28217
28218
11862
11863
11864
11865
11866
28253
28254
28255
28256
28257
28292
28293
28294
28295
28296
11930
28331
28332
28333
28334
28335
11956
11957
11983
11984
11985
28370
28371
28372
28373
28374
12011
12012
12013
12014
28409
28410
28411
28412
28413
12040
12041
12042
12043
12044
28448
28449
28450
28451
28452
12070
12071
12072
12073
12074
12101
12102
28487
12103
28488
12104
28489
12105
28490
28491
12133
12134
12135
12136
12137
28526
28527
28528
28529
28530
12166
12167
12168
12169
12170
28565
28566
28567
28568
28569
12200
12201
12202
12203
12204
28604
28605
28606
28607
28608
12235
12236
12237
12238
12239
28643
28644
28645
28646
28647
12271
12272
12273
12274
12275
28682
28683
28684
28685
28686
12308
12309
12310
12311
12312
28721
28722
28723
28724
28725
12346
12347
12348
12349
12350
28760
28761
28762
28763
28764
12385
12386
12387
12388
12389
12424
12425
12426
12427
12428
28818
28819
28820
28821
28822
12463
12464
12465
12466
12467
28857
28858
28859
28860
28861
12502
12503
12504
12505
12506
28896
28897
28898
28899
28900
12541
12542
12543
12544
12545
28935
28936
28937
28938
28939
12585
28974
28975
28976
28977
28978
12611
12612
29013
29014
29015
29016
29017
12638
12639
12640
12666
12667
29052
12668
29053
12669
29054
29055
29056
12695
12696
12697
12698
12699
29091
29092
29093
29094
29095
12725
12726
12727
12728
12729
29130
29131
29132
29133
29134
12756
12757
12758
12759
12760
29169
29170
29171
29172
12788
29173
12789
12790
12791
12792
12821
12822
12823
29208
12824
29209
12825
29210
29211
29212
12855
12856
12857
12858
12859
29247
29248
29249
29250
29251
12890
12891
12892
12893
12894
29286
29287
29288
29289
29290
12926
12927
12928
12929
12930
29325
29326
29327
29328
29329
12963
12964
12965
12966
12967
29364
29365
29366
29367
29368
13001
13002
13003
13004
13005
29403
29404
29405
29406
29407
13040
13041
13042
13043
13044
29442
29443
29444
29445
29446
13079
13080
13081
13082
13083
29481
29482
29483
29484
29485
13118
13119
13120
13121
13122
29520
29521
29522
29523
29524
13157
13158
13159
13160
13161
29560
29561
29562
29563
13196
13197
13198
13199
13200
29616
29617
29618
29619
13235
29620
13236
13237
13238
13239
29655
29656
29657
29658
29659
13280
13281
13307
13308
13309
29694
29695
29696
29697
29698
13335
13336
13337
13338
29733
29734
29735
29736
29737
13364
13365
13366
13367
13368
29772
29773
29774
29775
29776
13394
13395
13396
13397
13398
13425
13426
29811
13427
29812
13428
29813
13429
29814
29815
13457
13458
13459
13460
13461
29850
29851
29852
29853
29854
13490
13491
13492
13493
13494
29889
29890
29891
29892
29893
13524
13525
13526
13527
13528
29928
29929
29930
29931
29932
13559
13560
13561
13562
13563
29967
29968
29969
29970
29971
13595
13596
13597
13598
13599
30006
30007
30008
30009
30010
13632
13633
13634
13635
13636
30045
30046
30047
30048
30049
13670
13671
13672
13673
13674
30084
30085
30086
30087
30088
13709
13710
13711
13712
13713
30123
30124
30125
30126
30127
13748
13749
13750
13751
13752
30162
30163
30164
30165
30166
13787
13788
13789
13790
13791
30201
30202
30203
30204
30205
13826
13827
13828
13829
13830
30240
30241
30242
30243
30244
13865
13866
13867
13868
13869
30279
30280
30281
30282
30283
13904
13905
13906
13907
13908
30319
30320
30321
30322
13943
13944
13945
13946
13947
30358
30359
30360
13989
13990
13991
14017
14018
14019
14020
30412
30413
30414
30415
30416
14046
14047
14048
14049
14050
30451
30452
30453
30454
30455
14076
14077
14078
14079
14080
30490
30491
14107
30492
14108
30493
14109
30494
14110
14111
14139
14140
14141
14142
14143
30529
30530
30531
30532
30533
14172
14173
14174
14175
14176
30568
30569
30570
30571
30572
14206
14207
14208
14209
14210
30607
30608
30609
30610
30611
14241
14242
14243
14244
14245
30646
30647
30648
30649
30650
14277
14278
14279
14280
14281
30685
30686
30687
30688
30689
14314
14315
14316
14317
14318
30724
30725
30726
30727
30728
14352
14353
14354
14355
14356
30763
30764
30765
30766
30767
14391
14392
14393
14394
14395
30802
30803
30804
30805
30806
14430
14431
14432
14433
14434
30841
30842
30843
30844
30845
14469
14470
14471
14472
14473
30880
30881
30882
30883
30884
14508
14509
14510
14511
14512
30919
30920
30921
30922
30923
14547
14548
14549
14550
14551
30958
30959
30960
30961
30962
14586
14587
14588
14589
14590
30997
30998
30999
31000
31001
14625
14626
14627
14628
14629
31036
31037
31038
31039
31040
14664
14665
14666
14667
14668
31076
31077
31078
31079
14711
14712
14713
14714
31115
31116
31117
14740
14741
14742
14743
14744
31153
31154
14770
14771
14772
14773
14774
14801
14802
14803
14804
14805
31205
31206
31207
31208
31209
14833
14834
14835
14836
14837
31244
31245
31246
31247
31248
14866
14867
14868
14869
14870
31283
31284
14900
31285
14901
31286
14902
31287
14903
14904
14935
14936
14937
31322
14938
31323
14939
31324
31325
31326
14971
14972
14973
14974
14975
31361
31362
31363
31364
31365
15008
15009
15010
15011
15012
31400
31401
31402
31403
31404
15046
15047
15048
15049
15050
31439
31440
31441
31442
31443
15085
15086
15087
15088
15089
31478
31479
31480
31481
31482
15124
15125
15126
15127
15128
31517
31518
31519
31520
31521
15163
15164
15165
15166
15167
31556
31557
31558
31559
31560
15202
15203
15204
15205
15206
31595
31596
31597
31598
31599
15241
15242
15243
15244
15245
31634
31635
31636
31637
31638
15280
15281
15282
15283
15284
31673
31674
31675
31676
31677
15319
15320
15321
15322
15323
31712
31713
31714
31715
31716
15358
15359
15360
15361
15362
31751
31752
31753
31754
31755
15397
15398
15399
15400
15401
31790
31791
31792
31793
31794
15445
31830
15446
31831
15447
31832
15448
31833
15449
15475
15476
15477
15478
15479
31869
31870
31871
15506
15507
15508
15509
15510
31907
31908
15538
15539
15540
15541
15542
31944
15571
15572
15573
15574
15575
15605
15606
15607
15608
15609
31994
31995
31996
31997
31998
15640
15641
15642
15643
15644
32033
32034
32035
32036
32037
15676
15677
15678
15679
15680
32072
32073
32074
32075
32076
15713
15714
15715
15716
15717
32111
32112
32113
32114
32115
15751
15752
15753
15754
15755
32150
32151
32152
32153
32154
15790
15791
15792
15793
15794
32189
32190
32191
32192
32193
15829
15830
15831
15832
15833
32228
32229
32230
32231
32232
15868
15869
15870
15871
15872
32267
32268
32269
32270
32271
15907
15908
15909
15910
15911
32306
32307
32308
32309
32310
15946
15947
15948
15949
15950
32345
32346
32347
32348
32349
15985
15986
15987
15988
15989
32384
32385
32386
32387
32388
16024
16025
16026
16027
16028
32423
32424
32425
32426
32427
16063
16064
16065
16066
16067
32462
32463
32464
32465
32466
16102
16103
16104
16105
16106
32501
32502
32503
32504
32505
16141
16142
16143
16144
16145
32540
32541
32542
32543
32544
16190
16191
16192
16193
16194
32580
32581
32582
32583
16221
16222
16223
16224
16225
32619
32620
32621
16253
16254
16255
16256
16257
32657
32658
16286
16287
16288
16289
16290
32694
16320
16321
16322
16323
16324
16355
16356
16357
16358
16359
)


// ************************************************************************* //
