/*--------------------------------*- C++ -*----------------------------------*\
| =========                 |                                                 |
| \\      /  F ield         | OpenFOAM: The Open Source CFD Toolbox           |
|  \\    /   O peration     | Version:  2306                                  |
|   \\  /    A nd           | Website:  www.openfoam.com                      |
|    \\/     M anipulation  |                                                 |
\*---------------------------------------------------------------------------*/
FoamFile
{
    version     2.0;
    format      ascii;
    arch        "LSB;label=32;scalar=64";
    class       cellSet;
    location    "constant/polyMesh/sets";
    object      interconnect;
}
// * * * * * * * * * * * * * * * * * * * * * * * * * * * * * * * * * * * * * //


16000
(
0
1
2
3
4
5
6
7
8
9
10
11
12
13
14
15
16
17
18
19
20
21
22
23
24
25
26
27
28
29
30
31
32
33
34
32803
35
32804
36
32805
37
32806
38
39
40
41
42
43
44
45
46
47
48
49
50
51
52
53
54
55
56
57
58
59
60
61
62
63
64
65
66
67
68
69
70
71
72
73
32842
74
32843
75
32844
76
32845
77
78
79
80
81
82
83
84
85
86
87
88
89
90
91
92
93
94
95
96
97
98
99
100
101
102
103
104
105
106
107
108
109
110
111
112
32881
113
32882
114
32883
115
32884
116
117
118
119
120
121
122
123
124
125
126
127
128
129
130
131
132
133
134
135
136
137
138
139
140
141
142
143
144
145
146
147
148
149
150
151
32920
152
32921
153
32922
154
32923
155
32924
156
157
158
159
160
161
162
163
164
165
166
167
168
169
170
171
172
173
174
175
176
177
178
179
180
181
182
183
184
185
186
187
188
189
190
32959
191
32960
192
32961
193
32962
194
32963
195
32964
196
197
198
199
200
201
202
203
204
205
206
207
208
209
210
211
212
213
214
215
216
217
218
219
220
221
222
223
224
225
226
227
228
229
230
231
232
233
234
235
236
237
238
239
241
242
243
244
245
246
247
248
249
250
251
252
253
254
255
256
257
258
259
260
261
262
263
264
265
266
267
268
269
270
271
272
273
274
275
276
277
278
279
280
281
282
283
284
285
286
287
288
289
290
291
292
293
294
295
296
297
298
299
300
301
302
303
304
305
307
308
309
310
311
314
315
316
317
318
319
320
321
322
323
324
325
326
327
328
329
330
331
332
333
334
335
336
337
338
339
340
341
342
343
344
345
346
347
348
349
350
351
352
353
354
355
356
357
358
359
360
361
362
363
364
365
366
367
368
369
370
371
372
373
374
375
376
377
378
379
380
381
382
383
385
386
387
388
389
392
393
394
395
33164
396
400
401
402
403
404
405
406
407
408
409
410
411
412
413
414
415
416
417
418
419
420
421
422
423
424
425
426
427
428
429
430
431
432
433
434
33203
435
33204
436
437
438
439
440
441
442
443
444
445
446
447
448
449
450
451
452
453
454
455
456
457
458
459
460
461
462
463
464
465
466
467
468
469
470
471
472
473
33242
474
33243
33244
476
477
478
479
480
483
484
485
486
487
491
492
493
494
495
500
501
502
503
504
505
506
507
508
509
510
511
512
33281
513
33282
514
33283
515
33284
516
517
518
519
520
521
522
523
524
525
526
527
528
529
530
531
532
533
534
535
536
537
538
539
540
541
542
543
544
545
546
547
548
549
550
551
33320
552
33321
553
33322
554
33323
555
33324
556
557
558
559
560
561
562
563
564
565
566
567
568
569
570
571
572
573
574
575
576
577
578
579
581
582
583
584
585
588
589
590
33359
591
33360
592
33361
33362
33363
596
597
598
599
600
605
606
607
608
609
615
616
617
618
33387
619
33388
620
33389
621
33390
622
33391
623
33392
624
33393
625
33394
626
33395
627
33396
628
33397
629
33398
630
33399
631
33400
632
33401
633
634
635
636
637
638
639
640
641
642
643
644
645
646
647
648
649
650
651
652
653
654
655
33424
656
33425
657
33426
658
33427
659
33428
660
33429
661
33430
662
33431
663
33432
664
33433
665
33434
666
33435
667
33436
668
33437
669
33438
670
671
672
673
674
675
676
677
678
679
680
681
682
683
684
685
686
687
688
689
690
691
33460
692
33461
693
33462
694
33463
695
33464
696
33465
697
33466
698
33467
699
33468
33469
701
33470
702
33471
703
33472
704
33473
705
33474
708
709
710
711
712
716
717
718
719
720
725
726
33495
727
33496
728
33497
729
33498
33499
33500
33501
33502
33503
735
33504
736
33505
737
33506
738
33507
739
33508
33509
746
747
748
749
750
751
752
753
754
755
756
757
758
759
760
33529
761
33530
762
33531
763
33532
764
33533
765
33534
766
33535
767
33536
768
33537
769
33538
770
33539
771
33540
772
33541
773
33542
774
33543
775
33544
776
33545
777
778
779
780
781
782
783
784
785
786
787
788
789
790
791
792
793
794
795
796
797
798
799
800
801
802
803
804
805
806
807
808
809
810
811
812
33581
813
33582
814
33583
33584
816
817
818
819
820
821
822
823
824
825
826
827
828
829
830
831
832
833
834
835
837
838
839
840
841
844
845
846
847
848
33620
852
33621
853
33622
854
33623
855
856
861
862
863
864
865
871
872
873
874
875
882
883
884
885
886
33659
33660
33661
33662
894
33663
895
896
897
898
899
900
901
902
903
904
905
906
907
908
909
910
911
912
913
914
915
916
917
918
919
920
921
922
923
924
925
926
927
928
929
33698
930
33699
931
33700
932
33701
933
33702
934
33703
935
936
937
938
939
940
941
942
943
944
945
946
947
948
949
950
952
953
954
955
956
957
958
959
960
961
962
963
964
965
966
33737
969
33738
970
33739
971
33740
972
33741
973
33742
974
33743
975
976
977
978
979
980
981
982
983
984
985
986
987
988
990
991
992
993
994
997
998
999
1000
1001
1005
1006
1007
1008
1009
1014
1015
1016
1017
1018
1024
1025
1026
1027
1028
1035
1036
1037
1038
1039
1047
1048
1049
1050
1051
1060
1061
1062
1063
1064
1065
1066
1067
1068
1069
1070
1071
1072
1073
1074
1075
1076
1077
1078
1079
1080
1081
1082
1083
1084
1085
1086
1087
1088
1089
1090
1091
1092
1093
1094
1095
1096
1097
1098
1099
1100
1101
1102
1103
1105
1106
1107
1108
1109
1110
1111
1112
1113
1114
1115
1116
1117
1118
1119
1122
1123
1124
1125
1126
1127
1128
1129
1130
1131
1132
1133
1134
33903
1135
1136
1140
1141
1142
1143
1144
1145
1146
1147
1148
1149
1150
1151
1152
1153
1154
1155
1156
1157
1158
1159
1161
1162
1163
1164
1165
1168
1169
1170
1171
1172
33942
33943
1176
1177
1178
1179
1180
1185
1186
1187
1188
1189
1195
1196
1197
1198
1199
1206
1207
1208
1209
1210
33981
33982
33983
1218
1219
1220
1221
1222
1231
1232
1233
1234
1235
1245
1246
1247
1248
1249
1250
1251
34020
1252
34021
1253
34022
1254
34023
1255
1256
1257
1258
1259
1260
1261
1262
1263
1264
1265
1266
1267
1268
1269
1270
1271
1272
1273
1274
1276
1277
1278
1279
1280
1281
1282
1283
1284
1285
1286
1287
1288
1289
1290
34059
34060
34061
1293
34062
1294
34063
1295
1296
1297
1298
1299
1300
1301
1302
1303
1304
1305
1306
1307
1311
1312
1313
1314
1315
1316
1317
1318
1319
1320
1321
1322
1323
1324
1325
34098
1330
34099
1331
34100
1332
34101
1333
34102
1334
1335
1336
1337
1338
1339
1340
1341
1342
1343
1344
1345
1346
1347
1348
1349
1351
1352
1353
1354
1355
1358
1359
1360
1361
1362
1366
1367
34136
1368
34137
1369
34138
1370
34139
34140
1375
1376
1377
1378
1379
1385
1386
1387
1388
1389
34163
34164
1396
34165
1397
34166
1398
34167
1399
34168
1400
34169
34170
34171
34172
34173
34174
34175
34176
1408
34177
1409
1410
1411
1412
1421
1422
1423
1424
1425
34199
34200
34201
34202
34203
1435
34204
1436
34205
1437
34206
1438
34207
1439
34208
34209
34210
34211
34212
34213
1450
1451
1452
1453
1454
1455
1456
1457
1458
1459
1460
1461
1462
1463
1464
34234
1466
34235
1467
34236
1468
34237
1469
34238
1470
34239
1471
34240
1472
34241
1473
34242
1474
34243
1475
34244
1476
34245
1477
34246
1478
34247
1479
34248
1480
1483
1484
1485
1486
1487
1488
1489
1490
1491
1492
1493
1494
1495
1496
1497
34268
34269
1501
34270
1502
34271
1503
34272
1504
34273
1505
34274
1506
34275
1507
34276
1508
34277
1509
34278
1510
34279
1511
34280
1512
34281
1513
34282
1514
1515
1520
1521
1522
1523
1524
1525
1526
1527
1528
1529
1530
1531
1532
34301
1533
34302
1534
34303
34304
34305
34306
34307
34308
1540
34309
1541
34310
1542
34311
1543
34312
1544
34313
1545
34314
1546
34315
1547
34316
1548
1549
1550
1551
1552
1553
1554
1555
1556
1557
1558
1559
1560
1561
1562
1563
1564
1567
1568
1569
1570
1571
1575
1576
1577
1578
1579
34352
1584
34353
1585
34354
1586
34355
1587
1588
1594
1595
1596
1597
1598
1605
1606
1607
1608
1609
1617
1618
1619
1620
1621
34391
34392
34393
34394
34395
1630
1631
1632
1633
1634
1644
1645
1646
1647
1648
1659
1660
1661
34430
1662
34431
1663
34432
34433
34434
34435
1675
1676
1677
1678
1679
1680
1681
1682
1683
1684
1685
1686
1687
1688
1689
1692
1693
1694
1695
1696
1697
1698
1699
1700
34469
1701
34470
1702
34471
1703
34472
1704
34473
1705
34474
1706
34475
1710
1711
1712
1713
1714
1715
1716
1717
1718
1719
1720
1721
1722
1723
1724
1729
1730
1731
1732
1733
1734
1735
1736
1737
1738
1739
34508
1740
34509
1741
34510
1742
34511
1743
34512
34513
34514
34515
1749
1750
1751
1752
1753
1754
1755
1756
1757
1758
1759
1760
1761
1762
1763
1770
1771
1772
1773
1774
1775
1776
1777
1778
1779
1780
1781
1782
1783
1784
1785
1786
1787
1788
1789
1790
1791
1792
1793
1794
1795
1796
1797
1798
1799
1803
1804
1805
1806
1807
1812
1813
1814
1815
1816
1822
1823
1824
1825
1826
1833
1834
1835
1836
1837
1845
1846
1847
1848
1849
1858
1859
1860
1861
1862
34635
1872
1873
1874
1875
1876
1887
1888
1889
1890
1891
1903
1904
1905
34674
1906
34675
1907
1920
1921
1922
1923
1924
1925
1926
1927
1928
1929
1930
1931
1932
1933
1934
1938
1939
1940
1941
1942
1943
1944
34713
1945
34714
1946
34715
1947
1948
1949
1950
1951
1952
1957
1958
1959
1960
1961
1962
1963
1964
1965
1966
1967
1968
1969
1970
1971
1977
1978
1979
1980
1981
1982
1983
34752
1984
34753
1985
34754
1986
34755
1987
1988
1989
1990
1991
1998
1999
2000
2001
2002
2003
2004
2005
2006
2007
2008
2009
2010
2011
2012
2020
2021
2022
34791
2023
34792
2024
34793
2025
34794
2026
34795
2027
2028
2029
2030
2031
2032
2033
2034
2035
2036
2037
2038
2039
2040
2041
2042
2043
2044
2045
2046
2047
2048
2049
2050
2051
2052
2053
2054
2059
2060
2061
34830
2062
34831
2063
34832
34833
34834
2069
2070
2071
2072
2073
2080
2081
2082
2083
2084
2092
2093
2094
2095
2096
34868
34869
34870
34871
34872
2105
2106
2107
2108
2109
2119
2120
2121
2122
2123
2134
2135
2136
34905
2137
34906
2138
34907
34908
34909
2150
2151
2152
2153
2154
34931
34932
34933
34934
34935
2167
34936
2168
34937
2169
34938
2170
34939
2171
34940
34941
34942
34943
34944
34945
2185
2186
2187
2188
2189
2190
2191
2192
2193
2194
2195
2196
2197
34966
2198
34967
2199
34968
34969
34970
34971
34972
2204
34973
2205
34974
2206
34975
2207
34976
2208
34977
2209
34978
2210
34979
2211
34980
2212
2213
2214
2215
2216
2217
2218
2224
2225
2226
2227
2228
2229
2230
2231
35000
2232
35001
2233
35002
2234
35003
2235
35004
2236
35005
2237
35006
2238
35007
35008
35009
35010
35011
35012
35013
2245
35014
2246
2247
2248
2249
2250
2251
2252
2253
2254
2255
2256
2257
2258
2259
35033
35034
35035
2267
35036
2268
35037
2269
35038
2270
35039
2271
35040
2272
35041
2273
35042
2274
35043
2275
35044
2276
35045
2277
35046
2278
35047
2279
2280
2281
2290
2291
2292
2293
2294
2295
2296
35065
2297
35066
2298
35067
2299
35068
2300
35069
2301
35070
2302
35071
2303
35072
2304
35073
2305
35074
2306
35075
2307
35076
2308
35077
2309
35078
2310
35079
2311
2312
2313
2314
2315
2316
2317
2318
2319
2320
2321
2322
2323
2324
2325
2326
2327
2328
2329
2335
2336
2337
2338
2339
2346
35115
2347
35116
2348
35117
2349
35118
2350
35119
2358
2359
2360
2361
2362
2371
2372
2373
2374
2375
2385
35154
2386
35155
2387
35156
2388
35157
2389
35158
35159
2400
2401
2402
2403
2404
2416
2417
2418
2419
2420
35193
35194
35195
35196
35197
35198
35199
2433
2434
2435
2436
2437
2451
2452
2453
2454
2455
35232
35233
35234
35235
35236
35237
35238
2470
35239
2471
2472
2473
2474
2475
2476
2477
2478
2479
2480
2481
2482
2483
2484
2490
2491
2492
2493
2494
2495
2496
2497
2498
2499
2500
2501
2502
35271
2503
35272
2504
35273
35274
35275
35276
35277
35278
35279
2511
2512
2513
2514
2515
2516
2517
2518
2519
2520
2521
2522
2523
2524
2525
2533
2534
2535
2536
2537
2538
2539
2540
2541
2542
2543
2544
2545
2546
2547
2556
2557
2558
2559
2560
2561
2562
2563
2564
2565
2566
2567
2568
2569
2570
2580
2581
2582
2583
2584
2585
2586
2587
2588
2589
2590
35359
2591
2592
2593
2594
2595
2596
2597
2598
2599
2600
2601
2602
2603
2604
2605
2606
2607
2608
2609
2610
2611
2612
2613
2614
2615
2616
2617
2618
2619
2620
2621
2622
2623
2624
35398
35399
2631
2632
2633
2634
2635
2643
2644
2645
2646
2647
2656
2657
2658
2659
2660
35437
35438
2670
35439
2671
2672
2673
2674
2685
2686
2687
2688
2689
2701
2702
2703
2704
2705
35476
35477
35478
35479
2718
2719
2720
2721
2722
2736
2737
2738
2739
2740
35515
35516
35517
35518
35519
2755
2756
2757
2758
2759
2775
2776
2777
2778
2779
2780
2781
2782
2783
2784
2785
35554
2786
35555
2787
35556
2788
35557
2789
35558
2796
2797
2798
2799
2800
2801
2802
2803
2804
2805
2806
2807
2808
2809
2810
2818
2819
2820
2821
2822
2823
35592
2824
35593
2825
35594
2826
35595
2827
35596
2828
2829
2830
2831
2832
2841
2842
2843
2844
2845
2846
2847
2848
2849
2850
2851
2852
2853
2854
2855
35629
35630
35631
35632
35633
2865
2866
2867
2868
2869
2870
2871
2872
2873
2874
2875
2876
2877
2878
2879
2890
2891
2892
2893
2894
2895
2896
35665
2897
35666
2898
35667
2899
35668
2900
35669
2901
2902
2903
2904
2905
2906
2907
2908
2909
2910
2911
2912
2913
2914
2915
2916
2917
2918
2919
2920
2921
35690
2922
35691
2923
35692
2924
35693
2925
35694
2926
35695
2927
35696
2928
35697
2929
35698
2930
35699
2931
35700
2932
35701
2933
35702
2934
35703
2935
35704
2936
2937
2938
2939
2947
2948
2949
2950
2951
35724
35725
35726
35727
35728
2960
35729
2961
35730
2962
35731
2963
35732
2964
35733
35734
35735
35736
35737
35738
2974
2975
2976
2977
2978
35757
2989
35758
2990
35759
2991
35760
2992
35761
2993
35762
35763
35764
35765
35766
35767
35768
35769
35770
35771
3005
3006
3007
3008
3009
35789
35790
3022
35791
3023
35792
3024
35793
3025
35794
3026
35795
35796
35797
35798
35799
35800
35801
35802
35803
3040
3041
3042
3043
3044
35820
35821
35822
35823
35824
35825
35826
35827
3059
35828
3060
35829
3061
35830
3062
35831
3063
35832
35833
35834
3079
3080
3081
3082
3083
3100
35869
3101
35870
3102
35871
3103
35872
3104
35873
3105
35874
3106
3107
3108
3109
3110
3111
3112
3113
3114
3122
3123
3124
3125
3126
3127
3128
3129
3130
3131
3132
3133
3134
3135
3136
35908
35909
35910
35911
35912
35913
3145
35914
3146
3147
3148
3149
3150
3151
3152
3153
3154
3155
3156
3157
3158
3159
3169
3170
3171
3172
3173
3174
3175
3176
3177
3178
35947
3179
35948
3180
35949
3181
35950
3182
35951
3183
35952
35953
35954
3194
3195
3196
3197
3198
3199
3200
3201
3202
3203
3204
3205
3206
3207
3208
35986
35987
35988
3220
35989
3221
35990
3222
35991
3223
35992
3224
35993
3225
35994
3226
3227
3228
3229
3230
3231
3232
3233
3234
3235
3236
3237
3238
3239
3240
3241
3242
3243
3244
3245
3246
3247
3248
3249
3250
3251
3252
3253
3254
3255
3256
36025
3257
36026
3258
36027
3259
36028
3260
36029
3261
36030
3262
36031
3263
36032
3264
36033
3265
36034
3266
3267
3268
3269
3270
3271
3272
3273
3274
3283
3284
3285
3286
3287
3297
3298
3299
3300
3301
36074
3312
3313
3314
3315
3316
3328
3329
3330
3331
3332
36113
3345
36114
3346
3347
3348
3349
3363
3364
3365
3366
3367
3382
3383
36152
3384
36153
3385
36154
3386
3402
3403
3404
3405
3406
36191
3423
36192
3424
36193
3425
36194
3426
3427
3445
3446
3447
3448
3449
3450
3451
3452
3453
3454
3455
3456
3457
3458
3459
36230
36231
36232
36233
36234
3468
3469
3470
3471
3472
3473
3474
3475
3476
3477
3478
3479
3480
3481
3482
3492
3493
3494
3495
3496
3497
3498
3499
3500
36269
3501
36270
3502
36271
3503
36272
3504
36273
3505
3506
3517
3518
3519
3520
3521
3522
3523
3524
3525
3526
3527
3528
3529
3530
3531
36307
36308
36309
36310
36311
3543
3544
3545
3546
3547
3548
3549
3550
3551
3552
3553
3554
3555
3556
3557
3570
3571
3572
3573
3574
3575
36344
3576
36345
3577
36346
3578
36347
3579
36348
3580
3581
3582
3583
3584
3585
3586
3587
3588
3589
3590
3591
3592
3593
3594
3595
3596
3597
3598
3599
3600
3601
3602
3603
3604
3605
3606
3607
3608
3609
3610
3611
36380
3612
36381
3613
36382
3614
36383
3615
36384
3616
3617
3618
3619
3620
3621
3622
3623
3624
3625
3626
3627
3628
3629
3639
3640
3641
3642
3643
36415
36416
36417
36418
36419
3654
3655
3656
3657
3658
3670
36439
3671
36440
3672
36441
3673
36442
3674
36443
36444
36445
36446
36447
36448
36449
36450
36451
36452
36453
3687
3688
3689
3690
3691
36472
36473
3705
36474
3706
36475
3707
36476
3708
36477
3709
36478
36479
36480
36481
36482
36483
36484
36485
36486
3724
3725
3726
3727
3728
36504
36505
36506
36507
36508
36509
36510
36511
36512
3744
36513
3745
36514
3746
36515
3747
36516
3748
36517
36518
3765
3766
36535
3767
36536
3768
36537
3769
36538
36539
36540
36541
36542
36543
36544
36545
36546
36547
36548
36549
3787
3788
3789
3790
3791
36565
36566
36567
36568
36569
36570
36571
36572
36573
36574
36575
36576
36577
36578
3810
36579
3811
3812
3813
3814
3815
3816
3817
3818
3819
3820
3821
3822
3823
3824
3834
3835
3836
3837
3838
3839
3840
3841
3842
3843
3844
36613
3845
36614
3846
36615
3847
36616
3848
36617
36618
36619
3859
3860
3861
3862
3863
3864
3865
3866
3867
3868
3869
3870
3871
3872
3873
36652
36653
3885
36654
3886
36655
3887
36656
3888
36657
3889
36658
3890
36659
3891
3892
3893
3894
3895
3896
3897
3898
3899
3912
3913
3914
3915
3916
3917
3918
3919
3920
3921
3922
36691
3923
36692
3924
36693
3925
36694
3926
36695
36696
36697
36698
36699
3940
3941
3942
3943
3944
3945
3946
3947
3948
3949
3950
3951
3952
3953
3954
3955
3956
3957
3958
3959
3960
3961
36730
3962
36731
3963
36732
3964
36733
3965
36734
3966
36735
3967
36736
3968
36737
3969
36738
3970
36739
3971
3972
3973
3974
3975
3976
3977
3978
3979
3980
3981
3982
3983
3984
3985
3986
3987
3988
3989
3990
3991
3992
3993
3994
3995
3996
3997
3998
3999
4000
36769
4001
36770
4002
36771
4003
36772
4004
36773
36774
36775
36776
36777
36778
36779
4015
4016
4017
4018
4019
4031
4032
4033
4034
4035
4048
4049
36818
4050
36819
4051
4052
4066
4067
4068
4069
4070
4085
4086
4087
4088
36857
4089
36858
36859
4105
4106
4107
4108
4109
4126
4127
36896
4128
36897
4129
36898
4130
36899
4148
4149
4150
4151
4152
36935
36936
36937
36938
36939
4171
4172
4173
4174
4175
4195
4196
4197
4198
4199
4200
4201
4202
4203
4204
4205
36974
4206
36975
4207
36976
4208
36977
4209
36978
4220
4221
4222
4223
4224
4225
4226
4227
4228
4229
4230
4231
4232
4233
4234
37012
37013
37014
4246
37015
4247
37016
4248
4249
4250
4251
4252
4253
4254
4255
4256
4257
4258
4259
4260
4273
4274
4275
4276
4277
4278
4279
4280
37049
4281
37050
4282
37051
4283
37052
4284
37053
4285
4286
4287
4301
4302
4303
4304
4305
4306
4307
4308
4309
4310
4311
4312
4313
4314
4315
37085
37086
37087
37088
37089
4330
4331
4332
4333
4334
4335
4336
4337
4338
4339
4340
4341
4342
4343
4344
4345
4346
4347
4348
4349
4350
4351
37120
4352
37121
4353
37122
4354
37123
4355
37124
4356
4357
4358
4359
4360
4361
4362
4363
4364
4365
4366
4367
4368
4369
4370
4371
4372
4373
4374
4375
4376
4377
4378
4379
4380
4381
4382
4383
4384
4385
37154
4386
37155
4387
37156
4388
37157
4389
37158
4390
4391
4392
4393
4394
4395
4396
4397
4398
4399
37177
37178
37179
4411
37180
4412
37181
4413
37182
4414
37183
4415
37184
37185
37186
37187
37188
37189
37190
37191
4428
4429
4430
4431
4432
37209
37210
37211
37212
37213
37214
4446
37215
4447
37216
4448
37217
4449
37218
4450
37219
37220
37221
37222
37223
4465
4466
4467
4468
4469
37240
37241
37242
37243
37244
37245
37246
37247
37248
37249
37250
37251
37252
37253
4485
37254
4486
4487
4488
4489
37270
37271
37272
37273
37274
4506
37275
4507
37276
4508
37277
4509
37278
4510
37279
37280
37281
37282
37283
37284
4528
4529
4530
37299
4531
37300
4532
37301
37302
37303
37304
37305
37306
37307
37308
37309
37310
37311
37312
37313
4551
4552
4553
4554
4555
4575
4576
4577
37346
4578
37347
4579
37348
37349
37350
37351
37352
37353
4600
4601
4602
4603
4604
4605
4606
4607
4608
4609
4610
4611
4612
4613
4614
37385
37386
37387
37388
37389
37390
37391
37392
37393
4626
4627
4628
4629
4630
4631
4632
4633
4634
4635
4636
4637
4638
4639
4640
4653
4654
4655
37424
4656
37425
4657
37426
4658
37427
4659
37428
4660
37429
4661
37430
4662
37431
4663
37432
4664
37433
4665
4666
4667
4681
4682
4683
4684
4685
4686
4687
4688
4689
4690
4691
4692
4693
4694
37463
4695
37464
37465
37466
37467
37468
37469
37470
37471
37472
37473
4710
4711
4712
4713
4714
4715
4716
4717
4718
4719
4720
4721
4722
4723
4724
37502
37503
37504
37505
37506
37507
37508
4740
37509
4741
37510
4742
37511
4743
37512
4744
37513
4745
4746
4747
4748
4749
4750
4751
4752
4753
4754
4755
4756
4757
4758
4759
4760
4761
4762
4763
4764
4765
4766
4767
4768
4769
4770
4771
4772
4773
4774
4775
4776
4777
4778
4779
4780
4781
4782
37551
4783
37552
4784
37553
4785
4786
4787
4788
4789
4790
4791
4792
4793
4794
4795
4796
4797
4798
4799
4800
4801
4802
4803
4804
4805
4806
4807
4808
4810
4811
4812
4813
4814
37590
37591
37592
37593
4827
4828
4829
4830
4831
4845
4846
4847
4848
4849
37629
37630
37631
37632
4864
37633
4865
4866
4867
4868
4884
4885
4886
4887
4888
37668
37669
37670
37671
37672
4905
4906
4907
4908
4909
4927
4928
4929
4930
4931
37706
37707
37708
37709
37710
4950
4951
4952
4953
4954
4974
37743
4975
37744
4976
37745
4977
37746
4978
37747
4999
5000
5001
5002
5003
37779
37780
37781
37782
37783
5025
5026
5027
5028
5029
5030
5031
5032
5033
5034
5035
5036
5037
5038
5039
37814
37815
37816
37817
37818
5052
5053
5054
5055
5056
5057
5058
5059
5060
5061
5062
5063
5064
5065
5066
37848
5080
37849
5081
37850
5082
37851
5083
37852
5084
5085
5086
5087
5088
5089
5090
5091
5092
5093
5094
5109
5110
5111
5112
37881
5113
37882
5114
37883
5115
37884
5116
37885
5117
5118
5119
5120
5121
5122
5123
37903
37904
37905
37906
37907
5139
37908
5140
37909
5141
37910
5142
37911
5143
37912
5144
37913
5145
37914
5146
37915
5147
37916
5148
37917
5149
5150
5151
5152
5153
37934
37935
37936
37937
37938
5170
37939
5171
37940
5172
37941
5173
37942
5174
37943
5175
37944
5176
37945
5177
37946
5178
37947
5179
37948
5180
5181
5182
5183
5184
5185
5186
5187
5188
5189
5190
5191
5192
5193
5194
5195
37964
5196
37965
5197
37966
5198
37967
5199
37968
5200
37969
5201
37970
5202
37971
5203
37972
5204
37973
5205
37974
5206
37975
5207
37976
5208
37977
5209
37978
5210
5211
5212
5213
5214
5215
5216
5217
5218
5219
5220
5221
5222
5223
5224
37993
5225
37994
5226
37995
37996
5228
37997
5229
37998
5230
37999
5231
38000
5232
38001
5233
38002
5234
38003
5235
38004
5236
38005
5237
38006
5238
38007
5239
5240
5241
5242
5245
5246
5247
5248
5249
38021
38022
38023
38024
38025
38026
38027
38028
38029
38030
38031
5263
38032
5264
38033
5265
38034
5266
38035
5267
5282
5283
5284
5285
5286
38067
38068
38069
38070
5302
38071
5303
38072
5304
38073
5305
38074
5306
38075
5323
5324
5325
5326
5327
38106
38107
38108
38109
38110
38111
38112
38113
5345
38114
5346
38115
5347
5348
5349
5368
5369
5370
5371
5372
38145
38146
38147
38148
38149
38150
38151
38152
38153
38154
38155
5392
5393
5394
5395
5396
38184
38185
5417
38186
5418
38187
5419
38188
5420
38189
5421
38190
38191
38192
38193
38194
38195
5443
5444
5445
5446
5447
38223
38224
38225
38226
38227
38228
38229
38230
38231
38232
38233
38234
38235
5470
5471
5472
5473
5474
5475
5476
5477
5478
5479
5480
5481
5482
5483
5484
5498
5499
5500
5501
5502
5503
38272
5504
38273
5505
38274
5506
38275
5507
5508
5509
5510
5511
5512
5527
5528
5529
5530
5531
5532
5533
5534
5535
5536
5537
5538
5539
5540
5541
38311
38312
38313
38314
38315
5557
5558
5559
5560
5561
5562
5563
5564
5565
5566
5567
5568
5569
5570
5571
38350
38351
38352
38353
38354
5588
5589
5590
5591
5592
5593
5594
5595
5596
5597
5598
5599
5600
5601
5602
38388
5620
38389
5621
38390
5622
38391
5623
38392
5624
5625
5626
5627
5628
5629
5630
5631
5632
5633
5634
5635
5636
5637
5638
5639
5640
5641
5642
5643
5644
5645
5646
5647
5648
5649
5650
5651
5652
5653
5654
5655
5656
38425
5657
38426
5658
38427
5659
38428
5660
38429
5661
5662
5663
5665
5666
5667
5668
5669
5670
5671
5672
5673
5674
5675
5676
5677
5678
5679
5682
5683
5684
5685
5686
5687
5688
5689
5690
5691
5692
38461
5693
38462
5694
38463
5695
38464
5696
38465
5700
5701
5702
5703
5704
5719
5720
5721
5722
5723
38496
38497
38498
38499
38500
5739
5740
5741
5742
5743
5760
5761
38530
5762
38531
5763
38532
5764
38533
38534
5782
5783
5784
5785
5786
38563
38564
38565
38566
38567
5805
5806
5807
5808
5809
38595
38596
38597
5829
38598
5830
38599
5831
5832
5833
38616
38617
38618
38619
38620
38621
38622
5854
38623
5855
38624
5856
38625
5857
38626
5858
38627
38628
38629
38630
38646
38647
38648
5880
38649
5881
38650
5882
38651
5883
38652
5884
38653
38654
38655
38656
38657
38658
38659
38660
38675
5907
38676
5908
38677
5909
38678
5910
38679
5911
38680
38681
38682
38683
38684
38685
38686
38687
38688
38689
38703
5935
38704
5936
38705
5937
38706
5938
38707
5939
38708
5940
38709
5941
38710
5942
38711
5943
38712
5944
38713
5945
38714
5946
38715
5947
38716
5948
38717
5949
38730
38731
38732
5964
38733
5965
38734
5966
38735
5967
38736
5968
38737
5969
38738
5970
38739
5971
38740
5972
38741
5973
38742
5974
38743
5975
38744
5976
5977
5978
5994
5995
5996
5997
5998
5999
6000
6001
6002
6003
6004
6005
6006
38775
6007
38776
6008
38777
38778
38779
38780
38781
38782
38783
38784
6025
6026
6027
6028
6029
6030
6031
6032
6033
6034
6035
6036
6037
6038
6039
38814
38815
38816
38817
38818
38819
38820
38821
38822
38823
38824
6057
6058
6059
6060
6061
6062
6063
6064
6065
6066
6067
6068
6069
6070
6071
38853
38854
38855
38856
38857
38858
6090
38859
6091
38860
6092
38861
6093
38862
6094
38863
6095
38864
6096
6097
6098
6099
6100
6101
6102
6103
6104
6105
6106
6107
6108
6109
6110
6111
6112
6113
6114
6115
6116
6117
6118
6119
6121
6122
6123
38892
6124
38893
6125
38894
6126
38895
6127
38896
6128
38897
6129
38898
6130
38899
6131
38900
6132
38901
6133
38902
6134
38903
6135
38904
6138
6139
6140
6141
6142
6143
6144
6145
6146
6147
6148
6149
6150
6151
6152
6156
6157
6158
6159
6160
6161
6162
38931
6163
38932
6164
38933
6165
38934
6166
38935
6167
38936
6168
38937
6169
38938
6170
38939
38940
38941
38942
38943
6175
38944
6176
6177
6178
6179
6195
6196
6197
6198
6199
38980
38981
38982
38983
38984
6216
6217
6218
6219
6220
6238
6239
6240
6241
6242
39019
39020
39021
39022
39023
6261
6262
6263
6264
6265
6285
6286
6287
6288
39057
6289
39058
39059
39060
39061
6310
6311
6312
6313
6314
39094
39095
39096
39097
39098
6336
6337
6338
6339
6340
39130
39131
6363
39132
6364
39133
6365
39134
6366
6367
6391
6392
6393
6394
6395
39165
39166
39167
39168
39169
6420
6421
6422
6423
6424
6425
6426
6427
6428
6429
6430
39199
6431
39200
6432
39201
6433
39202
6434
39203
6450
6451
6452
6453
6454
6455
6456
6457
6458
6459
6460
6461
6462
6463
39232
6464
39233
39234
39235
39236
6481
6482
6483
6484
6485
6486
6487
6488
6489
6490
6491
6492
6493
6494
6495
39264
39265
39266
39267
39268
6513
6514
6515
6516
6517
6518
6519
6520
6521
6522
6523
6524
6525
6526
39295
6527
39296
39297
39298
39299
6546
39315
6547
39316
6548
39317
6549
39318
6550
39319
6551
39320
6552
39321
6553
39322
6554
39323
6555
39324
6556
39325
6557
39326
6558
39327
6559
39328
6560
39329
39344
39345
39346
39347
39348
6580
39349
6581
39350
6582
39351
6583
39352
6584
39353
6585
39354
6586
39355
6587
39356
6588
39357
6589
39358
6590
6591
6592
6593
6594
6596
6597
6598
6599
6600
6601
6602
6603
39372
6604
39373
6605
39374
6606
39375
6607
39376
6608
39377
6609
39378
6610
39379
39380
39381
6613
39382
6614
39383
6615
39384
6616
39385
6617
39386
6618
6619
6620
6621
6622
6623
6624
6625
6626
6627
39399
6631
39400
6632
39401
6633
39402
6634
39403
6635
39404
6636
39405
6637
39406
6638
39407
6639
39408
6640
39409
6641
39410
6642
39411
6643
39412
6644
39413
6645
6650
6651
6652
6653
6654
6655
6656
39425
6657
39426
6658
39427
6659
39428
6660
39429
6661
39430
6662
39431
6663
39432
6664
39433
39434
39435
39436
39437
39438
6670
39439
6671
6672
6673
6674
6691
6692
6693
6694
6695
39469
39470
39471
39472
39473
39474
39475
39476
39477
39478
39479
6713
6714
6715
6716
6717
6736
6737
6738
6739
39508
6740
39509
39510
39511
39512
39513
39514
39515
39516
39517
39518
39519
6760
6761
6762
6763
6764
39547
39548
39549
39550
39551
39552
39553
6785
39554
6786
39555
6787
39556
6788
39557
6789
39558
39559
6811
6812
6813
6814
6815
39586
39587
39588
39589
39590
39591
39592
39593
39594
39595
39596
39597
39598
39599
6838
6839
6840
6841
6842
39625
39626
39627
39628
39629
39630
39631
39632
39633
39634
6866
39635
6867
39636
6868
39637
6869
39638
6870
39639
6895
6896
6897
6898
6899
39674
39675
39676
39677
39678
6925
6926
6927
6928
6929
6930
6931
6932
6933
6934
6935
6936
6937
6938
6939
39712
39713
39714
39715
39716
6956
6957
6958
6959
6960
6961
6962
6963
6964
6965
6966
6967
6968
6969
6970
39749
39750
39751
39752
39753
6988
6989
6990
6991
6992
6993
6994
6995
6996
6997
6998
6999
7000
7001
7002
39785
39786
39787
39788
39789
7021
7022
7023
7024
7025
7026
7027
7028
7029
7030
7031
7032
7033
7034
7035
39820
39821
39822
39823
7055
39824
7056
7057
7058
7059
7060
7061
7062
7063
7064
7065
7066
7067
7068
7069
39854
39855
39856
39857
39858
7090
7091
7092
7093
7094
7095
7096
7097
7098
7099
7100
7101
7102
7103
7104
7107
7108
7109
7110
7111
7112
7113
7114
7115
7116
7117
7118
39887
7119
39888
7120
39889
7121
39890
39891
7125
7126
7127
7128
7129
7130
7131
7132
7133
7134
7135
7136
7137
7138
7139
7144
7145
7146
7147
7148
7149
7150
39919
7151
39920
7152
39921
7153
39922
7154
39923
7155
7156
7157
7158
7164
7165
7166
7167
7168
7169
7170
7171
7172
7173
7174
7175
7176
7177
7178
39950
39951
39952
39953
7185
39954
7186
7187
7188
7189
7207
7208
7209
7210
7211
39980
39981
39982
39983
39984
7230
39999
7231
40000
7232
40001
7233
40002
7234
40003
40004
40005
40006
40007
40008
40009
40010
40011
40012
40013
7254
7255
7256
7257
7258
40027
40028
40029
40030
40031
40032
40033
40034
40035
40036
40037
40038
40039
40040
40041
7279
7280
7281
7282
7283
40054
40055
40056
40057
40058
40059
40060
40061
40062
40063
40064
40065
40066
40067
40068
7305
7306
7307
7308
7309
40080
40081
40082
40083
40084
40085
40086
40087
40088
40089
40090
40091
40092
40093
40094
7332
7333
7334
7335
7336
40105
40106
40107
40108
40109
40110
40111
40112
40113
40114
40115
40116
40117
40118
40119
7360
7361
7362
7363
7364
40148
40149
40150
40151
40152
40153
40154
40155
40156
40157
7389
40158
7390
40159
7391
7392
7393
40187
7419
40188
7420
40189
7421
40190
7422
40191
7423
40192
40193
40194
40195
40196
40197
40198
40199
7450
7451
7452
7453
7454
7455
7456
7457
40226
7458
40227
7459
40228
7460
40229
7461
40230
7462
40231
7463
40232
7464
40233
40234
40235
40236
40237
40238
40239
7482
7483
7484
7485
7486
7487
7488
7489
7490
7491
7492
7493
7494
7495
7496
40265
40266
40267
40268
40269
40270
40271
40272
40273
40274
40275
40276
40277
40278
40279
7515
7516
7517
7518
7519
7520
7521
7522
7523
7524
7525
7526
7527
7528
7529
40304
40305
40306
40307
40308
40309
40310
40311
40312
40313
40314
40315
40316
40317
7549
40318
7550
7551
7552
7553
7554
7555
7556
7557
7558
7559
7560
7561
7562
7563
40352
7584
40353
7585
40354
7586
40355
7587
40356
7588
7589
7590
7591
7592
7593
7594
7595
7596
7597
7598
7620
40389
7621
40390
7622
40391
7623
40392
7624
40393
7625
7626
7627
7628
7629
7630
7631
7632
7633
7634
7638
7639
7640
7641
7642
7643
7644
7645
7646
7647
7648
7649
7650
7651
7652
40425
7657
40426
7658
40427
7659
40428
7660
40429
7661
7662
7663
7664
7665
7666
7667
7668
7669
7670
7671
7677
7678
7679
7680
7681
7682
7683
7684
7685
7686
7687
7688
7689
7690
7691
40460
40461
40462
40463
40464
7698
7699
7700
7701
7702
7703
7704
7705
7706
7707
7708
7709
7710
7711
7712
7720
7721
7722
7723
7724
40494
40495
40496
40497
40498
7743
7744
7745
7746
7747
40527
40528
40529
40530
40531
7767
7768
7769
7770
7771
40559
40560
7792
40561
7793
40562
7794
40563
7795
7796
7818
7819
7820
7821
40590
7822
40591
40592
40593
40594
7845
7846
7847
7848
7849
40620
40621
40622
40623
40624
7873
7874
7875
7876
7877
40649
40650
40651
40652
40653
40667
40668
40669
40670
7902
40671
7903
40672
7904
40673
7905
40674
7906
40675
40676
40677
40678
40679
40680
40681
40694
40695
40696
40697
40698
40699
40700
7932
40701
7933
40702
7934
40703
7935
40704
7936
40705
40706
40707
40708
40720
40721
40722
40723
40724
40725
40726
40727
40728
40729
40730
40731
7963
40732
7964
40733
7965
40734
7966
7967
40745
40746
40747
40748
40749
40750
40751
40752
40753
40754
40755
40756
40757
40758
40759
7995
7996
7997
7998
7999
8000
40769
8001
40770
8002
40771
8003
40772
8004
40773
8005
40774
8006
40775
8007
40776
8008
40777
8009
40778
40779
40780
40781
40782
40783
8028
8029
8030
8031
8032
8033
8034
8035
8036
8037
8038
8039
8040
8041
8042
40811
40812
40813
40814
40815
40816
40817
40818
40819
40820
40821
40822
40823
8062
8063
8064
8065
8066
8067
8068
8069
8070
8071
8072
8073
8074
8075
8076
40850
40851
40852
40853
40854
40855
40856
40857
40858
40859
40860
40861
40862
40863
8097
8098
8099
8100
8101
8102
8103
8104
8105
8106
8107
8108
8109
8110
8111
40889
40890
40891
40892
40893
40894
40895
40896
40897
40898
40899
40900
40901
8133
40902
8134
40903
8135
8136
8137
8138
8139
8140
8141
8142
8143
8144
8145
8146
8147
40928
40929
40930
40931
40932
40933
40934
40935
40936
40937
40938
8170
40939
8171
40940
8172
40941
8173
40942
8174
8175
8176
8177
8178
8179
8180
8181
8182
8183
8184
8189
8190
8191
8192
8193
8194
8195
8196
8197
40966
8198
40967
8199
40968
8200
40969
8201
40970
8202
40971
8203
40972
40973
40974
40975
40976
40977
8209
40978
8210
40979
8211
40980
8212
8213
8214
8215
8216
8217
8218
8219
8220
8221
8222
8223
8230
8231
8232
8233
8234
8235
8236
8237
8238
8239
8240
8241
8242
8243
8244
41013
41014
41015
41016
41017
8252
8253
8254
8255
8256
8257
8258
8259
8260
8261
8262
8263
8264
8265
8266
8275
8276
8277
8278
8279
41049
41050
41051
41052
41053
8299
8300
8301
8302
8303
41084
41085
41086
41087
41088
8324
8325
8326
8327
8328
41118
8350
41119
8351
41120
8352
41121
8353
41122
8354
8377
8378
8379
8380
8381
41151
41152
41153
41154
41155
8405
8406
8407
8408
8409
41183
41184
41185
41186
41187
8434
8435
8436
8437
8438
41214
41215
41216
41217
41218
8464
8465
8466
8467
8468
41244
41245
41246
41247
41248
8495
8496
8497
8498
8499
41273
41274
41275
41276
41277
8527
8528
8529
8530
8531
41301
41302
41303
41304
41305
41318
41319
41320
41321
41322
41323
41324
41325
41326
41327
41328
8560
41329
8561
41330
8562
41331
8563
41332
8564
8565
8566
8567
8568
8569
8570
8571
8572
8573
8574
41344
41345
41346
41347
41348
41349
41350
41351
41352
41353
41354
41355
41356
41357
41358
8594
8595
8596
8597
8598
8599
8600
41369
8601
41370
8602
41371
8603
41372
8604
41373
8605
41374
8606
41375
8607
41376
8608
41377
41378
41379
41380
41381
41382
41383
41393
41394
41395
41396
41397
8629
41398
8630
41399
8631
41400
8632
41401
8633
41402
8634
41403
8635
41404
8636
41405
8637
41406
8638
41407
8639
8640
8641
8642
8643
41416
41417
41418
41419
41420
41421
41422
41423
41424
41425
41426
41427
41428
41429
41430
8665
8666
8667
8668
8669
8670
8671
8672
8673
8674
8675
8676
8677
8678
8679
41457
41458
41459
41460
41461
41462
41463
41464
41465
41466
41467
41468
41469
41470
8702
8703
8704
8705
8706
8707
8708
8709
8710
8711
8712
8713
8714
8715
8716
41496
41497
41498
41499
41500
41501
41502
41503
41504
41505
41506
41507
41508
8740
41509
8741
41510
8742
8743
8744
8745
8746
8747
8748
8749
8750
8751
8752
8753
8754
8760
8761
8762
8763
8764
8765
8766
41535
8767
41536
8768
41537
8769
41538
8770
41539
8771
41540
8772
41541
8773
41542
8774
41543
41544
41545
41546
41547
41548
41549
8781
8782
8783
8784
8785
8786
8787
8788
8789
8790
8791
8792
8793
8794
8795
8803
8804
41573
8805
41574
8806
41575
8807
41576
8808
41577
8809
41578
8810
41579
8811
41580
8812
41581
8813
41582
8814
41583
8815
41584
8816
41585
8817
41586
41587
8826
8827
8828
8829
8830
8831
8832
8833
8834
8835
8836
8837
8838
8839
8840
41610
41611
41612
41613
41614
41615
41616
41617
41618
8850
41619
8851
41620
8852
41621
8853
41622
8854
41623
41624
8875
8876
8877
8878
8879
41656
41657
41658
41659
41660
8901
8902
8903
8904
8905
41691
41692
41693
41694
41695
8928
8929
8930
8931
8932
8956
41725
8957
41726
8958
41727
8959
41728
8960
41729
8985
8986
8987
8988
8989
41758
41759
41760
41761
41762
9015
9016
9017
9018
9019
41790
41791
41792
41793
41794
9046
9047
9048
9049
9050
41821
41822
41823
41824
41825
9078
9079
9080
9081
9082
41851
41852
41853
41854
41855
9111
41880
9112
41881
9113
41882
9114
41883
9115
41884
41908
41909
41910
41911
41912
9145
9146
9147
9148
9149
9150
9151
9152
9153
9154
9155
9156
9157
9158
9159
41935
41936
41937
41938
41939
9180
9181
9182
41951
9183
41952
9184
41953
9185
41954
9186
41955
9187
41956
9188
41957
9189
41958
9190
41959
9191
41960
9192
41961
9193
41962
9194
41963
41964
41965
41976
41977
41978
41979
41980
41981
41982
41983
41984
9216
41985
9217
41986
9218
41987
9219
41988
9220
41989
9221
41990
9222
9223
9224
9225
9226
9227
9228
9229
9230
42000
42001
42002
42003
42004
42005
42006
42007
42008
42009
42010
42011
42012
42013
42014
9253
9254
42023
9255
42024
9256
42025
9257
42026
9258
42027
9259
42028
9260
42029
9261
42030
9262
42031
9263
42032
9264
42033
9265
42034
9266
42035
9267
42036
42037
42045
42046
42047
42048
42049
42050
42051
42052
42053
42054
42055
42056
42057
42058
42059
9291
9292
9293
9294
9295
9296
9297
9298
9299
9300
9301
9302
9303
9304
9305
42085
42086
42087
42088
42089
42090
42091
42092
42093
42094
42095
42096
42097
42098
9330
42099
9331
9332
9333
9334
9335
9336
9337
9338
9339
9340
9341
9342
9343
9344
9351
9352
9353
9354
9355
42124
9356
42125
9357
42126
9358
42127
9359
42128
9360
42129
9361
42130
9362
42131
9363
42132
9364
42133
9365
42134
42135
42136
42137
42138
9373
9374
9375
9376
9377
9378
9379
9380
9381
9382
9383
9384
9385
9386
9387
42162
42163
42164
9396
42165
9397
42166
9398
42167
9399
42168
9400
42169
9401
42170
9402
42171
9403
42172
9404
42173
9405
42174
9406
42175
9407
42176
9408
9409
9410
9420
9421
9422
9423
9424
9425
9426
9427
9428
9429
9430
42199
9431
42200
9432
42201
9433
42202
9434
42203
42204
42205
42206
42207
42208
42209
42210
42211
42212
42213
9445
9446
9447
9448
9449
42235
42236
42237
42238
42239
9471
42240
9472
42241
9473
42242
9474
42243
9475
42244
42245
42246
42247
42248
42249
9498
9499
9500
9501
9502
42280
42281
42282
42283
42284
9526
9527
9528
9529
9530
42314
42315
42316
42317
42318
9555
9556
9557
9558
9559
42347
42348
42349
42350
42351
9585
9586
9587
9588
9589
42379
42380
42381
42382
42383
9616
9617
9618
9619
9620
42410
42411
42412
42413
42414
9648
9649
9650
9651
9652
42440
42441
42442
42443
42444
9681
9682
9683
9684
9685
42469
42470
42471
42472
42473
9715
9716
9717
9718
9719
42497
42498
42499
42500
42501
9750
9751
9752
9753
9754
9755
42524
9756
42525
9757
42526
9758
42527
9759
42528
9760
9761
9762
9763
9764
42550
42551
42552
42553
42554
9786
9787
9788
9789
9790
9791
9792
9793
9794
9795
9796
42565
9797
42566
9798
42567
9799
42568
9800
42569
42570
42571
42572
42573
42574
42575
42576
42577
42578
42579
42589
42590
42591
9823
42592
9824
42593
9825
42594
9826
42595
9827
42596
9828
42597
9829
42598
9830
42599
9831
42600
9832
42601
9833
42602
9834
42603
9835
9836
9837
42612
42613
42614
42615
42616
42617
42618
42619
42620
42621
42622
42623
42624
42625
42626
9861
9862
9863
9864
9865
42634
9866
42635
9867
42636
9868
42637
9869
42638
9870
42639
9871
42640
9872
42641
9873
42642
9874
42643
9875
42644
42645
42646
42647
42648
42655
42656
42657
42658
42659
42660
42661
42662
42663
42664
42665
42666
42667
42668
9900
42669
9901
9902
9903
9904
9905
9906
9907
9908
9909
9910
9911
9912
9913
9914
42694
42695
42696
42697
42698
42699
42700
42701
42702
42703
42704
42705
42706
42707
42708
9940
9941
9942
9943
9944
9945
9946
9947
9948
9949
9950
9951
9952
9953
9954
9962
9963
42732
9964
42733
9965
42734
9966
42735
9967
42736
9968
42737
9969
42738
9970
42739
9971
42740
9972
42741
9973
42742
9974
42743
9975
42744
9976
42745
42746
9985
9986
9987
9988
9989
9990
9991
9992
9993
9994
9995
9996
9997
9998
9999
42769
42770
42771
42772
42773
42774
42775
42776
42777
10009
42778
10010
42779
10011
42780
10012
42781
10013
42782
10014
42783
10015
10016
10017
10018
10019
10020
10021
10022
10023
10034
10035
10036
42805
10037
42806
10038
42807
10039
42808
10040
42809
10041
42810
10042
42811
10043
42812
10044
42813
10045
42814
10046
42815
10047
42816
10048
42817
42818
42819
10060
10061
10062
10063
10064
42840
42841
42842
42843
42844
42845
42846
42847
42848
42849
42850
42851
42852
42853
42854
10087
10088
10089
10090
10091
10115
42884
10116
42885
10117
42886
10118
42887
10119
42888
10144
10145
10146
10147
10148
42917
42918
42919
42920
42921
10174
10175
10176
10177
10178
42949
42950
42951
42952
42953
10205
10206
10207
10208
10209
42980
42981
42982
42983
42984
10237
10238
10239
10240
10241
43010
43011
43012
43013
43014
10270
43039
10271
43040
10272
43041
10273
43042
10274
43043
43067
43068
43069
43070
43071
10304
10305
10306
10307
10308
43094
43095
43096
43097
43098
10339
10340
10341
10342
10343
43120
43121
43122
43123
43124
10375
10376
43145
10377
43146
10378
43147
10379
43148
10380
43149
10381
10382
10383
10384
10385
10386
10387
10388
10389
43159
43160
43161
43162
43163
43164
43165
43166
43167
43168
43169
43170
43171
43172
43173
10412
10413
43182
10414
43183
10415
43184
10416
43185
10417
43186
10418
43187
10419
43188
10420
43189
10421
43190
10422
43191
10423
43192
10424
43193
10425
43194
10426
43195
43196
43204
43205
43206
43207
43208
43209
43210
43211
43212
43213
43214
43215
43216
43217
43218
10450
10451
10452
10453
10454
10455
10456
43225
10457
43226
10458
43227
10459
43228
10460
43229
10461
43230
10462
43231
10463
43232
10464
43233
43234
43235
43236
43237
43238
43239
43245
43246
43247
43248
43249
43250
43251
43252
43253
43254
43255
43256
43257
10489
43258
10490
43259
10491
10492
10493
10494
10495
10496
10497
10498
10499
10500
10501
10502
10503
43283
43284
43285
43286
43287
43288
43289
43290
43291
43292
43293
43294
43295
43296
43297
10529
10530
10531
10532
10533
10534
10535
10536
10537
10538
10539
10540
10541
10542
43320
43321
43322
43323
43324
43325
43326
43327
43328
43329
43330
43331
43332
43333
43334
10569
10570
10571
10572
10573
10574
10575
10576
10577
10578
10579
10580
10581
10582
10583
43356
43357
43358
43359
43360
10592
43361
10593
43362
10594
43363
10595
43364
10596
43365
10597
43366
10598
43367
10599
43368
10600
43369
10601
43370
10602
10603
10604
10605
10606
10616
10617
10618
10619
10620
10621
10622
43391
10623
43392
10624
43393
10625
43394
10626
43395
10627
43396
10628
43397
10629
43398
10630
43399
43400
43401
43402
43403
43404
43405
10641
10642
10643
10644
10645
10646
10647
10648
10649
10650
10651
10652
10653
10654
10655
43425
43426
43427
43428
43429
43430
43431
43432
43433
43434
43435
10667
43436
10668
43437
10669
43438
10670
43439
10671
10672
10673
10674
10675
10676
10677
10678
10679
10680
10681
10694
10695
10696
10697
10698
43468
43469
43470
43471
43472
10722
10723
10724
10725
10726
43500
43501
43502
43503
43504
10751
10752
10753
10754
10755
43531
43532
43533
43534
43535
10781
10782
10783
10784
10785
43561
43562
43563
43564
43565
10812
10813
10814
10815
10816
43590
43591
43592
43593
43594
10844
10845
10846
10847
10848
43618
43619
43620
43621
43622
43645
10877
43646
10878
43647
10879
43648
10880
43649
10881
43671
43672
43673
43674
43675
10911
10912
10913
10914
10915
43696
43697
43698
43699
43700
10946
10947
10948
10949
10950
43720
43721
43722
43723
43724
43733
43734
43735
43736
43737
43738
43739
43740
43741
43742
43743
43744
43745
43746
43747
10982
10983
10984
10985
10986
43755
43756
43757
43758
43759
43760
43761
43762
43763
43764
43765
43766
43767
43768
43769
43776
43777
43778
43779
43780
43781
43782
43783
43784
43785
43786
43787
11019
43788
11020
43789
11021
43790
11022
11023
11024
11025
11026
11027
43796
11028
43797
11029
43798
11030
43799
11031
43800
11032
43801
11033
43802
43803
43804
43805
43806
43807
43808
43809
43810
43815
43816
43817
43818
43819
43820
43821
43822
43823
43824
43825
11057
43826
11058
43827
11059
43828
11060
43829
11061
11062
11063
11064
11065
11066
11067
11068
11069
11070
11071
43852
43853
43854
43855
43856
43857
43858
43859
43860
43861
43862
43863
43864
11096
43865
11097
43866
11098
11099
11100
11101
11102
11103
11104
11105
11106
11107
11108
11109
11110
43888
43889
43890
43891
43892
43893
43894
43895
43896
43897
43898
43899
43900
43901
43902
11136
11137
11138
11139
11140
11141
11142
11143
11144
11145
11146
11147
11148
11149
43923
43924
43925
43926
43927
43928
43929
43930
43931
43932
43933
43934
43935
43936
43937
11176
11177
11178
11179
11180
11181
11182
11183
11184
11185
11186
11187
11188
43957
43958
43959
43960
43961
43962
43963
43964
43965
43966
43967
43968
43969
43970
43971
11216
11217
11218
11219
11220
11221
43990
11222
43991
11223
43992
11224
43993
11225
43994
11226
43995
11227
43996
11228
43997
11229
43998
11230
43999
44000
44001
44002
44003
44004
11240
11241
11242
11243
11244
11245
11246
11247
11248
11249
11250
11251
11252
11253
11254
44032
44033
11265
44034
11266
44035
11267
44036
11268
11269
11270
11271
11272
11273
11274
11275
11276
11277
11278
11279
11291
11292
11293
11294
44063
11295
44064
11296
44065
11297
44066
11298
44067
11299
11300
11301
11302
11303
11304
11305
11318
11319
11320
11321
11322
11323
11324
44093
11325
44094
11326
44095
11327
44096
11328
44097
11329
11330
11331
11332
11346
11347
11348
11349
11350
44122
44123
44124
44125
44126
11375
11376
11377
11378
11379
44150
44151
44152
44153
44154
11405
11406
11407
11408
44177
11409
44178
44179
44180
44181
44203
44204
11436
44205
11437
44206
11438
44207
11439
11440
44228
44229
44230
44231
44232
11468
11469
11470
11471
11472
44252
44253
44254
44255
44256
11501
11502
11503
11504
11505
44275
44276
44277
44278
44279
44287
44288
44289
44290
44291
44292
44293
44294
44295
44296
44297
44298
44299
44300
44301
11535
11536
11537
11538
11539
44308
44309
44310
44311
44312
44313
44314
44315
44316
44317
44318
44319
44320
44321
44322
44328
44329
44330
44331
44332
44333
44334
44335
44336
44337
44338
11570
44339
11571
44340
11572
44341
11573
44342
11574
44347
44348
44349
44350
44351
44352
44353
44354
44355
44356
44357
44358
44359
44360
44361
44365
44366
44367
44368
44369
44370
44371
44372
44373
44374
11606
44375
11607
44376
11608
44377
11609
44378
11610
44379
44401
44402
44403
44404
44405
44406
44407
44408
44409
44410
44411
11643
44412
11644
44413
11645
44414
11646
44415
11647
44436
44437
44438
44439
44440
44441
44442
44443
44444
44445
44446
44447
44448
44449
11681
44450
11682
11683
11684
11685
11686
11687
11688
11689
11690
11691
11692
11693
11694
11695
44470
44471
44472
44473
44474
44475
44476
44477
44478
44479
44480
44481
44482
44483
44484
11720
11721
11722
11723
11724
11725
11726
11727
11728
11729
11730
11731
11732
11733
11734
44503
44504
44505
44506
44507
44508
44509
44510
44511
44512
44513
44514
44515
44516
44517
11760
11761
11762
11763
11764
11765
11766
44535
11767
44536
11768
44537
11769
44538
11770
44539
11771
44540
11772
44541
11773
44542
44543
44544
44545
44546
44547
44548
44549
11800
11801
11802
11803
11804
11805
11806
11807
44576
11808
44577
11809
44578
11810
44579
11811
44580
11812
44606
44607
44608
11840
44609
11841
44610
11842
11843
11844
11845
11846
11847
11848
11849
11850
11851
44635
44636
44637
44638
44639
11880
11881
11882
11883
11884
11885
11886
11887
11888
11889
11890
11891
11892
11893
11894
44663
44664
44665
44666
44667
11905
11906
11907
11908
11909
11910
11911
11912
11913
11914
11915
11916
11917
11918
11919
44690
44691
44692
44693
44694
11931
11932
11933
11934
11935
11936
11937
11938
11939
11940
11941
11942
11943
11944
11945
44716
44717
44718
44719
44720
11958
11959
11960
11961
11962
11963
11964
11965
11966
11967
11968
11969
11970
11971
11972
44741
44742
44743
44744
44745
11986
11987
11988
11989
11990
11991
11992
11993
11994
11995
11996
44765
11997
44766
11998
44767
11999
44768
12000
44769
12015
12016
12017
12018
12019
44788
44789
44790
44791
44792
44810
44811
44812
44813
12045
44814
12046
12047
12048
12049
44821
44822
44823
44824
44825
44826
44827
44828
44829
44830
44831
44832
44833
44834
44835
44841
44842
44843
44844
12076
44845
12077
44846
12078
44847
12079
44848
12080
44849
44850
44851
44852
44853
44854
44855
44860
44861
44862
44863
44864
44865
44866
44867
44868
44869
44870
44871
44872
44873
44874
12108
12109
44878
12110
44879
12111
44880
12112
44881
44882
44883
44884
44885
44886
44887
44888
44889
44890
44891
44892
44895
44896
44897
44898
44899
44900
44901
44902
44903
44904
44905
44906
44907
44908
44909
12141
12142
12143
12144
12145
44930
44931
44932
44933
44934
44935
44936
44937
44938
44939
44940
44941
44942
44943
12175
44944
12176
12177
12178
12179
44964
44965
44966
44967
44968
44969
44970
44971
44972
44973
44974
44975
44976
44977
44978
12210
12211
12212
12213
12214
44997
44998
44999
45000
45001
45002
45003
45004
45005
45006
45007
45008
45009
45010
45011
12246
12247
12248
12249
12250
45029
45030
45031
45032
45033
45034
45035
45036
45037
45038
45039
45040
45041
45042
45043
12283
12284
12285
12286
12287
45060
45061
45062
45063
45064
45065
45066
45067
45068
45069
45070
45071
45072
45073
45074
12321
12322
12323
12324
12325
45100
45101
45102
45103
45104
12360
45129
12361
45130
12362
45131
12363
45132
12364
45133
12365
12366
12367
12368
12369
12370
12371
12372
12373
12374
45157
45158
45159
45160
45161
12400
12401
12402
12403
12404
12405
12406
12407
12408
12409
12410
12411
12412
12413
45184
45185
45186
45187
45188
12440
12441
45210
12442
45211
12443
45212
12444
45213
12445
45214
12446
12447
12448
12449
12450
12451
12452
45235
45236
45237
45238
45239
12480
12481
12482
12483
12484
12485
12486
12487
12488
12489
12490
45259
12491
45260
45261
45262
45263
45282
45283
45284
45285
45286
12520
12521
12522
12523
12524
12525
12526
12527
12528
12529
12530
45304
45305
45306
45307
45308
45325
45326
45327
45328
12560
45329
12561
12562
12563
12564
12565
12566
45335
12567
45336
12568
45337
12569
45338
12570
45339
12571
45340
12572
45341
12573
45342
12574
45343
45344
45345
45346
45347
45348
45349
45354
12586
45355
12587
45356
12588
45357
12589
45358
12590
45359
12591
45360
12592
45361
12593
45362
12594
45363
12595
45364
12596
45365
12597
45366
12598
45367
12599
45368
12600
45372
45373
45374
45375
45376
45377
45378
45379
45380
45381
12613
45382
12614
45383
12615
45384
12616
45385
12617
45386
12618
12619
12620
45389
12621
45390
12622
45391
12623
45392
12624
45393
12625
45394
12626
45395
12627
45396
45397
45398
45399
45400
45401
45402
45403
45405
45406
45407
45408
45409
12641
45410
12642
45411
12643
45412
12644
45413
12645
45414
12646
45415
12647
45416
12648
45417
12649
45418
12650
45419
12651
12652
12653
12654
12655
12670
45439
12671
45440
12672
45441
12673
45442
12674
45443
12675
45444
12676
45445
12677
45446
12678
45447
12679
45448
12680
45449
12681
45450
12682
45451
12683
45452
12684
45453
12700
12701
12702
12703
45472
12704
45473
45474
45475
45476
45477
45478
45479
45480
45481
45482
45483
45484
45485
45486
12731
12732
12733
12734
12735
45504
45505
45506
45507
45508
45509
45510
45511
45512
45513
45514
45515
45516
45517
45518
12763
12764
12765
12766
45535
12767
45536
45537
45538
45539
45540
45541
45542
45543
45544
45545
45546
45547
45548
45549
12796
45565
12797
45566
12798
45567
12799
45568
12800
45569
45570
45571
45572
45573
45574
45575
45576
45577
45578
45579
12830
12831
12832
12833
12834
45604
45605
45606
45607
45608
45632
45633
12865
45634
12866
45635
12867
45636
12868
12869
45659
45660
45661
45662
45663
12901
12902
12903
12904
12905
45685
45686
45687
45688
45689
12938
12939
12940
12941
45710
12942
45711
45712
45713
45714
45734
45735
45736
45737
45738
12976
12977
12978
12979
12980
45757
45758
45759
45760
45761
45779
45780
45781
45782
45783
13015
13016
13017
13018
13019
45800
45801
45802
45803
45804
45820
45821
45822
45823
13055
45824
13056
13057
13058
13059
13060
45829
13061
45830
13062
45831
13063
45832
13064
45833
13065
45834
13066
45835
13067
45836
13068
45837
45838
45839
45840
45841
45842
45843
45847
45848
45849
45850
45851
45852
45853
45854
45855
45856
45857
45858
45859
45860
45861
13095
45864
13096
45865
13097
45866
13098
45867
13099
45868
13100
45869
13101
45870
13102
45871
13103
45872
13104
45873
13105
45874
13106
45875
13107
45876
45877
45878
45880
45881
45882
45883
45884
45885
45886
45887
45888
45889
45890
45891
45892
45893
45894
45895
45896
45897
45898
45899
45900
45901
45902
45903
13135
45904
13136
45905
13137
45906
13138
45907
13139
45908
13140
45909
13141
13142
13143
13144
13145
13146
45928
45929
45930
45931
45932
45933
45934
45935
45936
45937
45938
45939
45940
45941
45942
13175
13176
13177
13178
13179
13180
13181
13182
13183
13184
13185
45960
45961
45962
45963
45964
45965
45966
45967
45968
45969
45970
45971
45972
45973
45974
13215
13216
13217
13218
13219
13220
13221
13222
45991
13223
45992
13224
45993
45994
45995
45996
45997
45998
45999
46000
46001
46002
46003
46004
46005
46021
46022
46023
13255
46024
13256
46025
13257
46026
13258
46027
13259
46028
13260
46029
13261
46030
13262
46031
13263
46032
13264
46033
13265
46034
13266
46035
13267
13268
13269
46050
13282
46051
13283
46052
13284
46053
13285
46054
13286
46055
13287
46056
13288
46057
13289
46058
13290
46059
13291
46060
13292
46061
13293
46062
13294
46063
13295
46064
13296
13310
13311
13312
13313
13314
13315
13316
13317
13318
13319
46088
13320
46089
13321
46090
13322
46091
13323
46092
13324
13339
13340
13341
13342
13343
13344
13345
13346
46115
13347
46116
13348
46117
13349
46118
13350
46119
13351
13352
13353
13369
13370
13371
13372
46141
13373
46142
13374
46143
13375
46144
13376
46145
13377
13378
13379
13380
13381
13382
13383
46166
46167
46168
13400
46169
13401
46170
13402
13403
13404
46190
46191
46192
46193
46194
13432
13433
13434
13435
13436
46213
46214
46215
46216
46217
13465
13466
46235
13467
46236
13468
46237
13469
46238
46239
46256
46257
46258
46259
46260
13499
13500
13501
13502
13503
46276
46277
46278
46279
46280
46295
46296
46297
46298
46299
13534
46303
13535
46304
13536
46305
13537
46306
13538
46307
46308
46309
46310
46311
46312
46313
46314
46315
46316
46317
46320
46321
46322
46323
46324
46325
46326
46327
46328
46329
46330
46331
46332
46333
46334
46336
46337
46338
13570
46339
13571
46340
13572
46341
13573
46342
13574
46343
46344
46345
46346
46347
46348
46349
46350
46351
46352
46353
46354
46355
46356
46357
46358
46359
46360
46361
46362
46363
46364
46365
46366
46367
46368
46369
46370
46371
46372
46373
46374
46375
13607
46376
13608
46377
13609
46378
13610
46379
13611
46397
46398
46399
46400
46401
46402
46403
46404
46405
46406
46407
46408
46409
46410
46411
13645
13646
13647
13648
13649
46428
46429
46430
46431
46432
46433
46434
46435
46436
46437
46438
46439
46440
46441
46442
13684
13685
13686
13687
13688
46458
46459
46460
46461
46462
46463
46464
46465
46466
46467
46468
46469
46470
46471
46472
46487
46488
46489
46490
46491
46492
13724
46493
13725
46494
13726
46495
13727
46496
46497
46498
46499
46500
46501
46515
46516
46517
46518
46519
46520
46521
46522
46523
46524
46525
46526
46527
46528
46529
13764
13765
13766
13767
13768
13769
13770
13771
13772
13773
13774
13775
13776
46552
46553
46554
46555
46556
13804
13805
13806
13807
13808
13809
46578
13810
46579
13811
46580
13812
46581
13813
46582
13814
13815
46603
46604
46605
46606
46607
13844
13845
13846
13847
13848
13849
13850
13851
13852
13853
13854
46627
46628
46629
46630
46631
46650
46651
46652
13884
46653
13885
46654
13886
13887
13888
13889
13890
13891
13892
13893
46672
46673
46674
46675
46676
13924
46693
13925
46694
13926
46695
13927
46696
13928
46697
13929
13930
13931
13932
46713
46714
46715
46716
46717
46732
13964
46733
13965
46734
13966
46735
13967
46736
13968
13969
13970
13971
13972
13973
13974
13975
13976
13977
13978
46750
46751
46752
46753
46754
46757
46758
46759
46760
13992
46761
13993
46762
13994
46763
13995
46764
13996
46765
13997
46766
13998
46767
13999
46768
14000
46769
14001
46770
14002
46771
14003
14004
46773
14005
46774
14006
46775
46776
46777
46778
46779
46780
46781
46782
46783
46784
46785
46786
46787
46788
46789
14021
46790
14022
46791
14023
46792
14024
46793
14025
46794
14026
46795
14027
46796
14028
46797
14029
46798
14030
46799
14031
46800
14032
46801
14033
46802
14034
46803
14035
46804
46805
46806
46807
46808
46809
46810
46811
46812
46813
46814
46815
46816
46817
46818
46819
14051
46820
14052
46821
14053
46822
14054
46823
14055
46824
14056
46825
14057
46826
14058
46827
14059
46828
14060
46829
14061
14062
14063
14064
14065
46846
46847
46848
46849
46850
14082
46851
14083
46852
14084
46853
14085
46854
14086
46855
14087
46856
14088
46857
14089
46858
14090
46859
14091
46860
14092
14093
14094
14095
14096
46876
46877
46878
46879
46880
46881
46882
14114
46883
14115
46884
14116
46885
14117
46886
14118
46887
46888
46889
46890
46905
46906
46907
46908
46909
46910
46911
46912
46913
46914
46915
14147
46916
14148
46917
14149
46918
14150
46919
14151
46933
46934
46935
46936
46937
46938
46939
46940
46941
46942
46943
46944
46945
46946
46947
14181
14182
14183
14184
14185
46960
46961
46962
46963
46964
46965
46966
46967
46968
46969
46970
46971
46972
46973
46974
14216
14217
14218
14219
14220
46996
46997
46998
46999
47000
14252
47021
14253
47022
14254
47023
14255
47024
14256
47025
47045
47046
47047
47048
47049
14289
14290
14291
14292
14293
47068
47069
47070
47071
47072
47090
47091
47092
47093
47094
14327
14328
14329
14330
14331
47111
47112
47113
47114
47115
47131
47132
47133
47134
14366
47135
14367
14368
14369
14370
47150
47151
47152
47153
47154
47168
47169
47170
47171
47172
14406
14407
14408
14409
47185
47186
47187
47188
47189
47191
47192
47193
47194
47195
47196
47197
47198
47199
47200
47201
47202
47203
47204
47205
47206
47207
47208
47209
47210
47211
47212
47213
47214
14446
47215
14447
47216
14448
47217
47218
47219
47220
47221
47222
47223
47224
47225
47226
47227
47228
47229
47230
47231
47232
47233
47234
47235
47236
47237
47238
47239
47240
47241
47242
47243
47244
47245
47246
47247
47248
47249
47250
47251
47252
47253
47254
14486
47255
14487
47256
14488
47257
14489
47258
14490
47259
14491
14492
14493
14494
14495
14496
14497
47275
47276
47277
47278
47279
47280
47281
47282
47283
47284
47285
47286
47287
47288
47289
14526
14527
14528
14529
14530
14531
14532
14533
14534
14535
47304
14536
47305
47306
47307
47308
47309
47310
47311
47312
47313
47314
47315
47316
47317
47318
47332
47333
47334
14566
47335
14567
47336
14568
47337
14569
47338
14570
47339
14571
47340
14572
47341
14573
47342
14574
47343
14575
47344
47345
47346
47359
47360
47361
47362
47363
47364
47365
47366
47367
47368
47369
47370
47371
47372
47373
14606
14607
14608
14609
14610
14611
14612
14613
14614
47385
47386
47387
47388
47389
47390
47391
47392
47393
47394
47395
47396
47397
47398
47399
14646
14647
14648
14649
14650
14651
47420
14652
47421
14653
47422
47423
47424
47444
47445
47446
47447
47448
14686
14687
14688
14689
14690
14691
14692
14693
14694
14695
14696
14697
14698
47467
14699
47468
14700
47469
47470
47471
14715
14716
14717
14718
14719
14720
47489
14721
47490
14722
47491
14723
47492
14724
47493
14725
14726
14727
14728
14729
47510
47511
47512
47513
14745
47514
14746
14747
14748
14749
14750
14751
14752
14753
14754
14755
14756
14757
14758
14759
47530
47531
47532
47533
47534
14776
14777
14778
14779
14780
47549
14781
47550
14782
47551
14783
47552
14784
47553
14785
14786
14787
14788
14789
14790
47567
47568
47569
47570
47571
14808
14809
14810
14811
14812
14813
14814
14815
47584
14816
47585
14817
47586
14818
47587
14819
47588
14820
14821
14822
47600
47601
47602
47603
47604
47605
47606
47607
47608
47609
14841
47610
14842
47611
14843
47612
14844
47613
14845
47614
47615
47616
47617
47618
47619
47620
47621
47622
47623
47624
47625
47626
47627
47628
47629
47630
47631
47632
47633
47634
47635
47636
47637
47638
47639
47640
47641
47642
47643
14875
47644
14876
47645
14877
47646
14878
47647
14879
47648
47649
47650
47651
47652
47653
47654
47655
47656
47657
47658
47659
47660
47661
47662
47663
47664
47665
47666
47667
47668
47669
14910
14911
14912
14913
14914
47684
47685
47686
47687
47688
47689
47690
47691
47692
47693
47694
47695
47696
47697
47698
47712
47713
47714
14946
47715
14947
47716
14948
47717
14949
47718
14950
47719
47720
47721
47722
47723
47724
47725
47726
47739
47740
47741
47742
47743
47744
47745
47746
47747
47748
47749
47750
47751
14983
47752
14984
47753
14985
14986
14987
47765
47766
47767
47768
47769
47770
47771
47772
47773
47774
47775
47776
47777
47778
47779
15021
47790
15022
47791
15023
47792
15024
47793
15025
47794
47795
47796
47797
47798
47799
47800
47801
47802
47803
47804
47824
47825
47826
47827
47828
15060
15061
15062
15063
15064
47847
47848
47849
47850
47851
15100
47869
15101
47870
15102
47871
15103
47872
47873
47890
47891
47892
47893
47894
15140
15141
47910
15142
47911
47912
47913
47914
47929
47930
47931
47932
47933
47947
47948
15180
47949
15181
47950
47951
47964
47965
47966
47967
47968
47980
47981
47982
47983
47984
15220
15221
15222
15223
15224
15225
15226
47995
15227
47996
15228
47997
15229
47998
15230
47999
48000
48001
48002
48003
48004
48005
48006
48007
48008
48009
48010
48011
48012
48013
48014
48015
48016
48017
48018
48019
48020
48021
48022
48023
48024
48025
48026
48027
48028
15260
48029
15261
48030
15262
48031
15263
48032
15264
48033
15265
48034
15266
48035
15267
48036
15268
48037
15269
48038
48039
48040
48041
48042
48043
48044
48045
48046
48047
48048
48049
48050
48051
48052
48053
48054
48055
48056
48057
48058
48059
15300
15301
15302
15303
15304
48073
15305
48074
15306
48075
15307
48076
15308
48077
48078
48079
48080
48081
48082
48083
48084
48085
48086
48087
48100
48101
48102
48103
48104
48105
48106
48107
48108
15340
48109
15341
48110
15342
48111
15343
48112
15344
48113
15345
48114
15346
15347
48126
48127
48128
48129
48130
48131
48132
48133
48134
48135
48136
48137
48138
48139
48140
15380
15381
15382
48151
15383
48152
15384
48153
15385
48154
15386
48155
48156
48157
48158
48159
48160
48161
48162
48163
48164
48165
48175
48176
48177
48178
48179
48180
48181
48182
48183
48184
48185
48186
48187
48188
15420
48189
15421
15422
15423
15424
15425
15426
15427
15428
15429
15430
15431
15432
15433
15434
48208
48209
48210
48211
48212
15450
15451
15452
15453
15454
15455
15456
15457
15458
15459
15460
15461
48230
15462
48231
15463
48232
15464
48233
48234
15481
15482
48251
15483
48252
15484
48253
15485
48254
15486
48255
15487
15488
15489
15490
15491
15492
15493
15494
15495
48271
48272
48273
48274
48275
15513
15514
15515
15516
15517
15518
15519
15520
15521
48290
15522
48291
15523
48292
15524
48293
15525
48294
15526
15527
48308
48309
48310
48311
48312
15546
15547
15548
15549
15550
15551
15552
15553
15554
15555
15556
48325
15557
48326
15558
48327
15559
48328
15560
48329
48341
48342
48343
48344
48345
15580
15581
15582
15583
15584
48356
48357
48358
48359
48360
48370
48371
48372
48373
48374
48375
48376
48377
48378
48379
48380
48381
48382
48383
15615
48384
15616
48385
15617
48386
15618
48387
15619
48388
48389
48390
48391
48392
48393
48394
48395
48396
48397
48398
48399
48400
48401
48402
48403
48404
48405
48406
48407
48408
48409
48410
48411
48412
48413
48414
48415
48416
48417
48418
48419
15651
48420
15652
48421
15653
48422
15654
48423
15655
48424
48425
48426
48427
48428
48429
48442
48443
48444
48445
48446
48447
48448
48449
48450
48451
48452
48453
48454
48455
48456
15688
15689
15690
15691
15692
48468
48469
48470
48471
48472
48473
48474
48475
48476
48477
48478
48479
48480
48481
48482
48493
48494
15726
48495
15727
48496
15728
48497
15729
48498
15730
48499
48500
48501
48502
48503
48504
48505
48506
48507
48517
48518
48519
48520
48521
48522
48523
48524
48525
48526
48527
48528
48529
48530
48531
15765
15766
15767
15768
15769
48540
48541
48542
48543
48544
48545
48546
48547
48548
48549
48550
48551
48552
48553
48554
48572
48573
15805
48574
15806
48575
15807
48576
15808
48593
48594
48595
48596
48597
48613
15845
48614
15846
48615
15847
48616
48617
48632
48633
48634
48635
48636
48650
48651
48652
48653
15885
48654
15886
48667
48668
48669
48670
48671
48683
48684
48685
48686
48687
15925
48698
48699
48700
48701
48702
48712
48713
48714
48715
48716
48725
48726
48727
48728
48729
48730
48731
48732
48733
15965
48734
15966
48735
15967
48736
15968
48737
15969
48738
15970
48739
15971
48740
15972
48741
15973
48742
15974
48743
48744
48745
48746
48747
48748
48749
48750
48751
48752
48753
48754
48755
48756
48757
48758
48759
48760
48761
48762
48763
48764
48765
48766
48767
48768
48769
48770
48771
48772
48773
16005
48774
16006
48775
16007
48776
16008
48777
16009
48778
16010
48779
16011
16012
16013
48791
48792
48793
48794
48795
48796
48797
48798
48799
48800
48801
48802
48803
48804
48805
16045
16046
16047
48816
16048
48817
16049
48818
16050
48819
16051
48820
16052
48821
48822
48823
48824
48825
48826
48827
48828
48829
48830
48840
48841
48842
48843
48844
48845
48846
48847
48848
48849
48850
48851
48852
48853
16085
48854
16086
16087
16088
16089
16090
16091
48863
48864
48865
48866
48867
48868
48869
48870
48871
48872
48873
48874
48875
48876
48877
48885
48886
48887
48888
48889
48890
48891
48892
48893
16125
48894
16126
48895
16127
48896
16128
48897
16129
48898
16130
48899
48916
48917
48918
48919
48920
16165
16166
16167
48936
16168
48937
16169
48938
16170
48939
16171
48940
16172
16173
16174
16175
16176
16177
16178
16179
48955
48956
48957
48958
48959
16196
16197
16198
16199
16200
16201
16202
16203
16204
48973
16205
48974
16206
48975
16207
48976
16208
48977
16209
16210
48990
48991
48992
48993
48994
16228
16229
16230
16231
16232
16233
16234
16235
16236
16237
49006
16238
49007
16239
49008
16240
49009
16241
49010
16242
49021
49022
49023
49024
49025
16261
16262
16263
16264
16265
16266
49035
16267
49036
16268
49037
16269
49038
16270
49039
16271
16272
16273
16274
16275
49048
49049
49050
49051
49052
49060
49061
49062
49063
16295
49064
16296
49065
16297
49066
16298
49067
16299
49068
16300
49069
16301
49070
16302
49071
16303
49072
16304
49073
16305
49074
16306
49075
16307
49076
16308
49077
16309
49078
49079
49080
49081
49082
49083
49084
49085
49086
49087
49088
49089
49090
49091
49092
49093
49094
49095
49096
49097
49098
16330
49099
16331
49100
16332
49101
16333
49102
16334
49103
49104
49105
49106
49107
49108
49109
49120
49121
49122
49123
49124
49125
49126
49127
49128
49129
49130
49131
49132
49133
49134
16366
16367
16368
16369
16370
49144
49145
49146
49147
49148
49149
49150
49151
49152
49153
49154
49155
49156
49157
49158
49167
49168
49169
49170
49171
16403
49172
16404
49173
16405
49174
16406
49175
16407
49176
49177
49178
49179
49180
49181
49189
49190
49191
49192
49193
49194
49195
49196
49197
49198
49199
49200
49201
49202
49203
16441
49210
16442
49211
16443
49212
16444
49213
16445
49214
49215
49216
49217
49218
49219
49220
49221
49222
49223
49224
49240
49241
49242
49243
49244
16480
16481
16482
16483
16484
49259
49260
49261
49262
49263
49277
49278
49279
49280
49281
16520
16521
16522
16523
49294
49295
49296
49297
49298
49310
49311
49312
49313
49314
49325
49326
49327
49328
16560
49329
16561
16562
49339
49340
49341
49342
49343
49352
49353
49354
49355
49356
49364
49365
49366
49367
49368
16600
16601
49375
49376
49377
49378
49379
49380
49381
49382
49383
49384
49385
49386
49387
49388
49389
49390
49391
49392
49393
49394
49395
49396
49397
49398
49399
49400
49401
49402
49403
49404
49405
49406
49407
49408
16640
49409
49410
49411
49412
49413
49414
49415
49416
49417
49418
49419
49429
49430
49431
49432
49433
49434
49435
49436
49437
49438
49439
49440
49441
49442
49443
49452
49453
49454
49455
49456
49457
49458
49459
49460
49461
49462
49463
49464
49465
49466
49474
49475
49476
49477
49478
49479
49480
49481
49482
49483
49484
49485
49486
49487
49488
16720
16721
16722
16723
16724
16725
16726
49495
16727
49496
16728
49497
49498
49499
49500
49501
49502
49503
49504
49505
49506
49507
49508
49509
49515
49516
49517
49518
49519
49520
49521
49522
49523
49524
49525
49526
49527
49528
16760
49529
16761
16762
16763
16764
16765
16766
16767
49544
49545
49546
49547
49548
49562
49563
49564
49565
49566
16800
16801
16802
16803
16804
16805
16806
49579
49580
49581
49582
49583
49595
49596
49597
49598
49599
16840
16841
49610
16842
49611
16843
49612
16844
49613
16845
49614
49624
49625
49626
49627
49628
49637
49638
49639
49640
49641
16880
49649
16881
49650
16882
49651
16883
49652
16884
49653
49660
49661
49662
49663
49664
49670
49671
49672
49673
49674
49675
49676
49677
49678
49679
49680
49681
49682
49683
49684
49685
49686
49687
49688
16920
49689
16921
49690
16922
49691
16923
49692
16924
49693
16925
49694
16926
49695
16927
49696
16928
49697
16929
49698
16930
49699
16931
49700
16932
49701
16933
49702
16934
49703
49704
49705
49706
49707
49708
49709
49718
49719
49720
16952
49721
16953
49722
16954
49723
16955
49724
16956
49725
16957
49726
16958
49727
16959
49728
16960
49729
16961
49730
16962
49731
16963
49732
16964
16965
16966
49740
49741
49742
49743
49744
49745
49746
49747
49748
49749
49750
49751
49752
49753
16985
49754
16986
16987
16988
16989
16990
16991
16992
49761
16993
49762
16994
49763
16995
49764
16996
49765
16997
49766
16998
49767
16999
49768
49769
49770
49771
49772
49773
49774
49775
49781
49782
49783
49784
49785
49786
49787
17019
49788
17020
49789
17021
49790
17022
49791
17023
49792
17024
49793
17025
49794
17026
49795
17027
17028
17029
17030
17031
49800
17032
49801
17033
49802
49803
49804
49805
49806
49807
49808
49809
49810
49811
49812
49813
49814
17054
17055
17056
17057
17058
17059
49828
17060
49829
17061
49830
17062
49831
17063
49832
17064
17065
17066
17067
17068
49845
49846
49847
49848
49849
17090
17091
17092
49861
17093
49862
17094
49863
49864
49865
49876
49877
49878
49879
49880
49890
49891
49892
49893
49894
17127
17128
17129
17130
17131
49903
49904
49905
49906
49907
49915
49916
49917
49918
49919
49926
49927
49928
49929
49930
17165
17166
17167
49936
17168
49937
17169
49938
49939
49940
49945
49946
49947
49948
49949
49950
49951
49952
49953
49954
49955
49956
49957
49958
49959
49960
49961
49962
49963
49964
49965
49966
49967
49968
49969
49970
49971
49972
17204
49973
17205
49974
17206
49975
17207
49976
17208
49977
49978
49979
49987
49988
49989
49990
49991
49992
49993
49994
49995
49996
49997
49998
49999
50000
50001
50008
50009
50010
50011
50012
17244
50013
17245
50014
17246
50015
17247
50016
50017
50018
50019
50020
50021
50022
50028
50029
50030
50031
50032
50033
50034
50035
50036
50037
50038
50039
50040
50041
50042
50047
50048
50049
50050
50051
50052
17284
50053
17285
50054
17286
50055
50056
50057
50058
50059
50060
50061
50065
50066
50067
50068
50069
50070
50071
50072
50073
50074
50075
50076
50077
50078
50079
50092
17324
50093
17325
50094
50095
50096
50108
50109
50110
50111
50112
50123
50124
50125
50126
50127
17364
50137
50138
50139
50140
50141
50150
50151
50152
50153
50154
50162
50163
50164
50165
50166
50173
50174
50175
50176
50177
50183
50184
50185
50186
50187
50192
50193
50194
50195
50196
50200
50201
50202
50203
50204
50205
50206
50207
50208
50209
50210
50211
50212
50213
50214
50215
50216
50217
50218
50219
50220
50221
50222
50223
50224
50225
50226
50227
50228
50229
50236
50237
50238
50239
50240
50241
50242
50243
50244
50245
50246
50247
50248
50249
50250
17484
17485
17486
17487
50256
17488
50257
17489
50258
17490
50259
17491
50260
50261
50262
50263
50264
50265
50266
50267
50268
50269
50270
50275
50276
50277
50278
50279
50280
50281
50282
50283
50284
50285
50286
50287
50288
50289
17524
50293
17525
50294
17526
50295
17527
50296
17528
50297
17529
50298
17530
50299
50300
50301
50302
50303
50304
50305
50306
50307
50310
50311
50312
50313
50314
50315
50316
50317
50318
50319
50320
50321
50322
50323
50324
17564
17565
17566
17567
50336
17568
50337
17569
50338
50339
50340
50351
50352
50353
50354
50355
50365
50366
50367
50368
50369
17604
17605
17606
17607
17608
50378
50379
50380
50381
50382
50390
50391
50392
50393
50394
50401
50402
50403
50404
50405
50411
50412
17644
50413
17645
50414
17646
50415
17647
50420
50421
50422
50423
50424
50428
50429
50430
50431
50432
50435
50436
50437
50438
50439
50440
50441
50442
50443
50444
50445
50446
50447
50448
50449
50450
50451
17683
50452
17684
50453
17685
50454
17686
50455
17687
50456
17688
50457
17689
50458
17690
50459
17691
17692
17693
17694
17695
17696
50465
17697
50466
17698
50467
50468
50469
50470
50471
50472
50473
50474
50475
50476
50477
50478
50479
50484
50485
17717
50486
17718
50487
17719
50488
17720
50489
17721
50490
17722
50491
17723
50492
17724
50493
17725
50494
17726
50495
17727
50496
17728
50497
17729
50498
17730
17731
50502
50503
50504
50505
50506
50507
50508
50509
50510
50511
50512
50513
50514
50515
50516
50519
17751
50520
17752
50521
17753
50522
17754
50523
17755
50524
17756
50525
17757
50526
17758
50527
17759
50528
17760
50529
17761
50530
17762
50531
17763
50532
17764
50533
17765
50535
50536
50537
50538
50539
50540
50541
50542
50543
50544
50545
50546
50547
50548
50549
17786
17787
17788
17789
17790
17791
50560
17792
50561
17793
50562
17794
50563
17795
50564
17796
17797
17798
17799
17800
50574
50575
50576
50577
50578
50587
50588
50589
50590
17822
50591
17823
17824
17825
17826
17827
17828
17829
17830
50599
17831
50600
17832
50601
17833
50602
17834
50603
17835
17836
50610
50611
50612
50613
50614
50620
50621
50622
50623
50624
17859
17860
50629
17861
50630
17862
50631
17863
50632
50633
50637
50638
50639
50640
50641
50644
50645
50646
50647
50648
50650
50651
50652
50653
50654
50655
50656
50657
50658
50659
50660
50661
50662
50663
50664
50665
17897
50666
17898
50667
17899
50668
17900
50669
17901
50674
50675
50676
50677
50678
50679
50680
50681
50682
50683
50684
50685
50686
50687
50688
50692
50693
50694
50695
50696
50697
50698
50699
50700
50701
50702
50703
50704
17936
50705
17937
50706
17938
17939
17940
50709
50710
50711
50712
50713
50714
50715
50716
50717
50718
50719
50720
50721
50722
50723
50725
50726
50727
50728
50729
50730
50731
50732
50733
50734
50735
50736
50737
50738
50739
50740
50741
50742
50743
50744
17976
50745
17977
50746
17978
50747
17979
50748
50749
50750
50751
50752
50753
50754
50764
50765
50766
50767
50768
50777
50778
50779
50780
50781
18016
18017
18018
50789
50790
50791
50792
50793
50800
50801
50802
50803
50804
50810
50811
50812
50813
50814
50819
50820
50821
50822
50823
18056
18057
50827
50828
50829
50830
50831
50834
50835
50836
50837
50838
50840
50841
50842
50843
50844
50845
50846
50847
50848
50849
50850
50851
50852
50853
50854
50855
50856
50857
50858
50859
50863
50864
18096
50865
50866
50867
50868
50869
50870
50871
50872
50873
50874
50875
50876
50877
50880
50881
50882
50883
50884
50885
50886
50887
50888
50889
50890
50891
50892
50893
50894
50896
50897
50898
50899
50900
50901
50902
50903
50904
50905
50906
50907
50908
50909
50910
50911
50912
50913
50914
50915
50916
50917
50918
50919
50920
50921
50922
50923
50924
50925
50926
50927
50928
50929
50930
50931
50932
50933
50934
50935
50936
50937
50938
50939
50948
50949
50950
50951
50952
50960
50961
50962
50963
50964
50971
50972
50973
50974
50975
50981
50982
50983
50984
50985
50990
50991
50992
50993
50994
50998
50999
51000
51001
51002
51005
51006
51007
51008
51009
51011
51012
51013
51014
51015
51016
51017
51018
51019
51020
51021
51022
51023
51024
18256
51025
18257
51026
18258
51027
18259
51028
18260
51029
18261
51030
18262
51033
51034
51035
51036
51037
51038
51039
51040
51041
51042
51043
51044
51045
51046
51047
51049
51050
51051
51052
51053
51054
51055
51056
51057
51058
51059
51060
51061
51062
51063
51064
18296
51065
18297
51066
18298
51067
18299
51068
18300
51069
18301
51070
51071
51072
51073
51074
51075
51076
51077
51078
51079
51080
51081
51082
51083
51084
51085
51086
51087
51088
51089
51090
51091
51092
51093
51094
51095
51096
51097
51098
51099
51100
51101
51102
51103
51104
18336
51105
18337
18338
18339
18340
51113
51114
51115
51116
51117
51124
51125
51126
51127
51128
51134
51135
51136
51137
51138
51143
51144
18376
51145
18377
51146
18378
51147
18379
51151
51152
51153
51154
51155
51158
51159
51160
51161
51162
51164
51165
51166
51167
51168
51169
51170
51171
51172
51173
51174
51175
51176
51177
51178
51179
51180
51181
51182
51183
18415
18416
51185
18417
51186
18418
51187
51188
51189
51190
51191
51192
51193
51194
51195
51196
51197
51198
51199
51200
51201
51202
51203
51204
51205
51206
51207
51208
51209
51210
51211
51212
51213
51214
51215
51216
51217
51218
51219
51220
51221
51222
18454
51223
18455
51224
18456
51225
18457
51226
18458
51227
18459
51228
18460
51229
18461
51230
18462
51231
18463
51232
18464
51233
18465
51234
18466
51235
18467
51236
18468
51237
18469
51238
18470
51239
51240
51241
51242
51243
51244
51245
51246
51247
51248
51249
51250
51251
51252
51253
18490
18491
51260
18492
51261
18493
51262
18494
51263
18495
51264
18496
18497
18498
18499
18500
18501
51270
18502
51271
18503
51272
18504
51273
51274
51279
51280
51281
51282
51283
51287
51288
51289
51290
51291
18525
51294
18526
51295
18527
51296
18528
51297
18529
51298
18530
18531
51300
18532
51301
18533
51302
18534
51303
18535
51304
18536
51305
18537
51306
18538
51307
18539
51308
51309
51310
51311
51312
51313
51314
51315
51316
51317
51318
51319
51320
51321
51322
51323
51324
51325
51326
51327
51328
51329
18561
51330
18562
51331
18563
51332
18564
51333
18565
51334
18566
51335
18567
51336
18568
51337
18569
51338
18570
51339
18571
51340
18572
51341
18573
51342
18574
51343
18575
51344
51345
51346
51347
51348
51349
51350
51351
51352
51353
51354
51355
51356
51357
51358
51359
51360
51361
51362
51363
51364
51365
51366
18598
51367
18599
51368
18600
51369
18601
51370
18602
51371
18603
51372
18604
51373
18605
51374
18606
51375
18607
51376
18608
51377
18609
51378
18610
51379
18611
51380
18612
51381
51382
51383
51384
51390
51391
51392
51393
51394
51399
51400
51401
51402
51403
18636
18637
18638
51407
18639
51408
18640
51409
51410
51411
51414
51415
51416
51417
51418
51420
51421
51422
51423
51424
51425
51426
51427
51428
51429
51430
51431
51432
51433
51434
51435
51436
51437
51438
51439
51440
51441
51442
51443
18675
51444
18676
51445
18677
51446
18678
51447
18679
51448
51449
51450
51451
51452
51453
51454
51455
51456
51457
51458
51459
51460
51461
51462
51463
51464
51465
51466
51467
51468
51469
51470
51471
51472
51473
51474
51475
51476
51477
51478
51479
51480
51481
51482
51483
18715
51484
18716
51485
18717
51486
18718
51487
51488
51489
51490
51491
51492
51493
51494
51495
51496
51497
51498
51499
51504
51505
51506
51507
51508
51512
51513
51514
51515
51516
51519
51520
51521
51522
51523
18755
18756
51525
18757
51526
51527
51528
51529
51530
51531
51532
51533
51534
51535
51536
51537
51538
51539
51540
51541
51542
51543
51544
51545
51546
51547
51548
51549
51550
51551
51552
51553
51554
51555
51556
51557
51558
51559
51560
51561
51562
51563
18795
51564
18796
51565
51566
51567
51568
51569
51570
51571
51572
51573
51574
51575
51576
51577
51578
51579
51580
51581
51582
51583
51584
51585
51586
51587
51588
51589
51590
51591
51592
51593
51594
51595
51596
51597
51598
51599
51603
18835
51604
51605
51606
51607
51610
51611
51612
51613
51614
51616
51617
51618
51619
51620
51621
51622
51623
51624
51625
51626
51627
51628
51629
51630
51631
51632
51633
51634
51635
51636
51637
51638
51639
51640
51641
51642
51643
51644
51645
51646
51647
51648
51649
51650
51651
51652
51653
51654
51655
51656
51657
51658
51659
51660
51661
51662
51663
51664
51665
51666
51667
51668
51669
51670
51671
51672
51673
51674
51675
51676
51677
51678
51679
51680
51681
51682
51683
51684
51685
51688
51689
51690
51691
51692
51694
51695
51696
51697
51698
51699
51700
51701
51702
51703
51704
51705
51706
51707
51708
51709
51710
51711
51712
51713
51714
51715
51716
51717
51718
51719
51720
51721
51722
51723
51724
51725
51726
51727
51728
51729
51730
51731
51732
51733
51734
51735
51736
51737
51738
51739
51740
51741
51742
51743
51744
51745
51746
51747
51748
51749
51750
51751
51752
51753
51754
51755
51756
51757
51758
51760
51761
51762
51763
51764
51765
51766
51767
51768
51769
51770
51771
51772
51773
51774
51775
51776
51777
51778
51779
51780
51781
51782
51783
51784
51785
51786
51787
51788
51789
51790
51791
51792
51793
51794
51795
51796
51797
51798
51799
51800
51801
51802
51803
19035
51804
19036
51805
19037
51806
19038
51807
19039
51808
19040
51809
51810
51811
51812
51813
51814
51815
51816
51817
51818
51819
51820
51821
51822
51823
51824
51825
51826
51827
51828
51829
51830
51831
51832
51833
51834
51835
51836
51837
51838
51839
51840
51841
51842
51843
19075
51844
19076
51845
19077
51846
19078
51847
19079
51848
51849
51850
51851
51852
51853
51854
51855
51856
51857
51858
51859
51860
51861
51862
51863
51864
51865
51866
51867
51868
51869
51870
51871
51872
51873
51874
51875
51876
51877
51878
51879
51880
51881
51882
51883
19115
51884
19116
51885
19117
51886
19118
51887
51888
51889
51890
51891
51892
51893
51894
51895
51896
51897
51898
51899
51900
51901
51902
51903
51904
51905
51906
51907
51908
51909
51910
51911
51912
51913
51914
51915
51916
51917
51918
51919
51920
51921
51922
19154
51923
19155
51924
19156
51925
19157
51926
51927
51928
51929
51930
51931
51932
51933
51934
51935
51936
51937
51938
51939
51940
51941
51942
51943
51944
51945
51946
51947
51948
51949
51950
51951
51952
51953
51954
51955
51956
51957
51958
51959
51960
51961
19193
51962
19194
51963
19195
51964
19196
51965
51966
51967
51968
51969
51970
51971
51972
51973
51974
51975
51976
51977
51978
51979
51980
51981
51982
51983
51984
51985
51986
51987
51988
51989
51990
51991
51992
51993
51994
51995
51996
51997
51998
51999
19232
19233
19234
19235
19236
19237
19238
19239
19240
19241
19242
19243
19244
19245
19246
19247
19248
19249
19270
19271
19272
19273
19274
19275
19276
19277
19278
19279
19280
19281
19282
19283
19284
19306
19307
19308
19309
19310
19311
19312
19313
19314
19315
19316
19317
19318
19319
19320
19343
19344
19345
19346
19347
19348
19349
19350
19351
19352
19353
19354
19355
19356
19357
19381
19382
19383
19384
19385
19386
19387
19388
19389
19390
19391
19392
19393
19394
19395
19420
19421
19422
19423
19424
19460
19461
19462
19463
19500
19501
19502
19540
19541
19580
19820
19821
19822
19823
19824
19860
19861
19862
19863
19899
19900
19901
19902
19938
19939
19940
19941
19977
19978
19979
19980
20016
20017
20018
20019
20020
20021
20022
20023
20024
20025
20026
20027
20028
20029
20030
20031
20032
20033
20034
20056
20057
20058
20059
20060
20061
20062
20063
20064
20065
20066
20067
20068
20069
20070
20093
20094
20095
20096
20097
20098
20099
20100
20101
20102
20103
20104
20105
20106
20107
20131
20132
20133
20134
20135
20136
20137
20138
20139
20140
20141
20142
20143
20144
20145
20170
20171
20172
20173
20174
20175
20176
20177
20178
20179
20180
20181
20182
20183
20184
20210
20211
20212
20213
20250
20251
20252
20290
20291
20330
20610
20611
20612
20613
20649
20650
20651
20652
20688
20689
20690
20691
20727
20728
20729
20730
20766
20767
20768
20769
20805
20806
20807
20808
20809
20810
20811
20812
20813
20814
20815
20816
20817
20818
20819
20820
20821
20822
20823
20824
20847
20848
20849
20850
20851
20852
20853
20854
20855
20856
20857
20858
20859
20860
20861
20885
20886
20887
20888
20889
20890
20891
20892
20893
20894
20895
20896
20897
20898
20899
20924
20925
20926
20927
20928
20929
20930
20931
20932
20933
20934
20935
20936
20937
20938
20964
20965
20966
20967
20968
20969
20970
20971
20972
20973
20974
20975
20976
20977
21004
21005
21006
21044
21045
21084
21404
21405
21406
21442
21443
21444
21445
21481
21482
21483
21484
21520
21521
21522
21523
21559
21560
21561
21562
21563
21598
21599
21600
21601
21602
21603
21604
21605
21606
21607
21608
21609
21610
21611
21612
21613
21614
21615
21616
21617
21618
21642
21643
21644
21645
21646
21647
21648
21649
21650
21651
21652
21653
21654
21655
21656
21681
21682
21683
21684
21685
21686
21687
21688
21689
21690
21691
21692
21693
21694
21695
21721
21722
21723
21724
21725
21726
21727
21728
21729
21730
21731
21732
21733
21734
21761
21762
21763
21764
21765
21766
21767
21768
21769
21770
21771
21772
21773
21801
21802
21841
22201
22202
22238
22239
22240
22241
22277
22278
22279
22280
22316
22317
22318
22319
22320
22355
22356
22357
22358
22359
22360
22394
22395
22396
22397
22398
22399
22400
22401
22402
22403
22404
22405
22406
22407
22408
22409
22410
22411
22412
22413
22414
22415
22440
22441
22442
22443
22444
22445
22446
22447
22448
22449
22450
22451
22452
22453
22454
22480
22481
22482
22483
22484
22485
22486
22487
22488
22489
22490
22491
22492
22493
22520
22521
22522
22523
22524
22525
22526
22527
22528
22529
22530
22531
22532
22560
22561
22562
22563
22564
22565
22566
22567
22568
22569
22570
22571
22600
23000
23036
23037
23038
23039
23075
23076
23077
23078
23079
23114
23115
23116
23117
23118
23119
23153
23154
23155
23156
23157
23158
23159
23192
23193
23194
23195
23196
23197
23198
23199
23200
23201
23202
23203
23204
23205
23206
23207
23208
23209
23210
23211
23212
23213
23214
23240
23241
23242
23243
23244
23245
23246
23247
23248
23249
23250
23251
23252
23253
23280
23281
23282
23283
23284
23285
23286
23287
23288
23289
23290
23291
23292
23320
23321
23322
23323
23324
23325
23326
23327
23328
23329
23330
23331
23360
23361
23362
23363
23364
23365
23366
23367
23368
23369
23370
23835
23836
23837
23838
23839
23874
23875
23876
23877
23878
23879
23913
23914
23915
23916
23917
23918
23919
23952
23953
23954
23955
23956
23957
23958
23959
23991
23992
23993
23994
23995
23996
23997
23998
23999
24000
24001
24002
24003
24004
24005
24006
24007
24008
24009
24010
24011
24012
24013
24040
24041
24042
24043
24044
24045
24046
24047
24048
24049
24050
24051
24052
24080
24081
24082
24083
24084
24085
24086
24087
24088
24089
24090
24091
24120
24121
24122
24123
24124
24125
24126
24127
24128
24129
24130
24160
24161
24162
24163
24164
24165
24166
24167
24168
24169
24634
24635
24636
24637
24638
24639
24673
24674
24675
24676
24677
24678
24679
24712
24713
24714
24715
24716
24717
24718
24719
24751
24752
24753
24754
24755
24756
24757
24758
24759
24790
24791
24792
24793
24794
24795
24796
24797
24798
24799
24800
24801
24802
24803
24804
24805
24806
24807
24808
24809
24810
24811
24812
24840
24841
24842
24843
24844
24845
24846
24847
24848
24849
24850
24851
24880
24881
24882
24883
24884
24885
24886
24887
24888
24889
24890
24920
24921
24922
24923
24924
24925
24926
24927
24928
24929
24960
24961
24962
24963
24964
24965
24966
24967
24968
25433
25434
25435
25436
25437
25438
25439
25472
25473
25474
25475
25476
25477
25478
25479
25511
25512
25513
25514
25515
25516
25517
25518
25519
25550
25551
25552
25553
25554
25555
25556
25557
25558
25559
25589
25590
25591
25592
25593
25594
25595
25596
25597
25598
25599
25600
25601
25602
25603
25604
25605
25606
25607
25608
25609
25610
25611
25640
25641
25642
25643
25644
25645
25646
25647
25648
25649
25650
25680
25681
25682
25683
25684
25685
25686
25687
25688
25689
25720
25721
25722
25723
25724
25725
25726
25727
25728
25760
25761
25762
25763
25764
25765
25766
25767
26232
26233
26234
26235
26236
26237
26238
26239
26271
26272
26273
26274
26275
26276
26277
26278
26279
26310
26311
26312
26313
26314
26315
26316
26317
26318
26319
26349
26350
26351
26352
26353
26354
26355
26356
26357
26358
26359
26388
26389
26390
26391
26392
26393
26394
26395
26396
26397
26398
26399
26400
26401
26402
26403
26404
26405
26406
26407
26408
26409
26410
26440
26441
26442
26443
26444
26445
26446
26447
26448
26449
26480
26481
26482
26483
26484
26485
26486
26487
26488
26520
26521
26522
26523
26524
26525
26526
26527
26560
26561
26562
26563
26564
26565
26566
27031
27032
27033
27034
27035
27036
27037
27038
27039
27070
27071
27072
27073
27074
27075
27076
27077
27078
27079
27109
27110
27111
27112
27113
27114
27115
27116
27117
27118
27119
27148
27149
27150
27151
27152
27153
27154
27155
27156
27157
27158
27159
27187
27188
27189
27190
27191
27192
27193
27194
27195
27196
27197
27198
27199
27200
27201
27202
27203
27204
27205
27206
27207
27208
27209
27240
27241
27242
27243
27244
27245
27246
27247
27248
27280
27281
27282
27283
27284
27285
27286
27287
27320
27321
27322
27323
27324
27325
27326
27360
27361
27362
27363
27364
27365
27830
27831
27832
27833
27834
27835
27836
27837
27838
27839
27869
27870
27871
27872
27873
27874
27875
27876
27877
27878
27879
27908
27909
27910
27911
27912
27913
27914
27915
27916
27917
27918
27919
27947
27948
27949
27950
27951
27952
27953
27954
27955
27956
27957
27958
27959
27986
27987
27988
27989
27990
27991
27992
27993
27994
27995
27996
27997
27998
27999
28000
28001
28002
28003
28004
28005
28006
28007
28008
28040
28041
28042
28043
28044
28045
28046
28047
28080
28081
28082
28083
28084
28085
28086
28120
28121
28122
28123
28124
28125
28160
28161
28162
28163
28164
28629
28630
28631
28632
28633
28634
28635
28636
28637
28638
28639
28668
28669
28670
28671
28672
28673
28674
28675
28676
28677
28678
28679
28707
28708
28709
28710
28711
28712
28713
28714
28715
28716
28717
28718
28719
28746
28747
28748
28749
28750
28751
28752
28753
28754
28755
28756
28757
28758
28759
28785
28786
28787
28788
28789
28790
28791
28792
28793
28794
28795
28796
28797
28798
28799
28800
28801
28802
28803
28804
28805
28806
28807
28840
28841
28842
28843
28844
28845
28846
28880
28881
28882
28883
28884
28885
28920
28921
28922
28923
28924
28960
28961
28962
28963
28999
29399
29428
29429
29430
29431
29432
29433
29434
29435
29436
29437
29438
29439
29467
29468
29469
29470
29471
29472
29473
29474
29475
29476
29477
29478
29479
29506
29507
29508
29509
29510
29511
29512
29513
29514
29515
29516
29517
29518
29519
29545
29546
29547
29548
29549
29550
29551
29552
29553
29554
29555
29556
29557
29558
29559
29584
29585
29586
29587
29588
29589
29590
29591
29592
29593
29594
29595
29596
29597
29598
29599
29600
29601
29602
29603
29604
29605
29639
29640
29641
29642
29643
29644
29679
29680
29681
29682
29683
29719
29720
29721
29722
29758
29759
29760
29761
29797
29798
30158
30197
30198
30226
30227
30228
30229
30230
30231
30232
30233
30234
30235
30236
30237
30238
30265
30266
30267
30268
30269
30270
30271
30272
30273
30274
30275
30276
30277
30278
30304
30305
30306
30307
30308
30309
30310
30311
30312
30313
30314
30315
30316
30317
30318
30343
30344
30345
30346
30347
30348
30349
30350
30351
30352
30353
30354
30355
30356
30357
30381
30382
30383
30384
30385
30386
30387
30388
30389
30390
30391
30392
30393
30394
30395
30396
30397
30398
30399
30400
30401
30436
30437
30438
30439
30440
30476
30477
30478
30479
30515
30516
30517
30518
30554
30555
30556
30557
30593
30594
30595
30915
30954
30955
30993
30994
30995
31022
31023
31024
31025
31026
31027
31028
31029
31030
31031
31032
31033
31034
31035
31061
31062
31063
31064
31065
31066
31067
31068
31069
31070
31071
31072
31073
31074
31075
31100
31101
31102
31103
31104
31105
31106
31107
31108
31109
31110
31111
31112
31113
31114
31138
31139
31140
31141
31142
31143
31144
31145
31146
31147
31148
31149
31150
31151
31152
31175
31176
31177
31178
31179
31180
31181
31182
31183
31184
31185
31186
31187
31188
31189
31190
31191
31192
31193
31194
31230
31231
31232
31233
31269
31270
31271
31272
31308
31309
31310
31311
31347
31348
31349
31350
31386
31387
31388
31389
31669
31708
31709
31747
31748
31749
31786
31787
31788
31789
31815
31816
31817
31818
31819
31820
31821
31822
31823
31824
31825
31826
31827
31828
31829
31854
31855
31856
31857
31858
31859
31860
31861
31862
31863
31864
31865
31866
31867
31868
31892
31893
31894
31895
31896
31897
31898
31899
31900
31901
31902
31903
31904
31905
31906
31929
31930
31931
31932
31933
31934
31935
31936
31937
31938
31939
31940
31941
31942
31943
31965
31966
31967
31968
31969
31970
31971
31972
31973
31974
31975
31976
31977
31978
31979
31980
31981
31982
31983
32019
32020
32021
32022
32058
32059
32060
32061
32097
32098
32099
32100
32136
32137
32138
32139
32175
32176
32177
32178
32179
32419
32458
32459
32497
32498
32499
32536
32537
32538
32539
32575
32576
32577
32578
32579
32604
32605
32606
32607
32608
32609
32610
32611
32612
32613
32614
32615
32616
32617
32618
32642
32643
32644
32645
32646
32647
32648
32649
32650
32651
32652
32653
32654
32655
32656
32679
32680
32681
32682
32683
32684
32685
32686
32687
32688
32689
32690
32691
32692
32693
32715
32716
32717
32718
32719
32720
32721
32722
32723
32724
32725
32726
32727
32728
32729
32750
32751
32752
32753
32754
32755
32756
32757
32758
32759
32760
32761
32762
32763
32764
32765
32766
32767
)


// ************************************************************************* //
