/*--------------------------------*- C++ -*----------------------------------*\
| =========                 |                                                 |
| \\      /  F ield         | OpenFOAM: The Open Source CFD Toolbox           |
|  \\    /   O peration     | Version:  2306                                  |
|   \\  /    A nd           | Website:  www.openfoam.com                      |
|    \\/     M anipulation  |                                                 |
\*---------------------------------------------------------------------------*/
FoamFile
{
    version     2.0;
    format      ascii;
    arch        "LSB;label=32;scalar=64";
    class       cellSet;
    location    "constant/polyMesh/sets";
    object      phiE0;
}
// * * * * * * * * * * * * * * * * * * * * * * * * * * * * * * * * * * * * * //


12000
(
32783
32784
32785
32786
32787
32822
32823
32824
32825
32826
32861
32862
32863
32864
32865
32900
32901
32902
32903
32904
32939
32940
32941
32942
32943
32978
32979
32980
32981
32982
32998
32999
33000
33001
33002
33003
33004
240
33017
33018
33019
33020
33021
33037
33038
33039
33040
33041
33042
33043
33044
33056
33057
33058
33059
33060
306
33076
33077
33078
33079
33080
312
33081
313
33082
33083
33084
33095
33096
33097
33098
33099
33115
33116
33117
33118
33119
33120
33121
33122
33123
33124
33134
33135
33136
33137
33138
384
33154
33155
33156
33157
33158
390
33159
391
33160
33161
33162
33163
397
398
399
33173
33174
33175
33176
33177
33193
33194
33195
33196
33197
33198
33199
33200
33201
33202
33212
33213
33214
33215
33216
33232
33233
33234
33235
33236
33237
33238
33239
33240
33241
475
481
482
33251
33252
33253
33254
33255
488
489
490
496
497
498
499
33271
33272
33273
33274
33275
33276
33277
33278
33279
33280
33290
33291
33292
33293
33294
33310
33311
33312
33313
33314
33315
33316
33317
33318
33319
33329
33330
33331
33332
33333
580
33349
33350
33351
33352
33353
33354
586
33355
587
33356
33357
33358
593
594
595
33367
33368
33369
601
33370
602
33371
603
604
610
611
612
613
614
33404
33405
33406
33407
33408
33440
33441
33442
33443
33444
700
706
33475
707
33476
33477
33478
33479
713
714
715
721
722
723
724
730
731
732
733
734
740
741
33510
742
33511
743
33512
744
33513
745
33561
33562
33563
33564
33565
33600
33601
33602
33603
33604
836
842
843
849
850
851
857
858
859
860
866
867
868
869
870
33639
33640
33641
33642
33643
876
877
878
879
880
881
887
888
889
890
891
892
893
33678
33679
33680
33681
33682
33717
33718
33719
33720
33721
33756
33757
989
33758
33759
33760
995
996
1002
1003
1004
33776
33777
33778
1010
33779
1011
33780
1012
33781
1013
33782
33783
1019
1020
1021
1022
1023
33795
33796
33797
1029
33798
1030
33799
1031
1032
1033
1034
1040
1041
1042
1043
1044
1045
1046
33815
33816
33817
33818
33819
33820
1052
33821
1053
33822
1054
33823
1055
1056
1057
1058
1059
33834
33835
33836
33837
33838
33854
33855
33856
33857
33858
33859
33860
33861
33862
33863
33873
33874
33875
33876
33877
33893
33894
33895
33896
33897
33898
33899
33900
33901
33902
33912
33913
33914
33915
33916
1160
33932
33933
33934
1166
33935
1167
33936
33937
33938
33939
33940
33941
1173
1174
1175
1181
1182
33951
1183
33952
1184
33953
33954
33955
1190
1191
1192
1193
1194
1200
1201
1202
33971
1203
33972
1204
33973
1205
33974
33975
33976
33977
33978
33979
1211
33980
1212
1213
1214
1215
1216
1217
33990
33991
1223
33992
1224
33993
1225
33994
1226
1227
1228
1229
1230
1236
1237
1238
1239
1240
1241
34010
1242
34011
1243
34012
1244
34013
34014
34015
34016
34017
34018
34019
34029
34030
34031
34032
34033
34049
34050
34051
34052
34053
34054
34055
34056
34057
34058
34068
34069
34070
34071
34072
34088
34089
34090
34091
34092
34093
34094
34095
34096
34097
34106
34107
34108
34109
34110
1350
1356
1357
34126
34127
34128
34129
34130
34131
1363
34132
1364
34133
1365
34134
34135
1371
1372
1373
1374
34143
34144
34145
34146
34147
1380
1381
1382
1383
1384
1390
1391
1392
1393
1394
1395
1401
1402
1403
1404
1405
1406
1407
34179
34180
34181
1413
34182
1414
34183
1415
1416
1417
1418
1419
1420
1426
1427
1428
1429
1430
1431
1432
1433
1434
1440
1441
1442
1443
1444
1445
34214
1446
34215
1447
34216
1448
34217
1449
34218
34249
34250
34251
34252
34283
34284
34285
34332
34333
1565
34334
1566
34335
34336
1572
1573
1574
1580
1581
1582
1583
1589
1590
1591
1592
1593
1599
1600
1601
1602
34371
1603
34372
1604
34373
34374
34375
1610
1611
1612
1613
1614
1615
1616
1622
1623
1624
1625
1626
1627
1628
1629
1635
1636
1637
1638
1639
1640
1641
34410
1642
34411
1643
34412
34413
34414
1649
1650
1651
1652
1653
1654
1655
1656
1657
1658
1664
1665
1666
1667
1668
1669
1670
1671
1672
1673
34449
34450
34451
34452
34453
34488
34489
34490
34491
34492
34527
34528
34529
34530
34531
34547
34548
34549
34550
34551
34552
34553
34554
34555
34566
34567
34568
1800
34569
1801
34570
1802
1808
1809
1810
1811
1817
34586
1818
34587
1819
34588
1820
34589
1821
34590
34591
34592
34593
34594
34595
1827
1828
1829
1830
1831
1832
34605
34606
1838
34607
1839
34608
1840
34609
1841
1842
1843
1844
1850
1851
1852
1853
1854
1855
1856
34625
1857
34626
34627
34628
34629
34630
34631
1863
34632
1864
34633
1865
34634
1866
1867
1868
1869
1870
1871
34644
34645
1877
34646
1878
34647
1879
34648
1880
1881
1882
1883
1884
1885
1886
1892
1893
1894
1895
34664
1896
34665
1897
34666
1898
34667
1899
34668
1900
34669
1901
34670
34671
34672
34673
1908
1909
1910
1911
1912
1913
1914
34683
1915
34684
1916
34685
1917
34686
34687
34703
34704
34705
34706
34707
34708
34709
34710
34711
34712
34722
34723
34724
34725
34726
34742
34743
34744
34745
34746
34747
34748
34749
34750
34751
34761
34762
34763
34764
34765
34781
34782
34783
34784
34785
34786
34787
34788
34789
34790
34800
34801
34802
34803
34804
34820
34821
34822
34823
2055
34824
2056
34825
2057
34826
2058
34827
34828
34829
2064
2065
2066
2067
2068
34838
34839
34840
34841
34842
2074
2075
2076
2077
2078
2079
2085
2086
2087
2088
2089
34858
2090
34859
2091
34860
34861
34862
34863
34864
34865
2097
34866
2098
34867
2099
2100
2101
2102
2103
2104
34875
34876
34877
34878
2110
34879
2111
2112
2113
2114
2115
2116
2117
2118
2124
2125
2126
34895
2127
34896
2128
34897
2129
34898
2130
34899
2131
34900
2132
34901
2133
34902
34903
34904
2139
2140
2141
2142
34911
2143
34912
2144
34913
2145
34914
2146
34915
2147
2148
2155
2156
2157
2158
2159
2160
2161
2162
2163
2164
2172
2173
2174
2175
2176
2177
34946
2178
34947
2179
34948
2180
34949
2181
34950
34981
34982
34983
34984
35015
35016
35017
35048
35049
35095
35096
35097
35098
2330
35099
2331
2332
2333
2334
2340
2341
2342
2343
2344
2345
2351
2352
2353
2354
2355
2356
2357
2363
2364
2365
35134
2366
35135
2367
35136
2368
35137
2369
35138
2370
2376
2377
2378
2379
2380
2381
2382
2383
2384
2390
2391
2392
2393
2394
2395
2396
2397
2398
2399
35173
2405
35174
2406
35175
2407
35176
2408
35177
2409
2410
2411
2412
2413
2414
2421
2422
2423
2424
2425
2426
2427
2428
2429
2430
2438
2439
2440
2441
2442
2443
35212
2444
35213
2445
35214
2446
35215
2447
35216
2456
2457
2458
2459
2460
2461
2462
2463
2464
2465
35251
35252
35253
35254
35255
35290
35291
35292
35293
35294
35310
35311
35312
35313
35314
35315
35316
35317
35318
35319
35329
35330
35331
35332
35333
35349
35350
35351
35352
35353
35354
35355
35356
35357
35358
35368
35369
35370
35371
35372
35388
35389
35390
35391
35392
35393
2625
35394
2626
35395
2627
35396
2628
35397
2629
2630
2636
2637
2638
35407
2639
35408
2640
35409
2641
35410
2642
35411
2648
2649
2650
2651
2652
2653
2654
2655
35427
35428
35429
2661
35430
2662
35431
2663
35432
2664
35433
2665
35434
2666
35435
2667
35436
2668
2669
2675
2676
2677
35446
2678
35447
2679
35448
2680
35449
2681
35450
2682
2683
2684
2690
2691
2692
2693
2694
2695
2696
2697
35466
2698
35467
2699
35468
35469
35470
35471
35472
35473
35474
2706
35475
2707
2708
2709
2710
2711
2712
2713
2714
2715
35485
35486
35487
35488
35489
2723
2724
2725
2726
2727
2728
2729
2730
2731
2732
35505
35506
35507
35508
35509
2741
35510
2742
35511
2743
35512
2744
35513
2745
35514
2746
2747
2748
2749
2750
35524
35525
35526
35527
35528
2760
2761
2762
2763
2764
2765
2766
2767
2768
2769
35544
35545
35546
35547
35548
35549
35550
35551
35552
35553
35562
35563
35564
35565
35566
35582
35583
35584
35585
35586
35587
35588
35589
35590
35591
35599
35600
35601
35602
35603
35619
35620
35621
35622
35623
35624
35625
35626
35627
35628
35635
35636
35637
35638
35639
35655
35656
35657
35658
35659
35660
35661
35662
35663
35664
35670
35671
35672
35673
35674
35705
35706
35707
35708
2940
2941
2942
2943
2944
2945
2946
2952
2953
2954
2955
2956
2957
2958
2959
2965
2966
2967
2968
2969
2970
35739
2971
35740
2972
35741
2973
2979
2980
2981
2982
2983
2984
2985
2986
2987
2988
2994
2995
2996
2997
2998
2999
3000
3001
3002
3003
35772
35773
3010
3011
3012
3013
3014
3015
3016
3017
3018
3019
3027
3028
3029
3030
3031
3032
3033
3034
3035
35804
3036
3045
3046
3047
3048
3049
3050
3051
3052
3053
3054
3064
3065
3066
3067
3068
3069
3070
3071
3072
3073
35849
35850
35851
35852
3084
35853
3085
3086
3087
3088
3089
3090
3091
3092
3093
35888
35889
35890
35891
35892
35927
35928
35929
35930
35931
35966
35967
35968
35969
35970
36005
36006
36007
36008
36009
3275
36044
3276
36045
3277
36046
3278
36047
3279
36048
3280
3281
3282
3288
3289
3290
3291
3292
3293
3294
3295
36064
3296
36065
36066
36067
36068
36069
36070
3302
36071
3303
36072
3304
36073
3305
3306
3307
3308
3309
3310
3311
36083
36084
36085
3317
36086
3318
36087
3319
3320
3321
3322
3323
3324
3325
3326
3333
3334
36103
3335
36104
3336
36105
3337
36106
3338
36107
3339
36108
3340
36109
3341
36110
3342
36111
36112
3350
3351
3352
3353
36122
3354
36123
3355
36124
3356
36125
3357
36126
3358
3359
3368
3369
3370
3371
3372
3373
36142
3374
36143
3375
36144
3376
36145
3377
36146
36147
36148
36149
36150
36151
3387
3388
3389
3390
3391
3392
36161
3393
36162
3394
36163
3395
36164
3396
36165
3407
3408
3409
3410
3411
3412
36181
3413
36182
3414
36183
3415
36184
3416
36185
36186
36187
36188
36189
36190
3428
3429
3430
3431
36200
3432
36201
3433
36202
3434
36203
3435
36204
3436
3437
36220
36221
36222
36223
36224
36225
36226
36227
36228
36229
36239
36240
36241
36242
36243
36259
36260
36261
36262
36263
36264
36265
36266
36267
36268
36277
36278
36279
36280
36281
36297
36298
36299
36300
36301
36302
36303
36304
36305
36306
36314
36315
36316
36317
36318
36334
36335
36336
36337
36338
36339
36340
36341
36342
36343
36350
36351
36352
36353
36354
36370
36371
36372
36373
36374
36375
36376
36377
36378
36379
36385
36386
36387
36388
36389
3630
3631
3632
3633
3634
3635
3636
36405
3637
36406
3638
36407
36408
36409
36410
36411
36412
3644
36413
3645
36414
3646
3647
3648
3649
3650
3651
36420
3652
36421
3653
36422
36423
3659
3660
3661
3662
3663
3664
3665
3666
3667
3668
3675
3676
3677
3678
3679
3680
3681
3682
3683
3684
36454
36455
36456
3692
3693
3694
3695
3696
3697
3698
3699
3700
3701
3710
3711
3712
3713
3714
3715
3716
3717
3718
36487
3719
36488
3729
3730
3731
3732
3733
3734
3735
3736
3737
3738
3749
3750
36519
3751
3752
3753
3754
3755
3756
3757
3758
3770
3771
3772
3773
3774
3775
3776
3777
3778
3779
3792
3793
3794
3795
3796
3797
3798
3799
3800
3801
36593
36594
36595
36596
36597
36632
36633
36634
36635
36636
36671
36672
36673
36674
36675
36710
36711
36712
36713
36714
36749
36750
36751
36752
36753
4005
4006
4007
4008
4009
4010
4011
4012
4013
4014
36788
4020
36789
4021
36790
4022
36791
4023
36792
4024
4025
4026
4027
4028
4029
4036
4037
4038
4039
36808
4040
36809
4041
36810
4042
36811
4043
36812
4044
36813
4045
36814
36815
36816
36817
4053
4054
4055
4056
4057
4058
36827
4059
36828
4060
36829
4061
36830
4062
36831
4071
4072
4073
4074
4075
4076
4077
4078
36847
4079
36848
4080
36849
36850
36851
36852
36853
36854
36855
36856
4090
4091
4092
4093
4094
4095
4096
4097
36866
4098
36867
4099
36868
36869
36870
4110
4111
4112
4113
4114
4115
4116
4117
36886
4118
36887
4119
36888
36889
36890
36891
36892
36893
36894
36895
4131
4132
4133
4134
4135
4136
36905
4137
36906
4138
36907
4139
36908
4140
36909
4153
4154
4155
4156
36925
4157
36926
4158
36927
4159
36928
4160
36929
4161
36930
4162
36931
36932
36933
36934
36944
4176
36945
4177
36946
4178
36947
4179
36948
4180
4181
4182
4183
4184
4185
36964
36965
36966
36967
36968
36969
36970
36971
36972
36973
36982
36983
36984
36985
36986
37002
37003
37004
37005
37006
37007
37008
37009
37010
37011
37019
37020
37021
37022
37023
37039
37040
37041
37042
37043
37044
37045
37046
37047
37048
37055
37056
37057
37058
37059
37075
37076
37077
37078
37079
37080
37081
37082
37083
37084
37090
37091
37092
37093
37094
37110
37111
37112
37113
37114
37115
37116
37117
37118
37119
37125
37126
37127
37128
37144
37145
37146
37147
37148
37149
37150
37151
37152
37153
37159
37160
37161
4400
4401
4402
4403
4404
4405
4406
4407
4408
4409
4416
4417
4418
4419
4420
4421
4422
4423
37192
4424
37193
4425
4433
4434
4435
4436
4437
4438
4439
4440
4441
4442
4451
4452
4453
4454
4455
37224
4456
4457
4458
4459
4460
4470
4471
4472
4473
4474
4475
4476
4477
4478
4479
4490
4491
4492
4493
4494
4495
4496
4497
4498
4499
4511
4512
4513
4514
4515
4516
4517
4518
4519
4520
4533
4534
4535
4536
4537
4538
4539
4540
4541
4542
4556
4557
37326
4558
37327
4559
37328
4560
37329
4561
37330
4562
4563
4564
4565
4580
4581
4582
4583
4584
4585
4586
4587
4588
4589
37365
37366
37367
37368
37369
37404
37405
37406
37407
37408
37443
37444
37445
37446
37447
37482
37483
37484
37485
37486
37521
37522
37523
37524
37525
37541
37542
37543
37544
37545
37546
37547
37548
37549
37550
37560
37561
37562
37563
37564
37580
37581
37582
37583
4815
37584
4816
37585
4817
37586
4818
37587
4819
37588
4820
37589
4821
4822
4823
4824
37599
37600
4832
37601
4833
37602
4834
37603
4835
4836
4837
4838
4839
4840
4841
4850
37619
4851
37620
4852
37621
4853
37622
4854
37623
4855
37624
4856
37625
4857
37626
4858
37627
4859
37628
4869
37638
4870
37639
4871
37640
4872
37641
4873
37642
4874
4875
4876
4877
4878
4889
37658
4890
37659
4891
37660
4892
37661
4893
37662
4894
37663
4895
37664
4896
37665
4897
37666
4898
37667
37676
37677
37678
4910
37679
4911
37680
4912
4913
4914
4915
4916
4917
4918
4919
37696
37697
37698
37699
37700
4932
37701
4933
37702
4934
37703
4935
37704
4936
37705
4937
4938
4939
4940
4941
37713
37714
37715
37716
37717
4955
4956
4957
4958
4959
4960
4961
4962
4963
4964
37733
37734
37735
37736
37737
37738
37739
37740
37741
37742
4979
4980
37749
4981
37750
4982
37751
4983
37752
4984
37753
4985
4986
4987
4988
37769
37770
37771
37772
5004
37773
5005
37774
5006
37775
5007
37776
5008
37777
5009
37778
5010
5011
5012
5013
37784
37785
37786
37787
37788
37804
37805
37806
37807
37808
37809
37810
37811
37812
37813
37819
37820
37821
37822
37838
37839
37840
37841
37842
37843
37844
37845
37846
37847
37853
37854
37855
37871
37872
37873
37874
37875
37876
37877
37878
37879
37880
37886
37887
37918
5169
5250
5251
5252
5253
5254
5255
5256
5257
5258
5259
5268
5269
5270
5271
5272
5273
5274
5275
5276
5277
38047
38048
38049
38050
38051
5287
5288
5289
5290
5291
5292
5293
5294
5295
5296
5307
5308
5309
5310
5311
5312
5313
5314
5315
5316
38086
38087
38088
38089
38090
5328
5329
5330
5331
5332
5333
5334
5335
5336
5337
5350
5351
5352
5353
5354
5355
5356
38125
5357
38126
5358
38127
5359
38128
38129
5373
5374
5375
5376
5377
5378
5379
5380
5381
5382
38164
38165
5397
38166
5398
38167
5399
38168
5400
5401
5402
5403
5404
5405
5406
5422
5423
5424
5425
5426
5427
5428
5429
5430
5431
38203
38204
38205
38206
38207
5448
5449
5450
5451
5452
5453
5454
5455
5456
5457
38242
38243
38244
38245
38246
38262
38263
38264
38265
38266
38267
38268
38269
38270
38271
38281
38282
38283
38284
38285
38301
38302
38303
38304
38305
38306
38307
38308
38309
38310
38320
38321
38322
38323
38324
38340
38341
38342
38343
38344
38345
38346
38347
38348
38349
5587
38358
38359
38360
38361
38362
38378
38379
38380
38381
38382
38383
38384
38385
38386
5618
38387
5619
38395
38396
38397
38398
38399
38415
38416
38417
38418
38419
38420
38421
38422
38423
38424
38431
38432
38433
38434
38435
38451
38452
38453
38454
38455
38456
38457
38458
38459
38460
38466
38467
38468
38469
38470
5705
5706
5707
5708
5709
5710
5711
5712
5713
5714
38486
38487
38488
38489
38490
38491
38492
5724
38493
5725
38494
5726
38495
5727
5728
5729
5730
5731
5732
38501
5733
38502
38503
38504
5744
5745
5746
5747
5748
5749
5750
5751
38520
5752
38521
5753
38522
38523
38524
38525
38526
38527
38528
38529
5765
5766
38535
5767
38536
5768
38537
5769
5770
5771
5772
5773
5774
38553
38554
38555
5787
38556
5788
38557
5789
38558
5790
38559
5791
38560
5792
38561
5793
38562
5794
5795
5796
38568
38569
5810
5811
5812
5813
5814
5815
5816
38585
5817
38586
5818
38587
5819
38588
38589
38590
38591
38592
38593
38594
38600
5834
5835
5836
5837
5838
5839
5840
5841
5842
5843
5859
5860
5861
5862
5863
5864
5865
5866
5867
5868
5885
5886
5887
5888
5889
5890
5891
5892
5893
5894
5912
5913
5914
5915
5916
5917
5918
5919
5920
5921
38755
38756
38757
38758
38759
6024
38794
38795
38796
38797
38798
6055
6056
38833
38834
38835
38836
38837
6087
6088
6089
38872
38873
38874
38875
38876
38911
38912
38913
38914
38915
6180
6181
38950
6182
38951
6183
38952
6184
38953
6185
38954
6186
6187
6188
6189
6200
6201
38970
6202
38971
6203
38972
6204
38973
6205
38974
6206
38975
6207
38976
6208
38977
6209
38978
38979
38989
6221
38990
6222
38991
6223
38992
6224
38993
6225
6226
6227
6228
6229
6230
39009
39010
39011
6243
39012
6244
39013
6245
39014
6246
39015
6247
39016
6248
39017
6249
39018
6250
6251
6252
39027
39028
39029
39030
39031
6266
6267
6268
6269
6270
6271
6272
6273
6274
6275
39047
39048
39049
39050
39051
39052
39053
39054
39055
39056
6290
6291
6292
6293
6294
6295
39064
6296
39065
6297
39066
6298
39067
6299
39068
6315
39084
6316
39085
6317
39086
6318
39087
6319
39088
6320
39089
6321
39090
6322
39091
6323
39092
6324
39093
39100
39101
39102
39103
39104
6341
6342
6343
6344
6345
6346
6347
6348
6349
6350
39120
39121
39122
39123
39124
39125
39126
39127
39128
39129
39135
39136
6368
39137
6369
39138
6370
39139
6371
6372
6373
6374
6375
6376
6377
39155
39156
39157
39158
39159
39160
39161
39162
39163
39164
6396
6397
6398
6399
6400
6401
39170
6402
39171
6403
39172
6404
39173
6405
39189
39190
39191
39192
39193
39194
39195
39196
39197
39198
39204
39205
39206
39222
39223
39224
39225
39226
39227
39228
39229
39230
39231
39237
39238
6480
39254
39255
39256
39257
39258
39259
39260
39261
39262
39263
39269
6511
6512
39285
39286
39287
39288
39289
39290
39291
39292
39293
39294
6543
6544
6545
6576
6577
6578
6579
6675
6676
6677
6678
6679
6680
39449
6681
39450
6682
39451
6683
39452
6684
39453
6696
6697
6698
6699
6700
6701
6702
6703
6704
6705
6718
6719
39488
6720
39489
6721
39490
6722
39491
6723
39492
6724
6725
6726
6727
6741
6742
6743
6744
6745
6746
6747
6748
6749
6750
39527
39528
39529
39530
39531
6765
6766
6767
6768
6769
6770
6771
6772
6773
6774
6790
6791
6792
6793
6794
6795
6796
6797
39566
6798
39567
6799
39568
39569
39570
6816
6817
6818
6819
6820
6821
6822
6823
6824
6825
39605
39606
39607
39608
39609
6843
6844
6845
6846
6847
6848
6849
6850
6851
6852
6871
6872
6873
6874
6875
39644
6876
39645
6877
39646
6878
39647
6879
39648
6880
39664
39665
39666
39667
39668
6900
39669
6901
39670
6902
39671
6903
39672
6904
39673
6905
6906
6907
6908
6909
39682
39683
39684
39685
39686
39702
39703
39704
39705
39706
39707
39708
39709
39710
39711
39719
39720
39721
39722
39723
6955
39739
39740
39741
39742
39743
39744
39745
39746
39747
39748
6986
39755
6987
39756
39757
39758
39759
39775
39776
39777
39778
39779
39780
39781
39782
39783
39784
7018
7019
7020
39790
39791
39792
39793
39794
39810
39811
39812
39813
39814
39815
39816
39817
39818
39819
7051
7052
7053
7054
39825
39826
39827
39828
39844
39845
39846
39847
39848
39849
39850
39851
39852
39853
7085
7086
7087
7088
7089
39859
39860
39861
39877
39878
39879
39880
39881
39882
39883
39884
39885
39886
39892
39893
39909
39910
39911
39912
39913
39914
39915
39916
39917
39918
39924
39940
39941
39942
39943
39944
39945
39946
39947
39948
39949
7190
7191
7192
7193
7194
7195
7196
7197
7198
7199
39970
39971
39972
39973
39974
39975
39976
39977
39978
39979
7212
7213
7214
7215
7216
7217
7218
7219
7220
7221
7235
7236
7237
7238
7239
7240
7241
7242
7243
7244
7259
7260
7261
7262
7263
7264
7265
7266
7267
7268
7284
7285
7286
7287
7288
7289
7290
7291
7292
7293
7310
7311
7312
7313
7314
7315
7316
7317
7318
7319
7337
7338
7339
7340
7341
7342
7343
7344
7345
7346
40128
40129
40130
40131
40132
7365
7366
7367
7368
7369
7370
7371
7372
7373
7374
7394
7395
7396
7397
7398
40167
7399
40168
7400
40169
7401
40170
7402
40171
7403
7424
7425
7426
7427
7428
7429
7430
7431
7432
7433
40206
40207
40208
40209
40210
7449
40245
40246
40247
40248
7480
40249
7481
7512
7513
7514
40284
40285
40286
40287
40288
7545
7546
7547
7548
40322
40323
40324
40325
40326
40342
40343
40344
40345
40346
40347
7579
40348
7580
40349
7581
40350
7582
40351
7583
40359
40360
40361
40362
40363
40379
40380
40381
40382
7614
40383
7615
40384
7616
40385
7617
40386
7618
40387
40388
40395
40396
40397
40398
40399
40415
40416
40417
40418
40419
40420
40421
40422
40423
40424
40430
40431
40432
40433
40434
40450
40451
40452
40453
40454
40455
40456
40457
40458
40459
40465
40466
40467
40468
40484
40485
40486
40487
40488
40489
40490
40491
40492
40493
7725
7726
7727
7728
7729
7730
40499
7731
40500
7732
40501
7733
7734
7748
40517
7749
40518
7750
40519
7751
40520
7752
40521
7753
40522
7754
40523
7755
40524
7756
40525
7757
40526
40532
40533
7772
7773
7774
7775
7776
7777
7778
7779
7780
40549
7781
40550
40551
40552
40553
40554
40555
40556
40557
40558
40564
7797
7798
7799
7800
7801
7802
7803
7804
7805
7806
40580
40581
40582
40583
40584
40585
40586
40587
40588
40589
7823
7824
7825
7826
7827
7828
7829
7830
7831
7832
40610
40611
40612
40613
40614
40615
40616
40617
40618
7850
40619
7851
7852
7853
7854
7855
7856
7857
7858
7859
40639
40640
40641
40642
40643
40644
40645
40646
7878
40647
7879
40648
7880
7881
7882
7883
7884
7885
7886
7887
7907
7908
7909
7910
7911
7912
7913
7914
7915
7916
7937
7938
7939
7940
7941
7942
7943
7944
7945
7946
7962
7968
7969
7970
7971
7972
7973
7974
7975
7976
7977
7993
7994
40791
40792
40793
8025
40794
8026
40795
8027
8058
8059
8060
8061
40830
40831
40832
40833
40834
8092
8093
8094
8095
8096
40869
40870
40871
40872
40873
8127
8128
8129
8130
8131
40908
40909
40910
40911
40912
8163
8164
8165
8166
8167
40946
40947
40948
40949
40950
40983
40984
40985
40986
40987
41003
41004
41005
41006
41007
41008
41009
41010
41011
41012
41019
41020
41021
41022
41023
41039
41040
41041
41042
41043
41044
41045
41046
41047
41048
8280
8281
8282
8283
8284
8285
41054
8286
41055
8287
41056
8288
41057
8289
41058
8304
8305
41074
8306
41075
8307
41076
8308
41077
8309
41078
8310
41079
8311
41080
8312
41081
8313
41082
41083
41089
41090
41091
41092
8329
8330
8331
8332
8333
8334
8335
8336
8337
8338
41108
41109
41110
41111
41112
41113
41114
41115
41116
41117
41123
8355
41124
8356
41125
8357
8358
8359
8360
8361
8362
8363
8364
41141
41142
41143
41144
41145
41146
41147
41148
41149
41150
8382
8383
8384
8385
8386
8387
41156
8388
41157
8389
8390
8391
41173
41174
41175
41176
41177
41178
8410
41179
8411
41180
8412
41181
8413
41182
8414
8415
8416
8417
8418
8419
41188
41204
41205
41206
41207
8439
41208
8440
41209
8441
41210
8442
41211
8443
41212
8444
41213
8445
8446
8447
8448
41234
41235
41236
41237
8469
41238
8470
41239
8471
41240
8472
41241
8473
41242
8474
41243
8475
8476
8477
8478
8494
41263
41264
41265
41266
41267
41268
8500
41269
8501
41270
8502
41271
8503
41272
8504
8505
8506
8507
8508
8509
41291
41292
41293
8525
41294
8526
41295
41296
41297
41298
41299
41300
8532
8533
8534
8535
8536
8537
8538
8539
8540
8541
8557
8558
8559
8590
8591
8592
8593
8624
8625
8626
8627
8628
8659
8660
8661
8662
8663
41437
41438
41439
41440
41441
8695
8696
8697
8698
8699
41476
41477
41478
41479
41480
8732
8733
8734
8735
8736
41515
41516
41517
41518
41519
41553
41554
41555
41556
41557
41590
41591
41592
41593
41594
8855
8856
8857
41626
8858
41627
8859
41628
8860
41629
8861
41630
8862
8863
8864
41646
41647
41648
8880
41649
8881
41650
8882
41651
8883
41652
8884
41653
8885
41654
8886
41655
8887
8888
8889
41661
41662
41663
41664
41665
8906
8907
8908
8909
8910
8911
8912
41681
8913
41682
8914
41683
8915
41684
41685
41686
41687
41688
41689
41690
41696
41697
41698
41699
8933
8934
8935
8936
8937
8938
8939
8940
8941
8942
41715
41716
41717
41718
41719
41720
41721
41722
41723
41724
8961
41730
8962
41731
8963
41732
8964
8965
8966
8967
8968
8969
8970
41748
41749
41750
41751
41752
41753
41754
41755
41756
41757
8990
8991
8992
8993
8994
41763
8995
41764
8996
8997
8998
8999
41780
41781
41782
41783
41784
41785
41786
41787
41788
9020
41789
9021
9022
9023
9024
9025
9026
41795
9027
9028
9029
41811
41812
41813
9045
41814
41815
41816
41817
41818
41819
9051
41820
9052
9053
9054
9055
9056
9057
9058
9059
9060
41841
41842
41843
41844
9076
41845
9077
41846
41847
41848
41849
41850
9083
9084
9085
9086
9087
9088
9089
9090
9091
9092
41870
41871
41872
41873
41874
41875
41876
9108
41877
9109
41878
9110
41879
9116
9117
9118
9119
9120
9121
9122
9123
9124
9125
41898
41899
41900
41901
41902
41903
41904
41905
41906
41907
9141
9142
9143
9144
41925
41926
41927
41928
41929
41930
41931
41932
41933
41934
9175
9176
9177
9178
9179
9210
9211
9212
9213
9214
9246
9247
9248
9249
9250
9283
9284
9285
9286
9287
42065
42066
42067
42068
42069
9321
9322
9323
9324
9325
42104
42105
42106
42107
42108
42142
42143
42144
42145
42146
42179
42180
42181
42182
42183
42215
42216
42217
42218
9450
42219
9451
9452
9453
9454
9455
9456
9457
9458
9459
9476
9477
9478
9479
9480
9481
42250
9482
42251
9483
42252
9484
42253
9485
42254
42270
42271
9503
42272
9504
42273
9505
42274
9506
42275
9507
42276
9508
42277
9509
42278
9510
42279
9511
9512
42285
42286
42287
42288
9531
9532
9533
9534
9535
42304
9536
42305
9537
42306
9538
42307
9539
42308
9540
42309
42310
42311
42312
42313
42319
42320
42321
9560
9561
9562
9563
9564
9565
9566
9567
9568
42337
9569
42338
42339
42340
42341
42342
42343
42344
42345
42346
42352
42353
9590
9591
9592
9593
9594
9595
9596
9597
9598
9599
42369
42370
42371
42372
42373
42374
42375
42376
42377
42378
9615
42384
9621
9622
9623
9624
9625
9626
9627
9628
9629
9630
42400
42401
42402
42403
42404
42405
42406
42407
42408
42409
9646
9647
9653
9654
9655
9656
9657
9658
9659
9660
9661
42430
9662
42431
42432
42433
42434
42435
42436
42437
42438
42439
9678
9679
9680
9686
9687
9688
9689
9690
42459
9691
42460
9692
42461
9693
42462
9694
42463
9695
42464
42465
42466
42467
42468
9711
9712
9713
9714
42487
42488
9720
42489
9721
42490
9722
42491
9723
42492
9724
42493
9725
42494
9726
42495
9727
42496
9728
9729
9745
42514
9746
42515
9747
42516
9748
42517
9749
42518
42519
42520
42521
42522
42523
42540
42541
42542
42543
42544
42545
42546
42547
42548
9780
42549
9781
9782
9783
9784
9816
9817
9818
9819
9820
9853
9854
9855
9856
9857
9891
9892
9893
9894
9895
42674
42675
42676
42677
42678
9930
9931
9932
9933
9934
42712
42713
42714
42715
42716
42749
42750
42751
42752
42753
42785
42786
42787
42788
42789
42820
42821
42822
42823
42824
10065
10066
10067
10068
10069
10070
10071
10072
10073
10074
42855
42856
42857
42858
10092
10093
10094
10095
10096
10097
10098
10099
10100
10101
42874
42875
42876
42877
42878
42879
42880
42881
42882
42883
10120
42889
10121
42890
10122
42891
10123
10124
10125
10126
10127
10128
10129
42907
42908
42909
42910
42911
42912
42913
42914
42915
42916
10149
10150
10151
10152
10153
42922
10154
42923
10155
10156
10157
10158
42939
42940
42941
42942
42943
42944
42945
42946
42947
10179
42948
10180
10181
10182
10183
10184
10185
42954
10186
10187
10188
42970
42971
42972
10204
42973
42974
42975
42976
42977
42978
10210
42979
10211
10212
10213
10214
10215
10216
10217
10218
10219
43000
43001
43002
43003
10235
43004
10236
43005
43006
43007
43008
43009
10242
10243
10244
10245
10246
10247
10248
10249
10250
10251
43029
43030
43031
43032
43033
43034
43035
10267
43036
10268
43037
10269
43038
10275
10276
10277
10278
10279
10280
10281
10282
10283
10284
43057
43058
43059
43060
43061
43062
43063
43064
43065
43066
10300
10301
10302
10303
10309
10310
10311
10312
10313
10314
10315
43084
10316
43085
10317
43086
10318
43087
43088
43089
43090
43091
43092
43093
10334
10335
10336
10337
10338
43110
43111
43112
10344
43113
10345
43114
10346
43115
10347
43116
10348
43117
10349
43118
10350
43119
10351
10352
10353
43135
43136
43137
10369
43138
10370
43139
10371
43140
10372
43141
10373
43142
43143
43144
10405
10406
10407
10408
10409
10442
10443
10444
10445
10446
10480
10481
10482
10483
10484
43263
43264
43265
43266
43267
10519
10520
10521
10522
10523
43300
43301
43302
43303
43304
10558
10559
10560
10561
10562
43336
43337
43338
43339
43340
43371
43372
43373
43374
43375
43406
43407
43408
43409
43440
43441
43442
43458
43459
43460
43461
43462
43463
43464
43465
43466
43467
10699
10700
10701
10702
10703
10704
43473
10705
43474
10706
10707
10708
43490
43491
43492
43493
43494
43495
10727
43496
10728
43497
10729
43498
10730
43499
10731
10732
10733
10734
10735
10736
43505
43521
43522
43523
43524
10756
43525
10757
43526
10758
43527
10759
43528
10760
43529
10761
43530
10762
10763
10764
10765
43551
43552
43553
43554
10786
43555
10787
43556
10788
43557
10789
43558
10790
43559
10791
43560
10792
10793
10794
10795
10811
43580
43581
43582
43583
43584
43585
10817
43586
10818
43587
10819
43588
10820
43589
10821
10822
10823
10824
10825
10826
43608
43609
43610
10842
43611
10843
43612
43613
43614
43615
43616
43617
10849
10850
10851
10852
10853
10854
10855
10856
10857
10858
43635
43636
43637
43638
43639
43640
43641
43642
10874
43643
10875
43644
10876
10882
10883
10884
10885
10886
10887
10888
10889
10890
10891
43661
43662
43663
43664
43665
43666
43667
43668
43669
43670
10907
10908
10909
10910
10916
10917
43686
10918
43687
10919
43688
10920
43689
10921
43690
10922
43691
10923
43692
10924
43693
10925
43694
43695
10941
43710
10942
43711
10943
43712
10944
43713
10945
43714
43715
43716
43717
43718
43719
10951
10952
10953
10954
10955
10956
10957
10958
10959
10960
10976
10977
10978
10979
10980
10987
10988
10989
10990
10991
10992
10993
10994
10995
10996
11012
11013
11014
11015
11016
11049
11050
11051
11052
11053
43832
43833
43834
43835
43836
11087
11088
11089
11090
11091
43868
43869
43870
43871
43872
11126
11127
11128
11129
11130
43903
43904
43905
43906
43907
11165
11166
11167
11168
11169
43938
43939
43940
43941
43972
11204
43973
11205
43974
11206
11207
11208
44005
44006
44022
44023
44024
44025
44026
44027
44028
44029
44030
44031
44037
44053
44054
44055
44056
44057
44058
44059
44060
44061
44062
44083
44084
44085
44086
44087
44088
44089
44090
44091
44092
44112
44113
44114
44115
44116
44117
44118
44119
11351
44120
11352
44121
11353
11354
11355
11356
11357
11358
11359
11360
44140
44141
44142
44143
44144
44145
44146
44147
44148
11380
44149
11381
11382
11383
11384
11385
11386
11387
11388
11389
44167
44168
44169
44170
44171
44172
44173
44174
44175
44176
11410
11411
11412
11413
11414
11415
11416
11417
11418
11419
44193
44194
44195
44196
44197
44198
44199
44200
44201
44202
11435
11441
11442
11443
11444
11445
11446
11447
11448
11449
44218
11450
44219
44220
44221
44222
44223
44224
44225
44226
44227
11466
11467
11473
44242
11474
44243
11475
44244
11476
44245
11477
44246
11478
44247
11479
44248
11480
44249
11481
44250
11482
44251
44265
44266
11498
44267
11499
44268
11500
44269
44270
44271
44272
44273
44274
11506
11507
11508
11509
11510
11511
11512
11513
11514
11515
11531
11532
11533
11534
11540
11541
11542
11543
11544
11545
11546
11547
11548
11549
11565
11566
11567
11568
11569
11575
11576
11577
11578
11579
11580
11581
11582
11583
11584
11600
11601
11602
11603
11604
11611
11612
44381
11613
44382
11614
44383
11615
44384
11616
44385
11617
11618
11619
11620
11636
11637
11638
11639
11640
44416
11648
44417
11649
44418
11650
44419
11651
44420
11652
11653
11654
11655
11656
11657
11673
11674
11675
11676
11677
44451
44452
44453
44454
11711
11712
11713
11714
11715
44485
44486
44487
44518
11750
44519
11751
11752
11753
11754
44550
11789
11790
11791
11792
11793
44566
44567
44568
44569
44570
44571
44572
44573
44574
44575
44596
11828
44597
11829
44598
11830
44599
11831
44600
11832
44601
44602
44603
44604
44605
44625
44626
44627
44628
44629
44630
44631
44632
44633
44634
11867
11868
11869
11870
11871
44653
44654
44655
44656
44657
44658
44659
44660
44661
44662
44680
44681
44682
44683
44684
44685
44686
44687
44688
44689
44706
44707
44708
44709
44710
44711
44712
44713
44714
44715
44731
44732
44733
44734
44735
44736
44737
44738
44739
44740
44755
44756
44757
44758
44759
44760
44761
44762
44763
44764
44778
44779
44780
44781
44782
44783
44784
44785
44786
44787
12020
12021
12022
12023
12024
12025
12026
12027
12028
12029
44800
44801
44802
44803
44804
44805
44806
44807
44808
44809
12050
12051
12052
12053
12054
12055
12056
12057
12058
12059
12075
12081
12082
12083
12084
12085
12086
12087
12088
12089
12090
12106
12107
12113
12114
12115
12116
12117
12118
12119
12120
12121
12122
12138
12139
12140
44910
44911
44912
44913
44914
12146
12147
12148
12149
12150
12151
12152
12153
12154
12155
12171
12172
12173
12174
44945
44946
44947
44948
12180
12181
12182
12183
12184
12185
12186
12187
12188
12189
12205
12206
12207
12208
12209
44979
44980
44981
12215
12216
12217
12218
12219
12220
12221
12222
12223
12224
12240
12241
12242
12243
45012
12244
45013
12251
12252
12253
12254
12255
12256
12257
12258
12259
12260
45044
12276
12277
12278
12279
12280
12288
12289
12290
12291
12292
12293
12294
12295
12296
12297
12313
12314
12315
12316
12317
45090
45091
45092
45093
45094
12326
45095
12327
45096
12328
45097
12329
45098
12330
45099
12331
12332
12333
12334
12335
45119
12351
45120
12352
45121
12353
45122
12354
45123
12355
45124
45125
45126
45127
45128
45147
45148
45149
45150
45151
45152
45153
45154
45155
45156
12390
12391
12392
12393
12394
45174
45175
45176
45177
45178
45179
45180
45181
45182
45183
12429
12430
12431
45200
12432
45201
12433
45202
45203
45204
45205
45206
45207
45208
45209
45225
45226
45227
45228
45229
45230
45231
45232
45233
45234
12468
12469
12470
12471
12472
45249
45250
45251
45252
45253
45254
45255
45256
45257
45258
45272
45273
45274
45275
12507
45276
12508
45277
12509
45278
12510
45279
12511
45280
45281
45294
45295
45296
45297
45298
45299
45300
45301
45302
45303
12546
45315
12547
45316
12548
45317
12549
45318
12550
45319
45320
45321
45322
45323
45324
45420
45421
45422
45423
45454
45455
45456
12705
12706
12707
12708
12709
12710
12711
12712
12713
12714
45487
45488
12730
12736
12737
12738
12739
12740
12741
12742
12743
12744
12745
45519
12761
12762
12768
12769
12770
12771
12772
12773
12774
12775
12776
12777
12793
12794
12795
12801
12802
12803
12804
12805
12806
12807
12808
12809
12810
45594
12826
45595
12827
45596
12828
45597
12829
45598
45599
45600
45601
45602
45603
12835
12836
12837
12838
12839
12840
12841
12842
12843
12844
45622
45623
45624
45625
45626
45627
45628
12860
45629
12861
45630
12862
45631
12863
12864
12870
12871
12872
12873
12874
12875
12876
12877
12878
12879
45649
45650
45651
45652
45653
45654
45655
45656
45657
45658
12895
12896
12897
12898
12899
12906
45675
12907
45676
12908
45677
12909
45678
12910
45679
12911
45680
12912
45681
12913
45682
12914
45683
12915
45684
12931
45700
12932
45701
12933
45702
12934
45703
12935
45704
45705
45706
45707
45708
45709
12943
12944
12945
12946
12947
12948
12949
12950
12951
12952
45724
45725
45726
45727
45728
45729
45730
45731
45732
45733
12968
12969
12970
12971
12972
45747
45748
45749
12981
45750
12982
45751
12983
45752
12984
45753
12985
45754
12986
45755
12987
45756
12988
12989
12990
45769
45770
45771
45772
45773
45774
13006
45775
13007
45776
13008
45777
13009
45778
13010
13020
13021
45790
13022
45791
13023
45792
13024
45793
13025
45794
13026
45795
13027
45796
13028
45797
13029
45798
45799
45810
45811
45812
45813
13045
45814
13046
45815
13047
45816
13048
45817
13049
45818
45819
13084
13085
13086
13087
13088
13123
13124
13125
13126
13127
45910
45911
45912
13162
13163
13164
13165
13166
45943
45944
13201
13202
13203
13204
13205
45975
13240
13241
13242
13243
13244
46078
46079
46080
46081
46082
46083
46084
46085
46086
46087
46105
46106
46107
46108
46109
46110
46111
46112
46113
46114
46131
46132
46133
46134
46135
46136
46137
46138
46139
46140
46156
46157
46158
46159
46160
46161
46162
46163
46164
46165
13399
13405
13406
13407
13408
13409
13410
13411
46180
13412
46181
13413
46182
13414
46183
46184
46185
46186
46187
46188
46189
13430
13431
46203
46204
46205
13437
46206
13438
46207
13439
46208
13440
46209
13441
46210
13442
46211
13443
46212
13444
13445
13446
46225
46226
46227
46228
46229
46230
13462
46231
13463
46232
13464
46233
46234
13470
13471
13472
13473
13474
13475
13476
13477
46246
13478
46247
13479
46248
46249
46250
46251
46252
46253
46254
46255
13495
13496
13497
46266
13498
46267
46268
46269
46270
46271
46272
13504
46273
13505
46274
13506
46275
13507
13508
13509
13510
13511
13512
13513
46285
46286
46287
46288
46289
46290
46291
46292
46293
46294
13529
13530
13531
13532
13533
13539
13540
13541
13542
13543
13544
13545
13546
13547
13548
13564
13565
13566
13567
13568
13575
13576
13577
13578
13579
13580
13581
13582
13583
13584
13600
13601
13602
13603
13604
46380
13612
46381
13613
13614
13615
13616
13617
13618
13619
13620
13621
13637
13638
13639
13640
13641
46412
13650
13651
13652
13653
13654
13655
13656
13657
13658
13659
13675
13676
13677
13678
13679
13689
13690
13691
13692
13693
13694
13695
13696
13697
13698
13714
13715
13716
13717
13718
13728
13729
13730
13731
13732
13733
13734
13735
13736
13737
13753
13754
13755
13756
13757
46542
46543
46544
46545
46546
46547
46548
46549
46550
46551
13792
13793
13794
13795
13796
46568
46569
46570
46571
46572
46573
46574
46575
46576
46577
46593
46594
46595
46596
46597
46598
46599
13831
46600
13832
46601
13833
46602
13834
13835
46617
46618
46619
46620
46621
46622
46623
46624
46625
46626
13870
13871
46640
13872
46641
13873
46642
13874
46643
46644
46645
46646
46647
46648
46649
46662
46663
46664
46665
46666
46667
46668
46669
46670
46671
13909
13910
13911
13912
13913
46683
46684
46685
46686
46687
46688
46689
46690
46691
46692
46703
46704
46705
46706
46707
46708
46709
46710
46711
46712
13948
13949
13950
13951
13952
46722
46723
46724
46725
46726
46727
46728
46729
46730
46731
46740
46741
46742
46743
46744
46745
46746
46747
46748
46749
46830
14081
14112
14113
14119
14120
14121
14122
14123
14124
14125
14126
14127
14128
14144
14145
14146
14152
14153
14154
14155
14156
14157
14158
14159
14160
14161
14177
14178
14179
14180
14186
14187
14188
14189
14190
14191
14192
14193
14194
14195
14211
14212
14213
14214
14215
46986
46987
46988
46989
14221
46990
14222
46991
14223
46992
14224
46993
14225
46994
14226
46995
14227
14228
14229
14230
47011
47012
47013
47014
14246
47015
14247
47016
14248
47017
14249
47018
14250
47019
47020
14257
14258
14259
14260
14261
14262
14263
14264
14265
14266
47035
47036
47037
47038
47039
47040
47041
47042
47043
47044
14282
14283
14284
14285
14286
47058
47059
47060
47061
47062
14294
47063
14295
47064
14296
47065
14297
47066
14298
47067
14299
14300
14301
14302
14303
47080
47081
47082
47083
47084
47085
47086
47087
14319
47088
14320
47089
14321
14322
14323
14332
47101
14333
47102
14334
47103
14335
47104
14336
47105
14337
47106
14338
47107
14339
47108
14340
47109
14341
47110
47121
47122
47123
47124
47125
14357
47126
14358
47127
14359
47128
14360
47129
14361
47130
14371
47140
14372
47141
14373
47142
14374
47143
14375
47144
14376
47145
14377
47146
14378
47147
14379
47148
14380
47149
47158
47159
47160
47161
47162
47163
47164
14396
47165
14397
47166
14398
47167
14399
14400
47175
47176
47177
47178
14410
47179
14411
47180
14412
47181
14413
47182
14414
47183
14415
47184
14416
14417
14418
14419
14435
14436
14437
14438
14439
14449
14450
14451
14452
14453
14454
14455
14456
14457
14458
14474
14475
14476
14477
14478
14513
14514
14515
14516
14517
14552
14553
14554
14555
14556
14591
14592
14593
14594
14595
14630
14631
14632
14633
14634
47410
47411
47412
47413
47414
47415
47416
47417
47418
47419
47434
47435
47436
47437
14669
47438
14670
47439
14671
47440
14672
47441
14673
47442
47443
47457
47458
47459
47460
47461
47462
47463
47464
47465
47466
47479
47480
47481
47482
47483
47484
47485
47486
47487
47488
47500
47501
47502
47503
47504
47505
47506
47507
47508
47509
47520
47521
47522
47523
47524
47525
47526
47527
47528
47529
47539
47540
47541
47542
47543
14775
47544
47545
47546
47547
47548
47557
47558
47559
47560
47561
47562
47563
47564
47565
47566
47574
14806
47575
14807
47576
47577
47578
47579
47580
47581
47582
47583
47590
47591
47592
47593
47594
47595
47596
47597
47598
47599
14838
14839
14840
14846
14847
14848
14849
14850
14851
14852
14853
14854
14855
14871
14872
14873
14874
14880
14881
14882
14883
14884
14885
14886
14887
14888
14889
14905
14906
14907
14908
14909
14915
14916
14917
14918
14919
14920
14921
14922
14923
14924
14940
14941
14942
14943
14944
14951
14952
14953
14954
14955
14956
14957
14958
14959
14960
14976
14977
14978
14979
14980
14988
14989
14990
14991
14992
14993
14994
14995
14996
14997
15013
15014
15015
15016
15017
15026
15027
15028
15029
15030
15031
15032
15033
15034
15035
47814
47815
47816
47817
47818
47819
15051
47820
15052
47821
15053
47822
15054
47823
15055
15065
15066
15067
15068
47837
15069
47838
15070
47839
15071
47840
15072
47841
15073
47842
15074
47843
47844
47845
47846
15090
47859
15091
47860
15092
47861
15093
47862
15094
47863
47864
47865
47866
47867
47868
15104
15105
15106
15107
15108
15109
15110
15111
47880
15112
47881
15113
47882
47883
47884
47885
47886
47887
47888
47889
15129
15130
15131
47900
15132
47901
15133
47902
47903
47904
47905
47906
47907
47908
47909
15143
15144
15145
15146
15147
15148
15149
15150
47919
15151
47920
15152
47921
47922
47923
47924
47925
47926
47927
47928
15168
47937
15169
47938
15170
47939
15171
47940
15172
47941
47942
47943
47944
47945
47946
15182
15183
15184
15185
47954
15186
47955
15187
47956
15188
47957
15189
47958
15190
47959
15191
47960
47961
47962
47963
47970
47971
47972
47973
47974
47975
15207
47976
15208
47977
15209
47978
15210
47979
15211
47985
47986
47987
47988
47989
47990
47991
47992
47993
47994
15246
15247
15248
15249
15250
15285
15286
15287
15288
15289
15324
15325
15326
15327
15328
15363
15364
15365
15366
15367
15402
15403
15404
15405
15406
48198
48199
48200
48201
48202
48203
48204
48205
48206
48207
48220
48221
48222
48223
48224
48225
48226
48227
48228
48229
48241
48242
48243
48244
48245
48246
48247
48248
15480
48249
48250
48261
48262
48263
48264
48265
48266
48267
48268
48269
48270
15511
48280
15512
48281
48282
48283
48284
48285
48286
48287
48288
48289
48298
48299
48300
48301
48302
48303
48304
48305
48306
48307
15543
15544
15545
48315
48316
48317
48318
48319
48320
48321
48322
48323
48324
48331
48332
48333
48334
48335
48336
48337
48338
48339
48340
15576
15577
48346
15578
48347
15579
48348
48349
48350
48351
48352
48353
15585
48354
15586
48355
15587
15588
15589
15590
15591
15592
48361
15593
48362
15594
48363
48364
48365
48366
48367
48368
48369
15610
15611
15612
15613
15614
15620
15621
15622
15623
15624
15625
15626
15627
15628
15629
15645
15646
15647
15648
15649
15656
15657
15658
15659
15660
15661
15662
15663
15664
15665
15681
15682
15683
15684
15685
15693
15694
15695
15696
15697
15698
15699
15700
15701
15702
15718
15719
15720
15721
15722
15731
15732
15733
15734
15735
15736
15737
15738
15739
15740
15756
15757
15758
15759
15760
15770
15771
15772
15773
15774
15775
15776
15777
15778
15779
48562
48563
15795
48564
15796
48565
15797
48566
15798
48567
15799
48568
48569
48570
48571
15809
15810
15811
15812
15813
15814
48583
15815
48584
15816
48585
15817
48586
15818
48587
48588
48589
48590
48591
48592
15834
48603
15835
48604
15836
48605
15837
48606
15838
48607
48608
48609
48610
48611
48612
15848
15849
15850
15851
15852
15853
48622
15854
48623
15855
48624
15856
48625
15857
48626
48627
48628
48629
48630
48631
48640
48641
15873
48642
15874
48643
15875
48644
15876
48645
15877
48646
48647
48648
48649
15887
15888
48657
15889
48658
15890
48659
15891
48660
15892
48661
15893
48662
15894
48663
15895
48664
15896
48665
48666
48673
48674
48675
48676
48677
48678
48679
48680
15912
48681
15913
48682
15914
15915
15916
48688
48689
48690
48691
48692
48693
48694
15926
48695
15927
48696
15928
48697
15929
15930
15931
15932
15933
15934
48703
15935
48704
48705
48706
48707
48708
48709
48710
48711
48717
48718
48719
15951
48720
15952
48721
15953
48722
15954
48723
15955
48724
15990
15991
15992
15993
15994
16029
16030
16031
16032
16033
16068
16069
16070
16071
16072
16107
16108
16109
16110
16111
48906
48907
48908
48909
48910
48911
48912
48913
48914
16146
48915
16147
16148
16149
16150
48926
48927
48928
48929
48930
48931
48932
48933
48934
48935
48945
48946
48947
48948
48949
48950
48951
48952
48953
48954
48963
16195
48964
48965
48966
48967
48968
48969
48970
48971
48972
48980
48981
48982
48983
48984
48985
48986
48987
48988
48989
16226
16227
48996
48997
48998
48999
49000
49001
49002
49003
49004
49005
49011
49012
49013
49014
49015
49016
49017
49018
49019
49020
49026
16258
49027
16259
49028
16260
49029
49030
49031
49032
49033
49034
49040
49041
49042
49043
49044
49045
49046
49047
49053
49054
49055
49056
49057
49058
49059
16291
16292
16293
16294
16325
16326
16327
16328
16329
16335
16336
16337
16338
16339
16340
16341
16342
16343
16344
16360
16361
16362
16363
16364
16371
16372
16373
16374
16375
16376
16377
16378
16379
16380
16396
16397
16398
16399
16400
16408
16409
16410
16411
16412
16413
16414
16415
16416
16417
16433
16434
16435
16436
16437
16446
16447
16448
16449
16450
16451
16452
16453
16454
16455
49230
49231
49232
49233
49234
49235
49236
49237
49238
49239
16471
16472
16473
16474
16475
49249
49250
49251
49252
49253
16485
49254
16486
49255
16487
49256
16488
49257
16489
49258
16490
16491
16492
16493
16494
49267
49268
49269
49270
49271
49272
49273
49274
49275
49276
16510
16511
16512
16513
16514
49284
49285
49286
49287
49288
49289
49290
49291
49292
16524
49293
16525
16526
16527
16528
16529
16530
16531
49300
16532
49301
16533
49302
49303
49304
49305
49306
49307
49308
49309
49315
49316
49317
16549
49318
16550
49319
16551
49320
16552
49321
16553
49322
49323
49324
49330
49331
16563
49332
16564
49333
16565
49334
16566
49335
16567
49336
16568
49337
16569
49338
16570
16571
16572
49344
49345
49346
49347
49348
49349
49350
49351
16588
49357
16589
49358
16590
49359
16591
49360
16592
49361
49362
49363
49369
49370
16602
49371
16603
49372
16604
49373
16605
49374
16606
16607
16608
16609
16610
16611
16627
16628
16629
16630
16631
16641
16642
16643
16644
16645
16646
16647
16648
16649
16650
16666
16667
16668
16669
16670
16680
16681
16682
16683
16684
16685
16686
16687
16688
16689
16705
16706
16707
16708
16709
16744
16745
16746
16747
16748
49534
49535
49536
49537
49538
49539
49540
49541
49542
49543
16783
49552
16784
49553
16785
49554
16786
49555
16787
49556
49557
49558
49559
49560
49561
49569
49570
49571
49572
49573
49574
49575
49576
49577
49578
49585
49586
49587
49588
49589
49590
16822
49591
16823
49592
16824
49593
16825
49594
16826
49600
49601
49602
49603
49604
49605
49606
49607
49608
49609
49615
49616
49617
49618
49619
49620
49621
49622
49623
49629
16861
49630
16862
49631
16863
49632
16864
49633
16865
49634
49635
49636
49642
49643
49644
49645
49646
49647
49648
49654
49655
49656
49657
49658
49659
49665
49666
49667
49668
16900
49669
16901
16902
16903
16904
16950
16951
16982
16983
16984
17015
17016
17017
17018
17049
49818
17050
49819
17051
49820
17052
49821
17053
49822
49823
49824
49825
49826
49827
49835
49836
49837
49838
49839
49840
49841
49842
49843
49844
49851
49852
17084
49853
17085
49854
17086
49855
17087
49856
17088
49857
49858
49859
49860
17095
17096
17097
49866
17098
49867
17099
49868
17100
49869
17101
49870
17102
49871
17103
49872
17104
49873
49874
49875
49881
49882
49883
49884
49885
49886
49887
49888
17120
49889
17121
17122
17123
17124
49895
49896
49897
49898
49899
49900
17132
49901
17133
49902
17134
17135
17136
17137
17138
17139
49908
17140
49909
17141
49910
49911
49912
49913
49914
49920
49921
49922
49923
49924
49925
17157
17158
17159
17160
17161
49931
49932
49933
49934
49935
17170
17171
17172
49941
17173
49942
17174
49943
17175
49944
17176
17177
17178
17179
17195
17196
17197
17198
17199
17209
17210
17211
17212
17213
17214
17215
17216
17217
17218
17234
17235
17236
17237
17238
17248
17249
17250
17251
17252
17253
17254
17255
17256
17257
17273
17274
17275
17276
17277
17287
17288
17289
17290
17291
17292
17293
17294
17295
17296
17312
17313
50082
17314
50083
17315
50084
17316
50085
50086
50087
50088
50089
50090
50091
17326
17327
17328
17329
50098
17330
50099
17331
50100
17332
50101
17333
50102
17334
50103
17335
50104
50105
50106
50107
50113
50114
50115
50116
50117
50118
50119
17351
50120
17352
50121
17353
50122
17354
17355
50128
50129
50130
50131
50132
50133
17365
50134
17366
50135
17367
50136
17368
17369
17370
17371
17372
17373
50142
17374
50143
50144
50145
50146
50147
50148
50149
50155
50156
50157
50158
17390
50159
17391
50160
17392
50161
17393
17394
50167
50168
50169
50170
50171
50172
17404
17405
17406
17407
17408
17409
50178
17410
50179
17411
50180
17412
50181
17413
50182
50188
50189
50190
50191
50197
17429
50198
17430
50199
17431
17432
17433
17444
17445
17446
17447
17448
17449
17450
17451
17452
17468
17469
17470
17471
17472
17507
17508
17509
17510
17511
17546
17547
17548
17549
17550
50326
50327
50328
50329
50330
50331
50332
50333
50334
50335
50341
50342
50343
50344
50345
50346
50347
50348
50349
50350
17585
17586
17587
50356
17588
50357
17589
50358
50359
50360
50361
50362
50363
50364
50370
50371
50372
50373
50374
50375
50376
50377
50383
50384
50385
50386
50387
50388
50389
17624
17625
17626
50395
17627
50396
17628
50397
50398
50399
50400
50406
50407
50408
50409
50410
50416
50417
50418
50419
50425
50426
50427
17663
17664
50433
17665
50434
17666
17667
17714
17715
17716
17747
17748
17749
17750
17781
50550
17782
50551
17783
50552
17784
50553
17785
50554
50555
50556
50557
50558
50559
50565
50566
50567
50568
50569
50570
50571
50572
50573
50579
50580
50581
50582
50583
50584
17816
50585
17817
50586
17818
17819
17820
50592
50593
50594
50595
50596
50597
50598
50604
50605
50606
50607
50608
50609
50615
50616
50617
50618
50619
17852
17853
17854
17855
17856
50625
50626
50627
50628
17864
17865
50634
17866
50635
17867
50636
17868
17869
17870
17871
17872
17873
50642
50643
50649
17889
17890
17891
17892
17893
17902
17903
17904
17905
17906
17907
17908
17909
17910
17911
17927
17928
17929
17930
17931
17941
17942
17943
17944
17945
17946
17947
17948
17949
17950
17966
17967
17968
17969
17970
17980
17981
17982
17983
17984
17985
17986
50755
17987
50756
17988
50757
17989
50758
50759
50760
50761
50762
50763
50769
50770
50771
50772
50773
18005
50774
18006
50775
18007
50776
18008
18009
50782
50783
50784
50785
50786
50787
18019
50788
18020
18021
18022
18023
18024
18025
50794
18026
50795
18027
50796
18028
50797
50798
50799
50805
50806
50807
50808
50809
18044
18045
18046
50815
18047
50816
18048
50817
50818
50824
50825
50826
18058
18059
18060
18061
18062
18063
50832
18064
50833
18065
18066
18067
50839
18083
18084
18085
18086
18087
18097
18098
18099
18100
18101
18102
18103
18104
18105
18106
18122
18123
18124
18125
18126
18136
18137
18138
18139
18140
18141
18142
18143
18144
18145
18161
18162
18163
18164
18165
50940
50941
50942
50943
50944
18176
50945
18177
50946
18178
50947
18179
18180
18181
18182
18183
18184
50953
50954
50955
50956
50957
50958
50959
50965
50966
50967
50968
18200
50969
18201
50970
18202
18203
18204
50976
50977
50978
50979
50980
18216
18217
50986
18218
50987
18219
50988
18220
50989
18221
18222
18223
50995
50996
50997
51003
51004
18239
18240
18241
51010
18242
18243
18278
18279
18280
18281
18282
18317
18318
18319
18320
18321
51106
51107
51108
51109
51110
51111
51112
51118
51119
51120
51121
51122
51123
18356
18357
18358
18359
18360
51129
51130
51131
51132
51133
51139
51140
51141
51142
51148
51149
51150
51156
51157
51163
18395
18396
18397
18398
18399
18434
18435
18436
18437
18438
51254
18486
51255
18487
51256
18488
51257
18489
51258
51259
51265
51266
51267
51268
51269
51275
51276
51277
51278
51284
51285
51286
18520
18521
18522
18523
51292
18524
51293
51299
18555
18556
18557
18558
18559
18591
18592
18593
18594
18595
51385
51386
51387
51388
51389
51395
51396
18628
51397
18629
51398
18630
18631
18632
51404
51405
51406
18641
18642
18643
51412
18644
51413
18645
18646
18647
18648
18649
18650
51419
18666
18667
18668
18669
18670
18680
18681
18682
18683
18684
18685
18686
18687
18688
18689
18705
18706
18707
18708
18709
18719
18720
18721
18722
18723
18724
18725
18726
18727
18728
51500
51501
51502
51503
51509
51510
51511
18744
18745
18746
18747
18748
51517
51518
51524
18758
18759
18760
18761
18762
18763
18764
18765
18766
18767
18783
18784
18785
18786
18787
18797
18798
18799
18800
18801
18802
18803
18804
18805
18806
18822
18823
18824
18825
18826
51600
51601
51602
18836
18837
18838
18839
51608
18840
51609
18841
18842
18843
18844
18845
51615
18861
18862
18863
18864
18865
18875
18876
18877
18878
18879
18880
18881
18882
18883
18884
18900
18901
18902
18903
18904
18915
18916
18917
51686
18918
51687
18919
18920
18921
18922
18923
51693
18939
18940
18941
18942
18943
18955
18956
18957
18958
18959
18960
18961
18962
18978
18979
18980
18981
18982
51759
18995
18996
18997
18998
18999
19000
19001
19017
19018
19019
19020
19021
19056
19057
19058
19059
19060
19095
19096
19097
19098
19099
19134
19135
19136
19137
19138
19173
19174
19175
19176
19177
19212
19213
19214
19215
19216
19265
19266
19267
19268
19269
19300
19301
19302
19303
19304
19336
19337
19338
19339
19340
19373
19374
19375
19376
19377
19411
19412
19413
19414
19415
19425
19426
19427
19428
19429
19430
19431
19432
19433
19434
19450
19451
19452
19453
19454
19464
19465
19466
19467
19468
19469
19470
19471
19472
19473
19489
19490
19491
19492
19493
19503
19504
19505
19506
19507
19508
19509
19510
19511
19512
19528
19529
19530
19531
19532
19542
19543
19544
19545
19546
19547
19548
19549
19550
19551
19567
19568
19569
19570
19571
19581
19582
19583
19584
19585
19586
19587
19588
19589
19590
19606
19607
19608
19609
19610
19620
19621
19622
19623
19624
19625
19626
19627
19628
19629
19645
19646
19647
19648
19649
19660
19661
19662
19663
19664
19665
19666
19667
19668
19684
19685
19686
19687
19688
19700
19701
19702
19703
19704
19705
19706
19707
19723
19724
19725
19726
19727
19740
19741
19742
19743
19744
19745
19746
19762
19763
19764
19765
19766
19780
19781
19782
19783
19784
19785
19801
19802
19803
19804
19805
19840
19841
19842
19843
19844
19879
19880
19881
19882
19883
19918
19919
19920
19921
19922
19957
19958
19959
19960
19961
19996
19997
19998
19999
20000
20050
20051
20052
20053
20054
20086
20087
20088
20089
20090
20123
20124
20125
20126
20127
20161
20162
20163
20164
20165
20200
20201
20202
20203
20204
20214
20215
20216
20217
20218
20219
20220
20221
20222
20223
20239
20240
20241
20242
20243
20253
20254
20255
20256
20257
20258
20259
20260
20261
20262
20278
20279
20280
20281
20282
20292
20293
20294
20295
20296
20297
20298
20299
20300
20301
20317
20318
20319
20320
20321
20331
20332
20333
20334
20335
20336
20337
20338
20339
20340
20356
20357
20358
20359
20360
20370
20371
20372
20373
20374
20375
20376
20377
20378
20379
20395
20396
20397
20398
20399
20410
20411
20412
20413
20414
20415
20416
20417
20418
20434
20435
20436
20437
20438
20450
20451
20452
20453
20454
20455
20456
20457
20473
20474
20475
20476
20477
20490
20491
20492
20493
20494
20495
20496
20512
20513
20514
20515
20516
20530
20531
20532
20533
20534
20535
20551
20552
20553
20554
20555
20570
20571
20572
20573
20574
20590
20591
20592
20593
20594
20629
20630
20631
20632
20633
20668
20669
20670
20671
20672
20707
20708
20709
20710
20711
20746
20747
20748
20749
20750
20785
20786
20787
20788
20789
20840
20841
20842
20843
20844
20877
20878
20879
20880
20881
20915
20916
20917
20918
20919
20954
20955
20956
20957
20958
20993
20994
20995
20996
20997
21007
21008
21009
21010
21011
21012
21013
21014
21015
21016
21032
21033
21034
21035
21036
21046
21047
21048
21049
21050
21051
21052
21053
21054
21055
21071
21072
21073
21074
21075
21085
21086
21087
21088
21089
21090
21091
21092
21093
21094
21110
21111
21112
21113
21114
21124
21125
21126
21127
21128
21129
21130
21131
21132
21133
21149
21150
21151
21152
21153
21164
21165
21166
21167
21168
21169
21170
21171
21172
21188
21189
21190
21191
21192
21204
21205
21206
21207
21208
21209
21210
21211
21227
21228
21229
21230
21231
21244
21245
21246
21247
21248
21249
21250
21266
21267
21268
21269
21270
21284
21285
21286
21287
21288
21289
21305
21306
21307
21308
21309
21324
21325
21326
21327
21328
21344
21345
21346
21347
21348
21364
21365
21366
21367
21383
21384
21385
21386
21387
21403
21422
21423
21424
21425
21426
21461
21462
21463
21464
21465
21500
21501
21502
21503
21504
21539
21540
21541
21542
21543
21578
21579
21580
21581
21582
21634
21635
21636
21637
21638
21672
21673
21674
21675
21676
21711
21712
21713
21714
21715
21750
21751
21752
21753
21754
21789
21790
21791
21792
21793
21803
21804
21805
21806
21807
21808
21809
21810
21811
21812
21828
21829
21830
21831
21832
21842
21843
21844
21845
21846
21847
21848
21849
21850
21851
21867
21868
21869
21870
21871
21881
21882
21883
21884
21885
21886
21887
21888
21889
21890
21906
21907
21908
21909
21910
21921
21922
21923
21924
21925
21926
21927
21928
21929
21945
21946
21947
21948
21949
21961
21962
21963
21964
21965
21966
21967
21968
21984
21985
21986
21987
21988
22001
22002
22003
22004
22005
22006
22007
22023
22024
22025
22026
22027
22041
22042
22043
22044
22045
22046
22062
22063
22064
22065
22066
22081
22082
22083
22084
22085
22101
22102
22103
22104
22105
22121
22122
22123
22124
22140
22141
22142
22143
22144
22160
22161
22162
22163
22179
22180
22181
22182
22183
22199
22200
22218
22219
22220
22221
22222
22257
22258
22259
22260
22261
22296
22297
22298
22299
22300
22335
22336
22337
22338
22339
22374
22375
22376
22377
22378
22431
22432
22433
22434
22435
22470
22471
22472
22473
22474
22509
22510
22511
22512
22513
22548
22549
22550
22551
22552
22587
22588
22589
22590
22591
22601
22602
22603
22604
22605
22606
22607
22608
22609
22610
22626
22627
22628
22629
22630
22640
22641
22642
22643
22644
22645
22646
22647
22648
22649
22665
22666
22667
22668
22669
22680
22681
22682
22683
22684
22685
22686
22687
22688
22704
22705
22706
22707
22708
22720
22721
22722
22723
22724
22725
22726
22727
22743
22744
22745
22746
22747
22760
22761
22762
22763
22764
22765
22766
22782
22783
22784
22785
22786
22800
22801
22802
22803
22804
22805
22821
22822
22823
22824
22825
22840
22841
22842
22843
22844
22860
22861
22862
22863
22864
22880
22881
22882
22883
22899
22900
22901
22902
22903
22919
22920
22921
22922
22938
22939
22940
22941
22942
22958
22959
22960
22961
22977
22978
22979
22980
22981
22997
22998
22999
23016
23017
23018
23019
23020
23055
23056
23057
23058
23059
23094
23095
23096
23097
23098
23133
23134
23135
23136
23137
23172
23173
23174
23175
23176
23230
23231
23232
23233
23234
23269
23270
23271
23272
23273
23308
23309
23310
23311
23312
23347
23348
23349
23350
23351
23386
23387
23388
23389
23390
23400
23401
23402
23403
23404
23405
23406
23407
23408
23409
23425
23426
23427
23428
23429
23440
23441
23442
23443
23444
23445
23446
23447
23448
23464
23465
23466
23467
23468
23480
23481
23482
23483
23484
23485
23486
23487
23503
23504
23505
23506
23507
23520
23521
23522
23523
23524
23525
23526
23542
23543
23544
23545
23546
23560
23561
23562
23563
23564
23565
23581
23582
23583
23584
23585
23600
23601
23602
23603
23604
23620
23621
23622
23623
23624
23640
23641
23642
23643
23659
23660
23661
23662
23663
23679
23680
23681
23682
23698
23699
23700
23701
23702
23718
23719
23720
23721
23737
23738
23739
23740
23741
23757
23758
23759
23760
23776
23777
23778
23779
23780
23796
23797
23798
23799
23815
23816
23817
23818
23819
23854
23855
23856
23857
23858
23893
23894
23895
23896
23897
23932
23933
23934
23935
23936
23971
23972
23973
23974
23975
24029
24030
24031
24032
24033
24068
24069
24070
24071
24072
24107
24108
24109
24110
24111
24146
24147
24148
24149
24150
24185
24186
24187
24188
24189
24200
24201
24202
24203
24204
24205
24206
24207
24208
24224
24225
24226
24227
24228
24240
24241
24242
24243
24244
24245
24246
24247
24263
24264
24265
24266
24267
24280
24281
24282
24283
24284
24285
24286
24302
24303
24304
24305
24306
24320
24321
24322
24323
24324
24325
24341
24342
24343
24344
24345
24360
24361
24362
24363
24364
24380
24381
24382
24383
24384
24400
24401
24402
24403
24419
24420
24421
24422
24423
24439
24440
24441
24442
24458
24459
24460
24461
24462
24478
24479
24480
24481
24497
24498
24499
24500
24501
24517
24518
24519
24520
24536
24537
24538
24539
24540
24556
24557
24558
24559
24575
24576
24577
24578
24579
24595
24596
24597
24598
24599
24614
24615
24616
24617
24618
24653
24654
24655
24656
24657
24692
24693
24694
24695
24696
24731
24732
24733
24734
24735
24770
24771
24772
24773
24774
24828
24829
24830
24831
24832
24867
24868
24869
24870
24871
24906
24907
24908
24909
24910
24945
24946
24947
24948
24949
24984
24985
24986
24987
24988
25000
25001
25002
25003
25004
25005
25006
25007
25023
25024
25025
25026
25027
25040
25041
25042
25043
25044
25045
25046
25062
25063
25064
25065
25066
25080
25081
25082
25083
25084
25085
25101
25102
25103
25104
25105
25120
25121
25122
25123
25124
25140
25141
25142
25143
25144
25160
25161
25162
25163
25179
25180
25181
25182
25183
25199
25200
25201
25202
25218
25219
25220
25221
25222
25238
25239
25240
25241
25257
25258
25259
25260
25261
25277
25278
25279
25280
25296
25297
25298
25299
25300
25316
25317
25318
25319
25335
25336
25337
25338
25339
25355
25356
25357
25358
25359
25374
25375
25376
25377
25378
25394
25395
25396
25397
25398
25399
25413
25414
25415
25416
25417
25452
25453
25454
25455
25456
25491
25492
25493
25494
25495
25530
25531
25532
25533
25534
25569
25570
25571
25572
25573
25627
25628
25629
25630
25631
25666
25667
25668
25669
25670
25705
25706
25707
25708
25709
25744
25745
25746
25747
25748
25783
25784
25785
25786
25787
25800
25801
25802
25803
25804
25805
25806
25822
25823
25824
25825
25826
25840
25841
25842
25843
25844
25845
25861
25862
25863
25864
25865
25880
25881
25882
25883
25884
25900
25901
25902
25903
25904
25920
25921
25922
25923
25939
25940
25941
25942
25943
25959
25960
25961
25962
25978
25979
25980
25981
25982
25998
25999
26000
26001
26017
26018
26019
26020
26021
26037
26038
26039
26040
26056
26057
26058
26059
26060
26076
26077
26078
26079
26095
26096
26097
26098
26099
26115
26116
26117
26118
26119
26134
26135
26136
26137
26138
26154
26155
26156
26157
26158
26159
26173
26174
26175
26176
26177
26193
26194
26195
26196
26197
26198
26199
26212
26213
26214
26215
26216
26251
26252
26253
26254
26255
26290
26291
26292
26293
26294
26329
26330
26331
26332
26333
26368
26369
26370
26371
26372
26426
26427
26428
26429
26430
26465
26466
26467
26468
26469
26504
26505
26506
26507
26508
26543
26544
26545
26546
26547
26582
26583
26584
26585
26586
26600
26601
26602
26603
26604
26605
26621
26622
26623
26624
26625
26640
26641
26642
26643
26644
26660
26661
26662
26663
26664
26680
26681
26682
26683
26699
26700
26701
26702
26703
26719
26720
26721
26722
26738
26739
26740
26741
26742
26758
26759
26760
26761
26777
26778
26779
26780
26781
26797
26798
26799
26800
26816
26817
26818
26819
26820
26836
26837
26838
26839
26855
26856
26857
26858
26859
26875
26876
26877
26878
26879
26894
26895
26896
26897
26898
26914
26915
26916
26917
26918
26919
26933
26934
26935
26936
26937
26953
26954
26955
26956
26957
26958
26959
26972
26973
26974
26975
26976
26992
26993
26994
26995
26996
26997
26998
26999
27011
27012
27013
27014
27015
27050
27051
27052
27053
27054
27089
27090
27091
27092
27093
27128
27129
27130
27131
27132
27167
27168
27169
27170
27171
27225
27226
27227
27228
27229
27264
27265
27266
27267
27268
27303
27304
27305
27306
27307
27342
27343
27344
27345
27346
27381
27382
27383
27384
27385
27400
27401
27402
27403
27404
27420
27421
27422
27423
27424
27440
27441
27442
27443
27459
27460
27461
27462
27463
27479
27480
27481
27482
27498
27499
27500
27501
27502
27518
27519
27520
27521
27537
27538
27539
27540
27541
27557
27558
27559
27560
27576
27577
27578
27579
27580
27596
27597
27598
27599
27615
27616
27617
27618
27619
27635
27636
27637
27638
27639
27654
27655
27656
27657
27658
27674
27675
27676
27677
27678
27679
27693
27694
27695
27696
27697
27713
27714
27715
27716
27717
27718
27719
27732
27733
27734
27735
27736
27752
27753
27754
27755
27756
27757
27758
27759
27771
27772
27773
27774
27775
27791
27792
27793
27794
27795
27796
27797
27798
27799
27810
27811
27812
27813
27814
27849
27850
27851
27852
27853
27888
27889
27890
27891
27892
27927
27928
27929
27930
27931
27966
27967
27968
27969
27970
28024
28025
28026
28027
28028
28063
28064
28065
28066
28067
28102
28103
28104
28105
28106
28141
28142
28143
28144
28145
28180
28181
28182
28183
28184
28200
28201
28202
28203
28219
28220
28221
28222
28223
28239
28240
28241
28242
28258
28259
28260
28261
28262
28278
28279
28280
28281
28297
28298
28299
28300
28301
28317
28318
28319
28320
28336
28337
28338
28339
28340
28356
28357
28358
28359
28375
28376
28377
28378
28379
28395
28396
28397
28398
28399
28414
28415
28416
28417
28418
28434
28435
28436
28437
28438
28439
28453
28454
28455
28456
28457
28473
28474
28475
28476
28477
28478
28479
28492
28493
28494
28495
28496
28512
28513
28514
28515
28516
28517
28518
28519
28531
28532
28533
28534
28535
28551
28552
28553
28554
28555
28556
28557
28558
28559
28570
28571
28572
28573
28574
28590
28591
28592
28593
28594
28595
28596
28597
28598
28599
28609
28610
28611
28612
28613
28648
28649
28650
28651
28652
28687
28688
28689
28690
28691
28726
28727
28728
28729
28730
28765
28766
28767
28768
28769
28823
28824
28825
28826
28827
28862
28863
28864
28865
28866
28901
28902
28903
28904
28905
28940
28941
28942
28943
28944
28979
28980
28981
28982
28983
29000
29001
29002
29018
29019
29020
29021
29022
29038
29039
29040
29041
29057
29058
29059
29060
29061
29077
29078
29079
29080
29096
29097
29098
29099
29100
29116
29117
29118
29119
29135
29136
29137
29138
29139
29155
29156
29157
29158
29159
29174
29175
29176
29177
29178
29194
29195
29196
29197
29198
29199
29213
29214
29215
29216
29217
29233
29234
29235
29236
29237
29238
29239
29252
29253
29254
29255
29256
29272
29273
29274
29275
29276
29277
29278
29279
29291
29292
29293
29294
29295
29311
29312
29313
29314
29315
29316
29317
29318
29319
29330
29331
29332
29333
29334
29350
29351
29352
29353
29354
29355
29356
29357
29358
29359
29369
29370
29371
29372
29373
29389
29390
29391
29392
29393
29394
29395
29396
29397
29398
29408
29409
29410
29411
29412
29447
29448
29449
29450
29451
29486
29487
29488
29489
29490
29525
29526
29527
29528
29529
29564
29565
29566
29567
29568
29621
29622
29623
29624
29625
29660
29661
29662
29663
29664
29699
29700
29701
29702
29703
29738
29739
29740
29741
29742
29777
29778
29779
29780
29781
29799
29800
29816
29817
29818
29819
29820
29836
29837
29838
29839
29855
29856
29857
29858
29859
29875
29876
29877
29878
29894
29895
29896
29897
29898
29914
29915
29916
29917
29918
29933
29934
29935
29936
29937
29953
29954
29955
29956
29957
29958
29972
29973
29974
29975
29976
29992
29993
29994
29995
29996
29997
29998
30011
30012
30013
30014
30015
30031
30032
30033
30034
30035
30036
30037
30038
30050
30051
30052
30053
30054
30070
30071
30072
30073
30074
30075
30076
30077
30078
30089
30090
30091
30092
30093
30109
30110
30111
30112
30113
30114
30115
30116
30117
30118
30128
30129
30130
30131
30132
30148
30149
30150
30151
30152
30153
30154
30155
30156
30157
30167
30168
30169
30170
30171
30187
30188
30189
30190
30191
30192
30193
30194
30195
30196
30206
30207
30208
30209
30210
30245
30246
30247
30248
30249
30284
30285
30286
30287
30288
30323
30324
30325
30326
30327
30361
30362
30363
30364
30365
30417
30418
30419
30420
30421
30456
30457
30458
30459
30460
30495
30496
30497
30498
30499
30534
30535
30536
30537
30538
30573
30574
30575
30576
30577
30596
30612
30613
30614
30615
30616
30632
30633
30634
30635
30651
30652
30653
30654
30655
30671
30672
30673
30674
30675
30690
30691
30692
30693
30694
30710
30711
30712
30713
30714
30715
30729
30730
30731
30732
30733
30749
30750
30751
30752
30753
30754
30755
30768
30769
30770
30771
30772
30788
30789
30790
30791
30792
30793
30794
30795
30807
30808
30809
30810
30811
30827
30828
30829
30830
30831
30832
30833
30834
30835
30846
30847
30848
30849
30850
30866
30867
30868
30869
30870
30871
30872
30873
30874
30875
30885
30886
30887
30888
30889
30905
30906
30907
30908
30909
30910
30911
30912
30913
30914
30924
30925
30926
30927
30928
30944
30945
30946
30947
30948
30949
30950
30951
30952
30953
30963
30964
30965
30966
30967
30983
30984
30985
30986
30987
30988
30989
30990
30991
30992
31002
31003
31004
31005
31006
31041
31042
31043
31044
31045
31080
31081
31082
31083
31084
31118
31119
31120
31121
31122
31155
31156
31157
31158
31159
31210
31211
31212
31213
31214
31249
31250
31251
31252
31253
31288
31289
31290
31291
31292
31327
31328
31329
31330
31331
31366
31367
31368
31369
31370
31405
31406
31407
31408
31409
31425
31426
31427
31428
31429
31444
31445
31446
31447
31448
31464
31465
31466
31467
31468
31469
31483
31484
31485
31486
31487
31503
31504
31505
31506
31507
31508
31509
31522
31523
31524
31525
31526
31542
31543
31544
31545
31546
31547
31548
31549
31561
31562
31563
31564
31565
31581
31582
31583
31584
31585
31586
31587
31588
31589
31600
31601
31602
31603
31604
31620
31621
31622
31623
31624
31625
31626
31627
31628
31629
31639
31640
31641
31642
31643
31659
31660
31661
31662
31663
31664
31665
31666
31667
31668
31678
31679
31680
31681
31682
31698
31699
31700
31701
31702
31703
31704
31705
31706
31707
31717
31718
31719
31720
31721
31737
31738
31739
31740
31741
31742
31743
31744
31745
31746
31756
31757
31758
31759
31760
31776
31777
31778
31779
31780
31781
31782
31783
31784
31785
31795
31796
31797
31798
31799
31834
31835
31836
31837
31838
31872
31873
31874
31875
31876
31909
31910
31911
31912
31913
31945
31946
31947
31948
31949
31999
32000
32001
32002
32003
32038
32039
32040
32041
32042
32077
32078
32079
32080
32081
32116
32117
32118
32119
32120
32155
32156
32157
32158
32159
32194
32195
32196
32197
32198
32214
32215
32216
32217
32218
32219
32233
32234
32235
32236
32237
32253
32254
32255
32256
32257
32258
32259
32272
32273
32274
32275
32276
32292
32293
32294
32295
32296
32297
32298
32299
32311
32312
32313
32314
32315
32331
32332
32333
32334
32335
32336
32337
32338
32339
32350
32351
32352
32353
32354
32370
32371
32372
32373
32374
32375
32376
32377
32378
32379
32389
32390
32391
32392
32393
32409
32410
32411
32412
32413
32414
32415
32416
32417
32418
32428
32429
32430
32431
32432
32448
32449
32450
32451
32452
32453
32454
32455
32456
32457
32467
32468
32469
32470
32471
32487
32488
32489
32490
32491
32492
32493
32494
32495
32496
32506
32507
32508
32509
32510
32526
32527
32528
32529
32530
32531
32532
32533
32534
32535
32545
32546
32547
32548
32549
32565
32566
32567
32568
32569
32570
32571
32572
32573
32574
32584
32585
32586
32587
32588
32622
32623
32624
32625
32626
32659
32660
32661
32662
32663
32695
32696
32697
32698
32699
32730
32731
32732
32733
32734
)


// ************************************************************************* //
