/*--------------------------------*- C++ -*----------------------------------*\
| =========                 |                                                 |
| \\      /  F ield         | OpenFOAM: The Open Source CFD Toolbox           |
|  \\    /   O peration     | Version:  2306                                  |
|   \\  /    A nd           | Website:  www.openfoam.com                      |
|    \\/     M anipulation  |                                                 |
\*---------------------------------------------------------------------------*/
FoamFile
{
    version     2.0;
    format      ascii;
    arch        "LSB;label=32;scalar=64";
    class       volScalarField;
    location    "0.3/phiEA";
    object      J;
}
// * * * * * * * * * * * * * * * * * * * * * * * * * * * * * * * * * * * * * //

dimensions      [0 -3 0 0 0 1 0];

internalField   nonuniform List<scalar> 
20000
(
-1.096346e+09
-1.104666e+09
-9.892485e+08
-1.043599e+09
-1.121181e+09
-9.944354e+08
-1.051238e+09
-8.947751e+08
-9.445158e+08
-1.006385e+09
-1.145815e+09
-1.004473e+09
-1.066385e+09
-8.986128e+08
-9.493065e+08
-1.013573e+09
-8.186738e+08
-8.566204e+08
-9.127051e+08
-9.833025e+08
-1.17734e+09
-1.018869e+09
-1.088954e+09
-9.059563e+08
-9.585689e+08
-1.027817e+09
-8.217445e+08
-8.601825e+08
-9.172269e+08
-9.902374e+08
-7.558803e+08
-7.855022e+08
-8.293253e+08
-8.927408e+08
-9.729914e+08
-1.210434e+09
-1.036188e+09
-1.117799e+09
-9.162871e+08
-9.718442e+08
-1.049037e+09
-8.275802e+08
-8.669929e+08
-9.259648e+08
-1.003983e+09
-7.58442e+08
-7.883638e+08
-8.326977e+08
-8.971056e+08
-9.798444e+08
-7.025945e+08
-7.266076e+08
-7.616713e+08
-8.12056e+08
-8.835818e+08
0
-1.234177e+09
-1.052766e+09
-1.14803e+09
-9.283142e+08
-9.878054e+08
-1.076159e+09
-8.356802e+08
-8.765699e+08
-9.384872e+08
-1.024474e+09
-7.632889e+08
-7.937975e+08
-8.39142e+08
-9.055394e+08
-9.934383e+08
-7.047865e+08
-7.290027e+08
-7.643876e+08
-8.153148e+08
-8.878864e+08
0
-6.564496e+08
-6.764769e+08
-7.055109e+08
-7.465141e+08
-8.040101e+08
0
0
-1.248005e+09
-1.063474e+09
-1.169611e+09
-9.392173e+08
-1.00307e+09
-1.104595e+09
-8.448902e+08
-8.877146e+08
-9.535443e+08
-1.050706e+09
-7.699491e+08
-8.013368e+08
-8.482033e+08
-9.176306e+08
-1.013735e+09
-7.08922e+08
-7.335306e+08
-7.695424e+08
-8.215406e+08
-8.962069e+08
0
-6.583607e+08
-6.785321e+08
-7.077895e+08
-7.491419e+08
-8.072217e+08
0
0
-6.158488e+08
-6.329476e+08
-6.576071e+08
-6.920435e+08
-7.39393e+08
0
0
0
-1.255126e+09
-1.068919e+09
-1.18211e+09
-9.456993e+08
-1.012894e+09
-1.124823e+09
-8.529058e+08
-8.978102e+08
-9.679442e+08
-1.078275e+09
-7.773849e+08
-8.099053e+08
-8.587479e+08
-9.321814e+08
-1.039795e+09
-7.145602e+08
-7.397502e+08
-7.766938e+08
-8.302968e+08
-9.081455e+08
0
-6.619599e+08
-6.824065e+08
-7.120946e+08
-7.541276e+08
-8.133585e+08
0
0
-6.175393e+08
-6.347437e+08
-6.595661e+08
-6.942505e+08
-7.419827e+08
0
0
0
-5.797016e+08
-5.945558e+08
-6.159329e+08
-6.455292e+08
-6.856865e+08
0
0
0
0
-1.258068e+09
-1.071314e+09
-1.188511e+09
-9.485436e+08
-1.017867e+09
-1.136498e+09
-8.57344e+08
-9.037936e+08
-9.771811e+08
-1.097849e+09
-7.836459e+08
-8.173556e+08
-8.682972e+08
-9.461114e+08
-1.067298e+09
-7.207624e+08
-7.466898e+08
-7.848204e+08
-8.404914e+08
-9.225346e+08
0
-6.668359e+08
-6.87686e+08
-7.18007e+08
-7.610454e+08
-8.219938e+08
0
0
-6.207201e+08
-6.381238e+08
-6.63257e+08
-6.984192e+08
-7.468965e+08
0
0
0
-5.812132e+08
-5.961481e+08
-6.17648e+08
-6.474287e+08
-6.87862e+08
0
0
0
0
-5.472213e+08
-5.603009e+08
-5.791145e+08
-6.050205e+08
-6.398126e+08
0
0
0
0
0
-1.258068e+09
-1.072163e+09
-1.191143e+09
-9.49509e+08
-1.020043e+09
-1.14246e+09
-8.590032e+08
-9.064079e+08
-9.818415e+08
-1.109136e+09
-7.868937e+08
-8.214669e+08
-8.739374e+08
-9.550209e+08
-1.086823e+09
-7.25842e+08
-7.525257e+08
-7.918818e+08
-8.497265e+08
-9.363352e+08
0
-6.72135e+08
-6.934896e+08
-7.24602e+08
-7.689083e+08
-8.32057e+08
0
0
-6.250074e+08
-6.427007e+08
-6.682854e+08
-7.041444e+08
-7.537168e+08
0
0
0
-5.840565e+08
-5.99142e+08
-6.208737e+08
-6.510065e+08
-6.919713e+08
0
0
0
0
-5.485852e+08
-5.617275e+08
-5.806373e+08
-6.066851e+08
-6.416857e+08
0
0
0
0
0
-5.178082e+08
-5.2946e+08
-5.462119e+08
-5.691957e+08
-5.99848e+08
0
0
0
0
0
0
-1.255126e+09
-1.072163e+09
-1.191143e+09
-9.497332e+08
-1.020809e+09
-1.144906e+09
-8.593515e+08
-9.072884e+08
-9.838734e+08
-1.1149e+09
-7.878988e+08
-8.229948e+08
-8.763919e+08
-9.59508e+08
-1.098099e+09
-7.283212e+08
-7.555402e+08
-7.957629e+08
-8.551611e+08
-9.451409e+08
0
-6.763743e+08
-6.982346e+08
-7.301419e+08
-7.757387e+08
-8.411794e+08
0
0
-6.296206e+08
-6.476704e+08
-6.738103e+08
-7.105308e+08
-7.614733e+08
0
0
0
-5.878732e+08
-6.031751e+08
-6.252402e+08
-6.558806e+08
-6.976164e+08
0
0
0
0
-5.511511e+08
-5.644091e+08
-5.83499e+08
-6.098152e+08
-6.452137e+08
0
0
0
0
0
-5.19048e+08
-5.307495e+08
-5.475781e+08
-5.706752e+08
-6.014902e+08
0
0
0
0
0
0
-4.910009e+08
-5.014804e+08
-5.165457e+08
-5.371506e+08
-5.644911e+08
0
0
0
0
0
0
0
-1.248005e+09
-1.071314e+09
-1.188511e+09
-9.497332e+08
-1.020809e+09
-1.144906e+09
-8.593171e+08
-9.074895e+08
-9.845867e+08
-1.117266e+09
-7.879258e+08
-8.233086e+08
-8.772134e+08
-9.614635e+08
-1.103876e+09
-7.289289e+08
-7.564634e+08
-7.971958e+08
-8.575177e+08
-9.495737e+08
0
-6.783287e+08
-7.005381e+08
-7.329895e+08
-7.794755e+08
-8.465269e+08
0
0
-6.332386e+08
-6.516377e+08
-6.783207e+08
-7.158915e+08
-7.68211e+08
0
0
0
-5.919461e+08
-6.075102e+08
-6.299785e+08
-6.612353e+08
-7.039156e+08
0
0
0
0
-5.545837e+08
-5.680064e+08
-5.873526e+08
-6.140518e+08
-6.500209e+08
0
0
0
0
0
-5.213817e+08
-5.331739e+08
-5.50145e+08
-5.734546e+08
-6.045779e+08
0
0
0
0
0
0
-4.921352e+08
-5.026545e+08
-5.177824e+08
-5.384792e+08
-5.659512e+08
0
0
0
0
0
0
0
-4.66429e+08
-4.759365e+08
-4.895959e+08
-5.08232e+08
-5.328523e+08
0
0
0
0
0
0
0
0
-1.234177e+09
-1.068919e+09
-1.18211e+09
-9.49509e+08
-1.020043e+09
-1.14246e+09
-8.593171e+08
-9.074895e+08
-9.845867e+08
-1.117266e+09
-7.877634e+08
-8.232717e+08
-8.773985e+08
-9.621503e+08
-1.106255e+09
-7.287751e+08
-7.564786e+08
-7.974836e+08
-8.583035e+08
-9.515101e+08
0
-6.786825e+08
-7.010916e+08
-7.338513e+08
-7.808461e+08
-8.488385e+08
0
0
-6.348215e+08
-6.534543e+08
-6.804967e+08
-7.186314e+08
-7.718784e+08
0
0
0
-5.950876e+08
-6.109015e+08
-6.337539e+08
-6.656017e+08
-7.092e+08
0
0
0
0
-5.582217e+08
-5.718409e+08
-5.914918e+08
-6.186481e+08
-6.55303e+08
0
0
0
0
0
-5.24495e+08
-5.364151e+08
-5.535872e+08
-5.771971e+08
-6.087576e+08
0
0
0
0
0
0
-4.942718e+08
-5.048632e+08
-5.201062e+08
-5.409746e+08
-5.686941e+08
0
0
0
0
0
0
0
-4.674722e+08
-4.770123e+08
-4.907232e+08
-5.094355e+08
-5.34164e+08
0
0
0
0
0
0
0
0
-4.438059e+08
-4.524856e+08
-4.649615e+08
-4.819393e+08
-5.042895e+08
0
0
0
0
0
0
0
0
0
-1.210435e+09
-1.063474e+09
-1.169611e+09
-9.485436e+08
-1.017867e+09
-1.136498e+09
-8.593515e+08
-9.072884e+08
-9.838734e+08
-1.1149e+09
-7.877634e+08
-8.232717e+08
-8.773985e+08
-9.621503e+08
-1.106255e+09
-7.285461e+08
-7.563222e+08
-7.974442e+08
-8.584794e+08
-9.52193e+08
0
-6.784241e+08
-7.009373e+08
-7.338561e+08
-7.811157e+08
-8.496079e+08
0
0
-6.350094e+08
-6.537707e+08
-6.810084e+08
-7.194507e+08
-7.732143e+08
0
0
0
-5.963985e+08
-6.12373e+08
-6.354697e+08
-6.67694e+08
-7.118842e+08
0
0
0
0
-5.609885e+08
-5.747901e+08
-5.947226e+08
-6.223046e+08
-6.59606e+08
0
0
0
0
0
-5.27776e+08
-5.398459e+08
-5.572532e+08
-5.812154e+08
-6.132926e+08
0
0
0
0
0
0
-4.971156e+08
-5.078079e+08
-5.232116e+08
-5.443203e+08
-5.723877e+08
0
0
0
0
0
0
0
-4.694387e+08
-4.790377e+08
-4.92843e+08
-5.116965e+08
-5.366276e+08
0
0
0
0
0
0
0
0
-4.447682e+08
-4.534763e+08
-4.659956e+08
-4.830373e+08
-5.054782e+08
0
0
0
0
0
0
0
0
0
-4.228893e+08
-4.308626e+08
-4.423191e+08
-4.578866e+08
-4.783106e+08
0
0
0
0
0
0
0
0
0
0
-1.17734e+09
-1.052766e+09
-1.14803e+09
-9.456993e+08
-1.012894e+09
-1.124823e+09
-8.590032e+08
-9.064079e+08
-9.818415e+08
-1.109136e+09
-7.879258e+08
-8.233086e+08
-8.772134e+08
-9.614635e+08
-1.103876e+09
-7.285461e+08
-7.563222e+08
-7.974442e+08
-8.584794e+08
-9.52193e+08
0
-6.781609e+08
-7.007178e+08
-7.33703e+08
-7.81074e+08
-8.497799e+08
0
0
-6.34692e+08
-6.535175e+08
-6.808516e+08
-7.194462e+08
-7.734718e+08
0
0
0
-5.964763e+08
-6.125341e+08
-6.357563e+08
-6.681752e+08
-7.126767e+08
0
0
0
0
-5.620947e+08
-5.760085e+08
-5.961118e+08
-6.23953e+08
-6.61653e+08
0
0
0
0
0
-5.302419e+08
-5.424469e+08
-5.600655e+08
-5.843461e+08
-6.168958e+08
0
0
0
0
0
0
-5.000966e+08
-5.109068e+08
-5.264957e+08
-5.47882e+08
-5.763536e+08
0
0
0
0
0
0
0
-4.720491e+08
-4.817315e+08
-4.956677e+08
-5.147174e+08
-5.399309e+08
0
0
0
0
0
0
0
0
-4.465837e+08
-4.553432e+08
-4.679417e+08
-4.851013e+08
-5.077112e+08
0
0
0
0
0
0
0
0
0
-4.237806e+08
-4.317777e+08
-4.432724e+08
-4.588944e+08
-4.793954e+08
0
0
0
0
0
0
0
0
0
0
-4.034886e+08
-4.10843e+08
-4.214187e+08
-4.357623e+08
-4.545363e+08
0
0
0
0
0
0
0
0
0
0
0
-1.145815e+09
-1.036188e+09
-1.117799e+09
-9.392173e+08
-1.00307e+09
-1.104595e+09
-8.57344e+08
-9.037936e+08
-9.771811e+08
-1.097849e+09
-7.878988e+08
-8.229948e+08
-8.763919e+08
-9.59508e+08
-1.098099e+09
-7.287751e+08
-7.564786e+08
-7.974836e+08
-8.583035e+08
-9.515101e+08
0
-6.781609e+08
-7.007178e+08
-7.33703e+08
-7.81074e+08
-8.497799e+08
0
0
-6.344135e+08
-6.53265e+08
-6.806379e+08
-7.19294e+08
-7.734275e+08
0
0
0
-5.961281e+08
-6.122247e+08
-6.355048e+08
-6.680142e+08
-7.126636e+08
0
0
0
0
-5.620983e+08
-5.760665e+08
-5.96251e+08
-6.24217e+08
-6.621132e+08
0
0
0
0
0
-5.311905e+08
-5.434749e+08
-5.612153e+08
-5.856799e+08
-6.185068e+08
0
0
0
0
0
0
-5.023108e+08
-5.13228e+08
-5.289784e+08
-5.506086e+08
-5.794388e+08
0
0
0
0
0
0
0
-4.747724e+08
-4.845513e+08
-4.986375e+08
-5.179105e+08
-5.434472e+08
0
0
0
0
0
0
0
0
-4.489913e+08
-4.578194e+08
-4.705287e+08
-4.878513e+08
-5.106948e+08
0
0
0
0
0
0
0
0
0
-4.254659e+08
-4.335035e+08
-4.450681e+08
-4.607908e+08
-4.814346e+08
0
0
0
0
0
0
0
0
0
0
-4.04318e+08
-4.116917e+08
-4.223001e+08
-4.366921e+08
-4.555324e+08
0
0
0
0
0
0
0
0
0
0
0
-3.854352e+08
-3.922501e+08
-4.020482e+08
-4.153258e+08
-4.326604e+08
0
0
0
0
0
0
0
0
0
0
0
0
-1.121181e+09
-1.018869e+09
-1.088954e+09
-9.283142e+08
-9.878054e+08
-1.076159e+09
-8.529058e+08
-8.978102e+08
-9.679442e+08
-1.078275e+09
-7.868937e+08
-8.214669e+08
-8.739374e+08
-9.550209e+08
-1.086823e+09
-7.289289e+08
-7.564634e+08
-7.971958e+08
-8.575177e+08
-9.495737e+08
0
-6.784241e+08
-7.009373e+08
-7.338561e+08
-7.811157e+08
-8.496079e+08
0
0
-6.344135e+08
-6.53265e+08
-6.806379e+08
-7.19294e+08
-7.734275e+08
0
0
0
-5.958459e+08
-6.119572e+08
-6.352592e+08
-6.67803e+08
-7.1251e+08
0
0
0
0
-5.617362e+08
-5.757275e+08
-5.959456e+08
-6.239642e+08
-6.619461e+08
0
0
0
0
0
-5.311426e+08
-5.434634e+08
-5.612567e+08
-5.858017e+08
-6.187541e+08
0
0
0
0
0
0
-5.031319e+08
-5.141095e+08
-5.299481e+08
-5.517119e+08
-5.807411e+08
0
0
0
0
0
0
0
-4.767811e+08
-4.866381e+08
-5.008553e+08
-5.203188e+08
-5.461346e+08
0
0
0
0
0
0
0
0
-4.514978e+08
-4.60399e+08
-4.73234e+08
-4.907409e+08
-5.138482e+08
0
0
0
0
0
0
0
0
0
-4.276988e+08
-4.357904e+08
-4.474487e+08
-4.633113e+08
-4.841517e+08
0
0
0
0
0
0
0
0
0
0
-4.058885e+08
-4.132956e+08
-4.239617e+08
-4.384431e+08
-4.574067e+08
0
0
0
0
0
0
0
0
0
0
0
-3.862097e+08
-3.930407e+08
-4.028663e+08
-4.161859e+08
-4.335797e+08
0
0
0
0
0
0
0
0
0
0
0
0
-3.68592e+08
-3.749272e+08
-3.840406e+08
-3.963725e+08
-4.124466e+08
0
0
0
0
0
0
0
0
0
0
0
0
0
-1.104666e+09
-1.004473e+09
-1.066385e+09
-9.162871e+08
-9.718442e+08
-1.049037e+09
-8.448902e+08
-8.877146e+08
-9.535442e+08
-1.050706e+09
-7.836459e+08
-8.173556e+08
-8.682972e+08
-9.461114e+08
-1.067298e+09
-7.283212e+08
-7.555402e+08
-7.957629e+08
-8.551611e+08
-9.451409e+08
0
-6.786825e+08
-7.010916e+08
-7.338513e+08
-7.808461e+08
-8.488385e+08
0
0
-6.34692e+08
-6.535175e+08
-6.808516e+08
-7.194462e+08
-7.734718e+08
0
0
0
-5.958459e+08
-6.119572e+08
-6.352592e+08
-6.67803e+08
-7.1251e+08
0
0
0
0
-5.614569e+08
-5.754561e+08
-5.956852e+08
-6.237219e+08
-6.617343e+08
0
0
0
0
0
-5.307761e+08
-5.43111e+08
-5.609228e+08
-5.854966e+08
-6.184969e+08
0
0
0
0
0
0
-5.030496e+08
-5.140498e+08
-5.299236e+08
-5.517395e+08
-5.808493e+08
0
0
0
0
0
0
0
-4.775059e+08
-4.874008e+08
-5.016865e+08
-5.212487e+08
-5.47211e+08
0
0
0
0
0
0
0
0
-4.533355e+08
-4.622943e+08
-4.752294e+08
-4.928935e+08
-5.162224e+08
0
0
0
0
0
0
0
0
0
-4.300179e+08
-4.381677e+08
-4.499259e+08
-4.659452e+08
-4.870063e+08
0
0
0
0
0
0
0
0
0
0
-4.079678e+08
-4.154193e+08
-4.261624e+08
-4.40764e+08
-4.598978e+08
0
0
0
0
0
0
0
0
0
0
0
-3.876787e+08
-3.945373e+08
-4.04412e+08
-4.178073e+08
-4.353109e+08
0
0
0
0
0
0
0
0
0
0
0
0
-3.69317e+08
-3.756663e+08
-3.848034e+08
-3.971713e+08
-4.132973e+08
0
0
0
0
0
0
0
0
0
0
0
0
0
-3.528347e+08
-3.587468e+08
-3.672476e+08
-3.787417e+08
-3.936939e+08
0
0
0
0
0
0
0
0
0
0
0
0
0
0
-1.096346e+09
-9.944354e+08
-1.051238e+09
-9.059563e+08
-9.585688e+08
-1.027817e+09
-8.356802e+08
-8.765699e+08
-9.384872e+08
-1.024474e+09
-7.773849e+08
-8.099053e+08
-8.587479e+08
-9.321814e+08
-1.039795e+09
-7.25842e+08
-7.525257e+08
-7.918818e+08
-8.497265e+08
-9.363352e+08
0
-6.783287e+08
-7.005381e+08
-7.329895e+08
-7.794755e+08
-8.465269e+08
0
0
-6.350094e+08
-6.537707e+08
-6.810084e+08
-7.194507e+08
-7.732143e+08
0
0
0
-5.961281e+08
-6.122247e+08
-6.355048e+08
-6.680142e+08
-7.126636e+08
0
0
0
0
-5.614569e+08
-5.754561e+08
-5.956852e+08
-6.237219e+08
-6.617343e+08
0
0
0
0
0
-5.305029e+08
-5.428419e+08
-5.606583e+08
-5.852398e+08
-6.182544e+08
0
0
0
0
0
0
-5.026874e+08
-5.13693e+08
-5.295768e+08
-5.514069e+08
-5.805411e+08
0
0
0
0
0
0
0
-4.774035e+08
-4.87309e+08
-5.016165e+08
-5.212131e+08
-5.472273e+08
0
0
0
0
0
0
0
0
-4.539835e+08
-4.629676e+08
-4.759484e+08
-4.936901e+08
-5.171292e+08
0
0
0
0
0
0
0
0
0
-4.317097e+08
-4.399037e+08
-4.517399e+08
-4.67883e+08
-4.891289e+08
0
0
0
0
0
0
0
0
0
0
-4.101229e+08
-4.176215e+08
-4.284476e+08
-4.431774e+08
-4.625007e+08
0
0
0
0
0
0
0
0
0
0
0
-3.896224e+08
-3.965172e+08
-4.064576e+08
-4.199541e+08
-4.376055e+08
0
0
0
0
0
0
0
0
0
0
0
0
-3.706947e+08
-3.770678e+08
-3.86247e+08
-3.986805e+08
-4.149007e+08
0
0
0
0
0
0
0
0
0
0
0
0
0
-3.535151e+08
-3.594394e+08
-3.679612e+08
-3.794869e+08
-3.944841e+08
0
0
0
0
0
0
0
0
0
0
0
0
0
0
-3.380603e+08
-3.435929e+08
-3.515485e+08
-3.622901e+08
-3.762442e+08
0
0
0
0
0
0
0
0
0
0
0
0
0
0
0
-9.892485e+08
-1.043599e+09
-8.986128e+08
-9.493065e+08
-1.013573e+09
-8.275802e+08
-8.669929e+08
-9.259648e+08
-1.003983e+09
-7.699491e+08
-8.013368e+08
-8.482033e+08
-9.176306e+08
-1.013735e+09
-7.207624e+08
-7.466898e+08
-7.848204e+08
-8.404914e+08
-9.225346e+08
0
-6.763743e+08
-6.982346e+08
-7.301419e+08
-7.757387e+08
-8.411794e+08
0
0
-6.348215e+08
-6.534543e+08
-6.804967e+08
-7.186314e+08
-7.718784e+08
0
0
0
-5.964763e+08
-6.125341e+08
-6.357563e+08
-6.681752e+08
-7.126767e+08
0
0
0
0
-5.617362e+08
-5.757275e+08
-5.959456e+08
-6.239642e+08
-6.619461e+08
0
0
0
0
0
-5.305029e+08
-5.428419e+08
-5.606583e+08
-5.852398e+08
-6.182544e+08
0
0
0
0
0
0
-5.024236e+08
-5.134293e+08
-5.293143e+08
-5.51146e+08
-5.802845e+08
0
0
0
0
0
0
0
-4.77051e+08
-4.869561e+08
-5.012653e+08
-5.208681e+08
-5.468924e+08
0
0
0
0
0
0
0
0
-4.538698e+08
-4.628575e+08
-4.758481e+08
-4.936109e+08
-5.170841e+08
0
0
0
0
0
0
0
0
0
-4.322955e+08
-4.405059e+08
-4.523745e+08
-4.685717e+08
-4.899053e+08
0
0
0
0
0
0
0
0
0
0
-4.116893e+08
-4.192217e+08
-4.301107e+08
-4.4494e+08
-4.64412e+08
0
0
0
0
0
0
0
0
0
0
-3.916337e+08
-3.985661e+08
-4.085765e+08
-4.221819e+08
-4.399912e+08
0
0
0
0
0
0
0
0
0
0
0
0
-3.72516e+08
-3.789206e+08
-3.881557e+08
-4.006773e+08
-4.17024e+08
0
0
0
0
0
0
0
0
0
0
0
0
0
-3.548097e+08
-3.60755e+08
-3.693142e+08
-3.808972e+08
-3.959771e+08
0
0
0
0
0
0
0
0
0
0
0
0
0
0
-3.387e+08
-3.442434e+08
-3.522178e+08
-3.629877e+08
-3.769816e+08
0
0
0
0
0
0
0
0
0
0
0
0
0
0
0
-3.241815e+08
-3.293694e+08
-3.368333e+08
-3.469015e+08
-3.59957e+08
0
0
0
0
0
0
0
0
0
0
0
0
0
0
0
0
-8.947751e+08
-9.445158e+08
-1.006385e+09
-8.217445e+08
-8.601825e+08
-9.172269e+08
-9.902374e+08
-7.632889e+08
-7.937975e+08
-8.39142e+08
-9.055394e+08
-9.934383e+08
-7.145602e+08
-7.397502e+08
-7.766938e+08
-8.302968e+08
-9.081455e+08
0
-6.72135e+08
-6.934896e+08
-7.24602e+08
-7.689083e+08
-8.32057e+08
0
0
-6.332386e+08
-6.516377e+08
-6.783207e+08
-7.158915e+08
-7.68211e+08
0
0
0
-5.963985e+08
-6.12373e+08
-6.354697e+08
-6.67694e+08
-7.118842e+08
0
0
0
0
-5.620983e+08
-5.760665e+08
-5.96251e+08
-6.24217e+08
-6.621132e+08
0
0
0
0
0
-5.307761e+08
-5.43111e+08
-5.609228e+08
-5.854966e+08
-6.184969e+08
0
0
0
0
0
0
-5.024236e+08
-5.134293e+08
-5.293143e+08
-5.51146e+08
-5.802845e+08
0
0
0
0
0
0
0
-4.767984e+08
-4.867012e+08
-5.010079e+08
-5.206092e+08
-5.466319e+08
0
0
0
0
0
0
0
0
-4.535302e+08
-4.625138e+08
-4.755007e+08
-4.932619e+08
-5.167373e+08
0
0
0
0
0
0
0
0
0
-4.321765e+08
-4.403857e+08
-4.522572e+08
-4.684637e+08
-4.89818e+08
0
0
0
0
0
0
0
0
0
0
-4.122239e+08
-4.197663e+08
-4.306783e+08
-4.455478e+08
-4.650829e+08
0
0
0
0
0
0
0
0
0
0
-3.930897e+08
-4.000494e+08
-4.101107e+08
-4.237987e+08
-4.417301e+08
0
0
0
0
0
0
0
0
0
0
-3.743963e+08
-3.80835e+08
-3.901289e+08
-4.027441e+08
-4.192268e+08
0
0
0
0
0
0
0
0
0
0
0
0
0
-3.56519e+08
-3.624931e+08
-3.711021e+08
-3.827614e+08
-3.979525e+08
0
0
0
0
0
0
0
0
0
0
0
0
0
0
-3.399187e+08
-3.45481e+08
-3.534889e+08
-3.643102e+08
-3.783772e+08
0
0
0
0
0
0
0
0
0
0
0
0
0
0
0
-3.247835e+08
-3.299815e+08
-3.374623e+08
-3.47556e+08
-3.606474e+08
0
0
0
0
0
0
0
0
0
0
0
0
0
0
0
0
-3.111043e+08
-3.159948e+08
-3.230106e+08
-3.324694e+08
-3.447178e+08
0
0
0
0
0
0
0
0
0
0
0
0
0
0
0
0
0
-8.186738e+08
-8.566204e+08
-9.127051e+08
-9.833025e+08
-7.58442e+08
-7.883638e+08
-8.326977e+08
-8.971056e+08
-9.798444e+08
-7.08922e+08
-7.335306e+08
-7.695424e+08
-8.215406e+08
-8.962069e+08
0
-6.668359e+08
-6.87686e+08
-7.18007e+08
-7.610454e+08
-8.219938e+08
0
0
-6.296206e+08
-6.476704e+08
-6.738103e+08
-7.105308e+08
-7.614733e+08
0
0
0
-5.950876e+08
-6.109015e+08
-6.337539e+08
-6.656017e+08
-7.092e+08
0
0
0
0
-5.620947e+08
-5.760085e+08
-5.961118e+08
-6.23953e+08
-6.61653e+08
0
0
0
0
0
-5.311426e+08
-5.434634e+08
-5.612567e+08
-5.858017e+08
-6.187541e+08
0
0
0
0
0
0
-5.026874e+08
-5.13693e+08
-5.295768e+08
-5.514069e+08
-5.805411e+08
0
0
0
0
0
0
0
-4.767984e+08
-4.867012e+08
-5.010079e+08
-5.206092e+08
-5.466319e+08
0
0
0
0
0
0
0
0
-4.532895e+08
-4.622693e+08
-4.752517e+08
-4.930079e+08
-5.164789e+08
0
0
0
0
0
0
0
0
0
-4.318513e+08
-4.400542e+08
-4.519188e+08
-4.681186e+08
-4.894676e+08
0
0
0
0
0
0
0
0
0
0
-4.121028e+08
-4.196416e+08
-4.305519e+08
-4.454238e+08
-4.649678e+08
0
0
0
0
0
0
0
0
0
0
-3.93577e+08
-4.005467e+08
-4.106243e+08
-4.243424e+08
-4.423221e+08
0
0
0
0
0
0
0
0
0
0
-3.757513e+08
-3.822152e+08
-3.915522e+08
-4.042365e+08
-4.208224e+08
0
0
0
0
0
0
0
0
0
0
-3.5828e+08
-3.642847e+08
-3.729472e+08
-3.846873e+08
-3.999968e+08
0
0
0
0
0
0
0
0
0
0
0
0
0
0
-3.415264e+08
-3.471138e+08
-3.551673e+08
-3.660573e+08
-3.80222e+08
0
0
0
0
0
0
0
0
0
0
0
0
0
0
0
-3.259317e+08
-3.311476e+08
-3.386589e+08
-3.487992e+08
-3.619565e+08
0
0
0
0
0
0
0
0
0
0
0
0
0
0
0
0
-3.116696e+08
-3.165712e+08
-3.236028e+08
-3.330848e+08
-3.453658e+08
0
0
0
0
0
0
0
0
0
0
0
0
0
0
0
0
0
-2.987598e+08
-3.033804e+08
-3.100031e+08
-3.189056e+08
-3.30422e+08
0
0
0
0
0
0
0
0
0
0
0
0
0
0
0
0
0
0
-7.558803e+08
-7.855022e+08
-8.293253e+08
-8.927408e+08
-9.729914e+08
-7.047865e+08
-7.290027e+08
-7.643876e+08
-8.153148e+08
-8.878864e+08
0
-6.619599e+08
-6.824065e+08
-7.120946e+08
-7.541276e+08
-8.133585e+08
0
0
-6.250074e+08
-6.427007e+08
-6.682854e+08
-7.041444e+08
-7.537168e+08
0
0
0
-5.919461e+08
-6.075102e+08
-6.299785e+08
-6.612353e+08
-7.039156e+08
0
0
0
0
-5.609885e+08
-5.747901e+08
-5.947226e+08
-6.223046e+08
-6.59606e+08
0
0
0
0
0
-5.311905e+08
-5.434749e+08
-5.612153e+08
-5.856799e+08
-6.185068e+08
0
0
0
0
0
0
-5.030496e+08
-5.140498e+08
-5.299236e+08
-5.517395e+08
-5.808493e+08
0
0
0
0
0
0
0
-4.77051e+08
-4.869561e+08
-5.012653e+08
-5.208681e+08
-5.468924e+08
0
0
0
0
0
0
0
0
-4.532895e+08
-4.622693e+08
-4.752517e+08
-4.930079e+08
-5.164789e+08
0
0
0
0
0
0
0
0
0
-4.316228e+08
-4.398211e+08
-4.516798e+08
-4.678727e+08
-4.892142e+08
0
0
0
0
0
0
0
0
0
0
-4.117918e+08
-4.19324e+08
-4.302255e+08
-4.450876e+08
-4.646216e+08
0
0
0
0
0
0
0
0
0
0
-3.934535e+08
-4.004205e+08
-4.104941e+08
-4.242102e+08
-4.421919e+08
0
0
0
0
0
0
0
0
0
0
-3.762017e+08
-3.826686e+08
-3.920214e+08
-4.047285e+08
-4.213519e+08
0
0
0
0
0
0
0
0
0
0
-3.595494e+08
-3.655703e+08
-3.742727e+08
-3.860726e+08
-4.014701e+08
0
0
0
0
0
0
0
0
0
0
-3.431835e+08
-3.487931e+08
-3.568954e+08
-3.678592e+08
-3.821274e+08
0
0
0
0
0
0
0
0
0
0
0
0
0
0
0
-3.274465e+08
-3.326846e+08
-3.402368e+08
-3.504402e+08
-3.636859e+08
0
0
0
0
0
0
0
0
0
0
0
0
0
0
0
0
-3.127511e+08
-3.176707e+08
-3.24731e+08
-3.342557e+08
-3.465966e+08
0
0
0
0
0
0
0
0
0
0
0
0
0
0
0
0
0
-2.992942e+08
-3.039221e+08
-3.105612e+08
-3.194854e+08
-3.310314e+08
0
0
0
0
0
0
0
0
0
0
0
0
0
0
0
0
0
0
-2.870982e+08
-2.914617e+08
-2.97726e+08
-3.061355e+08
-3.169828e+08
0
0
0
0
0
0
0
0
0
0
0
0
0
0
0
0
0
0
0
-7.025945e+08
-7.266076e+08
-7.616713e+08
-8.12056e+08
-8.835818e+08
0
-6.583607e+08
-6.785321e+08
-7.077895e+08
-7.491419e+08
-8.072217e+08
0
0
-6.207201e+08
-6.381238e+08
-6.63257e+08
-6.984192e+08
-7.468965e+08
0
0
0
-5.878732e+08
-6.031751e+08
-6.252402e+08
-6.558806e+08
-6.976164e+08
0
0
0
0
-5.582217e+08
-5.718409e+08
-5.914918e+08
-6.186481e+08
-6.55303e+08
0
0
0
0
0
-5.302419e+08
-5.424469e+08
-5.600655e+08
-5.843461e+08
-6.168958e+08
0
0
0
0
0
0
-5.031319e+08
-5.141095e+08
-5.299481e+08
-5.517119e+08
-5.807411e+08
0
0
0
0
0
0
0
-4.774035e+08
-4.87309e+08
-5.016165e+08
-5.212131e+08
-5.472273e+08
0
0
0
0
0
0
0
0
-4.535302e+08
-4.625138e+08
-4.755007e+08
-4.932619e+08
-5.167373e+08
0
0
0
0
0
0
0
0
0
-4.316228e+08
-4.398211e+08
-4.516798e+08
-4.678727e+08
-4.892142e+08
0
0
0
0
0
0
0
0
0
0
-4.115744e+08
-4.191024e+08
-4.299973e+08
-4.448515e+08
-4.643763e+08
0
0
0
0
0
0
0
0
0
0
-3.931565e+08
-4.001165e+08
-4.101812e+08
-4.238858e+08
-4.418549e+08
0
0
0
0
0
0
0
0
0
0
-3.76082e+08
-3.825407e+08
-3.918903e+08
-4.045932e+08
-4.212141e+08
0
0
0
0
0
0
0
0
0
0
-3.599696e+08
-3.659897e+08
-3.747005e+08
-3.865222e+08
-4.019493e+08
0
0
0
0
0
0
0
0
0
0
-3.443762e+08
-3.499987e+08
-3.58131e+08
-3.6915e+08
-3.834953e+08
0
0
0
0
0
0
0
0
0
0
-3.290047e+08
-3.342664e+08
-3.418577e+08
-3.521286e+08
-3.654691e+08
0
0
0
0
0
0
0
0
0
0
0
0
0
0
0
0
-3.141791e+08
-3.191202e+08
-3.262174e+08
-3.357991e+08
-3.482213e+08
0
0
0
0
0
0
0
0
0
0
0
0
0
0
0
0
0
-3.00319e+08
-3.049585e+08
-3.116256e+08
-3.205897e+08
-3.321909e+08
0
0
0
0
0
0
0
0
0
0
0
0
0
0
0
0
0
0
-2.876046e+08
-2.919742e+08
-2.982507e+08
-3.06682e+08
-3.17557e+08
0
0
0
0
0
0
0
0
0
0
0
0
0
0
0
0
0
0
0
-2.760856e+08
-2.801926e+08
-2.86118e+08
-2.940767e+08
-3.043269e+08
0
0
0
0
0
0
0
0
0
0
0
0
0
0
0
0
0
0
0
0
-6.564496e+08
-6.764769e+08
-7.055109e+08
-7.465141e+08
-8.040101e+08
0
0
-6.175393e+08
-6.347437e+08
-6.595661e+08
-6.942505e+08
-7.419827e+08
0
0
0
-5.840565e+08
-5.99142e+08
-6.208737e+08
-6.510065e+08
-6.919713e+08
0
0
0
0
-5.545837e+08
-5.680064e+08
-5.873526e+08
-6.140518e+08
-6.500209e+08
0
0
0
0
0
-5.27776e+08
-5.398459e+08
-5.572532e+08
-5.812154e+08
-6.132926e+08
0
0
0
0
0
0
-5.023108e+08
-5.13228e+08
-5.289784e+08
-5.506086e+08
-5.794388e+08
0
0
0
0
0
0
0
-4.775059e+08
-4.874008e+08
-5.016865e+08
-5.212487e+08
-5.47211e+08
0
0
0
0
0
0
0
0
-4.538698e+08
-4.628575e+08
-4.758481e+08
-4.936109e+08
-5.170841e+08
0
0
0
0
0
0
0
0
0
-4.318513e+08
-4.400542e+08
-4.519188e+08
-4.681186e+08
-4.894676e+08
0
0
0
0
0
0
0
0
0
0
-4.115744e+08
-4.191024e+08
-4.299973e+08
-4.448515e+08
-4.643763e+08
0
0
0
0
0
0
0
0
0
0
-3.929504e+08
-3.999054e+08
-4.099641e+08
-4.236603e+08
-4.416194e+08
0
0
0
0
0
0
0
0
0
0
-3.758009e+08
-3.8225e+08
-3.915907e+08
-4.042822e+08
-4.208891e+08
0
0
0
0
0
0
0
0
0
0
-3.598547e+08
-3.658658e+08
-3.745682e+08
-3.863865e+08
-4.018089e+08
0
0
0
0
0
0
0
0
0
0
-3.447675e+08
-3.503905e+08
-3.585269e+08
-3.6956e+08
-3.839333e+08
0
0
0
0
0
0
0
0
0
0
-3.301247e+08
-3.354003e+08
-3.430172e+08
-3.533324e+08
-3.66744e+08
0
0
0
0
0
0
0
0
0
0
-3.1565e+08
-3.206088e+08
-3.277453e+08
-3.373836e+08
-3.498926e+08
0
0
0
0
0
0
0
0
0
0
0
0
0
0
0
0
0
-3.016723e+08
-3.063259e+08
-3.130282e+08
-3.220443e+08
-3.337194e+08
0
0
0
0
0
0
0
0
0
0
0
0
0
0
0
0
0
0
-2.885775e+08
-2.929569e+08
-2.992546e+08
-3.077244e+08
-3.186509e+08
0
0
0
0
0
0
0
0
0
0
0
0
0
0
0
0
0
0
0
-2.76566e+08
-2.806784e+08
-2.866145e+08
-2.945906e+08
-3.048683e+08
0
0
0
0
0
0
0
0
0
0
0
0
0
0
0
0
0
0
0
0
-2.656597e+08
-2.69542e+08
-2.751352e+08
-2.826696e+08
-2.92373e+08
0
0
0
0
0
0
0
0
0
0
0
0
0
0
0
0
0
0
0
0
0
-6.158488e+08
-6.329476e+08
-6.576071e+08
-6.920435e+08
-7.39393e+08
0
0
0
-5.812132e+08
-5.961481e+08
-6.17648e+08
-6.474287e+08
-6.87862e+08
0
0
0
0
-5.511511e+08
-5.644091e+08
-5.83499e+08
-6.098152e+08
-6.452137e+08
0
0
0
0
0
-5.24495e+08
-5.364151e+08
-5.535872e+08
-5.771971e+08
-6.087576e+08
0
0
0
0
0
0
-5.000966e+08
-5.109068e+08
-5.264957e+08
-5.47882e+08
-5.763536e+08
0
0
0
0
0
0
0
-4.767811e+08
-4.866381e+08
-5.008553e+08
-5.203188e+08
-5.461346e+08
0
0
0
0
0
0
0
0
-4.539835e+08
-4.629676e+08
-4.759484e+08
-4.936901e+08
-5.171292e+08
0
0
0
0
0
0
0
0
0
-4.321765e+08
-4.403857e+08
-4.522572e+08
-4.684637e+08
-4.89818e+08
0
0
0
0
0
0
0
0
0
0
-4.117918e+08
-4.19324e+08
-4.302255e+08
-4.450876e+08
-4.646216e+08
0
0
0
0
0
0
0
0
0
0
-3.929504e+08
-3.999054e+08
-4.099641e+08
-4.236603e+08
-4.416194e+08
0
0
0
0
0
0
0
0
0
0
-3.756064e+08
-3.820498e+08
-3.913838e+08
-4.040676e+08
-4.206642e+08
0
0
0
0
0
0
0
0
0
0
-3.595887e+08
-3.655907e+08
-3.742816e+08
-3.860887e+08
-4.014974e+08
0
0
0
0
0
0
0
0
0
0
-3.446562e+08
-3.502718e+08
-3.583991e+08
-3.694235e+08
-3.837931e+08
0
0
0
0
0
0
0
0
0
0
-3.304911e+08
-3.357653e+08
-3.433874e+08
-3.53712e+08
-3.671434e+08
0
0
0
0
0
0
0
0
0
0
-3.167083e+08
-3.216744e+08
-3.288366e+08
-3.385139e+08
-3.51082e+08
0
0
0
0
0
0
0
0
0
0
-3.030665e+08
-3.077321e+08
-3.144669e+08
-3.235385e+08
-3.352881e+08
0
0
0
0
0
0
0
0
0
0
0
0
0
0
0
0
0
0
-2.898629e+08
-2.942539e+08
-3.005785e+08
-3.090975e+08
-3.200917e+08
0
0
0
0
0
0
0
0
0
0
0
0
0
0
0
0
0
0
0
-2.77491e+08
-2.816122e+08
-2.87567e+08
-2.95574e+08
-3.05901e+08
0
0
0
0
0
0
0
0
0
0
0
0
0
0
0
0
0
0
0
0
-2.661159e+08
-2.700032e+08
-2.756063e+08
-2.831562e+08
-2.928822e+08
0
0
0
0
0
0
0
0
0
0
0
0
0
0
0
0
0
0
0
0
0
-2.557738e+08
-2.59451e+08
-2.647491e+08
-2.718723e+08
-2.810626e+08
0
0
0
0
0
0
0
0
0
0
0
0
0
0
0
0
0
0
0
0
0
0
-5.797016e+08
-5.945558e+08
-6.159329e+08
-6.455292e+08
-6.856865e+08
0
0
0
0
-5.485852e+08
-5.617275e+08
-5.806373e+08
-6.066851e+08
-6.416857e+08
0
0
0
0
0
-5.213817e+08
-5.331739e+08
-5.50145e+08
-5.734546e+08
-6.045779e+08
0
0
0
0
0
0
-4.971156e+08
-5.078079e+08
-5.232116e+08
-5.443203e+08
-5.723877e+08
0
0
0
0
0
0
0
-4.747724e+08
-4.845513e+08
-4.986375e+08
-5.179105e+08
-5.434472e+08
0
0
0
0
0
0
0
0
-4.533355e+08
-4.622943e+08
-4.752294e+08
-4.928935e+08
-5.162224e+08
0
0
0
0
0
0
0
0
0
-4.322955e+08
-4.405059e+08
-4.523745e+08
-4.685717e+08
-4.899053e+08
0
0
0
0
0
0
0
0
0
0
-4.121028e+08
-4.196416e+08
-4.305519e+08
-4.454238e+08
-4.649678e+08
0
0
0
0
0
0
0
0
0
0
-3.931565e+08
-4.001165e+08
-4.101812e+08
-4.238858e+08
-4.418549e+08
0
0
0
0
0
0
0
0
0
0
-3.756064e+08
-3.820498e+08
-3.913838e+08
-4.040676e+08
-4.206642e+08
0
0
0
0
0
0
0
0
0
0
-3.59405e+08
-3.654015e+08
-3.740852e+08
-3.858841e+08
-4.012833e+08
0
0
0
0
0
0
0
0
0
0
-3.44404e+08
-3.500111e+08
-3.581275e+08
-3.691386e+08
-3.834947e+08
0
0
0
0
0
0
0
0
0
0
-3.303843e+08
-3.356504e+08
-3.432649e+08
-3.535803e+08
-3.670029e+08
0
0
0
0
0
0
0
0
0
0
-3.170553e+08
-3.220164e+08
-3.291817e+08
-3.38869e+08
-3.514519e+08
0
0
0
0
0
0
0
0
0
0
-3.040711e+08
-3.087398e+08
-3.154932e+08
-3.246029e+08
-3.364052e+08
0
0
0
0
0
0
0
0
0
0
-2.911876e+08
-2.955879e+08
-3.019384e+08
-3.10505e+08
-3.215715e+08
0
0
0
0
0
0
0
0
0
0
0
0
0
0
0
0
0
0
0
-2.787134e+08
-2.828449e+08
-2.888234e+08
-2.968706e+08
-3.072614e+08
0
0
0
0
0
0
0
0
0
0
0
0
0
0
0
0
0
0
0
0
-2.669964e+08
-2.708916e+08
-2.765118e+08
-2.840896e+08
-2.938567e+08
0
0
0
0
0
0
0
0
0
0
0
0
0
0
0
0
0
0
0
0
0
-2.562079e+08
-2.598893e+08
-2.651965e+08
-2.72334e+08
-2.815448e+08
0
0
0
0
0
0
0
0
0
0
0
0
0
0
0
0
0
0
0
0
0
0
-2.463869e+08
-2.498753e+08
-2.549027e+08
-2.616574e+08
-2.703545e+08
0
0
0
0
0
0
0
0
0
0
0
0
0
0
0
0
0
0
0
0
0
0
0
-5.472213e+08
-5.603009e+08
-5.791145e+08
-6.050205e+08
-6.398126e+08
0
0
0
0
0
-5.19048e+08
-5.307495e+08
-5.475781e+08
-5.706752e+08
-6.014902e+08
0
0
0
0
0
0
-4.942718e+08
-5.048632e+08
-5.201062e+08
-5.409746e+08
-5.686941e+08
0
0
0
0
0
0
0
-4.720491e+08
-4.817315e+08
-4.956677e+08
-5.147174e+08
-5.399309e+08
0
0
0
0
0
0
0
0
-4.514978e+08
-4.60399e+08
-4.73234e+08
-4.907409e+08
-5.138482e+08
0
0
0
0
0
0
0
0
0
-4.317097e+08
-4.399037e+08
-4.517399e+08
-4.67883e+08
-4.891289e+08
0
0
0
0
0
0
0
0
0
0
-4.122239e+08
-4.197663e+08
-4.306783e+08
-4.455478e+08
-4.650829e+08
0
0
0
0
0
0
0
0
0
0
-3.934535e+08
-4.004205e+08
-4.104941e+08
-4.242102e+08
-4.421919e+08
0
0
0
0
0
0
0
0
0
0
-3.758009e+08
-3.8225e+08
-3.915907e+08
-4.042822e+08
-4.208891e+08
0
0
0
0
0
0
0
0
0
0
-3.59405e+08
-3.654015e+08
-3.740852e+08
-3.858841e+08
-4.012833e+08
0
0
0
0
0
0
0
0
0
0
-3.442303e+08
-3.498322e+08
-3.579419e+08
-3.689443e+08
-3.832906e+08
0
0
0
0
0
0
0
0
0
0
-3.301453e+08
-3.354031e+08
-3.430077e+08
-3.533103e+08
-3.667174e+08
0
0
0
0
0
0
0
0
0
0
-3.169559e+08
-3.219062e+08
-3.290633e+08
-3.387429e+08
-3.513164e+08
0
0
0
0
0
0
0
0
0
0
-3.044026e+08
-3.090642e+08
-3.158166e+08
-3.24934e+08
-3.367513e+08
0
0
0
0
0
0
0
0
0
0
-2.921439e+08
-2.965453e+08
-3.029096e+08
-3.115064e+08
-3.226236e+08
0
0
0
0
0
0
0
0
0
0
-2.799739e+08
-2.841135e+08
-2.901144e+08
-2.982015e+08
-3.086556e+08
0
0
0
0
0
0
0
0
0
0
0
0
0
0
0
0
0
0
0
0
-2.681603e+08
-2.720647e+08
-2.777066e+08
-2.853206e+08
-2.951415e+08
0
0
0
0
0
0
0
0
0
0
0
0
0
0
0
0
0
0
0
0
0
-2.570474e+08
-2.607354e+08
-2.660584e+08
-2.732218e+08
-2.824699e+08
0
0
0
0
0
0
0
0
0
0
0
0
0
0
0
0
0
0
0
0
0
0
-2.468007e+08
-2.502926e+08
-2.553281e+08
-2.620961e+08
-2.708121e+08
0
0
0
0
0
0
0
0
0
0
0
0
0
0
0
0
0
0
0
0
0
0
0
-2.374849e+08
-2.407763e+08
-2.455539e+08
-2.519697e+08
-2.602219e+08
0
0
0
0
0
0
0
0
0
0
0
0
0
0
0
0
0
0
0
0
0
0
0
0
-5.178082e+08
-5.2946e+08
-5.462119e+08
-5.691957e+08
-5.99848e+08
0
0
0
0
0
0
-4.921352e+08
-5.026545e+08
-5.177824e+08
-5.384792e+08
-5.659512e+08
0
0
0
0
0
0
0
-4.694387e+08
-4.790377e+08
-4.92843e+08
-5.116965e+08
-5.366276e+08
0
0
0
0
0
0
0
0
-4.489913e+08
-4.578194e+08
-4.705287e+08
-4.878513e+08
-5.106948e+08
0
0
0
0
0
0
0
0
0
-4.300179e+08
-4.381677e+08
-4.499259e+08
-4.659452e+08
-4.870063e+08
0
0
0
0
0
0
0
0
0
0
-4.116893e+08
-4.192217e+08
-4.301107e+08
-4.4494e+08
-4.64412e+08
0
0
0
0
0
0
0
0
0
0
-3.93577e+08
-4.005467e+08
-4.106243e+08
-4.243424e+08
-4.423221e+08
0
0
0
0
0
0
0
0
0
0
-3.76082e+08
-3.825407e+08
-3.918903e+08
-4.045932e+08
-4.212141e+08
0
0
0
0
0
0
0
0
0
0
-3.595887e+08
-3.655907e+08
-3.742816e+08
-3.860887e+08
-4.014974e+08
0
0
0
0
0
0
0
0
0
0
-3.442303e+08
-3.498322e+08
-3.579419e+08
-3.689443e+08
-3.832906e+08
0
0
0
0
0
0
0
0
0
0
-3.299809e+08
-3.352338e+08
-3.42832e+08
-3.531266e+08
-3.665235e+08
0
0
0
0
0
0
0
0
0
0
-3.167312e+08
-3.216717e+08
-3.288191e+08
-3.384871e+08
-3.51046e+08
0
0
0
0
0
0
0
0
0
0
-3.043112e+08
-3.089615e+08
-3.157032e+08
-3.248123e+08
-3.366218e+08
0
0
0
0
0
0
0
0
0
0
-2.924623e+08
-2.968556e+08
-3.032167e+08
-3.118169e+08
-3.229465e+08
0
0
0
0
0
0
0
0
0
0
-2.808858e+08
-2.850257e+08
-2.910377e+08
-2.991495e+08
-3.096456e+08
0
0
0
0
0
0
0
0
0
0
-2.693614e+08
-2.732728e+08
-2.789349e+08
-2.865845e+08
-2.964601e+08
0
0
0
0
0
0
0
0
0
0
0
0
0
0
0
0
0
0
0
0
0
-2.581576e+08
-2.618532e+08
-2.671961e+08
-2.743928e+08
-2.836899e+08
0
0
0
0
0
0
0
0
0
0
0
0
0
0
0
0
0
0
0
0
0
0
-2.476024e+08
-2.510998e+08
-2.561494e+08
-2.629414e+08
-2.716921e+08
0
0
0
0
0
0
0
0
0
0
0
0
0
0
0
0
0
0
0
0
0
0
0
-2.378796e+08
-2.411742e+08
-2.45959e+08
-2.523868e+08
-2.606568e+08
0
0
0
0
0
0
0
0
0
0
0
0
0
0
0
0
0
0
0
0
0
0
0
0
-2.290321e+08
-2.321416e+08
-2.366655e+08
-2.427678e+08
-2.506103e+08
0
0
0
0
0
0
0
0
0
0
0
0
0
0
0
0
0
0
0
0
0
0
0
0
0
-4.910009e+08
-5.014804e+08
-5.165457e+08
-5.371506e+08
-5.644911e+08
0
0
0
0
0
0
0
-4.674722e+08
-4.770123e+08
-4.907232e+08
-5.094355e+08
-5.34164e+08
0
0
0
0
0
0
0
0
-4.465837e+08
-4.553432e+08
-4.679417e+08
-4.851013e+08
-5.077112e+08
0
0
0
0
0
0
0
0
0
-4.276988e+08
-4.357904e+08
-4.474487e+08
-4.633113e+08
-4.841517e+08
0
0
0
0
0
0
0
0
0
0
-4.101229e+08
-4.176215e+08
-4.284476e+08
-4.431774e+08
-4.625007e+08
0
0
0
0
0
0
0
0
0
0
0
-3.930897e+08
-4.000494e+08
-4.101107e+08
-4.237987e+08
-4.417301e+08
0
0
0
0
0
0
0
0
0
0
-3.762017e+08
-3.826686e+08
-3.920214e+08
-4.047285e+08
-4.213519e+08
0
0
0
0
0
0
0
0
0
0
-3.598547e+08
-3.658658e+08
-3.745682e+08
-3.863865e+08
-4.018089e+08
0
0
0
0
0
0
0
0
0
0
-3.44404e+08
-3.500111e+08
-3.581275e+08
-3.691386e+08
-3.834947e+08
0
0
0
0
0
0
0
0
0
0
-3.299809e+08
-3.352338e+08
-3.42832e+08
-3.531266e+08
-3.665235e+08
0
0
0
0
0
0
0
0
0
0
-3.165765e+08
-3.215114e+08
-3.286528e+08
-3.383131e+08
-3.508626e+08
0
0
0
0
0
0
0
0
0
0
-3.041005e+08
-3.087409e+08
-3.154715e+08
-3.245694e+08
-3.363655e+08
0
0
0
0
0
0
0
0
0
0
-2.923791e+08
-2.967611e+08
-3.031109e+08
-3.117004e+08
-3.228216e+08
0
0
0
0
0
0
0
0
0
0
-2.811921e+08
-2.853241e+08
-2.913318e+08
-2.994446e+08
-3.099486e+08
0
0
0
0
0
0
0
0
0
0
-2.702323e+08
-2.741433e+08
-2.798153e+08
-2.874862e+08
-2.973976e+08
0
0
0
0
0
0
0
0
0
0
0
-2.593043e+08
-2.63005e+08
-2.683664e+08
-2.755959e+08
-2.849424e+08
0
0
0
0
0
0
0
0
0
0
0
0
0
0
0
0
0
0
0
0
0
0
-2.486635e+08
-2.521667e+08
-2.57234e+08
-2.640569e+08
-2.728529e+08
0
0
0
0
0
0
0
0
0
0
0
0
0
0
0
0
0
0
0
0
0
0
0
-2.386464e+08
-2.419457e+08
-2.467429e+08
-2.531925e+08
-2.614948e+08
0
0
0
0
0
0
0
0
0
0
0
0
0
0
0
0
0
0
0
0
0
0
0
0
-2.294091e+08
-2.325214e+08
-2.37052e+08
-2.431652e+08
-2.510239e+08
0
0
0
0
0
0
0
0
0
0
0
0
0
0
0
0
0
0
0
0
0
0
0
0
0
-2.209998e+08
-2.239372e+08
-2.282263e+08
-2.34016e+08
-2.41479e+08
0
0
0
0
0
0
0
0
0
0
0
0
0
0
0
0
0
0
0
0
0
0
0
0
0
-4.66429e+08
-4.759365e+08
-4.895959e+08
-5.08232e+08
-5.328523e+08
0
0
0
0
0
0
0
0
-4.447682e+08
-4.534763e+08
-4.659956e+08
-4.830373e+08
-5.054782e+08
0
0
0
0
0
0
0
0
0
-4.254659e+08
-4.335035e+08
-4.450681e+08
-4.607908e+08
-4.814346e+08
0
0
0
0
0
0
0
0
0
0
-4.079678e+08
-4.154193e+08
-4.261624e+08
-4.40764e+08
-4.598978e+08
0
0
0
0
0
0
0
0
0
0
0
-3.916337e+08
-3.985661e+08
-4.085765e+08
-4.221819e+08
-4.399912e+08
0
0
0
0
0
0
0
0
0
0
0
0
-3.757513e+08
-3.822152e+08
-3.915522e+08
-4.042365e+08
-4.208224e+08
0
0
0
0
0
0
0
0
0
0
-3.599696e+08
-3.659897e+08
-3.747005e+08
-3.865222e+08
-4.019493e+08
0
0
0
0
0
0
0
0
0
0
-3.446562e+08
-3.502717e+08
-3.583991e+08
-3.694235e+08
-3.837931e+08
0
0
0
0
0
0
0
0
0
0
-3.301453e+08
-3.354031e+08
-3.430077e+08
-3.533103e+08
-3.667174e+08
0
0
0
0
0
0
0
0
0
0
-3.165765e+08
-3.215114e+08
-3.286528e+08
-3.383131e+08
-3.508626e+08
0
0
0
0
0
0
0
0
0
0
-3.03955e+08
-3.085899e+08
-3.153139e+08
-3.244046e+08
-3.361919e+08
0
0
0
0
0
0
0
0
0
0
-2.921817e+08
-2.96554e+08
-3.028928e+08
-3.114698e+08
-3.225782e+08
0
0
0
0
0
0
0
0
0
0
-2.811167e+08
-2.852379e+08
-2.912343e+08
-2.993359e+08
-3.09829e+08
0
0
0
0
0
0
0
0
0
0
-2.705277e+08
-2.744309e+08
-2.800985e+08
-2.877691e+08
-2.976856e+08
0
0
0
0
0
0
0
0
0
0
0
-2.601379e+08
-2.638371e+08
-2.692071e+08
-2.764561e+08
-2.858344e+08
0
0
0
0
0
0
0
0
0
0
0
0
-2.497606e+08
-2.532671e+08
-2.583504e+08
-2.652036e+08
-2.740453e+08
0
0
0
0
0
0
0
0
0
0
0
0
0
0
0
0
0
0
0
0
0
0
0
-2.396617e+08
-2.429659e+08
-2.477786e+08
-2.542563e+08
-2.626008e+08
0
0
0
0
0
0
0
0
0
0
0
0
0
0
0
0
0
0
0
0
0
0
0
0
-2.30143e+08
-2.332595e+08
-2.378015e+08
-2.439345e+08
-2.518228e+08
0
0
0
0
0
0
0
0
0
0
0
0
0
0
0
0
0
0
0
0
0
0
0
0
0
-2.213606e+08
-2.243002e+08
-2.285953e+08
-2.343952e+08
-2.418731e+08
0
0
0
0
0
0
0
0
0
0
0
0
0
0
0
0
0
0
0
0
0
0
0
0
0
-2.133666e+08
-2.161362e+08
-2.202039e+08
-2.257036e+08
-2.327927e+08
0
0
0
0
0
0
0
0
0
0
0
0
0
0
0
0
0
0
0
0
0
0
0
0
0
-4.438059e+08
-4.524856e+08
-4.649615e+08
-4.819393e+08
-5.042895e+08
0
0
0
0
0
0
0
0
0
-4.237806e+08
-4.317777e+08
-4.432724e+08
-4.588944e+08
-4.793954e+08
0
0
0
0
0
0
0
0
0
0
-4.058885e+08
-4.132956e+08
-4.239617e+08
-4.384431e+08
-4.574067e+08
0
0
0
0
0
0
0
0
0
0
0
-3.896224e+08
-3.965172e+08
-4.064576e+08
-4.199541e+08
-4.376055e+08
0
0
0
0
0
0
0
0
0
0
0
0
-3.743963e+08
-3.80835e+08
-3.901289e+08
-4.027441e+08
-4.192268e+08
0
0
0
0
0
0
0
0
0
0
0
0
0
-3.595494e+08
-3.655703e+08
-3.742727e+08
-3.860726e+08
-4.014701e+08
0
0
0
0
0
0
0
0
0
0
-3.447676e+08
-3.503904e+08
-3.585269e+08
-3.6956e+08
-3.839333e+08
0
0
0
0
0
0
0
0
0
0
-3.303843e+08
-3.356504e+08
-3.432649e+08
-3.535803e+08
-3.670029e+08
0
0
0
0
0
0
0
0
0
0
-3.167312e+08
-3.216717e+08
-3.288191e+08
-3.38487e+08
-3.51046e+08
0
0
0
0
0
0
0
0
0
0
-3.03955e+08
-3.085899e+08
-3.153139e+08
-3.244046e+08
-3.361919e+08
0
0
0
0
0
0
0
0
0
0
-2.92045e+08
-2.96412e+08
-3.027443e+08
-3.113137e+08
-3.224138e+08
0
0
0
0
0
0
0
0
0
0
-2.809318e+08
-2.850439e+08
-2.910295e+08
-2.991188e+08
-3.09598e+08
0
0
0
0
0
0
0
0
0
0
-2.704596e+08
-2.743525e+08
-2.800094e+08
-2.876688e+08
-2.975741e+08
0
0
0
0
0
0
0
0
0
0
0
-2.604239e+08
-2.641148e+08
-2.694804e+08
-2.767287e+08
-2.861106e+08
0
0
0
0
0
0
0
0
0
0
0
0
-2.505607e+08
-2.540642e+08
-2.591545e+08
-2.660253e+08
-2.748964e+08
0
0
0
0
0
0
0
0
0
0
0
0
0
-2.407125e+08
-2.440194e+08
-2.488457e+08
-2.553506e+08
-2.637375e+08
0
0
0
0
0
0
0
0
0
0
0
0
0
0
0
0
0
0
0
0
0
0
0
0
-2.311153e+08
-2.342363e+08
-2.387923e+08
-2.449506e+08
-2.528776e+08
0
0
0
0
0
0
0
0
0
0
0
0
0
0
0
0
0
0
0
0
0
0
0
0
0
-2.220645e+08
-2.25007e+08
-2.293128e+08
-2.351309e+08
-2.42636e+08
0
0
0
0
0
0
0
0
0
0
0
0
0
0
0
0
0
0
0
0
0
0
0
0
0
-2.137122e+08
-2.164836e+08
-2.205567e+08
-2.260658e+08
-2.331687e+08
0
0
0
0
0
0
0
0
0
0
0
0
0
0
0
0
0
0
0
0
0
0
0
0
0
-2.061251e+08
-2.087183e+08
-2.125722e+08
-2.177992e+08
-2.245411e+08
0
0
0
0
0
0
0
0
0
0
0
0
0
0
0
0
0
0
0
0
0
0
0
0
0
-4.228893e+08
-4.308626e+08
-4.423191e+08
-4.578866e+08
-4.783106e+08
0
0
0
0
0
0
0
0
0
0
-4.04318e+08
-4.116917e+08
-4.223001e+08
-4.366921e+08
-4.555324e+08
0
0
0
0
0
0
0
0
0
0
0
-3.876787e+08
-3.945373e+08
-4.04412e+08
-4.178073e+08
-4.353109e+08
0
0
0
0
0
0
0
0
0
0
0
0
-3.72516e+08
-3.789206e+08
-3.881557e+08
-4.006773e+08
-4.17024e+08
0
0
0
0
0
0
0
0
0
0
0
0
0
-3.582799e+08
-3.642847e+08
-3.729472e+08
-3.846873e+08
-3.999968e+08
0
0
0
0
0
0
0
0
0
0
0
0
0
0
-3.443762e+08
-3.499987e+08
-3.58131e+08
-3.6915e+08
-3.834953e+08
0
0
0
0
0
0
0
0
0
0
-3.304911e+08
-3.357653e+08
-3.433874e+08
-3.53712e+08
-3.671434e+08
0
0
0
0
0
0
0
0
0
0
-3.169559e+08
-3.219062e+08
-3.290634e+08
-3.387429e+08
-3.513164e+08
0
0
0
0
0
0
0
0
0
0
-3.041005e+08
-3.087409e+08
-3.154715e+08
-3.245694e+08
-3.363655e+08
0
0
0
0
0
0
0
0
0
0
-2.92045e+08
-2.96412e+08
-3.027443e+08
-3.113137e+08
-3.224138e+08
0
0
0
0
0
0
0
0
0
0
-2.808033e+08
-2.849103e+08
-2.908897e+08
-2.989717e+08
-3.094422e+08
0
0
0
0
0
0
0
0
0
0
-2.702864e+08
-2.741707e+08
-2.798175e+08
-2.874649e+08
-2.973566e+08
0
0
0
0
0
0
0
0
0
0
0
-2.603633e+08
-2.640438e+08
-2.693993e+08
-2.76637e+08
-2.860076e+08
0
0
0
0
0
0
0
0
0
0
0
0
-2.508391e+08
-2.543334e+08
-2.594187e+08
-2.662887e+08
-2.751629e+08
0
0
0
0
0
0
0
0
0
0
0
0
0
-2.414815e+08
-2.447851e+08
-2.496163e+08
-2.561368e+08
-2.645507e+08
0
0
0
0
0
0
0
0
0
0
0
0
0
0
-2.321229e+08
-2.35246e+08
-2.398144e+08
-2.459968e+08
-2.539625e+08
0
0
0
0
0
0
0
0
0
0
0
0
0
0
0
0
0
0
0
0
0
0
0
0
0
-2.229977e+08
-2.25943e+08
-2.302618e+08
-2.361033e+08
-2.436437e+08
0
0
0
0
0
0
0
0
0
0
0
0
0
0
0
0
0
0
0
0
0
0
0
0
0
-2.14388e+08
-2.171619e+08
-2.21244e+08
-2.267702e+08
-2.338985e+08
0
0
0
0
0
0
0
0
0
0
0
0
0
0
0
0
0
0
0
0
0
0
0
0
0
-2.064565e+08
-2.090513e+08
-2.1291e+08
-2.181455e+08
-2.249004e+08
0
0
0
0
0
0
0
0
0
0
0
0
0
0
0
0
0
0
0
0
0
0
0
0
0
-1.992588e+08
-2.016769e+08
-2.053121e+08
-2.102773e+08
-2.166933e+08
0
0
0
0
0
0
0
0
0
0
0
0
0
0
0
0
0
0
0
0
0
0
0
0
0
-4.034886e+08
-4.10843e+08
-4.214187e+08
-4.357623e+08
-4.545363e+08
0
0
0
0
0
0
0
0
0
0
0
-3.862097e+08
-3.930407e+08
-4.028663e+08
-4.161859e+08
-4.335797e+08
0
0
0
0
0
0
0
0
0
0
0
0
-3.706947e+08
-3.770678e+08
-3.86247e+08
-3.986805e+08
-4.149007e+08
0
0
0
0
0
0
0
0
0
0
0
0
0
-3.56519e+08
-3.624931e+08
-3.711021e+08
-3.827614e+08
-3.979525e+08
0
0
0
0
0
0
0
0
0
0
0
0
0
0
-3.431835e+08
-3.487931e+08
-3.568954e+08
-3.678592e+08
-3.821274e+08
0
0
0
0
0
0
0
0
0
0
0
0
0
0
0
-3.301247e+08
-3.354003e+08
-3.430172e+08
-3.533324e+08
-3.66744e+08
0
0
0
0
0
0
0
0
0
0
-3.170553e+08
-3.220164e+08
-3.291817e+08
-3.388689e+08
-3.514519e+08
0
0
0
0
0
0
0
0
0
0
-3.043112e+08
-3.089615e+08
-3.157032e+08
-3.248124e+08
-3.366218e+08
0
0
0
0
0
0
0
0
0
0
-2.921817e+08
-2.96554e+08
-3.028928e+08
-3.114698e+08
-3.225782e+08
0
0
0
0
0
0
0
0
0
0
-2.808033e+08
-2.849103e+08
-2.908897e+08
-2.989717e+08
-3.094422e+08
0
0
0
0
0
0
0
0
0
0
-2.701656e+08
-2.740451e+08
-2.79686e+08
-2.873263e+08
-2.972097e+08
0
0
0
0
0
0
0
0
0
0
0
-2.602014e+08
-2.638734e+08
-2.692193e+08
-2.764458e+08
-2.858033e+08
0
0
0
0
0
0
0
0
0
0
0
0
-2.507861e+08
-2.5427e+08
-2.59345e+08
-2.66205e+08
-2.750686e+08
0
0
0
0
0
0
0
0
0
0
0
0
0
-2.417527e+08
-2.450475e+08
-2.498729e+08
-2.563917e+08
-2.648083e+08
0
0
0
0
0
0
0
0
0
0
0
0
0
0
-2.328626e+08
-2.359824e+08
-2.405552e+08
-2.467508e+08
-2.547409e+08
0
0
0
0
0
0
0
0
0
0
0
0
0
0
0
-2.239659e+08
-2.269117e+08
-2.312419e+08
-2.371057e+08
-2.446811e+08
0
0
0
0
0
0
0
0
0
0
0
0
0
0
0
0
0
0
0
0
0
0
0
0
0
-2.152846e+08
-2.180607e+08
-2.221538e+08
-2.277018e+08
-2.34863e+08
0
0
0
0
0
0
0
0
0
0
0
0
0
0
0
0
0
0
0
0
0
0
0
0
0
-2.07106e+08
-2.097027e+08
-2.135697e+08
-2.188205e+08
-2.255991e+08
0
0
0
0
0
0
0
0
0
0
0
0
0
0
0
0
0
0
0
0
0
0
0
0
0
-1.995768e+08
-2.019963e+08
-2.056359e+08
-2.10609e+08
-2.170368e+08
0
0
0
0
0
0
0
0
0
0
0
0
0
0
0
0
0
0
0
0
0
0
0
0
0
-1.928143e+08
-1.949967e+08
-1.984173e+08
-2.031195e+08
-2.092239e+08
0
0
0
0
0
0
0
0
0
0
0
0
0
0
0
0
0
0
0
0
0
0
0
0
0
-3.854352e+08
-3.922501e+08
-4.020482e+08
-4.153258e+08
-4.326604e+08
0
0
0
0
0
0
0
0
0
0
0
0
-3.69317e+08
-3.756663e+08
-3.848034e+08
-3.971713e+08
-4.132973e+08
0
0
0
0
0
0
0
0
0
0
0
0
0
-3.548097e+08
-3.60755e+08
-3.693142e+08
-3.808972e+08
-3.959771e+08
0
0
0
0
0
0
0
0
0
0
0
0
0
0
-3.415264e+08
-3.471138e+08
-3.551673e+08
-3.660573e+08
-3.80222e+08
0
0
0
0
0
0
0
0
0
0
0
0
0
0
0
-3.290046e+08
-3.342665e+08
-3.418577e+08
-3.521286e+08
-3.654691e+08
0
0
0
0
0
0
0
0
0
0
0
0
0
0
0
0
-3.167083e+08
-3.216744e+08
-3.288366e+08
-3.385139e+08
-3.51082e+08
0
0
0
0
0
0
0
0
0
0
-3.044026e+08
-3.090642e+08
-3.158166e+08
-3.24934e+08
-3.367513e+08
0
0
0
0
0
0
0
0
0
0
-2.923791e+08
-2.967611e+08
-3.031109e+08
-3.117004e+08
-3.228216e+08
0
0
0
0
0
0
0
0
0
0
-2.809318e+08
-2.850439e+08
-2.910295e+08
-2.991188e+08
-3.09598e+08
0
0
0
0
0
0
0
0
0
0
-2.701656e+08
-2.740451e+08
-2.79686e+08
-2.873263e+08
-2.972097e+08
0
0
0
0
0
0
0
0
0
0
0
-2.600879e+08
-2.637552e+08
-2.690956e+08
-2.763154e+08
-2.85665e+08
0
0
0
0
0
0
0
0
0
0
0
0
-2.506352e+08
-2.541106e+08
-2.591762e+08
-2.660256e+08
-2.74877e+08
0
0
0
0
0
0
0
0
0
0
0
0
0
-2.417069e+08
-2.449918e+08
-2.498068e+08
-2.563155e+08
-2.647222e+08
0
0
0
0
0
0
0
0
0
0
0
0
0
0
-2.331269e+08
-2.362385e+08
-2.408056e+08
-2.469984e+08
-2.549902e+08
0
0
0
0
0
0
0
0
0
0
0
0
0
0
0
-2.246794e+08
-2.276206e+08
-2.319548e+08
-2.378307e+08
-2.454276e+08
0
0
0
0
0
0
0
0
0
0
0
0
0
0
0
-2.162162e+08
-2.18992e+08
-2.230943e+08
-2.286634e+08
-2.358571e+08
0
0
0
0
0
0
0
0
0
0
0
0
0
0
0
0
0
0
0
0
0
0
0
0
0
-2.079685e+08
-2.105667e+08
-2.144437e+08
-2.197138e+08
-2.265233e+08
0
0
0
0
0
0
0
0
0
0
0
0
0
0
0
0
0
0
0
0
0
0
0
0
0
-2.002013e+08
-2.026227e+08
-2.062698e+08
-2.112571e+08
-2.177064e+08
0
0
0
0
0
0
0
0
0
0
0
0
0
0
0
0
0
0
0
0
0
0
0
0
0
-1.931203e+08
-1.953033e+08
-1.987279e+08
-2.034376e+08
-2.09553e+08
0
0
0
0
0
0
0
0
0
0
0
0
0
0
0
0
0
0
0
0
0
0
0
0
0
-1.867883e+08
-1.887236e+08
-1.918735e+08
-1.963199e+08
-2.021152e+08
0
0
0
0
0
0
0
0
0
0
0
0
0
0
0
0
0
0
0
0
0
0
0
0
0
-3.68592e+08
-3.749272e+08
-3.840406e+08
-3.963725e+08
-4.124466e+08
0
0
0
0
0
0
0
0
0
0
0
0
0
-3.535151e+08
-3.594394e+08
-3.679612e+08
-3.794869e+08
-3.944841e+08
0
0
0
0
0
0
0
0
0
0
0
0
0
0
-3.399187e+08
-3.45481e+08
-3.534889e+08
-3.643102e+08
-3.783772e+08
0
0
0
0
0
0
0
0
0
0
0
0
0
0
0
-3.274465e+08
-3.326846e+08
-3.402368e+08
-3.504402e+08
-3.636859e+08
0
0
0
0
0
0
0
0
0
0
0
0
0
0
0
0
-3.156499e+08
-3.206088e+08
-3.277453e+08
-3.373836e+08
-3.498926e+08
0
0
0
0
0
0
0
0
0
0
0
0
0
0
0
0
0
-3.040711e+08
-3.087398e+08
-3.154932e+08
-3.246029e+08
-3.364052e+08
0
0
0
0
0
0
0
0
0
0
-2.924623e+08
-2.968556e+08
-3.032167e+08
-3.118169e+08
-3.229465e+08
0
0
0
0
0
0
0
0
0
0
-2.811167e+08
-2.852379e+08
-2.912343e+08
-2.993359e+08
-3.09829e+08
0
0
0
0
0
0
0
0
0
0
-2.702864e+08
-2.741707e+08
-2.798175e+08
-2.874649e+08
-2.973566e+08
0
0
0
0
0
0
0
0
0
0
0
-2.600879e+08
-2.637552e+08
-2.690956e+08
-2.763154e+08
-2.85665e+08
0
0
0
0
0
0
0
0
0
0
0
0
-2.505287e+08
-2.539995e+08
-2.590598e+08
-2.65903e+08
-2.747469e+08
0
0
0
0
0
0
0
0
0
0
0
0
0
-2.415661e+08
-2.448431e+08
-2.496489e+08
-2.561473e+08
-2.645424e+08
0
0
0
0
0
0
0
0
0
0
0
0
0
0
-2.330876e+08
-2.361899e+08
-2.407473e+08
-2.4693e+08
-2.549118e+08
0
0
0
0
0
0
0
0
0
0
0
0
0
0
0
-2.24938e+08
-2.278705e+08
-2.321993e+08
-2.380727e+08
-2.456701e+08
0
0
0
0
0
0
0
0
0
0
0
0
0
0
0
-2.169055e+08
-2.196762e+08
-2.237809e+08
-2.293613e+08
-2.365751e+08
0
0
0
0
0
0
0
0
0
0
0
0
0
0
0
-2.088659e+08
-2.114633e+08
-2.153484e+08
-2.206369e+08
-2.274771e+08
0
0
0
0
0
0
0
0
0
0
0
0
0
0
0
0
0
0
0
0
0
0
0
0
0
-2.010313e+08
-2.034541e+08
-2.071102e+08
-2.121154e+08
-2.185928e+08
0
0
0
0
0
0
0
0
0
0
0
0
0
0
0
0
0
0
0
0
0
0
0
0
0
-1.937226e+08
-1.959059e+08
-1.993377e+08
-2.040604e+08
-2.101961e+08
0
0
0
0
0
0
0
0
0
0
0
0
0
0
0
0
0
0
0
0
0
0
0
0
0
-1.870817e+08
-1.890187e+08
-1.921718e+08
-1.966251e+08
-2.024307e+08
0
0
0
0
0
0
0
0
0
0
0
0
0
0
0
0
0
0
0
0
0
0
0
0
0
-1.813257e+08
-1.828554e+08
-1.857262e+08
-1.898647e+08
-1.95361e+08
0
0
0
0
0
0
0
0
0
0
0
0
0
0
0
0
0
0
0
0
0
0
0
0
0
-3.528347e+08
-3.587468e+08
-3.672476e+08
-3.787417e+08
-3.936939e+08
0
0
0
0
0
0
0
0
0
0
0
0
0
0
-3.387001e+08
-3.442434e+08
-3.522178e+08
-3.629877e+08
-3.769816e+08
0
0
0
0
0
0
0
0
0
0
0
0
0
0
0
-3.259317e+08
-3.311476e+08
-3.386589e+08
-3.487992e+08
-3.619565e+08
0
0
0
0
0
0
0
0
0
0
0
0
0
0
0
0
-3.141791e+08
-3.191202e+08
-3.262174e+08
-3.357991e+08
-3.482213e+08
0
0
0
0
0
0
0
0
0
0
0
0
0
0
0
0
0
-3.030665e+08
-3.077321e+08
-3.144669e+08
-3.235386e+08
-3.352881e+08
0
0
0
0
0
0
0
0
0
0
0
0
0
0
0
0
0
0
-2.921439e+08
-2.965453e+08
-3.029095e+08
-3.115064e+08
-3.226236e+08
0
0
0
0
0
0
0
0
0
0
-2.811921e+08
-2.853241e+08
-2.913318e+08
-2.994446e+08
-3.099486e+08
0
0
0
0
0
0
0
0
0
0
-2.704596e+08
-2.743525e+08
-2.800094e+08
-2.876688e+08
-2.975741e+08
0
0
0
0
0
0
0
0
0
0
0
-2.602014e+08
-2.638734e+08
-2.692193e+08
-2.764458e+08
-2.858033e+08
0
0
0
0
0
0
0
0
0
0
0
0
-2.505287e+08
-2.539995e+08
-2.590598e+08
-2.65903e+08
-2.747469e+08
0
0
0
0
0
0
0
0
0
0
0
0
0
-2.414662e+08
-2.447389e+08
-2.495395e+08
-2.560319e+08
-2.644199e+08
0
0
0
0
0
0
0
0
0
0
0
0
0
0
-2.329561e+08
-2.360512e+08
-2.405999e+08
-2.467726e+08
-2.547432e+08
0
0
0
0
0
0
0
0
0
0
0
0
0
0
0
-2.249053e+08
-2.278284e+08
-2.321483e+08
-2.380121e+08
-2.455995e+08
0
0
0
0
0
0
0
0
0
0
0
0
0
0
0
-2.171592e+08
-2.199212e+08
-2.240199e+08
-2.295979e+08
-2.368122e+08
0
0
0
0
0
0
0
0
0
0
0
0
0
0
0
-2.095326e+08
-2.121248e+08
-2.160114e+08
-2.213094e+08
-2.281684e+08
0
0
0
0
0
0
0
0
0
0
0
0
0
0
0
-2.018958e+08
-2.043183e+08
-2.079816e+08
-2.130036e+08
-2.195085e+08
0
0
0
0
0
0
0
0
0
0
0
0
0
0
0
0
0
0
0
0
0
0
0
0
0
-1.945238e+08
-1.967063e+08
-2.001467e+08
-2.04886e+08
-2.110478e+08
0
0
0
0
0
0
0
0
0
0
0
0
0
0
0
0
0
0
0
0
0
0
0
0
0
-1.876603e+08
-1.896001e+08
-1.927586e+08
-1.972243e+08
-2.030488e+08
0
0
0
0
0
0
0
0
0
0
0
0
0
0
0
0
0
0
0
0
0
0
0
0
0
-1.816085e+08
-1.831383e+08
-1.860134e+08
-1.901578e+08
-1.956638e+08
0
0
0
0
0
0
0
0
0
0
0
0
0
0
0
0
0
0
0
0
0
0
0
0
0
-1.765109e+08
-1.775333e+08
-1.799736e+08
-1.83799e+08
-1.889482e+08
0
0
0
0
0
0
0
0
0
0
0
0
0
0
0
0
0
0
0
0
0
0
0
0
0
-3.380603e+08
-3.435929e+08
-3.515485e+08
-3.622901e+08
-3.762442e+08
0
0
0
0
0
0
0
0
0
0
0
0
0
0
0
-3.247835e+08
-3.299815e+08
-3.374622e+08
-3.47556e+08
-3.606474e+08
0
0
0
0
0
0
0
0
0
0
0
0
0
0
0
0
-3.127511e+08
-3.176707e+08
-3.24731e+08
-3.342557e+08
-3.465966e+08
0
0
0
0
0
0
0
0
0
0
0
0
0
0
0
0
0
-3.016723e+08
-3.063259e+08
-3.130282e+08
-3.220444e+08
-3.337194e+08
0
0
0
0
0
0
0
0
0
0
0
0
0
0
0
0
0
0
-2.911876e+08
-2.955879e+08
-3.019384e+08
-3.10505e+08
-3.215715e+08
0
0
0
0
0
0
0
0
0
0
0
0
0
0
0
0
0
0
0
-2.808858e+08
-2.850257e+08
-2.910377e+08
-2.991495e+08
-3.096456e+08
0
0
0
0
0
0
0
0
0
0
-2.705277e+08
-2.744309e+08
-2.800985e+08
-2.877691e+08
-2.976856e+08
0
0
0
0
0
0
0
0
0
0
0
-2.603633e+08
-2.640438e+08
-2.693993e+08
-2.76637e+08
-2.860076e+08
0
0
0
0
0
0
0
0
0
0
0
0
-2.506352e+08
-2.541106e+08
-2.591762e+08
-2.660256e+08
-2.74877e+08
0
0
0
0
0
0
0
0
0
0
0
0
0
-2.414662e+08
-2.447389e+08
-2.495395e+08
-2.560319e+08
-2.644199e+08
0
0
0
0
0
0
0
0
0
0
0
0
0
0
-2.328623e+08
-2.359533e+08
-2.404972e+08
-2.46664e+08
-2.546279e+08
0
0
0
0
0
0
0
0
0
0
0
0
0
0
0
-2.247831e+08
-2.276989e+08
-2.320107e+08
-2.378652e+08
-2.454417e+08
0
0
0
0
0
0
0
0
0
0
0
0
0
0
0
-2.17133e+08
-2.198858e+08
-2.239754e+08
-2.295446e+08
-2.367496e+08
0
0
0
0
0
0
0
0
0
0
0
0
0
0
0
-2.097818e+08
-2.123655e+08
-2.16246e+08
-2.215407e+08
-2.284004e+08
0
0
0
0
0
0
0
0
0
0
0
0
0
0
0
-2.025402e+08
-2.049585e+08
-2.086229e+08
-2.136532e+08
-2.201747e+08
0
0
0
0
0
0
0
0
0
0
0
0
0
0
0
-1.953599e+08
-1.975392e+08
-2.009869e+08
-2.057416e+08
-2.119289e+08
0
0
0
0
0
0
0
0
0
0
0
0
0
0
0
0
0
0
0
0
0
0
0
0
0
-1.884301e+08
-1.903731e+08
-1.935377e+08
-1.980193e+08
-2.038681e+08
0
0
0
0
0
0
0
0
0
0
0
0
0
0
0
0
0
0
0
0
0
0
0
0
0
-1.821676e+08
-1.836971e+08
-1.865797e+08
-1.907346e+08
-1.962586e+08
0
0
0
0
0
0
0
0
0
0
0
0
0
0
0
0
0
0
0
0
0
0
0
0
0
-1.767811e+08
-1.778062e+08
-1.802491e+08
-1.840812e+08
-1.89239e+08
0
0
0
0
0
0
0
0
0
0
0
0
0
0
0
0
0
0
0
0
0
0
0
0
0
-1.72729e+08
-1.728419e+08
-1.747547e+08
-1.781215e+08
-1.829214e+08
0
0
0
0
0
0
0
0
0
0
0
0
0
0
0
0
0
0
0
0
0
0
0
0
0
-3.241815e+08
-3.293694e+08
-3.368333e+08
-3.469015e+08
-3.59957e+08
0
0
0
0
0
0
0
0
0
0
0
0
0
0
0
0
-3.116696e+08
-3.165713e+08
-3.236029e+08
-3.330848e+08
-3.453658e+08
0
0
0
0
0
0
0
0
0
0
0
0
0
0
0
0
0
-3.00319e+08
-3.049584e+08
-3.116257e+08
-3.205898e+08
-3.321909e+08
0
0
0
0
0
0
0
0
0
0
0
0
0
0
0
0
0
0
-2.898629e+08
-2.942538e+08
-3.005785e+08
-3.090975e+08
-3.200917e+08
0
0
0
0
0
0
0
0
0
0
0
0
0
0
0
0
0
0
0
-2.799739e+08
-2.841135e+08
-2.901143e+08
-2.982015e+08
-3.086556e+08
0
0
0
0
0
0
0
0
0
0
0
0
0
0
0
0
0
0
0
0
-2.702323e+08
-2.741433e+08
-2.798153e+08
-2.874862e+08
-2.973976e+08
0
0
0
0
0
0
0
0
0
0
0
-2.604239e+08
-2.641148e+08
-2.694804e+08
-2.767287e+08
-2.861106e+08
0
0
0
0
0
0
0
0
0
0
0
0
-2.507861e+08
-2.5427e+08
-2.59345e+08
-2.66205e+08
-2.750686e+08
0
0
0
0
0
0
0
0
0
0
0
0
0
-2.415661e+08
-2.448431e+08
-2.496489e+08
-2.561473e+08
-2.645424e+08
0
0
0
0
0
0
0
0
0
0
0
0
0
0
-2.328623e+08
-2.359533e+08
-2.404972e+08
-2.46664e+08
-2.546279e+08
0
0
0
0
0
0
0
0
0
0
0
0
0
0
0
-2.24695e+08
-2.276069e+08
-2.319142e+08
-2.377632e+08
-2.453333e+08
0
0
0
0
0
0
0
0
0
0
0
0
0
0
0
-2.170194e+08
-2.197652e+08
-2.23847e+08
-2.294074e+08
-2.366022e+08
0
0
0
0
0
0
0
0
0
0
0
0
0
0
0
-2.097617e+08
-2.123366e+08
-2.162082e+08
-2.214941e+08
-2.283451e+08
0
0
0
0
0
0
0
0
0
0
0
0
0
0
0
-2.027841e+08
-2.051951e+08
-2.088536e+08
-2.138805e+08
-2.204017e+08
0
0
0
0
0
0
0
0
0
0
0
0
0
0
0
-1.959859e+08
-1.981583e+08
-2.016079e+08
-2.063702e+08
-2.125726e+08
0
0
0
0
0
0
0
0
0
0
0
0
0
0
0
-1.892338e+08
-1.911789e+08
-1.943478e+08
-1.988445e+08
-2.047171e+08
0
0
0
0
0
0
0
0
0
0
0
0
0
0
0
0
0
0
0
0
0
0
0
0
0
-1.82912e+08
-1.844401e+08
-1.873323e+08
-1.915003e+08
-1.970476e+08
0
0
0
0
0
0
0
0
0
0
0
0
0
0
0
0
0
0
0
0
0
0
0
0
0
-1.77316e+08
-1.783462e+08
-1.807934e+08
-1.846379e+08
-1.898115e+08
0
0
0
0
0
0
0
0
0
0
0
0
0
0
0
0
0
0
0
0
0
0
0
0
0
-1.729894e+08
-1.731026e+08
-1.750203e+08
-1.783922e+08
-1.832014e+08
0
0
0
0
0
0
0
0
0
0
0
0
0
0
0
0
0
0
0
0
0
0
0
0
0
-1.702771e+08
-1.691559e+08
-1.701537e+08
-1.729695e+08
-1.772796e+08
0
0
0
0
0
0
0
0
0
0
0
0
0
0
0
0
0
0
0
0
0
0
0
0
0
-3.111043e+08
-3.159948e+08
-3.230106e+08
-3.324694e+08
-3.447178e+08
0
0
0
0
0
0
0
0
0
0
0
0
0
0
0
0
0
-2.992942e+08
-3.03922e+08
-3.105612e+08
-3.194854e+08
-3.310314e+08
0
0
0
0
0
0
0
0
0
0
0
0
0
0
0
0
0
0
-2.885776e+08
-2.929569e+08
-2.992546e+08
-3.077244e+08
-3.186509e+08
0
0
0
0
0
0
0
0
0
0
0
0
0
0
0
0
0
0
0
-2.787133e+08
-2.828449e+08
-2.888234e+08
-2.968706e+08
-3.072614e+08
0
0
0
0
0
0
0
0
0
0
0
0
0
0
0
0
0
0
0
0
-2.693614e+08
-2.732728e+08
-2.789349e+08
-2.865845e+08
-2.964601e+08
0
0
0
0
0
0
0
0
0
0
0
0
0
0
0
0
0
0
0
0
0
-2.601379e+08
-2.638371e+08
-2.692071e+08
-2.764561e+08
-2.858344e+08
0
0
0
0
0
0
0
0
0
0
0
0
-2.50839e+08
-2.543334e+08
-2.594187e+08
-2.662887e+08
-2.751629e+08
0
0
0
0
0
0
0
0
0
0
0
0
0
-2.417069e+08
-2.449918e+08
-2.498068e+08
-2.563155e+08
-2.647222e+08
0
0
0
0
0
0
0
0
0
0
0
0
0
0
-2.329561e+08
-2.360512e+08
-2.405999e+08
-2.467726e+08
-2.547432e+08
0
0
0
0
0
0
0
0
0
0
0
0
0
0
0
-2.24695e+08
-2.276069e+08
-2.319142e+08
-2.377632e+08
-2.453333e+08
0
0
0
0
0
0
0
0
0
0
0
0
0
0
0
-2.169368e+08
-2.196789e+08
-2.237563e+08
-2.293117e+08
-2.365004e+08
0
0
0
0
0
0
0
0
0
0
0
0
0
0
0
-2.096562e+08
-2.122245e+08
-2.160885e+08
-2.213659e+08
-2.282075e+08
0
0
0
0
0
0
0
0
0
0
0
0
0
0
0
-2.027687e+08
-2.051724e+08
-2.088224e+08
-2.138406e+08
-2.203532e+08
0
0
0
0
0
0
0
0
0
0
0
0
0
0
0
-1.962272e+08
-1.983902e+08
-2.01835e+08
-2.065941e+08
-2.127958e+08
0
0
0
0
0
0
0
0
0
0
0
0
0
0
0
-1.898364e+08
-1.917808e+08
-1.949486e+08
-1.994533e+08
-2.0534e+08
0
0
0
0
0
0
0
0
0
0
0
0
0
0
0
-1.8369e+08
-1.852149e+08
-1.881163e+08
-1.922961e+08
-1.978664e+08
0
0
0
0
0
0
0
0
0
0
0
0
0
0
0
0
0
0
0
0
0
0
0
0
0
-1.780275e+08
-1.790648e+08
-1.81517e+08
-1.853778e+08
-1.905715e+08
0
0
0
0
0
0
0
0
0
0
0
0
0
0
0
0
0
0
0
0
0
0
0
0
0
-1.735059e+08
-1.736193e+08
-1.755465e+08
-1.789274e+08
-1.837541e+08
0
0
0
0
0
0
0
0
0
0
0
0
0
0
0
0
0
0
0
0
0
0
0
0
0
-1.705201e+08
-1.694072e+08
-1.704076e+08
-1.732306e+08
-1.775483e+08
0
0
0
0
0
0
0
0
0
0
0
0
0
0
0
0
0
0
0
0
0
0
0
0
0
-1.667695e+08
-1.665381e+08
-1.684272e+08
-1.721595e+08
0
0
0
0
0
0
0
0
0
0
0
0
0
0
0
0
0
0
0
0
0
0
0
0
0
-2.987598e+08
-3.033804e+08
-3.100031e+08
-3.189056e+08
-3.30422e+08
0
0
0
0
0
0
0
0
0
0
0
0
0
0
0
0
0
0
-2.876046e+08
-2.919742e+08
-2.982507e+08
-3.06682e+08
-3.17557e+08
0
0
0
0
0
0
0
0
0
0
0
0
0
0
0
0
0
0
0
-2.774909e+08
-2.816122e+08
-2.87567e+08
-2.95574e+08
-3.05901e+08
0
0
0
0
0
0
0
0
0
0
0
0
0
0
0
0
0
0
0
0
-2.681603e+08
-2.720647e+08
-2.777066e+08
-2.853206e+08
-2.951415e+08
0
0
0
0
0
0
0
0
0
0
0
0
0
0
0
0
0
0
0
0
0
-2.593043e+08
-2.63005e+08
-2.683664e+08
-2.755959e+08
-2.849424e+08
0
0
0
0
0
0
0
0
0
0
0
0
0
0
0
0
0
0
0
0
0
0
-2.505607e+08
-2.540642e+08
-2.591545e+08
-2.660253e+08
-2.748964e+08
0
0
0
0
0
0
0
0
0
0
0
0
0
-2.417527e+08
-2.450475e+08
-2.498729e+08
-2.563917e+08
-2.648083e+08
0
0
0
0
0
0
0
0
0
0
0
0
0
0
-2.330876e+08
-2.361899e+08
-2.407473e+08
-2.4693e+08
-2.549118e+08
0
0
0
0
0
0
0
0
0
0
0
0
0
0
0
-2.247831e+08
-2.276989e+08
-2.320107e+08
-2.378652e+08
-2.454417e+08
0
0
0
0
0
0
0
0
0
0
0
0
0
0
0
-2.169368e+08
-2.196789e+08
-2.237563e+08
-2.293117e+08
-2.365004e+08
0
0
0
0
0
0
0
0
0
0
0
0
0
0
0
-2.095789e+08
-2.121435e+08
-2.160034e+08
-2.212759e+08
-2.281118e+08
0
0
0
0
0
0
0
0
0
0
0
0
0
0
0
-2.026703e+08
-2.050683e+08
-2.087111e+08
-2.137212e+08
-2.202246e+08
0
0
0
0
0
0
0
0
0
0
0
0
0
0
0
-1.962181e+08
-1.983723e+08
-2.018099e+08
-2.065608e+08
-2.127541e+08
0
0
0
0
0
0
0
0
0
0
0
0
0
0
0
-1.900697e+08
-1.920105e+08
-1.951714e+08
-1.996738e+08
-2.055599e+08
0
0
0
0
0
0
0
0
0
0
0
0
0
0
0
-1.84275e+08
-1.857945e+08
-1.887006e+08
-1.928853e+08
-1.984699e+08
0
0
0
0
0
0
0
0
0
0
0
0
0
0
0
-1.787696e+08
-1.798152e+08
-1.82271e+08
-1.861481e+08
-1.913613e+08
0
0
0
0
0
0
0
0
0
0
0
0
0
0
0
0
0
0
0
0
0
0
0
0
0
-1.741926e+08
-1.743063e+08
-1.762465e+08
-1.796388e+08
-1.844884e+08
0
0
0
0
0
0
0
0
0
0
0
0
0
0
0
0
0
0
0
0
0
0
0
0
0
-1.710027e+08
-1.69906e+08
-1.709111e+08
-1.73748e+08
-1.780796e+08
0
0
0
0
0
0
0
0
0
0
0
0
0
0
0
0
0
0
0
0
0
0
0
0
0
-1.67004e+08
-1.667827e+08
-1.686767e+08
-1.724186e+08
0
0
0
0
0
0
0
0
0
0
0
0
0
0
0
0
0
0
0
0
0
0
0
0
0
-1.641997e+08
-1.648571e+08
-1.67645e+08
0
0
0
0
0
0
0
0
0
0
0
0
0
0
0
0
0
0
0
0
0
0
0
0
0
-2.870983e+08
-2.914617e+08
-2.97726e+08
-3.061356e+08
-3.169828e+08
0
0
0
0
0
0
0
0
0
0
0
0
0
0
0
0
0
0
0
-2.765659e+08
-2.806785e+08
-2.866145e+08
-2.945905e+08
-3.048683e+08
0
0
0
0
0
0
0
0
0
0
0
0
0
0
0
0
0
0
0
0
-2.669964e+08
-2.708916e+08
-2.765118e+08
-2.840896e+08
-2.938567e+08
0
0
0
0
0
0
0
0
0
0
0
0
0
0
0
0
0
0
0
0
0
-2.581576e+08
-2.618532e+08
-2.671961e+08
-2.743928e+08
-2.836899e+08
0
0
0
0
0
0
0
0
0
0
0
0
0
0
0
0
0
0
0
0
0
0
-2.497606e+08
-2.532671e+08
-2.583504e+08
-2.652036e+08
-2.740453e+08
0
0
0
0
0
0
0
0
0
0
0
0
0
0
0
0
0
0
0
0
0
0
0
-2.414815e+08
-2.447851e+08
-2.496163e+08
-2.561368e+08
-2.645507e+08
0
0
0
0
0
0
0
0
0
0
0
0
0
0
-2.331269e+08
-2.362385e+08
-2.408056e+08
-2.469984e+08
-2.549902e+08
0
0
0
0
0
0
0
0
0
0
0
0
0
0
0
-2.249053e+08
-2.278284e+08
-2.321483e+08
-2.380121e+08
-2.455995e+08
0
0
0
0
0
0
0
0
0
0
0
0
0
0
0
-2.170194e+08
-2.197652e+08
-2.238469e+08
-2.294074e+08
-2.366022e+08
0
0
0
0
0
0
0
0
0
0
0
0
0
0
0
-2.095789e+08
-2.121435e+08
-2.160034e+08
-2.212759e+08
-2.281118e+08
0
0
0
0
0
0
0
0
0
0
0
0
0
0
0
-2.025974e+08
-2.049925e+08
-2.086313e+08
-2.136367e+08
-2.201346e+08
0
0
0
0
0
0
0
0
0
0
0
0
0
0
0
-1.961274e+08
-1.982751e+08
-2.017066e+08
-2.064497e+08
-2.126343e+08
0
0
0
0
0
0
0
0
0
0
0
0
0
0
0
-1.900624e+08
-1.919989e+08
-1.951512e+08
-1.996468e+08
-2.055249e+08
0
0
0
0
0
0
0
0
0
0
0
0
0
0
0
-1.845041e+08
-1.860168e+08
-1.889216e+08
-1.931018e+08
-1.986867e+08
0
0
0
0
0
0
0
0
0
0
0
0
0
0
0
-1.793256e+08
-1.80378e+08
-1.828339e+08
-1.867214e+08
-1.919455e+08
0
0
0
0
0
0
0
0
0
0
0
0
0
0
0
-1.749083e+08
-1.750221e+08
-1.769769e+08
-1.803799e+08
-1.852531e+08
0
0
0
0
0
0
0
0
0
0
0
0
0
0
0
0
0
0
0
0
0
0
0
0
0
-1.716416e+08
-1.705691e+08
-1.715804e+08
-1.744363e+08
-1.787859e+08
0
0
0
0
0
0
0
0
0
0
0
0
0
0
0
0
0
0
0
0
0
0
0
0
0
-1.6747e+08
-1.672689e+08
-1.691719e+08
-1.729324e+08
0
0
0
0
0
0
0
0
0
0
0
0
0
0
0
0
0
0
0
0
0
0
0
0
0
-1.644279e+08
-1.650976e+08
-1.678926e+08
0
0
0
0
0
0
0
0
0
0
0
0
0
0
0
0
0
0
0
0
0
0
0
0
0
-1.625496e+08
-1.640965e+08
0
0
0
0
0
0
0
0
0
0
0
0
0
0
0
0
0
0
0
0
0
0
0
0
0
-2.760855e+08
-2.801926e+08
-2.861179e+08
-2.940766e+08
-3.043269e+08
0
0
0
0
0
0
0
0
0
0
0
0
0
0
0
0
0
0
0
0
-2.661159e+08
-2.700032e+08
-2.756063e+08
-2.831561e+08
-2.928822e+08
0
0
0
0
0
0
0
0
0
0
0
0
0
0
0
0
0
0
0
0
0
-2.570473e+08
-2.607354e+08
-2.660584e+08
-2.732218e+08
-2.824699e+08
0
0
0
0
0
0
0
0
0
0
0
0
0
0
0
0
0
0
0
0
0
0
-2.486635e+08
-2.521667e+08
-2.57234e+08
-2.640569e+08
-2.72853e+08
0
0
0
0
0
0
0
0
0
0
0
0
0
0
0
0
0
0
0
0
0
0
0
-2.407125e+08
-2.440194e+08
-2.488457e+08
-2.553506e+08
-2.637374e+08
0
0
0
0
0
0
0
0
0
0
0
0
0
0
0
0
0
0
0
0
0
0
0
0
-2.328626e+08
-2.359824e+08
-2.405552e+08
-2.467508e+08
-2.547409e+08
0
0
0
0
0
0
0
0
0
0
0
0
0
0
0
-2.24938e+08
-2.278705e+08
-2.321993e+08
-2.380727e+08
-2.456701e+08
0
0
0
0
0
0
0
0
0
0
0
0
0
0
0
-2.17133e+08
-2.198858e+08
-2.239754e+08
-2.295446e+08
-2.367496e+08
0
0
0
0
0
0
0
0
0
0
0
0
0
0
0
-2.096562e+08
-2.122245e+08
-2.160885e+08
-2.213659e+08
-2.282075e+08
0
0
0
0
0
0
0
0
0
0
0
0
0
0
0
-2.025974e+08
-2.049925e+08
-2.086313e+08
-2.136367e+08
-2.201346e+08
0
0
0
0
0
0
0
0
0
0
0
0
0
0
0
-1.960593e+08
-1.982036e+08
-2.016318e+08
-2.063704e+08
-2.125498e+08
0
0
0
0
0
0
0
0
0
0
0
0
0
0
0
-1.899764e+08
-1.919093e+08
-1.950547e+08
-1.995436e+08
-2.054135e+08
0
0
0
0
0
0
0
0
0
0
0
0
0
0
0
-1.845006e+08
-1.860071e+08
-1.889077e+08
-1.930797e+08
-1.986579e+08
0
0
0
0
0
0
0
0
0
0
0
0
0
0
0
-1.795406e+08
-1.805965e+08
-1.830479e+08
-1.869362e+08
-1.921584e+08
0
0
0
0
0
0
0
0
0
0
0
0
0
0
0
-1.75443e+08
-1.755572e+08
-1.775237e+08
-1.809322e+08
-1.858215e+08
0
0
0
0
0
0
0
0
0
0
0
0
0
0
0
-1.723019e+08
-1.712593e+08
-1.722772e+08
-1.751542e+08
-1.795215e+08
0
0
0
0
0
0
0
0
0
0
0
0
0
0
0
0
0
0
0
0
0
0
0
0
0
-1.680869e+08
-1.679148e+08
-1.698301e+08
-1.736157e+08
0
0
0
0
0
0
0
0
0
0
0
0
0
0
0
0
0
0
0
0
0
0
0
0
0
-1.64882e+08
-1.655757e+08
-1.683844e+08
0
0
0
0
0
0
0
0
0
0
0
0
0
0
0
0
0
0
0
0
0
0
0
0
0
-1.627739e+08
-1.643351e+08
0
0
0
0
0
0
0
0
0
0
0
0
0
0
0
0
0
0
0
0
0
0
0
0
0
-1.618033e+08
0
0
0
0
0
0
0
0
0
0
0
0
0
0
0
0
0
0
0
0
0
0
0
0
0
-2.656597e+08
-2.69542e+08
-2.751352e+08
-2.826696e+08
-2.92373e+08
0
0
0
0
0
0
0
0
0
0
0
0
0
0
0
0
0
0
0
0
0
-2.562079e+08
-2.598893e+08
-2.651964e+08
-2.72334e+08
-2.815448e+08
0
0
0
0
0
0
0
0
0
0
0
0
0
0
0
0
0
0
0
0
0
0
-2.476024e+08
-2.510998e+08
-2.561494e+08
-2.629414e+08
-2.716921e+08
0
0
0
0
0
0
0
0
0
0
0
0
0
0
0
0
0
0
0
0
0
0
0
-2.396617e+08
-2.429659e+08
-2.477786e+08
-2.542563e+08
-2.626007e+08
0
0
0
0
0
0
0
0
0
0
0
0
0
0
0
0
0
0
0
0
0
0
0
0
-2.321229e+08
-2.35246e+08
-2.398144e+08
-2.459968e+08
-2.539625e+08
0
0
0
0
0
0
0
0
0
0
0
0
0
0
0
0
0
0
0
0
0
0
0
0
0
-2.246794e+08
-2.276206e+08
-2.319548e+08
-2.378307e+08
-2.454276e+08
0
0
0
0
0
0
0
0
0
0
0
0
0
0
0
-2.171592e+08
-2.199212e+08
-2.240199e+08
-2.295979e+08
-2.368122e+08
0
0
0
0
0
0
0
0
0
0
0
0
0
0
0
-2.097617e+08
-2.123366e+08
-2.162082e+08
-2.214941e+08
-2.283451e+08
0
0
0
0
0
0
0
0
0
0
0
0
0
0
0
-2.026703e+08
-2.050683e+08
-2.087111e+08
-2.137212e+08
-2.202246e+08
0
0
0
0
0
0
0
0
0
0
0
0
0
0
0
-1.960593e+08
-1.982036e+08
-2.016318e+08
-2.063704e+08
-2.125498e+08
0
0
0
0
0
0
0
0
0
0
0
0
0
0
0
-1.899116e+08
-1.918425e+08
-1.949842e+08
-1.994692e+08
-2.053342e+08
0
0
0
0
0
0
0
0
0
0
0
0
0
0
0
-1.844198e+08
-1.859221e+08
-1.888187e+08
-1.929833e+08
-1.985544e+08
0
0
0
0
0
0
0
0
0
0
0
0
0
0
0
-1.795333e+08
-1.805905e+08
-1.830361e+08
-1.869205e+08
-1.921347e+08
0
0
0
0
0
0
0
0
0
0
0
0
0
0
0
-1.756485e+08
-1.757622e+08
-1.777341e+08
-1.811404e+08
-1.860329e+08
0
0
0
0
0
0
0
0
0
0
0
0
0
0
0
-1.727848e+08
-1.717737e+08
-1.727971e+08
-1.756908e+08
-1.800692e+08
0
0
0
0
0
0
0
0
0
0
0
0
0
0
0
-1.687236e+08
-1.685866e+08
-1.70515e+08
-1.743283e+08
0
0
0
0
0
0
0
0
0
0
0
0
0
0
0
0
0
0
0
0
0
0
0
0
0
-1.654829e+08
-1.662108e+08
-1.690378e+08
0
0
0
0
0
0
0
0
0
0
0
0
0
0
0
0
0
0
0
0
0
0
0
0
0
-1.632205e+08
-1.648099e+08
0
0
0
0
0
0
0
0
0
0
0
0
0
0
0
0
0
0
0
0
0
0
0
0
0
-1.620259e+08
0
0
0
0
0
0
0
0
0
0
0
0
0
0
0
0
0
0
0
0
0
0
0
0
0
0
0
0
0
0
0
0
0
0
0
0
0
0
0
0
0
0
0
0
0
0
0
0
0
0
-2.557738e+08
-2.59451e+08
-2.64749e+08
-2.718723e+08
-2.810626e+08
0
0
0
0
0
0
0
0
0
0
0
0
0
0
0
0
0
0
0
0
0
0
-2.468007e+08
-2.502926e+08
-2.553281e+08
-2.620961e+08
-2.708121e+08
0
0
0
0
0
0
0
0
0
0
0
0
0
0
0
0
0
0
0
0
0
0
0
-2.386464e+08
-2.419457e+08
-2.467429e+08
-2.531925e+08
-2.614948e+08
0
0
0
0
0
0
0
0
0
0
0
0
0
0
0
0
0
0
0
0
0
0
0
0
-2.311153e+08
-2.342363e+08
-2.387923e+08
-2.449506e+08
-2.528776e+08
0
0
0
0
0
0
0
0
0
0
0
0
0
0
0
0
0
0
0
0
0
0
0
0
0
-2.239659e+08
-2.269116e+08
-2.312419e+08
-2.371057e+08
-2.446811e+08
0
0
0
0
0
0
0
0
0
0
0
0
0
0
0
0
0
0
0
0
0
0
0
0
0
-2.169055e+08
-2.196762e+08
-2.237809e+08
-2.293613e+08
-2.365751e+08
0
0
0
0
0
0
0
0
0
0
0
0
0
0
0
-2.097818e+08
-2.123655e+08
-2.16246e+08
-2.215407e+08
-2.284004e+08
0
0
0
0
0
0
0
0
0
0
0
0
0
0
0
-2.027687e+08
-2.051724e+08
-2.088224e+08
-2.138406e+08
-2.203532e+08
0
0
0
0
0
0
0
0
0
0
0
0
0
0
0
-1.961274e+08
-1.982751e+08
-2.017066e+08
-2.064497e+08
-2.126343e+08
0
0
0
0
0
0
0
0
0
0
0
0
0
0
0
-1.899116e+08
-1.918425e+08
-1.949842e+08
-1.994692e+08
-2.053342e+08
0
0
0
0
0
0
0
0
0
0
0
0
0
0
0
-1.843584e+08
-1.858586e+08
-1.887528e+08
-1.929133e+08
-1.9848e+08
0
0
0
0
0
0
0
0
0
0
0
0
0
0
0
-1.794531e+08
-1.805107e+08
-1.829517e+08
-1.868316e+08
-1.920379e+08
0
0
0
0
0
0
0
0
0
0
0
0
0
0
0
-1.756397e+08
-1.757527e+08
-1.77726e+08
-1.811268e+08
-1.860156e+08
0
0
0
0
0
0
0
0
0
0
0
0
0
0
0
-1.729574e+08
-1.719695e+08
-1.729945e+08
-1.758957e+08
-1.802741e+08
0
0
0
0
0
0
0
0
0
0
0
0
0
0
0
-1.69188e+08
-1.690863e+08
-1.710253e+08
-1.748606e+08
0
0
0
0
0
0
0
0
0
0
0
0
0
0
0
-1.661026e+08
-1.668712e+08
-1.697178e+08
0
0
0
0
0
0
0
0
0
0
0
0
0
0
0
0
0
0
0
0
0
0
0
0
0
-1.638113e+08
-1.654405e+08
0
0
0
0
0
0
0
0
0
0
0
0
0
0
0
0
0
0
0
0
0
0
0
0
0
-1.624693e+08
0
0
0
0
0
0
0
0
0
0
0
0
0
0
0
0
0
0
0
0
0
0
0
0
0
0
0
0
0
0
0
0
0
0
0
0
0
0
0
0
0
0
0
0
0
0
0
0
0
0
0
0
0
0
0
0
0
0
0
0
0
0
0
0
0
0
0
0
0
0
0
0
0
0
-2.463869e+08
-2.498753e+08
-2.549027e+08
-2.616574e+08
-2.703545e+08
0
0
0
0
0
0
0
0
0
0
0
0
0
0
0
0
0
0
0
0
0
0
0
-2.378796e+08
-2.411742e+08
-2.45959e+08
-2.523868e+08
-2.606567e+08
0
0
0
0
0
0
0
0
0
0
0
0
0
0
0
0
0
0
0
0
0
0
0
0
-2.30143e+08
-2.332595e+08
-2.378015e+08
-2.439345e+08
-2.518228e+08
0
0
0
0
0
0
0
0
0
0
0
0
0
0
0
0
0
0
0
0
0
0
0
0
0
-2.229977e+08
-2.25943e+08
-2.302618e+08
-2.361033e+08
-2.436437e+08
0
0
0
0
0
0
0
0
0
0
0
0
0
0
0
0
0
0
0
0
0
0
0
0
0
-2.162162e+08
-2.18992e+08
-2.230943e+08
-2.286634e+08
-2.358571e+08
0
0
0
0
0
0
0
0
0
0
0
0
0
0
0
0
0
0
0
0
0
0
0
0
0
-2.095326e+08
-2.121248e+08
-2.160114e+08
-2.213094e+08
-2.281684e+08
0
0
0
0
0
0
0
0
0
0
0
0
0
0
0
-2.027841e+08
-2.051951e+08
-2.088536e+08
-2.138805e+08
-2.204017e+08
0
0
0
0
0
0
0
0
0
0
0
0
0
0
0
-1.962181e+08
-1.983723e+08
-2.018099e+08
-2.065608e+08
-2.127541e+08
0
0
0
0
0
0
0
0
0
0
0
0
0
0
0
-1.899764e+08
-1.919093e+08
-1.950547e+08
-1.995436e+08
-2.054135e+08
0
0
0
0
0
0
0
0
0
0
0
0
0
0
0
-1.843584e+08
-1.858586e+08
-1.887528e+08
-1.929133e+08
-1.9848e+08
0
0
0
0
0
0
0
0
0
0
0
0
0
0
0
-1.793928e+08
-1.804505e+08
-1.828889e+08
-1.867661e+08
-1.919678e+08
0
0
0
0
0
0
0
0
0
0
0
0
0
0
0
-1.755611e+08
-1.756736e+08
-1.776467e+08
-1.810425e+08
-1.859263e+08
0
0
0
0
0
0
0
0
0
0
0
0
0
0
0
-1.729307e+08
-1.719587e+08
-1.729832e+08
-1.758858e+08
-1.80259e+08
0
0
0
0
0
0
0
0
0
0
0
0
0
0
0
-1.693522e+08
-1.692748e+08
-1.712174e+08
-1.750622e+08
0
0
0
0
0
0
0
0
0
0
0
0
0
0
0
-1.665535e+08
-1.673615e+08
-1.702238e+08
0
0
0
0
0
0
0
0
0
0
0
0
0
0
0
-1.644204e+08
-1.66096e+08
0
0
0
0
0
0
0
0
0
0
0
0
0
0
0
0
0
0
0
0
0
0
0
0
0
-1.630559e+08
0
0
0
0
0
0
0
0
0
0
0
0
0
0
0
0
0
0
0
0
0
0
0
0
0
0
0
0
0
0
0
0
0
0
0
0
0
0
0
0
0
0
0
0
0
0
0
0
0
0
0
0
0
0
0
0
0
0
0
0
0
0
0
0
0
0
0
0
0
0
0
0
0
0
0
0
0
0
0
0
0
0
0
0
0
0
0
0
0
0
0
0
0
0
0
0
0
-2.374849e+08
-2.407763e+08
-2.455539e+08
-2.519696e+08
-2.602219e+08
0
0
0
0
0
0
0
0
0
0
0
0
0
0
0
0
0
0
0
0
0
0
0
0
-2.294091e+08
-2.325214e+08
-2.370519e+08
-2.431652e+08
-2.510239e+08
0
0
0
0
0
0
0
0
0
0
0
0
0
0
0
0
0
0
0
0
0
0
0
0
0
-2.220645e+08
-2.25007e+08
-2.293128e+08
-2.351309e+08
-2.42636e+08
0
0
0
0
0
0
0
0
0
0
0
0
0
0
0
0
0
0
0
0
0
0
0
0
0
-2.152846e+08
-2.180607e+08
-2.221537e+08
-2.277018e+08
-2.34863e+08
0
0
0
0
0
0
0
0
0
0
0
0
0
0
0
0
0
0
0
0
0
0
0
0
0
-2.088659e+08
-2.114633e+08
-2.153484e+08
-2.206369e+08
-2.274771e+08
0
0
0
0
0
0
0
0
0
0
0
0
0
0
0
0
0
0
0
0
0
0
0
0
0
-2.025402e+08
-2.049585e+08
-2.086229e+08
-2.136532e+08
-2.201747e+08
0
0
0
0
0
0
0
0
0
0
0
0
0
0
0
-1.962272e+08
-1.983902e+08
-2.01835e+08
-2.065941e+08
-2.127958e+08
0
0
0
0
0
0
0
0
0
0
0
0
0
0
0
-1.900624e+08
-1.919989e+08
-1.951512e+08
-1.996468e+08
-2.055249e+08
0
0
0
0
0
0
0
0
0
0
0
0
0
0
0
-1.844198e+08
-1.859221e+08
-1.888187e+08
-1.929833e+08
-1.985544e+08
0
0
0
0
0
0
0
0
0
0
0
0
0
0
0
-1.793928e+08
-1.804505e+08
-1.828889e+08
-1.867661e+08
-1.919678e+08
0
0
0
0
0
0
0
0
0
0
0
0
0
0
0
-1.755023e+08
-1.756144e+08
-1.775872e+08
-1.809801e+08
-1.858608e+08
0
0
0
0
0
0
0
0
0
0
0
0
0
0
0
-1.728428e+08
-1.71881e+08
-1.729045e+08
-1.758066e+08
-1.801743e+08
0
0
0
0
0
0
0
0
0
0
0
0
0
0
0
-1.693241e+08
-1.692621e+08
-1.712045e+08
-1.75051e+08
0
0
0
0
0
0
0
0
0
0
0
0
0
0
0
-1.667113e+08
-1.675449e+08
-1.70413e+08
0
0
0
0
0
0
0
0
0
0
0
0
0
0
0
-1.648627e+08
-1.665823e+08
0
0
0
0
0
0
0
0
0
0
0
0
0
0
0
-1.636605e+08
0
0
0
0
0
0
0
0
0
0
0
0
0
0
0
0
0
0
0
0
0
0
0
0
0
0
0
0
0
0
0
0
0
0
0
0
0
0
0
0
0
0
0
0
0
0
0
0
0
0
0
0
0
0
0
0
0
0
0
0
0
0
0
0
0
0
0
0
0
0
0
0
0
0
0
0
0
0
0
0
0
0
0
0
0
0
0
0
0
0
0
0
0
0
0
0
0
0
0
0
0
0
0
0
0
0
0
0
0
0
0
0
0
0
0
0
0
0
0
-2.290321e+08
-2.321415e+08
-2.366655e+08
-2.427678e+08
-2.506103e+08
0
0
0
0
0
0
0
0
0
0
0
0
0
0
0
0
0
0
0
0
0
0
0
0
0
-2.213606e+08
-2.243002e+08
-2.285953e+08
-2.343952e+08
-2.418731e+08
0
0
0
0
0
0
0
0
0
0
0
0
0
0
0
0
0
0
0
0
0
0
0
0
0
-2.14388e+08
-2.171619e+08
-2.21244e+08
-2.267702e+08
-2.338985e+08
0
0
0
0
0
0
0
0
0
0
0
0
0
0
0
0
0
0
0
0
0
0
0
0
0
-2.079685e+08
-2.105667e+08
-2.144437e+08
-2.197138e+08
-2.265233e+08
0
0
0
0
0
0
0
0
0
0
0
0
0
0
0
0
0
0
0
0
0
0
0
0
0
-2.018958e+08
-2.043183e+08
-2.079816e+08
-2.130036e+08
-2.195085e+08
0
0
0
0
0
0
0
0
0
0
0
0
0
0
0
0
0
0
0
0
0
0
0
0
0
-1.959859e+08
-1.981583e+08
-2.016079e+08
-2.063702e+08
-2.125726e+08
0
0
0
0
0
0
0
0
0
0
0
0
0
0
0
-1.900697e+08
-1.920105e+08
-1.951714e+08
-1.996738e+08
-2.055599e+08
0
0
0
0
0
0
0
0
0
0
0
0
0
0
0
-1.845006e+08
-1.860071e+08
-1.889077e+08
-1.930797e+08
-1.986579e+08
0
0
0
0
0
0
0
0
0
0
0
0
0
0
0
-1.794531e+08
-1.805107e+08
-1.829517e+08
-1.868316e+08
-1.920379e+08
0
0
0
0
0
0
0
0
0
0
0
0
0
0
0
-1.755023e+08
-1.756144e+08
-1.775872e+08
-1.809801e+08
-1.858608e+08
0
0
0
0
0
0
0
0
0
0
0
0
0
0
0
-1.7278e+08
-1.718233e+08
-1.728461e+08
-1.757475e+08
-1.801119e+08
0
0
0
0
0
0
0
0
0
0
0
0
0
0
0
-1.692376e+08
-1.691849e+08
-1.711259e+08
-1.749713e+08
0
0
0
0
0
0
0
0
0
0
0
0
0
0
0
-1.666819e+08
-1.675306e+08
-1.703987e+08
0
0
0
0
0
0
0
0
0
0
0
0
0
0
0
-1.65016e+08
-1.667628e+08
0
0
0
0
0
0
0
0
0
0
0
0
0
0
0
-1.64099e+08
0
0
0
0
0
0
0
0
0
0
0
0
0
0
0
0
0
0
0
0
0
0
0
0
0
0
0
0
0
0
0
0
0
0
0
0
0
0
0
0
0
0
0
0
0
0
0
0
0
0
0
0
0
0
0
0
0
0
0
0
0
0
0
0
0
0
0
0
0
0
0
0
0
0
0
0
0
0
0
0
0
0
0
0
0
0
0
0
0
0
0
0
0
0
0
0
0
0
0
0
0
0
0
0
0
0
0
0
0
0
0
0
0
0
0
0
0
0
0
0
0
0
0
0
0
0
0
0
0
0
-2.209998e+08
-2.239372e+08
-2.282263e+08
-2.34016e+08
-2.41479e+08
0
0
0
0
0
0
0
0
0
0
0
0
0
0
0
0
0
0
0
0
0
0
0
0
0
-2.137122e+08
-2.164836e+08
-2.205567e+08
-2.260658e+08
-2.331687e+08
0
0
0
0
0
0
0
0
0
0
0
0
0
0
0
0
0
0
0
0
0
0
0
0
0
-2.07106e+08
-2.097027e+08
-2.135697e+08
-2.188205e+08
-2.255991e+08
0
0
0
0
0
0
0
0
0
0
0
0
0
0
0
0
0
0
0
0
0
0
0
0
0
-2.010313e+08
-2.034541e+08
-2.071102e+08
-2.121154e+08
-2.185928e+08
0
0
0
0
0
0
0
0
0
0
0
0
0
0
0
0
0
0
0
0
0
0
0
0
0
-1.953599e+08
-1.975392e+08
-2.009869e+08
-2.057416e+08
-2.119289e+08
0
0
0
0
0
0
0
0
0
0
0
0
0
0
0
0
0
0
0
0
0
0
0
0
0
-1.898364e+08
-1.917808e+08
-1.949486e+08
-1.994533e+08
-2.0534e+08
0
0
0
0
0
0
0
0
0
0
0
0
0
0
0
-1.845041e+08
-1.860168e+08
-1.889216e+08
-1.931018e+08
-1.986867e+08
0
0
0
0
0
0
0
0
0
0
0
0
0
0
0
-1.795333e+08
-1.805905e+08
-1.830361e+08
-1.869205e+08
-1.921347e+08
0
0
0
0
0
0
0
0
0
0
0
0
0
0
0
-1.755611e+08
-1.756736e+08
-1.776467e+08
-1.810425e+08
-1.859263e+08
0
0
0
0
0
0
0
0
0
0
0
0
0
0
0
-1.7278e+08
-1.718233e+08
-1.728461e+08
-1.757475e+08
-1.801119e+08
0
0
0
0
0
0
0
0
0
0
0
0
0
0
0
-1.691761e+08
-1.691279e+08
-1.710679e+08
-1.749122e+08
0
0
0
0
0
0
0
0
0
0
0
0
0
0
0
-1.665962e+08
-1.674536e+08
-1.703197e+08
0
0
0
0
0
0
0
0
0
0
0
0
0
0
0
-1.649853e+08
-1.667472e+08
0
0
0
0
0
0
0
0
0
0
0
0
0
0
0
-1.642497e+08
0
0
0
0
0
0
0
0
0
0
0
0
0
0
0
0
0
0
0
0
0
0
0
0
0
0
0
0
0
0
0
0
0
0
0
0
0
0
0
0
0
0
0
0
0
0
0
0
0
0
0
0
0
0
0
0
0
0
0
0
0
0
0
0
0
0
0
0
0
0
0
0
0
0
0
0
0
0
0
0
0
0
0
0
0
0
0
0
0
0
0
0
0
0
0
0
0
0
0
0
0
0
0
0
0
0
0
0
0
0
0
0
0
0
0
0
0
0
0
0
0
0
0
0
0
0
0
0
0
0
0
0
0
0
0
0
0
0
0
0
-2.133666e+08
-2.161362e+08
-2.202039e+08
-2.257036e+08
-2.327927e+08
0
0
0
0
0
0
0
0
0
0
0
0
0
0
0
0
0
0
0
0
0
0
0
0
0
-2.064565e+08
-2.090513e+08
-2.1291e+08
-2.181455e+08
-2.249003e+08
0
0
0
0
0
0
0
0
0
0
0
0
0
0
0
0
0
0
0
0
0
0
0
0
0
-2.002013e+08
-2.026227e+08
-2.062698e+08
-2.112571e+08
-2.177064e+08
0
0
0
0
0
0
0
0
0
0
0
0
0
0
0
0
0
0
0
0
0
0
0
0
0
-1.945238e+08
-1.967063e+08
-2.001467e+08
-2.04886e+08
-2.110478e+08
0
0
0
0
0
0
0
0
0
0
0
0
0
0
0
0
0
0
0
0
0
0
0
0
0
-1.892338e+08
-1.911789e+08
-1.943478e+08
-1.988445e+08
-2.047171e+08
0
0
0
0
0
0
0
0
0
0
0
0
0
0
0
0
0
0
0
0
0
0
0
0
0
-1.84275e+08
-1.857945e+08
-1.887006e+08
-1.928853e+08
-1.984699e+08
0
0
0
0
0
0
0
0
0
0
0
0
0
0
0
-1.795406e+08
-1.805965e+08
-1.830478e+08
-1.869362e+08
-1.921584e+08
0
0
0
0
0
0
0
0
0
0
0
0
0
0
0
-1.756397e+08
-1.757527e+08
-1.77726e+08
-1.811268e+08
-1.860156e+08
0
0
0
0
0
0
0
0
0
0
0
0
0
0
0
-1.728428e+08
-1.71881e+08
-1.729045e+08
-1.758066e+08
-1.801743e+08
0
0
0
0
0
0
0
0
0
0
0
0
0
0
0
-1.691761e+08
-1.691279e+08
-1.710679e+08
-1.749122e+08
0
0
0
0
0
0
0
0
0
0
0
0
0
0
0
-1.665356e+08
-1.673969e+08
-1.702617e+08
0
0
0
0
0
0
0
0
0
0
0
0
0
0
0
-1.649e+08
-1.666698e+08
0
0
0
0
0
0
0
0
0
0
0
0
0
0
0
-1.642179e+08
0
0
0
0
0
0
0
0
0
0
0
0
0
0
0
0
0
0
0
0
0
0
0
0
0
0
0
0
0
0
0
0
0
0
0
0
0
0
0
0
0
0
0
0
0
0
0
0
0
0
0
0
0
0
0
0
0
0
0
0
0
0
0
0
0
0
0
0
0
0
0
0
0
0
0
0
0
0
0
0
0
0
0
0
0
0
0
0
0
0
0
0
0
0
0
0
0
0
0
0
0
0
0
0
0
0
0
0
0
0
0
0
0
0
0
0
0
0
0
0
0
0
0
0
0
0
0
0
0
0
0
0
0
0
0
0
0
0
0
0
0
0
0
0
0
0
0
0
0
-2.061251e+08
-2.087183e+08
-2.125722e+08
-2.177992e+08
-2.245411e+08
0
0
0
0
0
0
0
0
0
0
0
0
0
0
0
0
0
0
0
0
0
0
0
0
0
-1.995768e+08
-2.019963e+08
-2.056359e+08
-2.10609e+08
-2.170368e+08
0
0
0
0
0
0
0
0
0
0
0
0
0
0
0
0
0
0
0
0
0
0
0
0
0
-1.937226e+08
-1.959059e+08
-1.993377e+08
-2.040604e+08
-2.101961e+08
0
0
0
0
0
0
0
0
0
0
0
0
0
0
0
0
0
0
0
0
0
0
0
0
0
-1.884301e+08
-1.903731e+08
-1.935377e+08
-1.980193e+08
-2.038681e+08
0
0
0
0
0
0
0
0
0
0
0
0
0
0
0
0
0
0
0
0
0
0
0
0
0
-1.8369e+08
-1.852149e+08
-1.881163e+08
-1.922961e+08
-1.978664e+08
0
0
0
0
0
0
0
0
0
0
0
0
0
0
0
0
0
0
0
0
0
0
0
0
0
-1.793256e+08
-1.80378e+08
-1.828339e+08
-1.867214e+08
-1.919455e+08
0
0
0
0
0
0
0
0
0
0
0
0
0
0
0
-1.756485e+08
-1.757622e+08
-1.777341e+08
-1.811404e+08
-1.860329e+08
0
0
0
0
0
0
0
0
0
0
0
0
0
0
0
-1.729307e+08
-1.719587e+08
-1.729832e+08
-1.758858e+08
-1.80259e+08
0
0
0
0
0
0
0
0
0
0
0
0
0
0
0
-1.692376e+08
-1.691849e+08
-1.711259e+08
-1.749713e+08
0
0
0
0
0
0
0
0
0
0
0
0
0
0
0
-1.665356e+08
-1.673969e+08
-1.702617e+08
0
0
0
0
0
0
0
0
0
0
0
0
0
0
0
-1.648397e+08
-1.666132e+08
0
0
0
0
0
0
0
0
0
0
0
0
0
0
0
-1.641322e+08
0
0
0
0
0
0
0
0
0
0
0
0
0
0
0
0
0
0
0
0
0
0
0
0
0
0
0
0
0
0
0
0
0
0
0
0
0
0
0
0
0
0
0
0
0
0
0
0
0
0
0
0
0
0
0
0
0
0
0
0
0
0
0
0
0
0
0
0
0
0
0
0
0
0
0
0
0
0
0
0
0
0
0
0
0
0
0
0
0
0
0
0
0
0
0
0
0
0
0
0
0
0
0
0
0
0
0
0
0
0
0
0
0
0
0
0
0
0
0
0
0
0
0
0
0
0
0
0
0
0
0
0
0
0
0
0
0
0
0
0
0
0
0
0
0
0
0
0
0
0
0
0
0
0
0
0
0
-1.992588e+08
-2.016769e+08
-2.053121e+08
-2.102773e+08
-2.166933e+08
0
0
0
0
0
0
0
0
0
0
0
0
0
0
0
0
0
0
0
0
0
0
0
0
0
-1.931203e+08
-1.953033e+08
-1.987279e+08
-2.034376e+08
-2.09553e+08
0
0
0
0
0
0
0
0
0
0
0
0
0
0
0
0
0
0
0
0
0
0
0
0
0
-1.876603e+08
-1.896001e+08
-1.927586e+08
-1.972243e+08
-2.030488e+08
0
0
0
0
0
0
0
0
0
0
0
0
0
0
0
0
0
0
0
0
0
0
0
0
0
-1.82912e+08
-1.844401e+08
-1.873323e+08
-1.915003e+08
-1.970476e+08
0
0
0
0
0
0
0
0
0
0
0
0
0
0
0
0
0
0
0
0
0
0
0
0
0
-1.787696e+08
-1.798152e+08
-1.82271e+08
-1.861481e+08
-1.913613e+08
0
0
0
0
0
0
0
0
0
0
0
0
0
0
0
0
0
0
0
0
0
0
0
0
0
-1.75443e+08
-1.755572e+08
-1.775237e+08
-1.809322e+08
-1.858215e+08
0
0
0
0
0
0
0
0
0
0
0
0
0
0
0
-1.729574e+08
-1.719695e+08
-1.729945e+08
-1.758957e+08
-1.802741e+08
0
0
0
0
0
0
0
0
0
0
0
0
0
0
0
-1.693241e+08
-1.692621e+08
-1.712045e+08
-1.75051e+08
0
0
0
0
0
0
0
0
0
0
0
0
0
0
0
-1.665962e+08
-1.674536e+08
-1.703197e+08
0
0
0
0
0
0
0
0
0
0
0
0
0
0
0
-1.648397e+08
-1.666132e+08
0
0
0
0
0
0
0
0
0
0
0
0
0
0
0
-1.64072e+08
0
0
0
0
0
0
0
0
0
0
0
0
0
0
0
0
0
0
0
0
0
0
0
0
0
0
0
0
0
0
0
0
0
0
0
0
0
0
0
0
0
0
0
0
0
0
0
0
0
0
0
0
0
0
0
0
0
0
0
0
0
0
0
0
0
0
0
0
0
0
0
0
0
0
0
0
0
0
0
0
0
0
0
0
0
0
0
0
0
0
0
0
0
0
0
0
0
0
0
0
0
0
0
0
0
0
0
0
0
0
0
0
0
0
0
0
0
0
0
0
0
0
0
0
0
0
0
0
0
0
0
0
0
0
0
0
0
0
0
0
0
0
0
0
0
0
0
0
0
0
0
0
0
0
0
0
0
0
0
0
0
0
0
0
-1.928143e+08
-1.949967e+08
-1.984173e+08
-2.031195e+08
-2.092239e+08
0
0
0
0
0
0
0
0
0
0
0
0
0
0
0
0
0
0
0
0
0
0
0
0
0
-1.870817e+08
-1.890187e+08
-1.921718e+08
-1.966251e+08
-2.024307e+08
0
0
0
0
0
0
0
0
0
0
0
0
0
0
0
0
0
0
0
0
0
0
0
0
0
-1.821676e+08
-1.836971e+08
-1.865797e+08
-1.907346e+08
-1.962586e+08
0
0
0
0
0
0
0
0
0
0
0
0
0
0
0
0
0
0
0
0
0
0
0
0
0
-1.780275e+08
-1.790648e+08
-1.81517e+08
-1.853778e+08
-1.905715e+08
0
0
0
0
0
0
0
0
0
0
0
0
0
0
0
0
0
0
0
0
0
0
0
0
0
-1.749083e+08
-1.750221e+08
-1.769769e+08
-1.803799e+08
-1.852531e+08
0
0
0
0
0
0
0
0
0
0
0
0
0
0
0
0
0
0
0
0
0
0
0
0
0
-1.727848e+08
-1.717737e+08
-1.727971e+08
-1.756908e+08
-1.800692e+08
0
0
0
0
0
0
0
0
0
0
0
0
0
0
0
-1.693522e+08
-1.692748e+08
-1.712174e+08
-1.750622e+08
0
0
0
0
0
0
0
0
0
0
0
0
0
0
0
-1.666819e+08
-1.675306e+08
-1.703987e+08
0
0
0
0
0
0
0
0
0
0
0
0
0
0
0
-1.649e+08
-1.666698e+08
0
0
0
0
0
0
0
0
0
0
0
0
0
0
0
-1.64072e+08
0
0
0
0
0
0
0
0
0
0
0
0
0
0
0
0
0
0
0
0
0
0
0
0
0
0
0
0
0
0
0
0
0
0
0
0
0
0
0
0
0
0
0
0
0
0
0
0
0
0
0
0
0
0
0
0
0
0
0
0
0
0
0
0
0
0
0
0
0
0
0
0
0
0
0
0
0
0
0
0
0
0
0
0
0
0
0
0
0
0
0
0
0
0
0
0
0
0
0
0
0
0
0
0
0
0
0
0
0
0
0
0
0
0
0
0
0
0
0
0
0
0
0
0
0
0
0
0
0
0
0
0
0
0
0
0
0
0
0
0
0
0
0
0
0
0
0
0
0
0
0
0
0
0
0
0
0
0
0
0
0
0
0
0
0
0
0
0
0
0
-1.867883e+08
-1.887236e+08
-1.918735e+08
-1.963199e+08
-2.021152e+08
0
0
0
0
0
0
0
0
0
0
0
0
0
0
0
0
0
0
0
0
0
0
0
0
0
-1.816085e+08
-1.831383e+08
-1.860134e+08
-1.901578e+08
-1.956638e+08
0
0
0
0
0
0
0
0
0
0
0
0
0
0
0
0
0
0
0
0
0
0
0
0
0
-1.77316e+08
-1.783462e+08
-1.807934e+08
-1.846379e+08
-1.898115e+08
0
0
0
0
0
0
0
0
0
0
0
0
0
0
0
0
0
0
0
0
0
0
0
0
0
-1.741926e+08
-1.743063e+08
-1.762465e+08
-1.796388e+08
-1.844884e+08
0
0
0
0
0
0
0
0
0
0
0
0
0
0
0
0
0
0
0
0
0
0
0
0
0
-1.723019e+08
-1.712593e+08
-1.722772e+08
-1.751542e+08
-1.795215e+08
0
0
0
0
0
0
0
0
0
0
0
0
0
0
0
0
0
0
0
0
0
0
0
0
0
-1.69188e+08
-1.690863e+08
-1.710253e+08
-1.748606e+08
0
0
0
0
0
0
0
0
0
0
0
0
0
0
0
-1.667113e+08
-1.675449e+08
-1.70413e+08
0
0
0
0
0
0
0
0
0
0
0
0
0
0
0
-1.649853e+08
-1.667472e+08
0
0
0
0
0
0
0
0
0
0
0
0
0
0
0
-1.641322e+08
0
0
0
0
0
0
0
0
0
0
0
0
0
0
0
0
0
0
0
0
0
0
0
0
0
0
0
0
0
0
0
0
0
0
0
0
0
0
0
0
0
0
0
0
0
0
0
0
0
0
0
0
0
0
0
0
0
0
0
0
0
0
0
0
0
0
0
0
0
0
0
0
0
0
0
0
0
0
0
0
0
0
0
0
0
0
0
0
0
0
0
0
0
0
0
0
0
0
0
0
0
0
0
0
0
0
0
0
0
0
0
0
0
0
0
0
0
0
0
0
0
0
0
0
0
0
0
0
0
0
0
0
0
0
0
0
0
0
0
0
0
0
0
0
0
0
0
0
0
0
0
0
0
0
0
0
0
0
0
0
0
0
0
0
0
0
0
0
0
0
0
0
0
0
0
-1.813257e+08
-1.828554e+08
-1.857262e+08
-1.898647e+08
-1.95361e+08
0
0
0
0
0
0
0
0
0
0
0
0
0
0
0
0
0
0
0
0
0
0
0
0
0
-1.767811e+08
-1.778062e+08
-1.802491e+08
-1.840812e+08
-1.89239e+08
0
0
0
0
0
0
0
0
0
0
0
0
0
0
0
0
0
0
0
0
0
0
0
0
0
-1.735059e+08
-1.736193e+08
-1.755465e+08
-1.789274e+08
-1.837541e+08
0
0
0
0
0
0
0
0
0
0
0
0
0
0
0
0
0
0
0
0
0
0
0
0
0
-1.716416e+08
-1.705691e+08
-1.715804e+08
-1.744363e+08
-1.787859e+08
0
0
0
0
0
0
0
0
0
0
0
0
0
0
0
0
0
0
0
0
0
0
0
0
0
-1.687236e+08
-1.685866e+08
-1.70515e+08
-1.743283e+08
0
0
0
0
0
0
0
0
0
0
0
0
0
0
0
0
0
0
0
0
0
0
0
0
0
-1.665535e+08
-1.673615e+08
-1.702238e+08
0
0
0
0
0
0
0
0
0
0
0
0
0
0
0
-1.65016e+08
-1.667628e+08
0
0
0
0
0
0
0
0
0
0
0
0
0
0
0
-1.642179e+08
0
0
0
0
0
0
0
0
0
0
0
0
0
0
0
0
0
0
0
0
0
0
0
0
0
0
0
0
0
0
0
0
0
0
0
0
0
0
0
0
0
0
0
0
0
0
0
0
0
0
0
0
0
0
0
0
0
0
0
0
0
0
0
0
0
0
0
0
0
0
0
0
0
0
0
0
0
0
0
0
0
0
0
0
0
0
0
0
0
0
0
0
0
0
0
0
0
0
0
0
0
0
0
0
0
0
0
0
0
0
0
0
0
0
0
0
0
0
0
0
0
0
0
0
0
0
0
0
0
0
0
0
0
0
0
0
0
0
0
0
0
0
0
0
0
0
0
0
0
0
0
0
0
0
0
0
0
0
0
0
0
0
0
0
0
0
0
0
0
0
0
0
0
0
0
0
0
0
0
-1.765109e+08
-1.775333e+08
-1.799736e+08
-1.83799e+08
-1.889482e+08
0
0
0
0
0
0
0
0
0
0
0
0
0
0
0
0
0
0
0
0
0
0
0
0
0
-1.729894e+08
-1.731026e+08
-1.750203e+08
-1.783922e+08
-1.832014e+08
0
0
0
0
0
0
0
0
0
0
0
0
0
0
0
0
0
0
0
0
0
0
0
0
0
-1.710027e+08
-1.69906e+08
-1.709111e+08
-1.73748e+08
-1.780796e+08
0
0
0
0
0
0
0
0
0
0
0
0
0
0
0
0
0
0
0
0
0
0
0
0
0
-1.680869e+08
-1.679148e+08
-1.698301e+08
-1.736157e+08
0
0
0
0
0
0
0
0
0
0
0
0
0
0
0
0
0
0
0
0
0
0
0
0
0
-1.661026e+08
-1.668712e+08
-1.697178e+08
0
0
0
0
0
0
0
0
0
0
0
0
0
0
0
0
0
0
0
0
0
0
0
0
0
-1.648627e+08
-1.665823e+08
0
0
0
0
0
0
0
0
0
0
0
0
0
0
0
-1.642497e+08
0
0
0
0
0
0
0
0
0
0
0
0
0
0
0
0
0
0
0
0
0
0
0
0
0
0
0
0
0
0
0
0
0
0
0
0
0
0
0
0
0
0
0
0
0
0
0
0
0
0
0
0
0
0
0
0
0
0
0
0
0
0
0
0
0
0
0
0
0
0
0
0
0
0
0
0
0
0
0
0
0
0
0
0
0
0
0
0
0
0
0
0
0
0
0
0
0
0
0
0
0
0
0
0
0
0
0
0
0
0
0
0
0
0
0
0
0
0
0
0
0
0
0
0
0
0
0
0
0
0
0
0
0
0
0
0
0
0
0
0
0
0
0
0
0
0
0
0
0
0
0
0
0
0
0
0
0
0
0
0
0
0
0
0
0
0
0
0
0
0
0
0
0
0
0
0
0
0
0
0
0
0
-1.72729e+08
-1.728419e+08
-1.747547e+08
-1.781215e+08
-1.829214e+08
0
0
0
0
0
0
0
0
0
0
0
0
0
0
0
0
0
0
0
0
0
0
0
0
0
-1.705201e+08
-1.694072e+08
-1.704076e+08
-1.732306e+08
-1.775483e+08
0
0
0
0
0
0
0
0
0
0
0
0
0
0
0
0
0
0
0
0
0
0
0
0
0
-1.6747e+08
-1.672689e+08
-1.691719e+08
-1.729324e+08
0
0
0
0
0
0
0
0
0
0
0
0
0
0
0
0
0
0
0
0
0
0
0
0
0
-1.654829e+08
-1.662108e+08
-1.690378e+08
0
0
0
0
0
0
0
0
0
0
0
0
0
0
0
0
0
0
0
0
0
0
0
0
0
-1.644204e+08
-1.66096e+08
0
0
0
0
0
0
0
0
0
0
0
0
0
0
0
0
0
0
0
0
0
0
0
0
0
-1.64099e+08
0
0
0
0
0
0
0
0
0
0
0
0
0
0
0
0
0
0
0
0
0
0
0
0
0
0
0
0
0
0
0
0
0
0
0
0
0
0
0
0
0
0
0
0
0
0
0
0
0
0
0
0
0
0
0
0
0
0
0
0
0
0
0
0
0
0
0
0
0
0
0
0
0
0
0
0
0
0
0
0
0
0
0
0
0
0
0
0
0
0
0
0
0
0
0
0
0
0
0
0
0
0
0
0
0
0
0
0
0
0
0
0
0
0
0
0
0
0
0
0
0
0
0
0
0
0
0
0
0
0
0
0
0
0
0
0
0
0
0
0
0
0
0
0
0
0
0
0
0
0
0
0
0
0
0
0
0
0
0
0
0
0
0
0
0
0
0
0
0
0
0
0
0
0
0
0
0
0
0
0
0
0
0
0
-1.702771e+08
-1.691559e+08
-1.701537e+08
-1.729695e+08
-1.772796e+08
0
0
0
0
0
0
0
0
0
0
0
0
0
0
0
0
0
0
0
0
0
0
0
0
0
-1.67004e+08
-1.667827e+08
-1.686767e+08
-1.724186e+08
0
0
0
0
0
0
0
0
0
0
0
0
0
0
0
0
0
0
0
0
0
0
0
0
0
-1.64882e+08
-1.655757e+08
-1.683844e+08
0
0
0
0
0
0
0
0
0
0
0
0
0
0
0
0
0
0
0
0
0
0
0
0
0
-1.638113e+08
-1.654405e+08
0
0
0
0
0
0
0
0
0
0
0
0
0
0
0
0
0
0
0
0
0
0
0
0
0
-1.636605e+08
0
0
0
0
0
0
0
0
0
0
0
0
0
0
0
0
0
0
0
0
0
0
0
0
0
0
0
0
0
0
0
0
0
0
0
0
0
0
0
0
0
0
0
0
0
0
0
0
0
0
0
0
0
0
0
0
0
0
0
0
0
0
0
0
0
0
0
0
0
0
0
0
0
0
0
0
0
0
0
0
0
0
0
0
0
0
0
0
0
0
0
0
0
0
0
0
0
0
0
0
0
0
0
0
0
0
0
0
0
0
0
0
0
0
0
0
0
0
0
0
0
0
0
0
0
0
0
0
0
0
0
0
0
0
0
0
0
0
0
0
0
0
0
0
0
0
0
0
0
0
0
0
0
0
0
0
0
0
0
0
0
0
0
0
0
0
0
0
0
0
0
0
0
0
0
0
0
0
0
0
0
0
0
0
0
0
0
0
0
0
0
0
0
0
0
-1.667695e+08
-1.665381e+08
-1.684272e+08
-1.721595e+08
0
0
0
0
0
0
0
0
0
0
0
0
0
0
0
0
0
0
0
0
0
0
0
0
0
-1.644279e+08
-1.650976e+08
-1.678926e+08
0
0
0
0
0
0
0
0
0
0
0
0
0
0
0
0
0
0
0
0
0
0
0
0
0
-1.632205e+08
-1.648099e+08
0
0
0
0
0
0
0
0
0
0
0
0
0
0
0
0
0
0
0
0
0
0
0
0
0
-1.630559e+08
0
0
0
0
0
0
0
0
0
0
0
0
0
0
0
0
0
0
0
0
0
0
0
0
0
0
0
0
0
0
0
0
0
0
0
0
0
0
0
0
0
0
0
0
0
0
0
0
0
0
0
0
0
0
0
0
0
0
0
0
0
0
0
0
0
0
0
0
0
0
0
0
0
0
0
0
0
0
0
0
0
0
0
0
0
0
0
0
0
0
0
0
0
0
0
0
0
0
0
0
0
0
0
0
0
0
0
0
0
0
0
0
0
0
0
0
0
0
0
0
0
0
0
0
0
0
0
0
0
0
0
0
0
0
0
0
0
0
0
0
0
0
0
0
0
0
0
0
0
0
0
0
0
0
0
0
0
0
0
0
0
0
0
0
0
0
0
0
0
0
0
0
0
0
0
0
0
0
0
0
0
0
0
0
0
0
0
0
0
0
0
0
0
0
0
0
0
0
0
0
0
0
0
0
0
-1.641997e+08
-1.648571e+08
-1.67645e+08
0
0
0
0
0
0
0
0
0
0
0
0
0
0
0
0
0
0
0
0
0
0
0
0
0
-1.627739e+08
-1.643351e+08
0
0
0
0
0
0
0
0
0
0
0
0
0
0
0
0
0
0
0
0
0
0
0
0
0
-1.624693e+08
0
0
0
0
0
0
0
0
0
0
0
0
0
0
0
0
0
0
0
0
0
0
0
0
0
0
0
0
0
0
0
0
0
0
0
0
0
0
0
0
0
0
0
0
0
0
0
0
0
0
0
0
0
0
0
0
0
0
0
0
0
0
0
0
0
0
0
0
0
0
0
0
0
0
0
0
0
0
0
0
0
0
0
0
0
0
0
0
0
0
0
0
0
0
0
0
0
0
0
0
0
0
0
0
0
0
0
0
0
0
0
0
0
0
0
0
0
0
0
0
0
0
0
0
0
0
0
0
0
0
0
0
0
0
0
0
0
0
0
0
0
0
0
0
0
0
0
0
0
0
0
0
0
0
0
0
0
0
0
0
0
0
0
0
0
0
0
0
0
0
0
0
0
0
0
0
0
0
0
0
0
0
0
0
0
0
0
0
0
0
0
0
0
0
0
0
0
0
0
0
0
0
0
0
0
0
0
0
0
0
0
0
0
0
0
-1.625496e+08
-1.640965e+08
0
0
0
0
0
0
0
0
0
0
0
0
0
0
0
0
0
0
0
0
0
0
0
0
0
-1.620259e+08
0
0
0
0
0
0
0
0
0
0
0
0
0
0
0
0
0
0
0
0
0
0
0
0
0
0
0
0
0
0
0
0
0
0
0
0
0
0
0
0
0
0
0
0
0
0
0
0
0
0
0
0
0
0
0
0
0
0
0
0
0
0
0
0
0
0
0
0
0
0
0
0
0
0
0
0
0
0
0
0
0
0
0
0
0
0
0
0
0
0
0
0
0
0
0
0
0
0
0
0
0
0
0
0
0
0
0
0
0
0
0
0
0
0
0
0
0
0
0
0
0
0
0
0
0
0
0
0
0
0
0
0
0
0
0
0
0
0
0
0
0
0
0
0
0
0
0
0
0
0
0
0
0
0
0
0
0
0
0
0
0
0
0
0
0
0
0
0
0
0
0
0
0
0
0
0
0
0
0
0
0
0
0
0
0
0
0
0
0
0
0
0
0
0
0
0
0
0
0
0
0
0
0
0
0
0
0
0
0
0
0
0
0
0
0
0
0
0
0
0
0
0
0
0
0
-1.618033e+08
0
0
0
0
0
0
0
0
0
0
0
0
0
0
0
0
0
0
0
0
0
0
0
0
0
0
0
0
0
0
0
0
0
0
0
0
0
0
0
0
0
0
0
0
0
0
0
0
0
0
0
0
0
0
0
0
0
0
0
0
0
0
0
0
0
0
0
0
0
0
0
0
0
0
0
0
0
0
0
0
0
0
0
0
0
0
0
0
0
0
0
0
0
0
0
0
0
0
0
0
0
0
0
0
0
0
0
0
0
0
0
0
0
0
0
0
0
0
0
0
0
0
0
0
0
0
0
0
0
0
0
0
0
0
0
0
0
0
0
0
0
0
0
0
0
0
0
0
0
0
0
0
0
0
0
0
0
0
0
0
0
0
0
0
0
0
0
0
0
0
0
0
0
0
0
0
0
0
0
0
0
0
0
0
0
0
0
0
0
0
0
0
0
0
0
0
0
0
0
0
0
0
0
0
0
0
0
0
0
0
0
0
0
0
0
0
0
0
0
0
0
0
0
0
0
0
0
0
0
0
0
0
0
0
0
0
0
0
0
0
0
0
0
0
0
0
0
0
0
0
0
0
0
0
0
0
0
0
0
0
0
0
0
0
0
0
0
0
0
0
0
0
0
0
0
0
0
0
0
0
0
0
0
0
0
0
0
0
0
0
0
0
0
0
0
0
0
0
0
0
0
0
0
0
0
0
0
0
0
0
0
0
0
0
0
0
0
0
0
0
0
0
0
0
0
0
0
0
0
0
0
0
0
0
0
0
0
0
0
0
0
0
0
0
0
0
0
0
0
0
0
0
0
0
0
0
0
0
0
0
0
0
0
0
0
0
0
0
0
0
0
0
0
0
0
0
0
0
0
0
0
0
0
0
0
0
0
0
0
0
0
0
0
0
0
0
0
0
0
0
0
0
0
0
0
0
0
0
0
0
0
0
0
0
0
0
0
0
0
0
0
0
0
0
0
0
0
0
0
0
0
0
0
0
0
0
0
0
0
0
0
0
0
0
0
0
0
0
0
0
0
0
0
0
0
0
0
0
0
0
0
0
0
0
0
0
0
0
0
0
0
0
0
0
0
0
0
0
0
0
0
0
0
0
0
0
0
0
0
0
0
0
0
0
0
0
0
0
0
0
0
0
0
0
0
0
0
0
0
0
0
0
0
0
0
0
0
0
0
0
0
0
0
0
0
0
0
0
0
0
0
0
0
0
0
0
0
0
0
0
0
0
0
0
0
0
0
0
0
0
0
0
0
0
0
0
0
0
0
0
0
0
0
0
0
0
0
0
0
0
0
0
0
0
0
0
0
0
0
0
0
0
0
0
0
0
0
0
0
0
0
0
0
0
0
0
0
0
0
0
0
0
0
0
0
0
0
0
0
0
0
0
0
0
0
0
0
0
0
0
0
0
0
0
0
0
0
0
0
0
0
0
0
0
0
0
0
0
0
0
0
0
0
0
0
0
0
0
0
0
0
0
0
0
0
0
0
0
0
0
0
0
0
0
0
0
0
0
0
0
0
0
0
0
0
0
0
0
0
0
0
0
0
0
0
0
0
0
0
0
0
0
0
0
0
0
0
0
0
0
0
0
0
0
0
0
0
0
0
0
0
0
0
0
0
0
0
0
0
0
0
0
0
0
0
0
0
0
0
0
0
0
0
0
0
0
0
0
0
0
0
0
0
0
0
0
0
0
0
0
0
0
0
0
0
0
0
0
0
0
0
0
0
0
0
0
0
0
0
0
0
0
0
0
0
0
0
0
0
0
0
0
0
0
0
0
0
0
0
0
0
0
0
0
0
0
0
0
0
0
0
0
0
0
0
0
0
0
0
0
0
0
0
0
0
0
0
0
0
0
0
0
0
0
0
0
0
0
0
0
0
0
0
0
0
0
0
0
0
0
0
0
0
0
0
0
0
0
0
0
0
0
0
0
0
0
0
0
0
0
0
0
0
0
0
0
0
0
0
0
0
0
0
0
0
0
0
0
0
0
0
0
0
0
0
0
0
0
0
0
0
0
0
0
0
0
0
0
0
0
0
0
0
0
0
0
0
0
0
0
0
0
0
0
0
0
0
0
0
0
0
0
0
0
0
0
0
0
0
0
0
0
0
0
0
0
0
0
0
0
0
0
0
0
0
0
0
0
0
0
0
0
0
0
0
0
0
0
0
0
0
0
0
0
0
0
0
0
0
0
0
0
0
0
0
0
0
0
0
0
0
0
0
0
0
0
0
0
0
0
0
0
0
0
0
0
0
0
0
0
0
0
0
0
0
0
0
0
0
0
0
0
0
0
0
0
0
0
0
0
0
0
0
0
0
0
0
0
0
0
0
0
0
0
0
0
0
0
0
0
0
0
0
0
0
0
0
0
0
0
0
0
0
0
0
0
0
0
0
0
0
0
0
0
0
0
0
0
0
0
0
0
0
0
0
0
0
0
0
0
0
0
0
0
0
0
0
0
0
0
0
0
0
0
0
0
0
0
0
0
0
0
0
0
0
0
0
0
0
0
0
0
0
0
0
0
0
0
0
0
0
0
0
0
0
0
0
0
0
0
0
0
0
0
0
0
0
0
0
0
0
0
0
0
0
0
0
0
0
0
0
0
0
0
0
0
0
0
0
0
0
0
0
0
0
0
0
0
0
0
0
0
0
0
0
0
0
0
0
0
0
0
0
0
0
0
0
0
0
0
0
0
0
0
0
0
0
0
0
0
0
0
0
0
0
0
0
0
0
0
0
0
0
0
0
0
0
0
0
0
0
0
0
0
0
0
0
0
0
0
0
0
0
0
0
0
0
0
0
0
0
0
0
0
0
0
0
0
0
0
0
0
0
0
0
0
0
0
0
0
0
0
0
0
0
0
0
0
0
0
0
0
0
0
0
0
0
0
0
0
0
0
0
0
0
0
0
0
0
0
0
0
0
0
0
0
0
0
0
0
0
0
0
0
0
0
0
0
0
0
0
0
0
0
0
0
0
0
0
0
0
0
0
0
0
0
0
0
0
0
0
0
0
0
0
0
0
0
0
0
0
0
0
0
0
0
0
0
0
0
0
0
0
0
0
0
0
0
0
0
0
0
0
0
0
0
0
0
0
0
0
0
0
0
0
0
0
0
0
0
0
0
0
0
0
0
0
0
0
0
0
0
0
0
0
0
0
0
0
0
0
0
0
0
0
0
0
0
0
0
0
0
0
0
0
0
0
0
0
0
0
0
0
0
0
0
0
0
0
0
0
0
0
0
0
0
0
0
0
0
0
0
0
0
0
0
0
0
0
0
0
0
0
0
0
0
0
0
0
0
0
0
0
0
0
0
0
0
0
0
0
0
0
0
0
0
0
0
0
0
0
0
0
0
0
0
0
0
0
0
0
0
0
0
0
0
0
0
0
0
0
0
0
0
0
0
0
0
0
0
0
0
0
0
0
0
0
0
0
0
0
0
0
0
0
0
0
0
0
0
0
0
0
0
0
0
0
0
0
0
0
0
0
0
0
0
0
0
0
0
0
0
0
0
0
0
0
0
0
0
0
0
0
0
0
0
0
0
0
0
0
0
0
0
0
0
0
0
0
0
0
0
0
0
0
0
0
0
0
0
0
0
0
0
0
0
0
0
0
0
0
0
0
0
0
0
0
0
0
0
0
0
0
0
0
0
0
0
0
0
0
0
0
0
0
0
0
0
0
0
0
0
0
0
0
0
0
0
0
0
0
0
0
0
0
0
0
0
0
0
0
0
0
0
0
0
0
0
0
0
0
0
0
0
0
0
0
0
0
0
0
0
0
0
0
0
0
0
0
0
0
0
0
0
0
0
0
0
0
0
0
0
0
0
0
0
0
0
0
0
0
0
0
0
0
0
0
0
0
0
0
0
0
0
0
0
0
0
0
0
0
0
0
0
0
0
0
0
0
0
0
0
0
0
0
0
0
0
0
0
0
0
0
0
0
0
0
0
0
0
0
0
0
0
0
0
0
0
0
0
0
0
0
0
0
0
0
0
0
0
0
0
0
0
0
0
0
0
0
0
0
0
0
0
0
0
0
0
0
0
0
0
0
0
0
0
0
0
0
0
0
0
0
0
0
0
0
0
0
0
0
0
0
0
0
0
0
0
0
0
0
0
0
0
0
0
0
0
0
0
0
0
0
0
0
0
0
0
0
0
0
0
0
0
0
0
0
0
0
0
0
0
0
0
0
0
0
0
0
0
0
0
0
0
0
0
0
0
0
0
0
0
0
0
0
0
0
0
0
0
0
0
0
0
0
0
0
0
0
0
0
0
0
0
0
0
0
0
0
0
0
0
0
0
0
0
0
0
0
0
0
0
0
0
0
0
0
0
0
0
0
0
0
0
0
0
0
0
0
0
0
0
0
0
0
0
0
0
0
0
0
0
0
0
0
0
0
0
0
0
0
0
0
0
0
0
0
0
0
0
0
0
0
0
0
0
0
0
0
0
0
0
0
0
0
0
0
0
0
0
0
0
0
0
0
0
0
0
0
0
0
0
0
0
0
0
0
0
0
0
0
0
0
0
0
0
0
0
0
0
0
0
0
0
0
0
0
0
0
0
0
0
0
0
0
0
0
0
0
0
0
0
0
0
0
0
0
0
0
0
0
0
0
0
0
0
0
0
0
0
0
0
0
0
0
0
0
0
0
0
0
0
0
0
0
0
0
0
0
0
0
0
0
0
0
0
0
0
0
0
0
0
0
0
0
0
0
0
0
0
0
0
0
0
0
0
0
0
0
0
0
0
0
0
0
0
0
0
0
0
0
0
0
0
0
0
0
0
0
0
0
0
0
0
0
0
0
0
0
0
0
0
0
0
0
0
0
0
0
0
0
0
0
0
0
0
0
0
0
0
0
0
0
0
0
0
0
0
0
0
0
0
0
0
0
0
0
0
0
0
0
0
0
0
0
0
0
0
0
0
0
0
0
0
0
0
0
0
0
0
0
0
0
0
0
0
0
0
0
0
0
0
0
0
0
0
0
0
0
0
0
0
0
0
0
0
0
0
0
0
0
0
0
0
0
0
0
0
0
0
0
0
0
0
0
0
0
0
0
0
0
0
0
0
0
0
0
0
0
0
0
0
0
0
0
0
0
0
0
0
0
0
0
0
0
0
0
0
0
0
0
0
0
0
0
0
0
0
0
0
0
0
0
0
0
0
0
0
0
0
0
0
0
0
0
0
0
0
0
0
0
0
0
0
0
0
0
0
0
0
0
0
0
0
0
0
0
0
0
0
0
0
0
0
0
0
0
0
0
0
0
0
0
0
0
0
0
0
0
0
0
0
0
0
0
0
0
0
0
0
0
0
0
0
0
0
0
0
0
0
0
0
0
0
0
0
0
0
0
0
0
0
0
0
0
0
0
0
0
0
0
0
0
0
0
0
0
0
0
0
0
0
0
0
0
0
0
0
0
0
0
0
0
0
0
0
0
0
0
0
0
0
0
0
0
0
0
0
0
0
0
0
0
0
0
0
0
0
0
0
0
0
0
0
0
0
0
0
0
0
0
0
0
0
0
0
0
0
0
0
0
0
0
0
0
0
0
0
0
0
0
0
0
0
0
0
0
0
0
0
0
0
0
0
0
0
0
0
0
0
0
0
0
0
0
0
0
0
0
0
0
0
0
0
0
0
0
0
0
0
0
0
0
0
0
0
0
0
0
0
0
0
0
0
0
)
;

boundaryField
{
    interconnectSides
    {
        type            zeroGradient;
    }
    anodeSides
    {
        type            zeroGradient;
    }
    interconnect1
    {
        type            zeroGradient;
    }
    phiEA_to_phiE0
    {
        type            zeroGradient;
    }
}


// ************************************************************************* //
