/*--------------------------------*- C++ -*----------------------------------*\
| =========                 |                                                 |
| \\      /  F ield         | OpenFOAM: The Open Source CFD Toolbox           |
|  \\    /   O peration     | Version:  2306                                  |
|   \\  /    A nd           | Website:  www.openfoam.com                      |
|    \\/     M anipulation  |                                                 |
\*---------------------------------------------------------------------------*/
FoamFile
{
    version     2.0;
    format      ascii;
    arch        "LSB;label=32;scalar=64";
    class       volScalarField;
    location    "1.2/phiI";
    object      act;
}
// * * * * * * * * * * * * * * * * * * * * * * * * * * * * * * * * * * * * * //

dimensions      [0 0 0 0 0 0 0];

internalField   nonuniform List<scalar> 
12000
(
0
0
0
0
0
0
0
0
0
0
0
0
0
0
0
0
0
0
0
0
0
0
0
0
0
0
0
0
0
0
0
0
0
0
0
0
0
0
0
0
0
0
0
0
0
0
0
0
0
0
0
0
0
0
0
0
0
0
0
0
0
0
0
0
0
0
0
0
0
0
0
0
0
0
0
0
0
0
0
0
0
0
0
0
0
0
0
0
0
0
0
0
0
0
0
0
0
0
0
0
0
0
0
0
0
0
0
0
0
0
0
0
0
0
0
0
0
0
0
0
0
0
0
0
0
0
0
0
0
0
0
0
0
0
0
0
0
0
0
0
0
0
0
0
0
0
0
0
0
0
0
0
0
0
0
0
0
0
0
0
0
0
0
0
0
0
0
0
0
0
0
0
0
0
0
0
0
0
0
0
0
0
0
0
0
0
0
0
0
0
0
0
0
0
0
0
0
0
0
0
0
0
0
0
0
0
0
0
0
0
0
0
0
0
0
0
0
0
0
0
0
0
0
0
0
0
0
0
0
0
0
0
0
0
0
0
0
0
0
0
0
0
0
0
0
0
0
0
0
0
0
0
0
0
0
0
0
0
0
0
0
0
0
0
0
0
0
0
0
0
0
0
0
0
0
0
0
0
0
0
0
0
0
0
0
0.0001056203
0
0
0
0
0
0
0
0
0
0
0
0
0
0
0
0
0
0
0
0
0
0
0
0
0
0
0
0
0
0
0
0
0
0
0
0
0
0
0
0
0
0
0
0
0
0
0
0
0
0
0
0
0
0
0
0
0
0
0
0
0
0
0
0
0
0.0001036229
0
0
0
0
0
0
0
0
0
0
0.0001365788
0.0001054873
0
0
0
0
0
0
0
0
0
0
0
0
0
0
0
0
0
0
0
0
0
0
0
0
0
0
0
0
0
0
0
0
0
0
0
0
0
0
0
0
0
0
0
0
0
0
0
0
0
0
0
0
0
0
0
0
0
0
0
0
0
0
0
0
0
9.964341e-05
0
0
0
0
0
0
0
0
0
0
0.0001350113
0.000103489
0
0
0
0
0
0
0
0
0
0
0.000171288
0.000136454
0.0001052227
0
0
0
0
0
0
0
0
0
0
0
0
0
0
0
0
0
0
0
0
0
0
0
0
0
0
0
0
0
0
0
0
0
0
0
0
0
0
0
0
0
0
0
0
0
0
0
0
0
0
0
0
0
0
0
0
0
0
0
0
0
0
0
0
0
9.379069e-05
0
0
0
0
0
0
0
0
0
0
0.0001318915
9.950753e-05
0
0
0
0
0
0
0
0
0
0
0.0001698792
0.0001348859
0.0001032226
0
0
0
0
0
0
0
0
0
0
0.0002051197
0.0001711704
0.0001362049
0.0001048464
0
0
0
0
0
0
0
0
0
0
0
0
0
0
0
0
0
0
0
0
0
0
0
0
0
0
0
0
0
0
0
0
0
0
0
0
0
0
0
0
0
0
0
0
0
0
0
0
0
0
0
0
0
0
0
0
0
0
0
0
0
0
0
0
0
8.649044e-05
0
0
0
0
0
0
0
0
0
0
0.0001273051
9.365151e-05
0
0
0
0
0
0
0
0
0
0
0.0001670749
0.0001317647
9.923737e-05
0
0
0
0
0
0
0
0
0
0
0.0002038048
0.000169761
0.0001346355
0.0001028438
0
0
0
0
0
0
0
0
0
0
0.0002375008
0.0002050079
0.0001709348
0.0001358522
0.0001043151
0
0
0
0
0
0
0
0
0
0
0
0
0
0
0
0
0
0
0
0
0
0
0
0
0
0
0
0
0
0
0
0
0
0
0
0
0
0
0
0
0
0
0
0
0
0
0
0
0
0
0
0
0
0
0
0
0
0
0
0
0
0
0
0
0
7.893658e-05
0
0
0
0
0
0
0
0
0
0
0.0001215833
8.634598e-05
0
0
0
0
0
0
0
0
0
0
0.0001629491
0.000127176
9.3375e-05
0
0
0
0
0
0
0
0
0
0
0.0002011887
0.0001669556
0.0001315117
9.885296e-05
0
0
0
0
0
0
0
0
0
0
0.0002362596
0.0002036925
0.0001695243
0.000134281
0.0001023092
0
0
0
0
0
0
0
0
0
0
0.0002684396
0.000237394
0.0002047837
0.0001706026
0.0001353483
0
0
0
0
0
0
0
0
0
0
0
0
0
0
0
0
0
0
0
0
0
0
0
0
0
0
0
0
0
0
0
0
0
0
0
0
0
0
0
0
0
0
0
0
0
0
0
0
0
0
0
0
0
0
0
0
0
0
0
0
0
0
0
0
0
7.341463e-05
0
0
0
0
0
0
0
0
0
0
0.0001156334
7.878501e-05
0
0
0
0
0
0
0
0
0
0
0.000157798
0.0001214505
8.605917e-05
0
0
0
0
0
0
0
0
0
0
0.0001973409
0.0001628278
0.0001269187
9.298107e-05
0
0
0
0
0
0
0
0
0
0
0.0002337916
0.0002010754
0.0001667168
0.0001311534
9.831148e-05
0
0
0
0
0
0
0
0
0
0
0.0002672619
0.0002361524
0.0002034674
0.0001691907
0.0001337748
0
0
0
0
0
0
0
0
0
0
0.0002980364
0.0002683372
0.0002371797
0.0002044687
0.0001701232
0
0
0
0
0
0
0
0
0
0
0
0
0
0
0
0
0
0
0
0
0
0
0
0
0
0
0
0
0
0
0
0
0
0
0
0
0
0
0
0
0
0
0
0
0
0
0
0
0
0
0
0
0
0
0
0
0
0
0
0
0
0
0
0
0
6.995468e-05
0
0
0
0
0
0
0
0
0
0
0.0001112302
7.326049e-05
0
0
0
0
0
0
0
0
0
0
0.0001524325
0.0001154957
7.848414e-05
0
0
0
0
0
0
0
0
0
0
0.0001925396
0.0001576735
0.0001211862
8.564974e-05
0
0
0
0
0
0
0
0
0
0
0.0002301628
0.0001972258
0.0001625853
0.000126554
9.24278e-05
0
0
0
0
0
0
0
0
0
0
0.000264921
0.0002336834
0.0002008484
0.00016638
0.0001306423
0
0
0
0
0
0
0
0
0
0
0.0002969151
0.0002671592
0.0002359373
0.0002031511
0.0001687093
0
0
0
0
0
0
0
0
0
0
0.0003263924
0.000297938
0.0002681319
0.0002368795
0.0002040104
0
0
0
0
0
0
0
0
0
0
0
0
0
0
0
0
0
0
0
0
0
0
0
0
0
0
0
0
0
0
0
0
0
0
0
0
0
0
0
0
0
0
0
0
0
0
0
0
0
0
0
0
0
0
0
0
0
0
0
0
0
0
0
0
0
6.800457e-05
0
0
0
0
0
0
0
0
0
0
0.000108419
6.980002e-05
0
0
0
0
0
0
0
0
0
0
0.0001484619
0.0001110911
7.29545e-05
0
0
0
0
0
0
0
0
0
0
0.000187539
0.0001523037
0.000115222
7.805344e-05
0
0
0
0
0
0
0
0
0
0
0.000225638
0.0001924217
0.0001574252
0.0001208113
8.507707e-05
0
0
0
0
0
0
0
0
0
0
0.0002614804
0.000230053
0.0001969956
0.0001622433
0.0001260348
0
0
0
0
0
0
0
0
0
0
0.000294687
0.0002648174
0.0002334666
0.0002005294
0.0001658945
0
0
0
0
0
0
0
0
0
0
0.000325322
0.0002968163
0.0002669531
0.000235636
0.0002026911
0
0
0
0
0
0
0
0
0
0
0.0003535999
0.0003262976
0.0002977408
0.0002678449
0.0002364402
0
0
0
0
0
0
0
0
0
0
0
0
0
0
0
0
0
0
0
0
0
0
0
0
0
0
0
0
0
0
0
0
0
0
0
0
0
0
0
0
0
0
0
0
0
0
0
0
0
0
0
0
0
0
0
0
0
0
0
0
0
0
0
0
0
6.71309e-05
0
0
0
0
0
0
0
0
0
0
0.0001068053
6.784986e-05
0
0
0
0
0
0
0
0
0
0
0.000145923
0.00010828
6.949292e-05
0
0
0
0
0
0
0
0
0
0
0.0001838426
0.0001483319
0.0001108147
7.251587e-05
0
0
0
0
0
0
0
0
0
0
0.0002209268
0.0001874171
0.0001520473
0.000114833
7.74538e-05
0
0
0
0
0
0
0
0
0
0
0.0002571928
0.0002255256
0.0001921862
0.0001570747
0.000120279
0
0
0
0
0
0
0
0
0
0
0.0002914132
0.0002613753
0.0002298333
0.000196672
0.0001617511
0
0
0
0
0
0
0
0
0
0
0.0003231957
0.0002945874
0.0002646098
0.0002331628
0.0002000658
0
0
0
0
0
0
0
0
0
0
0.000352576
0.0003252269
0.0002966184
0.000266665
0.0002351951
0
0
0
0
0
0
0
0
0
0
0.0003797396
0.0003535084
0.0003261078
0.0002974657
0.0002674228
0
0
0
0
0
0
0
0
0
0
0
0
0
0
0
0
0
0
0
0
0
0
0
0
0
0
0
0
0
0
0
0
0
0
0
0
0
0
0
0
0
0
0
0
0
0
0
0
0
0
0
0
0
0
0
0
0
0
0
0
0
0
0
0
6.71309e-05
0
0
0
0
0
0
0
0
0
0
0.0001060722
6.697621e-05
0
0
0
0
0
0
0
0
0
0
0.0001444638
0.0001066667
6.754262e-05
0
0
0
0
0
0
0
0
0
0
0.0001814797
0.0001457931
0.0001080038
6.905238e-05
0
0
0
0
0
0
0
0
0
0
0.0002174483
0.0001837196
0.0001480735
0.0001104218
7.190694e-05
0
0
0
0
0
0
0
0
0
0
0.00025273
0.0002208106
0.0001871742
0.0001516849
0.0001142827
0
0
0
0
0
0
0
0
0
0
0.0002873355
0.0002570852
0.0002253011
0.000191855
0.0001565713
0
0
0
0
0
0
0
0
0
0
0.0003200723
0.0002913122
0.000261165
0.0002295254
0.0001962024
0
0
0
0
0
0
0
0
0
0
0.0003505426
0.0003230998
0.0002943881
0.0002643195
0.0002327187
0
0
0
0
0
0
0
0
0
0
0.0003787586
0.0003524842
0.0003250365
0.0002963424
0.0002662415
0
0
0
0
0
0
0
0
0
0
0.0004048829
0.0003796513
0.0003533256
0.0003258437
0.0002970596
0
0
0
0
0
0
0
0
0
0
0
0
0
0
0
0
0
0
0
0
0
0
0
0
0
0
0
0
0
0
0
0
0
0
0
0
0
0
0
0
0
0
0
0
0
0
0
0
0
0
0
0
0
0
0
0
0
0
0
0
0
0
6.800457e-05
0
0
0
0
0
0
0
0
0
0
0.0001060722
6.697621e-05
0
0
0
0
0
0
0
0
0
0
0.0001438
0.0001059338
6.666897e-05
0
0
0
0
0
0
0
0
0
0
0.0001801221
0.0001443343
0.0001063912
6.710169e-05
0
0
0
0
0
0
0
0
0
0
0.0002152255
0.0001813567
0.0001455352
0.0001076111
6.844179e-05
0
0
0
0
0
0
0
0
0
0
0.0002494383
0.0002173311
0.000183475
0.0001477082
0.0001098669
0
0
0
0
0
0
0
0
0
0
0.0002830924
0.0002526189
0.0002205792
0.0001868323
0.0001511661
0
0
0
0
0
0
0
0
0
0
0.0003161837
0.0002872323
0.0002568705
0.0002249862
0.0001913755
0
0
0
0
0
0
0
0
0
0
0.0003475564
0.0003199752
0.0002911104
0.000260871
0.0002290757
0
0
0
0
0
0
0
0
0
0
0.0003768107
0.0003504502
0.0003229081
0.00029411
0.000263893
0
0
0
0
0
0
0
0
0
0
0.0004039416
0.00037867
0.0003523009
0.0003247715
0.000295935
0
0
0
0
0
0
0
0
0
0
0.0004290924
0.0004047975
0.000379475
0.0003530715
0.0003254524
0
0
0
0
0
0
0
0
0
0
0
0
0
0
0
0
0
0
0
0
0
0
0
0
0
0
0
0
0
0
0
0
0
0
0
0
0
0
0
0
0
0
0
0
0
0
0
0
0
0
0
0
0
0
0
0
0
0
0
6.995468e-05
0
0
0
0
0
0
0
0
0
0
0.0001068053
6.784986e-05
0
0
0
0
0
0
0
0
0
0
0.0001438
0.0001059338
6.666897e-05
0
0
0
0
0
0
0
0
0
0
0.0001795046
0.0001436707
0.0001056587
6.622796e-05
0
0
0
0
0
0
0
0
0
0
0.0002139491
0.0001799994
0.000144077
0.0001059992
6.64911e-05
0
0
0
0
0
0
0
0
0
0
0.0002473357
0.0002151083
0.0001811126
0.0001451705
0.000107057
0
0
0
0
0
0
0
0
0
0
0.0002799655
0.0002493262
0.0002170981
0.0001831307
0.0001471861
0
0
0
0
0
0
0
0
0
0
0.0003121385
0.0002829858
0.0002523977
0.0002202546
0.0001863388
0
0
0
0
0
0
0
0
0
0
0.0003438401
0.0003160844
0.0002870262
0.00025657
0.0002245274
0
0
0
0
0
0
0
0
0
0
0.0003739506
0.0003474627
0.0003197811
0.0002908289
0.0002604394
0
0
0
0
0
0
0
0
0
0
0.0004020728
0.0003767214
0.0003502655
0.0003226412
0.0002936998
0
0
0
0
0
0
0
0
0
0
0.000428188
0.0004038558
0.0003784931
0.000352046
0.000324379
0
0
0
0
0
0
0
0
0
0
0.0004524239
0.0004290096
0.0004046272
0.0003792303
0.0003526943
0
0
0
0
0
0
0
0
0
0
0
0
0
0
0
0
0
0
0
0
0
0
0
0
0
0
0
0
0
0
0
0
0
0
0
0
0
0
0
0
0
0
0
0
0
0
0
0
0
0
0
0
0
0
0
7.341463e-05
0
0
0
0
0
0
0
0
0
0
0.000108419
6.980002e-05
0
0
0
0
0
0
0
0
0
0
0.0001444638
0.0001066667
6.754262e-05
0
0
0
0
0
0
0
0
0
0
0.0001795046
0.0001436707
0.0001056587
6.622796e-05
0
0
0
0
0
0
0
0
0
0
0.0002133686
0.0001793821
0.0001434139
0.0001052672
6.561749e-05
0
0
0
0
0
0
0
0
0
0
0.000246129
0.0002138321
0.000179756
0.0001437134
0.0001054464
0
0
0
0
0
0
0
0
0
0
0.000277969
0.0002472236
0.0002148758
0.0001807691
0.0001446495
0
0
0
0
0
0
0
0
0
0
0.0003091597
0.0002798579
0.0002491035
0.0002167714
0.0001826344
0
0
0
0
0
0
0
0
0
0
0.000339975
0.000312036
0.0002827738
0.0002520882
0.0002197828
0
0
0
0
0
0
0
0
0
0
0.0003703926
0.0003437443
0.0003158864
0.0002867388
0.00025613
0
0
0
0
0
0
0
0
0
0
0.0003993295
0.0003738602
0.0003472759
0.000319511
0.000290414
0
0
0
0
0
0
0
0
0
0
0.0004263929
0.0004019865
0.0003765434
0.0003500089
0.0003222462
0
0
0
0
0
0
0
0
0
0
0.0004515541
0.000428105
0.0004036851
0.0003782477
0.0003516676
0
0
0
0
0
0
0
0
0
0
0.0004749274
0.0004523437
0.0004288451
0.0004043914
0.0003788662
0
0
0
0
0
0
0
0
0
0
0
0
0
0
0
0
0
0
0
0
0
0
0
0
0
0
0
0
0
0
0
0
0
0
0
0
0
0
0
0
0
0
0
0
0
0
0
0
0
0
7.893658e-05
0
0
0
0
0
0
0
0
0
0
0.0001112302
7.326049e-05
0
0
0
0
0
0
0
0
0
0
0.000145923
0.00010828
6.949292e-05
0
0
0
0
0
0
0
0
0
0
0.0001801221
0.0001443343
0.0001063912
6.710169e-05
0
0
0
0
0
0
0
0
0
0
0.0002133686
0.0001793821
0.0001434139
0.0001052672
6.561749e-05
0
0
0
0
0
0
0
0
0
0
0.0002455804
0.0002132518
0.0001791391
0.0001430508
0.0001047152
0
0
0
0
0
0
0
0
0
0
0.0002768237
0.0002460172
0.0002136003
0.0001794135
0.000143194
0
0
0
0
0
0
0
0
0
0
0.0003072585
0.0002778614
0.0002470014
0.0002145498
0.000180274
0
0
0
0
0
0
0
0
0
0
0.0003371309
0.0003090563
0.0002796446
0.0002487921
0.0002162971
0
0
0
0
0
0
0
0
0
0
0.0003666931
0.0003398763
0.0003118324
0.0002824778
0.000251636
0
0
0
0
0
0
0
0
0
0
0.0003959179
0.0003703002
0.0003435538
0.0003156107
0.0002863159
0
0
0
0
0
0
0
0
0
0
0.0004237583
0.0003992421
0.0003736801
0.0003470163
0.0003191116
0
0
0
0
0
0
0
0
0
0
0.0004498279
0.0004263093
0.0004018146
0.0003762964
0.0003496282
0
0
0
0
0
0
0
0
0
0
0.00047409
0.0004514736
0.00042794
0.0004034485
0.0003778825
0
0
0
0
0
0
0
0
0
0
0.0004966479
0.0004748497
0.0004521846
0.0004286175
0.0004040397
0
0
0
0
0
0
0
0
0
0
0
0
0
0
0
0
0
0
0
0
0
0
0
0
0
0
0
0
0
0
0
0
0
0
0
0
0
0
0
0
0
0
0
0
8.649044e-05
0
0
0
0
0
0
0
0
0
0
0.0001156334
7.878501e-05
0
0
0
0
0
0
0
0
0
0
0.0001484619
0.0001110911
7.29545e-05
0
0
0
0
0
0
0
0
0
0
0.0001814797
0.0001457931
0.0001080038
6.905238e-05
0
0
0
0
0
0
0
0
0
0
0.0002139491
0.0001799994
0.000144077
0.0001059992
6.64911e-05
0
0
0
0
0
0
0
0
0
0
0.0002455804
0.0002132518
0.0001791391
0.0001430508
0.0001047152
0
0
0
0
0
0
0
0
0
0
0.000276303
0.0002454686
0.0002130204
0.0001787972
0.0001425323
0
0
0
0
0
0
0
0
0
0
0.0003061684
0.0002767163
0.0002457956
0.0002132754
0.00017892
0
0
0
0
0
0
0
0
0
0
0.0003353165
0.0003071551
0.0002776485
0.0002466908
0.0002140769
0
0
0
0
0
0
0
0
0
0
0.0003639727
0.0003370314
0.0003088514
0.0002793468
0.0002483377
0
0
0
0
0
0
0
0
0
0
0.0003923716
0.0003665979
0.0003396804
0.0003115486
0.0002820436
0
0
0
0
0
0
0
0
0
0
0.0004204829
0.0003958286
0.0003701166
0.000343289
0.0003152039
0
0
0
0
0
0
0
0
0
0
0.0004472948
0.0004236737
0.0003990683
0.0003734303
0.0003466314
0
0
0
0
0
0
0
0
0
0
0.0004724285
0.0004497469
0.0004261433
0.0004015765
0.0003759289
0
0
0
0
0
0
0
0
0
0
0.0004958411
0.000474012
0.0004513141
0.0004277117
0.0004030958
0
0
0
0
0
0
0
0
0
0
0.0005176262
0.0004965725
0.0004746957
0.0004519648
0.0004282776
0
0
0
0
0
0
0
0
0
0
0
0
0
0
0
0
0
0
0
0
0
0
0
0
0
0
0
0
0
0
0
0
0
0
0
0
0
9.379069e-05
0
0
0
0
0
0
0
0
0
0
0.0001215833
8.634598e-05
0
0
0
0
0
0
0
0
0
0
0.0001524325
0.0001154957
7.848414e-05
0
0
0
0
0
0
0
0
0
0
0.0001838426
0.0001483319
0.0001108147
7.251587e-05
0
0
0
0
0
0
0
0
0
0
0.0002152255
0.0001813567
0.0001455352
0.0001076111
6.844179e-05
0
0
0
0
0
0
0
0
0
0
0.000246129
0.0002138321
0.000179756
0.0001437134
0.0001054464
0
0
0
0
0
0
0
0
0
0
0.000276303
0.0002454686
0.0002130204
0.0001787972
0.0001425323
0
0
0
0
0
0
0
0
0
0
0.000305673
0.0002761958
0.0002452474
0.000212696
0.0001783045
0
0
0
0
0
0
0
0
0
0
0.0003342765
0.0003060652
0.000276504
0.0002454859
0.000212804
0
0
0
0
0
0
0
0
0
0
0.0003622378
0.0003352169
0.0003069507
0.0002773515
0.0002462377
0
0
0
0
0
0
0
0
0
0
0.0003897655
0.0003638767
0.0003368343
0.0003085661
0.0002789106
0
0
0
0
0
0
0
0
0
0
0.000417079
0.0003922796
0.0003664092
0.0003394079
0.000311131
0
0
0
0
0
0
0
0
0
0
0.0004441466
0.0004203965
0.0003956515
0.0003698618
0.000342897
0
0
0
0
0
0
0
0
0
0
0.0004699907
0.0004472129
0.0004235058
0.0003988275
0.0003730589
0
0
0
0
0
0
0
0
0
0
0.0004942404
0.00047235
0.0004495864
0.0004259136
0.0004012217
0
0
0
0
0
0
0
0
0
0
0.0005168482
0.0004957655
0.0004738577
0.0004510937
0.0004273709
0
0
0
0
0
0
0
0
0
0
0.0005378995
0.000517553
0.0004964235
0.0004744833
0.0004516361
0
0
0
0
0
0
0
0
0
0
0
0
0
0
0
0
0
0
0
0
0
0
0
0
0
0
0
0
0
9.964341e-05
0
0
0
0
0
0
0
0
0
0
0.0001273051
9.365151e-05
0
0
0
0
0
0
0
0
0
0
0.000157798
0.0001214505
8.605917e-05
0
0
0
0
0
0
0
0
0
0
0.000187539
0.0001523037
0.000115222
7.805344e-05
0
0
0
0
0
0
0
0
0
0
0.0002174483
0.0001837196
0.0001480735
0.0001104218
7.190694e-05
0
0
0
0
0
0
0
0
0
0
0.0002473357
0.0002151083
0.0001811126
0.0001451705
0.000107057
0
0
0
0
0
0
0
0
0
0
0.0002768237
0.0002460172
0.0002136003
0.0001794135
0.000143194
0
0
0
0
0
0
0
0
0
0
0.000305673
0.0002761958
0.0002452474
0.000212696
0.0001783045
0
0
0
0
0
0
0
0
0
0
0.000333804
0.0003055699
0.0002759838
0.0002449383
0.0002122254
0
0
0
0
0
0
0
0
0
0
0.0003612439
0.0003341771
0.0003058613
0.000276208
0.0002450343
0
0
0
0
0
0
0
0
0
0
0.0003881042
0.0003621419
0.0003350203
0.0003066661
0.0002769166
0
0
0
0
0
0
0
0
0
0
0.0004145791
0.0003896727
0.0003636869
0.0003365604
0.0003081466
0
0
0
0
0
0
0
0
0
0
0.0004408759
0.0004169901
0.0003920976
0.0003661472
0.0003390058
0
0
0
0
0
0
0
0
0
0
0.0004669619
0.000444063
0.0004202255
0.0003954061
0.0003694839
0
0
0
0
0
0
0
0
0
0
0.0004918923
0.0004699113
0.0004470506
0.0004232736
0.0003984691
0
0
0
0
0
0
0
0
0
0
0.000515305
0.0004941643
0.0004721947
0.0004493646
0.0004255708
0
0
0
0
0
0
0
0
0
0
0.0005371488
0.0005167748
0.000495616
0.0004736447
0.0004507641
0
0
0
0
0
0
0
0
0
0
0.0005575017
0.0005378284
0.0005174086
0.0004962181
0.0004741653
0
0
0
0
0
0
0
0
0
0
0
0
0
0
0
0
0
0
0
0
0.0001036229
0
0
0
0
0
0
0
0
0
0
0.0001318915
9.950753e-05
0
0
0
0
0
0
0
0
0
0
0.0001629491
0.000127176
9.3375e-05
0
0
0
0
0
0
0
0
0
0
0.0001925396
0.0001576735
0.0001211862
8.564974e-05
0
0
0
0
0
0
0
0
0
0
0.0002209268
0.0001874171
0.0001520473
0.000114833
7.74538e-05
0
0
0
0
0
0
0
0
0
0
0.0002494383
0.0002173311
0.000183475
0.0001477082
0.0001098669
0
0
0
0
0
0
0
0
0
0
0.000277969
0.0002472236
0.0002148758
0.0001807691
0.0001446495
0
0
0
0
0
0
0
0
0
0
0.0003061684
0.0002767163
0.0002457956
0.0002132754
0.00017892
0
0
0
0
0
0
0
0
0
0
0.000333804
0.0003055699
0.0002759838
0.0002449383
0.0002122254
0
0
0
0
0
0
0
0
0
0
0.0003607924
0.0003337047
0.0003053663
0.0002756883
0.0002444875
0
0
0
0
0
0
0
0
0
0
0.0003871528
0.0003611481
0.0003339811
0.0003055777
0.0002757744
0
0
0
0
0
0
0
0
0
0
0.0004129863
0.0003880115
0.0003619525
0.0003347472
0.000306248
0
0
0
0
0
0
0
0
0
0
0.0004384752
0.0004144895
0.0003894898
0.0003634236
0.0003361566
0
0
0
0
0
0
0
0
0
0
0.0004638159
0.0004407898
0.0004168144
0.0003918453
0.0003657596
0
0
0
0
0
0
0
0
0
0
0.0004889757
0.0004668809
0.0004438978
0.0004199888
0.0003950413
0
0
0
0
0
0
0
0
0
0
0.0005130415
0.0004918153
0.0004697543
0.0004468264
0.0004229273
0
0
0
0
0
0
0
0
0
0
0.0005356599
0.0005152311
0.0004940139
0.0004719804
0.0004490331
0
0
0
0
0
0
0
0
0
0
0.0005567769
0.0005370775
0.00051663
0.00049541
0.0004733257
0
0
0
0
0
0
0
0
0
0
0.0005764642
0.0005574327
0.0005376885
0.0005172099
0.0004959101
0
0
0
0
0
0
0
0
0
0
0.0001056203
0
0
0
0
0
0
0
0
0
0
0.0001350113
0.000103489
0
0
0
0
0
0
0
0
0
0
0.0001670749
0.0001317647
9.923737e-05
0
0
0
0
0
0
0
0
0
0
0.0001973409
0.0001628278
0.0001269187
9.298107e-05
0
0
0
0
0
0
0
0
0
0
0.000225638
0.0001924217
0.0001574252
0.0001208113
8.507707e-05
0
0
0
0
0
0
0
0
0
0
0.00025273
0.0002208106
0.0001871742
0.0001516849
0.0001142827
0
0
0
0
0
0
0
0
0
0
0.0002799655
0.0002493262
0.0002170981
0.0001831307
0.0001471861
0
0
0
0
0
0
0
0
0
0
0.0003072585
0.0002778614
0.0002470014
0.0002145498
0.000180274
0
0
0
0
0
0
0
0
0
0
0.0003342765
0.0003060652
0.000276504
0.0002454859
0.000212804
0
0
0
0
0
0
0
0
0
0
0.0003607924
0.0003337047
0.0003053663
0.0002756883
0.0002444875
0
0
0
0
0
0
0
0
0
0
0.0003867208
0.0003606967
0.0003335089
0.0003050832
0.0002752555
0
0
0
0
0
0
0
0
0
0
0.0004120745
0.0003870603
0.0003609593
0.0003337088
0.0003051609
0
0
0
0
0
0
0
0
0
0
0.0004369462
0.0004128967
0.000387829
0.0003616899
0.0003343446
0
0
0
0
0
0
0
0
0
0
0.0004615082
0.0004383885
0.000414313
0.0003892363
0.0003630344
0
0
0
0
0
0
0
0
0
0
0.0004859472
0.0004637325
0.0004406201
0.0004165712
0.0003914714
0
0
0
0
0
0
0
0
0
0
0.0005102309
0.0004888972
0.000466721
0.0004436694
0.0004196365
0
0
0
0
0
0
0
0
0
0
0.0005334765
0.0005129668
0.0004916634
0.0004695378
0.0004464916
0
0
0
0
0
0
0
0
0
0
0.0005553396
0.0005355882
0.0005150855
0.0004938067
0.0004716597
0
0
0
0
0
0
0
0
0
0
0.000575764
0.0005567077
0.0005369372
0.0005164307
0.0004951013
0
0
0
0
0
0
0
0
0
0
0.0005948159
0.0005763971
0.000557297
0.0005374961
0.0005169117
0
0
0
0
0
0
0
0
0
0
0.0001365788
0.0001054873
0
0
0
0
0
0
0
0
0
0
0.0001698792
0.0001348859
0.0001032226
0
0
0
0
0
0
0
0
0
0
0.0002011887
0.0001669556
0.0001315117
9.885296e-05
0
0
0
0
0
0
0
0
0
0
0.0002301628
0.0001972258
0.0001625853
0.000126554
9.24278e-05
0
0
0
0
0
0
0
0
0
0
0.0002571928
0.0002255256
0.0001921862
0.0001570747
0.000120279
0
0
0
0
0
0
0
0
0
0
0.0002830924
0.0002526189
0.0002205792
0.0001868323
0.0001511661
0
0
0
0
0
0
0
0
0
0
0.0003091597
0.0002798579
0.0002491035
0.0002167714
0.0001826344
0
0
0
0
0
0
0
0
0
0
0.0003353165
0.0003071551
0.0002776485
0.0002466908
0.0002140769
0
0
0
0
0
0
0
0
0
0
0.0003612439
0.0003341771
0.0003058613
0.000276208
0.0002450343
0
0
0
0
0
0
0
0
0
0
0.0003867208
0.0003606967
0.0003335089
0.0003050832
0.0002752555
0
0
0
0
0
0
0
0
0
0
0.0004116605
0.0003866283
0.0003605082
0.0003332371
0.0003046671
0
0
0
0
0
0
0
0
0
0
0.0004360714
0.0004119851
0.0003868783
0.0003606976
0.0003333075
0
0
0
0
0
0
0
0
0
0
0.0004600391
0.0004368596
0.0004127205
0.0003875762
0.000361302
0
0
0
0
0
0
0
0
0
0
0.000483727
0.0004614243
0.000438218
0.0004140686
0.0003888609
0
0
0
0
0
0
0
0
0
0
0.0005073131
0.0004858664
0.0004635685
0.0004403855
0.0004162102
0
0
0
0
0
0
0
0
0
0
0.0005307661
0.0005101547
0.0004887426
0.0004665004
0.0004433289
0
0
0
0
0
0
0
0
0
0
0.0005532321
0.000533404
0.0005128197
0.000491454
0.0004692139
0
0
0
0
0
0
0
0
0
0
0.0005743756
0.0005552699
0.0005354471
0.000514885
0.0004934963
0
0
0
0
0
0
0
0
0
0
0.000594139
0.0005756967
0.0005565716
0.0005367443
0.0005161318
0
0
0
0
0
0
0
0
0
0
0.0006125833
0.0005947507
0.0005762655
0.0005571106
0.0005372071
0
0
0
0
0
0
0
0
0
0
0.000171288
0.000136454
0.0001052227
0
0
0
0
0
0
0
0
0
0
0.0002038048
0.000169761
0.0001346355
0.0001028438
0
0
0
0
0
0
0
0
0
0
0.0002337916
0.0002010754
0.0001667168
0.0001311534
9.831148e-05
0
0
0
0
0
0
0
0
0
0
0.0002614804
0.000230053
0.0001969956
0.0001622433
0.0001260348
0
0
0
0
0
0
0
0
0
0
0.0002873355
0.0002570852
0.0002253011
0.000191855
0.0001565713
0
0
0
0
0
0
0
0
0
0
0.0003121385
0.0002829858
0.0002523977
0.0002202546
0.0001863388
0
0
0
0
0
0
0
0
0
0
0.0003371309
0.0003090563
0.0002796446
0.0002487921
0.0002162971
0
0
0
0
0
0
0
0
0
0
0.0003622378
0.0003352169
0.0003069507
0.0002773515
0.0002462377
0
0
0
0
0
0
0
0
0
0
0.0003871528
0.0003611481
0.0003339811
0.0003055777
0.0002757744
0
0
0
0
0
0
0
0
0
0
0.0004116605
0.0003866283
0.0003605082
0.0003332371
0.0003046671
0
0
0
0
0
0
0
0
0
0
0.0004356743
0.0004115712
0.0003864466
0.0003602469
0.0003328366
0
0
0
0
0
0
0
0
0
0
0.0004591989
0.0004359849
0.0004118094
0.0003866264
0.0003603109
0
0
0
0
0
0
0
0
0
0
0.0004823142
0.0004599552
0.0004366894
0.000412477
0.000387202
0
0
0
0
0
0
0
0
0
0
0.0005051754
0.0004836456
0.0004612594
0.0004379823
0.0004137062
0
0
0
0
0
0
0
0
0
0
0.0005279531
0.0005072348
0.0004857077
0.000463342
0.0004400366
0
0
0
0
0
0
0
0
0
0
0.0005506166
0.0005306922
0.000510005
0.0004885294
0.0004661712
0
0
0
0
0
0
0
0
0
0
0.0005723402
0.0005531617
0.0005332614
0.0005126172
0.0004911406
0
0
0
0
0
0
0
0
0
0
0.0005927972
0.0005743079
0.0005551331
0.000535253
0.0005145844
0
0
0
0
0
0
0
0
0
0
0.0006119288
0.0005940737
0.0005755648
0.0005563848
0.0005364546
0
0
0
0
0
0
0
0
0
0
0.0006297914
0.0006125199
0.000594623
0.0005760849
0.0005568306
0
0
0
0
0
0
0
0
0
0
0.0002051197
0.0001711704
0.0001362049
0.0001048464
0
0
0
0
0
0
0
0
0
0
0.0002362596
0.0002036925
0.0001695243
0.000134281
0.0001023092
0
0
0
0
0
0
0
0
0
0
0.000264921
0.0002336834
0.0002008484
0.00016638
0.0001306423
0
0
0
0
0
0
0
0
0
0
0.0002914132
0.0002613753
0.0002298333
0.000196672
0.0001617511
0
0
0
0
0
0
0
0
0
0
0.0003161837
0.0002872323
0.0002568705
0.0002249862
0.0001913755
0
0
0
0
0
0
0
0
0
0
0.000339975
0.000312036
0.0002827738
0.0002520882
0.0002197828
0
0
0
0
0
0
0
0
0
0
0.0003639727
0.0003370314
0.0003088514
0.0002793468
0.0002483377
0
0
0
0
0
0
0
0
0
0
0.0003881042
0.0003621419
0.0003350203
0.0003066661
0.0002769166
0
0
0
0
0
0
0
0
0
0
0.0004120745
0.0003870603
0.0003609593
0.0003337088
0.0003051609
0
0
0
0
0
0
0
0
0
0
0.0004356743
0.0004115712
0.0003864466
0.0003602469
0.0003328366
0
0
0
0
0
0
0
0
0
0
0.0004588176
0.0004355879
0.0004113958
0.0003861951
0.0003598609
0
0
0
0
0
0
0
0
0
0
0.0004815066
0.0004591152
0.0004358152
0.0004115666
0.0003862534
0
0
0
0
0
0
0
0
0
0
0.0005038157
0.0004822329
0.0004597908
0.0004364545
0.0004121157
0
0
0
0
0
0
0
0
0
0
0.0005258933
0.0005050965
0.0004834862
0.0004610319
0.0004376322
0
0
0
0
0
0
0
0
0
0
0.0005479029
0.0005278771
0.0005070812
0.0004854888
0.0004630047
0
0
0
0
0
0
0
0
0
0
0.0005698149
0.0005505448
0.0005305471
0.0005097988
0.0004882107
0
0
0
0
0
0
0
0
0
0
0.0005908304
0.0005722718
0.0005530235
0.0005330654
0.0005123137
0
0
0
0
0
0
0
0
0
0
0.0006106314
0.0005927314
0.0005741752
0.0005549452
0.0005349618
0
0
0
0
0
0
0
0
0
0
0.0006291582
0.0006118652
0.0005939456
0.0005753837
0.000556104
0
0
0
0
0
0
0
0
0
0
0.0006464633
0.0006297298
0.000612396
0.0005944479
0.0005758134
0
0
0
0
0
0
0
0
0
0
0.0002375008
0.0002050079
0.0001709348
0.0001358522
0.0001043151
0
0
0
0
0
0
0
0
0
0
0.0002672619
0.0002361524
0.0002034674
0.0001691907
0.0001337748
0
0
0
0
0
0
0
0
0
0
0.000294687
0.0002648174
0.0002334666
0.0002005294
0.0001658945
0
0
0
0
0
0
0
0
0
0
0.0003200723
0.0002913122
0.000261165
0.0002295254
0.0001962024
0
0
0
0
0
0
0
0
0
0
0.0003438401
0.0003160844
0.0002870262
0.00025657
0.0002245274
0
0
0
0
0
0
0
0
0
0
0.0003666931
0.0003398763
0.0003118324
0.0002824778
0.000251636
0
0
0
0
0
0
0
0
0
0
0.0003897655
0.0003638767
0.0003368343
0.0003085661
0.0002789106
0
0
0
0
0
0
0
0
0
0
0.0004129863
0.0003880115
0.0003619525
0.0003347472
0.000306248
0
0
0
0
0
0
0
0
0
0
0.0004360714
0.0004119851
0.0003868783
0.0003606976
0.0003333075
0
0
0
0
0
0
0
0
0
0
0.0004588176
0.0004355879
0.0004113958
0.0003861951
0.0003598609
0
0
0
0
0
0
0
0
0
0
0.0004811402
0.000458734
0.0004354185
0.0004111534
0.0003858228
0
0
0
0
0
0
0
0
0
0
0.0005030388
0.0004814254
0.0004589512
0.0004355811
0.0004112066
0
0
0
0
0
0
0
0
0
0
0.0005245838
0.0005037369
0.0004820738
0.000459564
0.0004361055
0
0
0
0
0
0
0
0
0
0
0.000545917
0.0005258168
0.0005049422
0.0004832663
0.0004606934
0
0
0
0
0
0
0
0
0
0
0.0005671955
0.0005478291
0.0005277283
0.0005068695
0.0004851626
0
0
0
0
0
0
0
0
0
0
0.0005883909
0.0005697452
0.0005504042
0.0005303475
0.0005094903
0
0
0
0
0
0
0
0
0
0
0.00060873
0.000590764
0.0005721378
0.0005528337
0.0005327715
0
0
0
0
0
0
0
0
0
0
0.0006279032
0.0006105674
0.0005926027
0.0005739932
0.0005546629
0
0
0
0
0
0
0
0
0
0
0.0006458505
0.0006290964
0.000611741
0.0005937701
0.0005751115
0
0
0
0
0
0
0
0
0
0
0.0006626204
0.0006464033
0.0006296094
0.0006122262
0.0005941845
0
0
0
0
0
0
0
0
0
0
0.0002684396
0.000237394
0.0002047837
0.0001706026
0.0001353483
0
0
0
0
0
0
0
0
0
0
0.0002969151
0.0002671592
0.0002359373
0.0002031511
0.0001687093
0
0
0
0
0
0
0
0
0
0
0.0003231957
0.0002945874
0.0002646098
0.0002331628
0.0002000658
0
0
0
0
0
0
0
0
0
0
0.0003475564
0.0003199752
0.0002911104
0.000260871
0.0002290757
0
0
0
0
0
0
0
0
0
0
0.0003703926
0.0003437443
0.0003158864
0.0002867388
0.00025613
0
0
0
0
0
0
0
0
0
0
0.0003923716
0.0003665979
0.0003396804
0.0003115486
0.0002820436
0
0
0
0
0
0
0
0
0
0
0.0004145791
0.0003896727
0.0003636869
0.0003365604
0.0003081466
0
0
0
0
0
0
0
0
0
0
0.0004369462
0.0004128967
0.000387829
0.0003616899
0.0003343446
0
0
0
0
0
0
0
0
0
0
0.0004591989
0.0004359849
0.0004118094
0.0003866264
0.0003603109
0
0
0
0
0
0
0
0
0
0
0.0004811402
0.000458734
0.0004354185
0.0004111534
0.0003858228
0
0
0
0
0
0
0
0
0
0
0.0005026864
0.0004810591
0.0004585703
0.0004351847
0.000410794
0
0
0
0
0
0
0
0
0
0
0.000523836
0.0005029602
0.0004812668
0.0004587252
0.0004352332
0
0
0
0
0
0
0
0
0
0
0.000544655
0.0005245074
0.000503583
0.0004818547
0.0004592266
0
0
0
0
0
0
0
0
0
0
0.0005652797
0.0005458427
0.0005256673
0.0005047297
0.000482939
0
0
0
0
0
0
0
0
0
0
0.0005858612
0.0005671239
0.000547685
0.0005275235
0.0005065538
0
0
0
0
0
0
0
0
0
0
0.0006063721
0.0005883232
0.0005696089
0.000550211
0.0005300488
0
0
0
0
0
0
0
0
0
0
0.0006260641
0.0006086653
0.0005906339
0.0005719539
0.0005525488
0
0
0
0
0
0
0
0
0
0
0.0006446359
0.000627841
0.0006104425
0.0005924262
0.0005737195
0
0
0
0
0
0
0
0
0
0
0.000662027
0.0006457903
0.0006289758
0.0006115708
0.0005935061
0
0
0
0
0
0
0
0
0
0
0.0006782826
0.000662562
0.0006462865
0.0006294447
0.0006119707
0
0
0
0
0
0
0
0
0
0
0.0002980364
0.0002683372
0.0002371797
0.0002044687
0.0001701232
0
0
0
0
0
0
0
0
0
0
0.000325322
0.0002968163
0.0002669531
0.000235636
0.0002026911
0
0
0
0
0
0
0
0
0
0
0.0003505426
0.0003230998
0.0002943881
0.0002643195
0.0002327187
0
0
0
0
0
0
0
0
0
0
0.0003739506
0.0003474627
0.0003197811
0.0002908289
0.0002604394
0
0
0
0
0
0
0
0
0
0
0.0003959179
0.0003703002
0.0003435538
0.0003156107
0.0002863159
0
0
0
0
0
0
0
0
0
0
0.000417079
0.0003922796
0.0003664092
0.0003394079
0.000311131
0
0
0
0
0
0
0
0
0
0
0.0004384752
0.0004144895
0.0003894898
0.0003634236
0.0003361566
0
0
0
0
0
0
0
0
0
0
0.0004600391
0.0004368596
0.0004127205
0.0003875762
0.000361302
0
0
0
0
0
0
0
0
0
0
0.0004815066
0.0004591152
0.0004358152
0.0004115666
0.0003862534
0
0
0
0
0
0
0
0
0
0
0.0005026864
0.0004810591
0.0004585703
0.0004351847
0.000410794
0
0
0
0
0
0
0
0
0
0
0.0005234969
0.0005026079
0.0004809008
0.0004583446
0.0004348375
0
0
0
0
0
0
0
0
0
0
0.0005439347
0.0005237597
0.0005028067
0.0004810485
0.0004583889
0
0
0
0
0
0
0
0
0
0
0.0005640629
0.0005445809
0.0005243583
0.0005033711
0.0004815284
0
0
0
0
0
0
0
0
0
0
0.000584012
0.0005652076
0.0005456979
0.0005254617
0.0005044129
0
0
0
0
0
0
0
0
0
0
0.0006039278
0.0005857916
0.0005669841
0.0005474868
0.0005272178
0
0
0
0
0
0
0
0
0
0
0.0006237842
0.0006063063
0.0005881909
0.0005694217
0.0005499216
0
0
0
0
0
0
0
0
0
0
0.0006428564
0.0006260012
0.0006085392
0.0005904557
0.0005716778
0
0
0
0
0
0
0
0
0
0
0.0006608511
0.0006445753
0.0006277197
0.0006102714
0.0005921609
0
0
0
0
0
0
0
0
0
0
0.0006777079
0.0006619685
0.0006456731
0.0006288106
0.0006113146
0
0
0
0
0
0
0
0
0
0
0.0006934684
0.0006782258
0.0006624485
0.0006461266
0.0006291967
0
0
0
0
0
0
0
0
0
0
0.0003263924
0.000297938
0.0002681319
0.0002368795
0.0002040104
0
0
0
0
0
0
0
0
0
0
0.000352576
0.0003252269
0.0002966184
0.000266665
0.0002351951
0
0
0
0
0
0
0
0
0
0
0.0003768107
0.0003504502
0.0003229081
0.00029411
0.000263893
0
0
0
0
0
0
0
0
0
0
0.0003993295
0.0003738602
0.0003472759
0.000319511
0.000290414
0
0
0
0
0
0
0
0
0
0
0.0004204829
0.0003958286
0.0003701166
0.000343289
0.0003152039
0
0
0
0
0
0
0
0
0
0
0.0004408759
0.0004169901
0.0003920976
0.0003661472
0.0003390058
0
0
0
0
0
0
0
0
0
0
0.0004615082
0.0004383885
0.000414313
0.0003892363
0.0003630344
0
0
0
0
0
0
0
0
0
0
0.0004823142
0.0004599552
0.0004366894
0.000412477
0.000387202
0
0
0
0
0
0
0
0
0
0
0.0005030388
0.0004814254
0.0004589512
0.0004355811
0.0004112066
0
0
0
0
0
0
0
0
0
0
0.0005234969
0.0005026079
0.0004809008
0.0004583446
0.0004348375
0
0
0
0
0
0
0
0
0
0
0.0005436082
0.0005234207
0.0005024546
0.0004806828
0.000458009
0
0
0
0
0
0
0
0
0
0
0.0005633687
0.0005438607
0.000523611
0.0005025955
0.0004807233
0
0
0
0
0
0
0
0
0
0
0.0005828382
0.0005639909
0.0005444364
0.0005241534
0.0005030554
0
0
0
0
0
0
0
0
0
0
0.0006021421
0.0005839419
0.0005650672
0.0005454989
0.000525155
0
0
0
0
0
0
0
0
0
0
0.0006214214
0.0006038602
0.0005856561
0.0005667922
0.0005471906
0
0
0
0
0
0
0
0
0
0
0.0006406509
0.0006237202
0.000606178
0.0005880096
0.0005691412
0
0
0
0
0
0
0
0
0
0
0.0006591286
0.0006427952
0.0006258788
0.0006083664
0.0005901879
0
0
0
0
0
0
0
0
0
0
0.000676569
0.0006607922
0.0006444575
0.0006275537
0.0006100139
0
0
0
0
0
0
0
0
0
0
0.0006929115
0.0006776509
0.0006618546
0.0006455129
0.0006285621
0
0
0
0
0
0
0
0
0
0
0.0007081945
0.000693413
0.0006781155
0.0006622934
0.0006458859
0
0
0
0
0
0
0
0
0
0
0.0003535999
0.0003262976
0.0002977408
0.0002678449
0.0002364402
0
0
0
0
0
0
0
0
0
0
0.0003787586
0.0003524842
0.0003250365
0.0002963424
0.0002662415
0
0
0
0
0
0
0
0
0
0
0.0004020728
0.0003767214
0.0003502655
0.0003226412
0.0002936998
0
0
0
0
0
0
0
0
0
0
0.0004237583
0.0003992421
0.0003736801
0.0003470163
0.0003191116
0
0
0
0
0
0
0
0
0
0
0.0004441466
0.0004203965
0.0003956515
0.0003698618
0.000342897
0
0
0
0
0
0
0
0
0
0
0.0004638159
0.0004407898
0.0004168144
0.0003918453
0.0003657596
0
0
0
0
0
0
0
0
0
0
0.000483727
0.0004614243
0.000438218
0.0004140686
0.0003888609
0
0
0
0
0
0
0
0
0
0
0.0005038157
0.0004822329
0.0004597908
0.0004364545
0.0004121157
0
0
0
0
0
0
0
0
0
0
0.000523836
0.0005029602
0.0004812668
0.0004587252
0.0004352332
0
0
0
0
0
0
0
0
0
0
0.0005436082
0.0005234207
0.0005024546
0.0004806828
0.000458009
0
0
0
0
0
0
0
0
0
0
0.0005630541
0.0005435342
0.0005232723
0.0005022439
0.0004803581
0
0
0
0
0
0
0
0
0
0
0.0005821688
0.0005632968
0.0005437167
0.0005234068
0.0005022808
0
0
0
0
0
0
0
0
0
0
0.0006010092
0.0005827682
0.0005638509
0.0005442381
0.0005238477
0
0
0
0
0
0
0
0
0
0
0.0006196962
0.0006020741
0.0005838058
0.0005648745
0.0005452018
0
0
0
0
0
0
0
0
0
0
0.0006383659
0.0006213556
0.0006037287
0.0005854701
0.0005665051
0
0
0
0
0
0
0
0
0
0
0.0006569943
0.0006405886
0.0006235956
0.0006060021
0.0005877375
0
0
0
0
0
0
0
0
0
0
0.000674901
0.0006590691
0.0006426763
0.0006257111
0.0006081066
0
0
0
0
0
0
0
0
0
0
0.0006918081
0.0006765117
0.0006606778
0.0006442965
0.0006273038
0
0
0
0
0
0
0
0
0
0
0.0007076547
0.000692856
0.0006775403
0.0006616991
0.0006452716
0
0
0
0
0
0
0
0
0
0
0.0007224759
0.0007081406
0.0006933058
0.0006779648
0.0006620596
0
0
0
0
0
0
0
0
0
0
0.0003797396
0.0003535084
0.0003261078
0.0002974657
0.0002674228
0
0
0
0
0
0
0
0
0
0
0.0004039416
0.00037867
0.0003523009
0.0003247715
0.000295935
0
0
0
0
0
0
0
0
0
0
0.0004263929
0.0004019865
0.0003765434
0.0003500089
0.0003222462
0
0
0
0
0
0
0
0
0
0
0.0004472948
0.0004236737
0.0003990683
0.0003734303
0.0003466314
0
0
0
0
0
0
0
0
0
0
0.0004669619
0.000444063
0.0004202255
0.0003954061
0.0003694839
0
0
0
0
0
0
0
0
0
0
0.0004859472
0.0004637325
0.0004406201
0.0004165712
0.0003914714
0
0
0
0
0
0
0
0
0
0
0.0005051754
0.0004836456
0.0004612594
0.0004379823
0.0004137062
0
0
0
0
0
0
0
0
0
0
0.0005245838
0.0005037369
0.0004820738
0.000459564
0.0004361055
0
0
0
0
0
0
0
0
0
0
0.0005439347
0.0005237597
0.0005028067
0.0004810485
0.0004583889
0
0
0
0
0
0
0
0
0
0
0.0005630541
0.0005435342
0.0005232723
0.0005022439
0.0004803581
0
0
0
0
0
0
0
0
0
0
0.0005818656
0.0005629823
0.0005433905
0.0005230684
0.0005019297
0
0
0
0
0
0
0
0
0
0
0.0006003635
0.000582099
0.0005631572
0.000543519
0.0005231021
0
0
0
0
0
0
0
0
0
0
0.0006186022
0.0006009412
0.0005826324
0.0005636588
0.000543942
0
0
0
0
0
0
0
0
0
0
0.0006366985
0.00061963
0.000601942
0.0005836191
0.0005645866
0
0
0
0
0
0
0
0
0
0
0.0006547837
0.000638302
0.000621228
0.0006035484
0.0005851918
0
0
0
0
0
0
0
0
0
0
0.0006728349
0.0006569337
0.0006404677
0.0006234251
0.0006057383
0
0
0
0
0
0
0
0
0
0
0.0006901924
0.0006748431
0.0006589536
0.0006425137
0.0006254591
0
0
0
0
0
0
0
0
0
0
0.0007065855
0.0006917523
0.0006764005
0.0006605214
0.000644054
0
0
0
0
0
0
0
0
0
0
0.0007219526
0.0007076007
0.0006927485
0.0006773893
0.0006614648
0
0
0
0
0
0
0
0
0
0
0.0007363253
0.0007224234
0.0007080364
0.0006931595
0.0006777378
0
0
0
0
0
0
0
0
0
0
0.0004048829
0.0003796513
0.0003533256
0.0003258437
0.0002970596
0
0
0
0
0
0
0
0
0
0
0.000428188
0.0004038558
0.0003784931
0.000352046
0.000324379
0
0
0
0
0
0
0
0
0
0
0.0004498279
0.0004263093
0.0004018146
0.0003762964
0.0003496282
0
0
0
0
0
0
0
0
0
0
0.0004699907
0.0004472129
0.0004235058
0.0003988275
0.0003730589
0
0
0
0
0
0
0
0
0
0
0.0004889757
0.0004668809
0.0004438978
0.0004199888
0.0003950413
0
0
0
0
0
0
0
0
0
0
0.0005073131
0.0004858664
0.0004635685
0.0004403855
0.0004162102
0
0
0
0
0
0
0
0
0
0
0.0005258933
0.0005050965
0.0004834862
0.0004610319
0.0004376322
0
0
0
0
0
0
0
0
0
0
0.000544655
0.0005245074
0.000503583
0.0004818547
0.0004592266
0
0
0
0
0
0
0
0
0
0
0.0005633687
0.0005438607
0.000523611
0.0005025955
0.0004807233
0
0
0
0
0
0
0
0
0
0
0.0005818656
0.0005629823
0.0005433905
0.0005230684
0.0005019297
0
0
0
0
0
0
0
0
0
0
0.000600071
0.0005817958
0.000562843
0.0005431932
0.0005227642
0
0
0
0
0
0
0
0
0
0
0.0006179791
0.0006002956
0.0005819636
0.0005629658
0.0005432239
0
0
0
0
0
0
0
0
0
0
0.0006356418
0.0006185362
0.0006008095
0.0005824464
0.0005633719
0
0
0
0
0
0
0
0
0
0
0.0006531716
0.0006366342
0.0006195019
0.0006017611
0.0005833401
0
0
0
0
0
0
0
0
0
0
0.0006706955
0.0006547215
0.0006381781
0.0006210532
0.0006032785
0
0
0
0
0
0
0
0
0
0
0.0006881915
0.0006727759
0.0006568162
0.0006403022
0.0006231691
0
0
0
0
0
0
0
0
0
0
0.0007050199
0.000690136
0.0006747309
0.0006587957
0.000642269
0
0
0
0
0
0
0
0
0
0
0.000720916
0.0007065311
0.0006916442
0.0006762487
0.000660286
0
0
0
0
0
0
0
0
0
0
0.0007358178
0.0007219
0.0007074962
0.0006926018
0.0006771617
0
0
0
0
0
0
0
0
0
0
0.0007497518
0.0007362742
0.000722322
0.0007078942
0.0006929389
0
0
0
0
0
0
0
0
0
0
0.0004290924
0.0004047975
0.000379475
0.0003530715
0.0003254524
0
0
0
0
0
0
0
0
0
0
0.0004515541
0.000428105
0.0004036851
0.0003782477
0.0003516676
0
0
0
0
0
0
0
0
0
0
0.0004724285
0.0004497469
0.0004261433
0.0004015765
0.0003759289
0
0
0
0
0
0
0
0
0
0
0.0004918923
0.0004699113
0.0004470506
0.0004232736
0.0003984691
0
0
0
0
0
0
0
0
0
0
0.0005102309
0.0004888972
0.000466721
0.0004436694
0.0004196365
0
0
0
0
0
0
0
0
0
0
0.0005279531
0.0005072348
0.0004857077
0.000463342
0.0004400366
0
0
0
0
0
0
0
0
0
0
0.000545917
0.0005258168
0.0005049422
0.0004832663
0.0004606934
0
0
0
0
0
0
0
0
0
0
0.0005640629
0.0005445809
0.0005243583
0.0005033711
0.0004815284
0
0
0
0
0
0
0
0
0
0
0.0005821688
0.0005632968
0.0005437167
0.0005234068
0.0005022808
0
0
0
0
0
0
0
0
0
0
0.000600071
0.0005817958
0.000562843
0.0005431932
0.0005227642
0
0
0
0
0
0
0
0
0
0
0.000617697
0.0006000033
0.0005816607
0.0005626519
0.0005428986
0
0
0
0
0
0
0
0
0
0
0.0006350402
0.0006179131
0.0006001643
0.0005817782
0.0005626799
0
0
0
0
0
0
0
0
0
0
0.0006521504
0.0006355775
0.0006184084
0.0006006292
0.0005821683
0
0
0
0
0
0
0
0
0
0
0.0006691363
0.000653109
0.0006365098
0.0006193264
0.0006014904
0
0
0
0
0
0
0
0
0
0
0.0006861204
0.000670635
0.0006546012
0.0006380085
0.0006207914
0
0
0
0
0
0
0
0
0
0
0.0007030816
0.0006881341
0.0006726618
0.0006566557
0.0006400538
0
0
0
0
0
0
0
0
0
0
0.0007193986
0.000704965
0.0006900269
0.0006745776
0.0006585581
0
0
0
0
0
0
0
0
0
0
0.0007348127
0.0007208631
0.0007064261
0.0006914968
0.00067602
0
0
0
0
0
0
0
0
0
0
0.0007492595
0.0007357665
0.0007217983
0.0007073537
0.0006923807
0
0
0
0
0
0
0
0
0
0.0007627602
0.000749702
0.0007361756
0.0007221839
0.0007076799
0
0
0
0
0
0
0
0
0
0
0.0004524239
0.0004290096
0.0004046272
0.0003792303
0.0003526943
0
0
0
0
0
0
0
0
0
0
0.00047409
0.0004514736
0.00042794
0.0004034485
0.0003778825
0
0
0
0
0
0
0
0
0
0
0.0004942404
0.00047235
0.0004495864
0.0004259136
0.0004012217
0
0
0
0
0
0
0
0
0
0
0.0005130415
0.0004918153
0.0004697543
0.0004468264
0.0004229273
0
0
0
0
0
0
0
0
0
0
0.0005307661
0.0005101547
0.0004887426
0.0004665004
0.0004433289
0
0
0
0
0
0
0
0
0
0
0.0005479029
0.0005278771
0.0005070812
0.0004854888
0.0004630047
0
0
0
0
0
0
0
0
0
0
0.0005652797
0.0005458427
0.0005256673
0.0005047297
0.000482939
0
0
0
0
0
0
0
0
0
0
0.0005828382
0.0005639909
0.0005444364
0.0005241534
0.0005030554
0
0
0
0
0
0
0
0
0
0
0.0006003635
0.000582099
0.0005631572
0.000543519
0.0005231021
0
0
0
0
0
0
0
0
0
0
0.000617697
0.0006000033
0.0005816607
0.0005626519
0.0005428986
0
0
0
0
0
0
0
0
0
0
0.0006347679
0.0006176311
0.0005998722
0.0005814756
0.0005623664
0
0
0
0
0
0
0
0
0
0
0.0006515694
0.000634976
0.0006177857
0.0005999846
0.000581501
0
0
0
0
0
0
0
0
0
0
0.0006681492
0.0006520879
0.0006354535
0.0006182335
0.0006003595
0
0
0
0
0
0
0
0
0
0
0.0006846118
0.0006690754
0.0006529882
0.0006363396
0.0006190639
0
0
0
0
0
0
0
0
0
0
0.000701076
0.0006860615
0.0006705181
0.0006544366
0.0006377544
0
0
0
0
0
0
0
0
0
0
0.0007175204
0.0007030257
0.0006880232
0.0006725059
0.0006564144
0
0
0
0
0
0
0
0
0
0
0.0007333415
0.0007193451
0.0007048589
0.0006898781
0.0006743469
0
0
0
0
0
0
0
0
0
0
0.0007482846
0.0007347611
0.0007207609
0.0007062828
0.0006912746
0
0
0
0
0
0
0
0
0
0.0007622825
0.0007492096
0.0007356677
0.0007216599
0.0007071389
0
0
0
0
0
0
0
0
0.0007753469
0.0007627116
0.000749606
0.0007360413
0.0007219756
0
0
0
0
0
0
0
0
0
0
0.0004749274
0.0004523437
0.0004288451
0.0004043914
0.0003788662
0
0
0
0
0
0
0
0
0
0
0.0004958411
0.000474012
0.0004513141
0.0004277117
0.0004030958
0
0
0
0
0
0
0
0
0
0
0.000515305
0.0004941643
0.0004721947
0.0004493646
0.0004255708
0
0
0
0
0
0
0
0
0
0
0.0005334765
0.0005129668
0.0004916634
0.0004695378
0.0004464916
0
0
0
0
0
0
0
0
0
0
0.0005506166
0.0005306922
0.000510005
0.0004885294
0.0004661712
0
0
0
0
0
0
0
0
0
0
0.0005671955
0.0005478291
0.0005277283
0.0005068695
0.0004851626
0
0
0
0
0
0
0
0
0
0
0.000584012
0.0005652076
0.0005456979
0.0005254617
0.0005044129
0
0
0
0
0
0
0
0
0
0
0.0006010092
0.0005827682
0.0005638509
0.0005442381
0.0005238477
0
0
0
0
0
0
0
0
0
0
0.0006179791
0.0006002956
0.0005819636
0.0005629658
0.0005432239
0
0
0
0
0
0
0
0
0
0
0.0006347679
0.0006176311
0.0005998722
0.0005814756
0.0005623664
0
0
0
0
0
0
0
0
0
0
0.0006513065
0.0006347038
0.0006175039
0.0005996928
0.0005811988
0
0
0
0
0
0
0
0
0
0
0.0006675879
0.000651507
0.0006348523
0.0006176114
0.0005997158
0
0
0
0
0
0
0
0
0
0
0.0006836574
0.0006680884
0.0006519675
0.0006352839
0.0006179719
0
0
0
0
0
0
0
0
0
0
0.0006996159
0.0006845525
0.000668958
0.0006528231
0.0006360848
0
0
0
0
0
0
0
0
0
0
0.0007155776
0.0007010186
0.0006859479
0.0006703584
0.00065419
0
0
0
0
0
0
0
0
0
0
0.0007315211
0.0007174659
0.0007029179
0.0006878718
0.0006722716
0
0
0
0
0
0
0
0
0
0
0.000746858
0.0007332894
0.000719242
0.0007047143
0.000689654
0
0
0
0
0
0
0
0
0
0.0007613368
0.0007482344
0.0007346617
0.0007206217
0.0007060669
0
0
0
0
0
0
0
0
0.0007748834
0.0007622338
0.0007491134
0.0007355331
0.000721451
0
0
0
0
0
0
0
0.0007874979
0.0007752995
0.0007626182
0.0007494755
0.0007358387
0
0
0
0
0
0
0
0
0
0
0.0004966479
0.0004748497
0.0004521846
0.0004286175
0.0004040397
0
0
0
0
0
0
0
0
0
0
0.0005168482
0.0004957655
0.0004738577
0.0004510937
0.0004273709
0
0
0
0
0
0
0
0
0
0
0.0005356599
0.0005152311
0.0004940139
0.0004719804
0.0004490331
0
0
0
0
0
0
0
0
0
0
0.0005532321
0.000533404
0.0005128197
0.000491454
0.0004692139
0
0
0
0
0
0
0
0
0
0
0.0005698149
0.0005505448
0.0005305471
0.0005097988
0.0004882107
0
0
0
0
0
0
0
0
0
0
0.0005858612
0.0005671239
0.000547685
0.0005275235
0.0005065538
0
0
0
0
0
0
0
0
0
0
0.0006021421
0.0005839419
0.0005650672
0.0005454989
0.000525155
0
0
0
0
0
0
0
0
0
0
0.0006186022
0.0006009412
0.0005826324
0.0005636588
0.000543942
0
0
0
0
0
0
0
0
0
0
0.0006350402
0.0006179131
0.0006001643
0.0005817782
0.0005626799
0
0
0
0
0
0
0
0
0
0
0.0006513065
0.0006347038
0.0006175039
0.0005996928
0.0005811988
0
0
0
0
0
0
0
0
0
0
0.000667334
0.0006512442
0.0006345803
0.0006173299
0.0005994244
0
0
0
0
0
0
0
0
0
0
0.0006831149
0.0006675271
0.0006513869
0.0006346833
0.0006173507
0
0
0
0
0
0
0
0
0
0
0.0006986928
0.0006835982
0.0006679713
0.0006518029
0.00063503
0
0
0
0
0
0
0
0
0
0
0.0007141642
0.0006995582
0.0006844385
0.0006687977
0.0006525757
0
0
0
0
0
0
0
0
0
0
0.0007296386
0.0007155217
0.0007009082
0.0006857928
0.0006701189
0
0
0
0
0
0
0
0
0
0
0.0007450931
0.000731468
0.0007173611
0.0007027708
0.0006876443
0
0
0
0
0
0
0
0
0
0.0007599531
0.0007468072
0.0007331891
0.0007191015
0.0007044966
0
0
0
0
0
0
0
0
0.0007739659
0.0007612878
0.0007481377
0.0007345264
0.0007204119
0
0
0
0
0
0
0
0.0007870482
0.000774836
0.0007621402
0.0007489825
0.0007353301
0
0
0
0
0
0
0.0007991776
0.0007874517
0.0007752086
0.0007624912
0.0007492785
0
0
0
0
0
0
0
0
0
0
0.0005176262
0.0004965725
0.0004746957
0.0004519648
0.0004282776
0
0
0
0
0
0
0
0
0
0
0.0005371488
0.0005167748
0.000495616
0.0004736447
0.0004507641
0
0
0
0
0
0
0
0
0
0
0.0005553396
0.0005355882
0.0005150855
0.0004938067
0.0004716597
0
0
0
0
0
0
0
0
0
0
0.0005723402
0.0005531617
0.0005332614
0.0005126172
0.0004911406
0
0
0
0
0
0
0
0
0
0
0.0005883909
0.0005697452
0.0005504042
0.0005303475
0.0005094903
0
0
0
0
0
0
0
0
0
0
0.0006039278
0.0005857916
0.0005669841
0.0005474868
0.0005272178
0
0
0
0
0
0
0
0
0
0
0.0006196962
0.0006020741
0.0005838058
0.0005648745
0.0005452018
0
0
0
0
0
0
0
0
0
0
0.0006356418
0.0006185362
0.0006008095
0.0005824464
0.0005633719
0
0
0
0
0
0
0
0
0
0
0.0006515694
0.000634976
0.0006177857
0.0005999846
0.000581501
0
0
0
0
0
0
0
0
0
0
0.000667334
0.0006512442
0.0006345803
0.0006173299
0.0005994244
0
0
0
0
0
0
0
0
0
0
0.0006828697
0.0006672733
0.0006511243
0.0006344116
0.0006170696
0
0
0
0
0
0
0
0
0
0
0.0006981684
0.0006830558
0.0006674104
0.0006512229
0.0006344302
0
0
0
0
0
0
0
0
0
0
0.0007132711
0.0006986351
0.0006834845
0.0006678116
0.0006515564
0
0
0
0
0
0
0
0
0
0
0.00072827
0.000714108
0.0006994474
0.0006842829
0.0006685576
0
0
0
0
0
0
0
0
0
0
0.0007432688
0.0007295842
0.0007154144
0.0007007575
0.0006855602
0
0
0
0
0
0
0
0
0
0.0007582417
0.0007450414
0.000731366
0.0007172182
0.0007025498
0
0
0
0
0
0
0
0
0.0007726236
0.0007599035
0.0007467096
0.0007330525
0.0007188898
0
0
0
0
0
0
0
0.000786158
0.0007739181
0.0007611937
0.0007480061
0.0007343224
0
0
0
0
0
0
0.0007987414
0.0007870019
0.0007747448
0.0007620129
0.0007487851
0
0
0
0
0
0.0008103216
0.0007991325
0.0007873631
0.0007750851
0.0007622996
0
0
0
0
0
0
0
0
0
0
0.0005378995
0.000517553
0.0004964235
0.0004744833
0.0004516361
0
0
0
0
0
0
0
0
0
0
0.0005567769
0.0005370775
0.00051663
0.00049541
0.0004733257
0
0
0
0
0
0
0
0
0
0
0.0005743756
0.0005552699
0.0005354471
0.000514885
0.0004934963
0
0
0
0
0
0
0
0
0
0
0.0005908304
0.0005722718
0.0005530235
0.0005330654
0.0005123137
0
0
0
0
0
0
0
0
0
0
0.0006063721
0.0005883232
0.0005696089
0.000550211
0.0005300488
0
0
0
0
0
0
0
0
0
0
0.0006214214
0.0006038602
0.0005856561
0.0005667922
0.0005471906
0
0
0
0
0
0
0
0
0
0
0.0006366985
0.00061963
0.000601942
0.0005836191
0.0005645866
0
0
0
0
0
0
0
0
0
0
0.0006521504
0.0006355775
0.0006184084
0.0006006292
0.0005821683
0
0
0
0
0
0
0
0
0
0
0.0006675879
0.000651507
0.0006348523
0.0006176114
0.0005997158
0
0
0
0
0
0
0
0
0
0
0.0006828697
0.0006672733
0.0006511243
0.0006344116
0.0006170696
0
0
0
0
0
0
0
0
0
0
0.0006979315
0.0006828107
0.0006671568
0.0006509606
0.000634159
0
0
0
0
0
0
0
0
0
0
0.0007127641
0.0006981109
0.0006829424
0.0006672512
0.0006509772
0
0
0
0
0
0
0
0
0
0
0.0007274058
0.0007132149
0.0006985246
0.0006833294
0.0006675723
0
0
0
0
0
0
0
0
0
0
0.0007419432
0.0007282152
0.0007140002
0.0006992962
0.0006840497
0
0
0
0
0
0
0
0
0
0.0007564734
0.0007432157
0.0007294798
0.000715268
0.0007005316
0
0
0
0
0
0
0
0
0.0007709641
0.0007581913
0.0007449422
0.0007312271
0.0007170034
0
0
0
0
0
0
0
0.000784856
0.0007725753
0.0007598086
0.0007465768
0.0007328467
0
0
0
0
0
0
0.0007978779
0.0007861114
0.0007738265
0.0007610658
0.0007478078
0
0
0
0
0
0.0008098986
0.0007986962
0.0007869131
0.000774621
0.0007618209
0
0
0
0
0.0008208083
0.0008102776
0.0007990463
0.0007872429
0.0007748986
0
0
0
0
0
0
0
0
0
0
0.0005575017
0.0005378284
0.0005174086
0.0004962181
0.0004741653
0
0
0
0
0
0
0
0
0
0
0.000575764
0.0005567077
0.0005369372
0.0005164307
0.0004951013
0
0
0
0
0
0
0
0
0
0
0.0005927972
0.0005743079
0.0005551331
0.000535253
0.0005145844
0
0
0
0
0
0
0
0
0
0
0.00060873
0.000590764
0.0005721378
0.0005528337
0.0005327715
0
0
0
0
0
0
0
0
0
0
0.0006237842
0.0006063063
0.0005881909
0.0005694217
0.0005499216
0
0
0
0
0
0
0
0
0
0
0.0006383659
0.0006213556
0.0006037287
0.0005854701
0.0005665051
0
0
0
0
0
0
0
0
0
0
0.0006531716
0.0006366342
0.0006195019
0.0006017611
0.0005833401
0
0
0
0
0
0
0
0
0
0
0.0006681492
0.0006520879
0.0006354535
0.0006182335
0.0006003595
0
0
0
0
0
0
0
0
0
0
0.0006831149
0.0006675271
0.0006513869
0.0006346833
0.0006173507
0
0
0
0
0
0
0
0
0
0
0.0006979315
0.0006828107
0.0006671568
0.0006509606
0.000634159
0
0
0
0
0
0
0
0
0
0
0.0007125351
0.000697874
0.0006826974
0.0006669979
0.0006507153
0
0
0
0
0
0
0
0
0
0
0.0007269155
0.000712708
0.0006980007
0.0006827878
0.0006670127
0
0
0
0
0
0
0
0
0
0
0.0007411068
0.0007273511
0.0007131075
0.000698374
0.0006830969
0
0
0
0
0
0
0
0
0
0.0007551894
0.0007418899
0.0007281105
0.0007138533
0.0006990697
0
0
0
0
0
0
0
0
0.0007692499
0.0007564217
0.0007431142
0.0007293375
0.0007150484
0
0
0
0
0
0
0
0.0007832466
0.0007709149
0.0007580948
0.0007448071
0.0007310183
0
0
0
0
0
0
0.0007966152
0.0007848089
0.0007724829
0.0007596794
0.0007463767
0
0
0
0
0
0.0008090616
0.0007978325
0.0007860222
0.0007737021
0.0007608728
0
0
0
0
0.0008203987
0.0008098545
0.0007986097
0.0007867926
0.0007744341
0
0
0
0.0008304347
0.0008207653
0.0008101935
0.0007989292
0.0007870614
0
0
0
0
0
0
0
0
0
0
0.0005764642
0.0005574327
0.0005376885
0.0005172099
0.0004959101
0
0
0
0
0
0
0
0
0
0
0.000594139
0.0005756967
0.0005565716
0.0005367443
0.0005161318
0
0
0
0
0
0
0
0
0
0
0.0006106314
0.0005927314
0.0005741752
0.0005549452
0.0005349618
0
0
0
0
0
0
0
0
0
0
0.0006260641
0.0006086653
0.0005906339
0.0005719539
0.0005525488
0
0
0
0
0
0
0
0
0
0
0.0006406509
0.0006237202
0.000606178
0.0005880096
0.0005691412
0
0
0
0
0
0
0
0
0
0
0.0006547837
0.000638302
0.000621228
0.0006035484
0.0005851918
0
0
0
0
0
0
0
0
0
0
0.0006691363
0.000653109
0.0006365098
0.0006193264
0.0006014904
0
0
0
0
0
0
0
0
0
0
0.0006836574
0.0006680884
0.0006519675
0.0006352839
0.0006179719
0
0
0
0
0
0
0
0
0
0
0.0006981684
0.0006830558
0.0006674104
0.0006512229
0.0006344302
0
0
0
0
0
0
0
0
0
0
0.0007125351
0.000697874
0.0006826974
0.0006669979
0.0006507153
0
0
0
0
0
0
0
0
0
0
0.0007266941
0.0007124791
0.000697764
0.0006825431
0.0006667598
0
0
0
0
0
0
0
0
0
0
0.0007406326
0.0007268609
0.0007126009
0.0006978505
0.0006825562
0
0
0
0
0
0
0
0
0
0.0007543798
0.0007410535
0.0007272466
0.0007129611
0.0006981482
0
0
0
0
0
0
0
0
0.0007680061
0.0007551375
0.0007417879
0.0007279677
0.0007136332
0
0
0
0
0
0
0
0.000781585
0.0007691995
0.0007563229
0.0007429759
0.0007291241
0
0
0
0
0
0
0.000795055
0.0007831987
0.0007708209
0.0007579635
0.0007446041
0
0
0
0
0
0.0008078377
0.0007965693
0.0007847188
0.0007723572
0.0007594848
0
0
0
0
0.0008195882
0.0008090172
0.0007977456
0.000785901
0.0007735143
0
0
0
0.0008300389
0.0008203556
0.0008097702
0.0007984924
0.0007866107
0
0
0.0008388438
0.0008303926
0.0008206832
0.0008100794
0.0007987525
0
0
0
0
0
0
0
0
0
0
0.0005948159
0.0005763971
0.000557297
0.0005374961
0.0005169117
0
0
0
0
0
0
0
0
0
0
0.0006119288
0.0005940737
0.0005755648
0.0005563848
0.0005364546
0
0
0
0
0
0
0
0
0
0
0.0006279032
0.0006105674
0.0005926027
0.0005739932
0.0005546629
0
0
0
0
0
0
0
0
0
0
0.0006428564
0.0006260012
0.0006085392
0.0005904557
0.0005716778
0
0
0
0
0
0
0
0
0
0
0.0006569943
0.0006405886
0.0006235956
0.0006060021
0.0005877375
0
0
0
0
0
0
0
0
0
0
0.0006706955
0.0006547215
0.0006381781
0.0006210532
0.0006032785
0
0
0
0
0
0
0
0
0
0
0.0006846118
0.0006690754
0.0006529882
0.0006363396
0.0006190639
0
0
0
0
0
0
0
0
0
0
0.0006986928
0.0006835982
0.0006679713
0.0006518029
0.00063503
0
0
0
0
0
0
0
0
0
0
0.0007127641
0.0006981109
0.0006829424
0.0006672512
0.0006509772
0
0
0
0
0
0
0
0
0
0
0.0007266941
0.0007124791
0.000697764
0.0006825431
0.0006667598
0
0
0
0
0
0
0
0
0
0
0.0007404186
0.0007266396
0.0007123721
0.0006976141
0.0006823119
0
0
0
0
0
0
0
0
0
0.0007539211
0.0007405794
0.0007267567
0.000712455
0.0006976255
0
0
0
0
0
0
0
0
0.0007672224
0.0007543279
0.0007409518
0.0007271043
0.0007127417
0
0
0
0
0
0
0
0.0007803802
0.0007679554
0.0007550382
0.0007416492
0.0007277537
0
0
0
0
0
0
0.0007934447
0.0007815359
0.0007691033
0.0007561884
0.0007427683
0
0
0
0
0
0.0008063259
0.0007950082
0.0007831072
0.0007706932
0.0007577659
0
0
0
0
0.0008184034
0.0008077929
0.0007964815
0.0007845965
0.0007721679
0
0
0
0.0008292559
0.0008195448
0.0008089325
0.0007976276
0.0007857183
0
0
0.0008384629
0.0008299968
0.0008202733
0.0008096559
0.0007983153
0
0.0008454571
0.0008388026
0.0008303124
0.000820572
0.0008099072
0
0
0
0
0
0
0
0
0
0
0.0006125833
0.0005947507
0.0005762655
0.0005571106
0.0005372071
0
0
0
0
0
0
0
0
0
0
0.0006291582
0.0006118652
0.0005939456
0.0005753837
0.000556104
0
0
0
0
0
0
0
0
0
0
0.0006446359
0.000627841
0.0006104425
0.0005924262
0.0005737195
0
0
0
0
0
0
0
0
0
0
0.0006591286
0.0006427952
0.0006258788
0.0006083664
0.0005901879
0
0
0
0
0
0
0
0
0
0
0.0006728349
0.0006569337
0.0006404677
0.0006234251
0.0006057383
0
0
0
0
0
0
0
0
0
0
0.0006861204
0.000670635
0.0006546012
0.0006380085
0.0006207914
0
0
0
0
0
0
0
0
0
0
0.0006996159
0.0006845525
0.000668958
0.0006528231
0.0006360848
0
0
0
0
0
0
0
0
0
0
0.0007132711
0.0006986351
0.0006834845
0.0006678116
0.0006515564
0
0
0
0
0
0
0
0
0
0
0.0007269155
0.000712708
0.0006980007
0.0006827878
0.0006670127
0
0
0
0
0
0
0
0
0
0
0.0007404186
0.0007266396
0.0007123721
0.0006976141
0.0006823119
0
0
0
0
0
0
0
0
0
0.0007537142
0.0007403654
0.0007265355
0.0007122265
0.0006973894
0
0
0
0
0
0
0
0
0.0007667787
0.0007538693
0.000740478
0.0007266149
0.0007122363
0
0
0
0
0
0
0
0.0007796217
0.0007671717
0.0007542289
0.0007408135
0.000726891
0
0
0
0
0
0
0.000792278
0.0007803308
0.0007678589
0.0007549033
0.0007414411
0
0
0
0
0
0.0008047663
0.0007933967
0.0007814422
0.0007689725
0.0007559865
0
0
0
0
0.0008169403
0.0008062803
0.0007949191
0.0007829829
0.000770501
0
0
0
0.0008281114
0.0008183596
0.0008077073
0.0007963625
0.0007844122
0
0
0.0008377094
0.0008292135
0.0008194622
0.0008088175
0.0007974497
0
0.0008450926
0.0008384216
0.0008299164
0.0008201618
0.0008094833
0.0008493334
0.0008454166
0.0008387241
0.0008302038
0.0008204041
0
0
0
0
0
0
0
0
0
0
0.0006297914
0.0006125199
0.000594623
0.0005760849
0.0005568306
0
0
0
0
0
0
0
0
0
0
0.0006458505
0.0006290964
0.000611741
0.0005937701
0.0005751115
0
0
0
0
0
0
0
0
0
0
0.0006608511
0.0006445753
0.0006277197
0.0006102714
0.0005921609
0
0
0
0
0
0
0
0
0
0
0.000674901
0.0006590691
0.0006426763
0.0006257111
0.0006081066
0
0
0
0
0
0
0
0
0
0
0.0006881915
0.0006727759
0.0006568162
0.0006403022
0.0006231691
0
0
0
0
0
0
0
0
0
0
0.000701076
0.0006860615
0.0006705181
0.0006544366
0.0006377544
0
0
0
0
0
0
0
0
0
0
0.0007141642
0.0006995582
0.0006844385
0.0006687977
0.0006525757
0
0
0
0
0
0
0
0
0
0
0.0007274058
0.0007132149
0.0006985246
0.0006833294
0.0006675723
0
0
0
0
0
0
0
0
0
0
0.0007406326
0.0007268609
0.0007126009
0.0006978505
0.0006825562
0
0
0
0
0
0
0
0
0
0.0007537142
0.0007403654
0.0007265355
0.0007122265
0.0006973894
0
0
0
0
0
0
0
0
0.0007665787
0.0007536624
0.0007402642
0.000726394
0.0007120081
0
0
0
0
0
0
0
0.0007791926
0.0007667282
0.0007537706
0.0007403402
0.0007264023
0
0
0
0
0
0
0.0007915442
0.0007795723
0.0007670754
0.0007540944
0.0007406062
0
0
0
0
0
0.0008036374
0.0007922298
0.0007802367
0.0007677276
0.0007547009
0
0
0
0
0.0008154317
0.0008047195
0.0007933055
0.0007813148
0.0007687761
0
0
0
0.0008266987
0.0008168957
0.0008061933
0.000794798
0.0007827958
0
0
0.0008366082
0.0008280685
0.0008182761
0.0008075913
0.000796183
0
0.0008443717
0.0008376678
0.0008291327
0.0008193501
0.0008086441
0.0008489851
0.000845052
0.0008383429
0.0008298075
0.0008199935
0.0008492933
0.0008453394
0.0008386177
0.0008300398
0
0
0
0
0
0
0
0
0
0
0.0006464633
0.0006297298
0.000612396
0.0005944479
0.0005758134
0
0
0
0
0
0
0
0
0
0
0.000662027
0.0006457903
0.0006289758
0.0006115708
0.0005935061
0
0
0
0
0
0
0
0
0
0
0.000676569
0.0006607922
0.0006444575
0.0006275537
0.0006100139
0
0
0
0
0
0
0
0
0
0
0.0006901924
0.0006748431
0.0006589536
0.0006425137
0.0006254591
0
0
0
0
0
0
0
0
0
0
0.0007030816
0.0006881341
0.0006726618
0.0006566557
0.0006400538
0
0
0
0
0
0
0
0
0
0
0.0007155776
0.0007010186
0.0006859479
0.0006703584
0.00065419
0
0
0
0
0
0
0
0
0
0
0.00072827
0.000714108
0.0006994474
0.0006842829
0.0006685576
0
0
0
0
0
0
0
0
0
0
0.0007411068
0.0007273511
0.0007131075
0.000698374
0.0006830969
0
0
0
0
0
0
0
0
0
0.0007539211
0.0007405794
0.0007267567
0.000712455
0.0006976255
0
0
0
0
0
0
0
0
0.0007665787
0.0007536624
0.0007402642
0.000726394
0.0007120081
0
0
0
0
0
0
0
0.0007789993
0.0007665282
0.0007535639
0.0007401266
0.0007261817
0
0
0
0
0
0
0.0007911295
0.0007791433
0.0007666321
0.0007536365
0.0007401335
0
0
0
0
0
0.000802928
0.000791496
0.0007794785
0.0007669446
0.0007538927
0
0
0
0
0.0008143408
0.0008035903
0.0007921382
0.000780109
0.0007675307
0
0
0
0.0008252426
0.000815386
0.0008046305
0.0007931815
0.0007811237
0
0
0.0008352496
0.000826655
0.0008168109
0.0008060754
0.0007946159
0
0.0008433185
0.0008365662
0.0008279869
0.000818163
0.0008074164
0.0008482965
0.0008443308
0.0008375887
0.0008290232
0.000819181
0.0008489449
0.0008449746
0.0008382363
0.0008296431
0.0008492171
0.0008452348
0.0008384572
0
0
0
0
0
0
0
0
0
0
0.0006626204
0.0006464033
0.0006296094
0.0006122262
0.0005941845
0
0
0
0
0
0
0
0
0
0
0.0006777079
0.0006619685
0.0006456731
0.0006288106
0.0006113146
0
0
0
0
0
0
0
0
0
0
0.0006918081
0.0006765117
0.0006606778
0.0006442965
0.0006273038
0
0
0
0
0
0
0
0
0
0
0.0007050199
0.000690136
0.0006747309
0.0006587957
0.000642269
0
0
0
0
0
0
0
0
0
0
0.0007175204
0.0007030257
0.0006880232
0.0006725059
0.0006564144
0
0
0
0
0
0
0
0
0
0
0.0007296386
0.0007155217
0.0007009082
0.0006857928
0.0006701189
0
0
0
0
0
0
0
0
0
0
0.0007419432
0.0007282152
0.0007140002
0.0006992962
0.0006840497
0
0
0
0
0
0
0
0
0
0.0007543798
0.0007410535
0.0007272466
0.0007129611
0.0006981482
0
0
0
0
0
0
0
0
0.0007667787
0.0007538693
0.000740478
0.0007266149
0.0007122363
0
0
0
0
0
0
0
0.0007789993
0.0007665282
0.0007535639
0.0007401266
0.0007261817
0
0
0
0
0
0
0.0007909427
0.0007789501
0.0007664323
0.0007534301
0.0007399202
0
0
0
0
0
0.0008025275
0.0007910814
0.0007790498
0.0007665017
0.0007534355
0
0
0
0
0.0008136562
0.0008028809
0.0007914046
0.0007793512
0.0007667484
0
0
0
0.0008241912
0.0008142948
0.000803501
0.0007920138
0.0007799174
0
0
0.0008338501
0.0008251979
0.0008152992
0.0008045097
0.0007929954
0
0.0008420198
0.0008352068
0.0008265721
0.0008166959
0.0008058979
0.0008472911
0.0008432771
0.0008364863
0.0008278764
0.0008179924
0.0008482561
0.000844253
0.0008374815
0.000828858
0.0008488685
0.0008448698
0.0008380754
0.0008491138
0.0008450771
0
0
0
0
0
0
0
0
0
0
0.0006782826
0.000662562
0.0006462865
0.0006294447
0.0006119707
0
0
0
0
0
0
0
0
0
0
0.0006929115
0.0006776509
0.0006618546
0.0006455129
0.0006285621
0
0
0
0
0
0
0
0
0
0
0.0007065855
0.0006917523
0.0006764005
0.0006605214
0.000644054
0
0
0
0
0
0
0
0
0
0
0.0007193986
0.000704965
0.0006900269
0.0006745776
0.0006585581
0
0
0
0
0
0
0
0
0
0
0.0007315211
0.0007174659
0.0007029179
0.0006878718
0.0006722716
0
0
0
0
0
0
0
0
0
0
0.0007432688
0.0007295842
0.0007154144
0.0007007575
0.0006855602
0
0
0
0
0
0
0
0
0
0.0007551894
0.0007418899
0.0007281105
0.0007138533
0.0006990697
0
0
0
0
0
0
0
0
0.0007672224
0.0007543279
0.0007409518
0.0007271043
0.0007127417
0
0
0
0
0
0
0
0.0007791926
0.0007667282
0.0007537706
0.0007403402
0.0007264023
0
0
0
0
0
0
0.0007909427
0.0007789501
0.0007664323
0.0007534301
0.0007399202
0
0
0
0
0
0.0008023473
0.0007908947
0.0007788566
0.0007663021
0.0007532294
0
0
0
0
0.0008132702
0.0008024805
0.0007909902
0.0007789229
0.0007663061
0
0
0
0.0008235323
0.0008136102
0.0008027918
0.0007912807
0.0007791602
0
0
0.0008328414
0.0008241462
0.0008142077
0.0008033798
0.0007918273
0
0.000840683
0.0008338063
0.0008251131
0.0008151814
0.0008043284
0.0008460527
0.0008419777
0.0008351257
0.0008264598
0.0008165229
0.0008472502
0.0008431987
0.0008363782
0.0008277099
0.0008481793
0.0008441478
0.0008373199
0.000848765
0.0008447118
0.000848958
0
0
0
0
0
0
0
0
0
0
0.0006934684
0.0006782258
0.0006624485
0.0006461266
0.0006291967
0
0
0
0
0
0
0
0
0
0
0.0007076547
0.000692856
0.0006775403
0.0006616991
0.0006452716
0
0
0
0
0
0
0
0
0
0
0.000720916
0.0007065311
0.0006916442
0.0006762487
0.000660286
0
0
0
0
0
0
0
0
0
0
0.0007333415
0.0007193451
0.0007048589
0.0006898781
0.0006743469
0
0
0
0
0
0
0
0
0
0
0.0007450931
0.000731468
0.0007173611
0.0007027708
0.0006876443
0
0
0
0
0
0
0
0
0
0.0007564734
0.0007432157
0.0007294798
0.000715268
0.0007005316
0
0
0
0
0
0
0
0
0.0007680061
0.0007551375
0.0007417879
0.0007279677
0.0007136332
0
0
0
0
0
0
0
0.0007796217
0.0007671717
0.0007542289
0.0007408135
0.000726891
0
0
0
0
0
0
0.0007911295
0.0007791433
0.0007666321
0.0007536365
0.0007401335
0
0
0
0
0
0.0008023473
0.0007908947
0.0007788566
0.0007663021
0.0007532294
0
0
0
0
0.0008130967
0.0008023004
0.0007908037
0.0007787299
0.0007661068
0
0
0
0.0008231615
0.0008132243
0.0008023917
0.0007908667
0.0007787325
0
0
0.0008322106
0.0008234873
0.0008135233
0.0008026711
0.0007910948
0
0.0008397219
0.0008327973
0.000824061
0.0008140896
0.0008031981
0.0008447796
0.00084064
0.0008337234
0.0008249981
0.0008150047
0.0008460112
0.000841898
0.0008350158
0.0008262908
0.0008471727
0.0008430924
0.0008362152
0.0008480753
0.0008439889
0.0008486089
0
0
0
0
0
0
0
0
0
0
0.0007081945
0.000693413
0.0006781155
0.0006622934
0.0006458859
0
0
0
0
0
0
0
0
0
0
0.0007219526
0.0007076007
0.0006927485
0.0006773893
0.0006614648
0
0
0
0
0
0
0
0
0
0
0.0007348127
0.0007208631
0.0007064261
0.0006914968
0.00067602
0
0
0
0
0
0
0
0
0
0
0.000746858
0.0007332894
0.000719242
0.0007047143
0.000689654
0
0
0
0
0
0
0
0
0
0.0007582417
0.0007450414
0.000731366
0.0007172182
0.0007025498
0
0
0
0
0
0
0
0
0.0007692499
0.0007564217
0.0007431142
0.0007293375
0.0007150484
0
0
0
0
0
0
0
0.0007803802
0.0007679554
0.0007550382
0.0007416492
0.0007277537
0
0
0
0
0
0
0.0007915442
0.0007795723
0.0007670754
0.0007540944
0.0007406062
0
0
0
0
0
0.0008025275
0.0007910814
0.0007790498
0.0007665017
0.0007534355
0
0
0
0
0.0008130967
0.0008023004
0.0007908037
0.0007787299
0.0007661068
0
0
0
0.0008229951
0.0008130508
0.0008022117
0.0007906803
0.0007785399
0
0
0.0008318565
0.0008231166
0.0008131376
0.0008022713
0.0007906813
0
0.000839123
0.0008321666
0.0008234024
0.0008134055
0.0008024899
0.0008438676
0.0008396786
0.000832714
0.0008239457
0.0008139124
0.0008447371
0.0008405585
0.0008336109
0.0008248255
0.0008459325
0.0008417901
0.0008348505
0.0008470678
0.0008429323
0.0008479184
0
0
0
0
0
0
0
0
0
0
0.0007224759
0.0007081406
0.0006933058
0.0006779648
0.0006620596
0
0
0
0
0
0
0
0
0
0
0.0007358178
0.0007219
0.0007074962
0.0006926018
0.0006771617
0
0
0
0
0
0
0
0
0
0
0.0007482846
0.0007347611
0.0007207609
0.0007062828
0.0006912746
0
0
0
0
0
0
0
0
0
0.0007599531
0.0007468072
0.0007331891
0.0007191015
0.0007044966
0
0
0
0
0
0
0
0
0.0007709641
0.0007581913
0.0007449422
0.0007312271
0.0007170034
0
0
0
0
0
0
0
0.000781585
0.0007691995
0.0007563229
0.0007429759
0.0007291241
0
0
0
0
0
0
0.000792278
0.0007803308
0.0007678589
0.0007549033
0.0007414411
0
0
0
0
0
0.000802928
0.000791496
0.0007794785
0.0007669446
0.0007538927
0
0
0
0
0.0008132702
0.0008024805
0.0007909902
0.0007789229
0.0007663061
0
0
0
0.0008229951
0.0008130508
0.0008022117
0.0007906803
0.0007785399
0
0
0.0008316979
0.0008229502
0.0008129642
0.0008020915
0.0007904953
0
0.000838788
0.0008318125
0.0008230319
0.0008130202
0.0008020907
0.0008433017
0.0008390796
0.0008320835
0.0008232874
0.0008132289
0.0008438248
0.0008395968
0.0008326012
0.0008237726
0.0008446567
0.000840448
0.0008334421
0.0008458259
0.0008416276
0.0008469097
0
0
0
0
0
0
0
0
0
0
0.0007363253
0.0007224234
0.0007080364
0.0006931595
0.0006777378
0
0
0
0
0
0
0
0
0
0
0.0007492595
0.0007357665
0.0007217983
0.0007073537
0.0006923807
0
0
0
0
0
0
0
0
0
0.0007613368
0.0007482344
0.0007346617
0.0007206217
0.0007060669
0
0
0
0
0
0
0
0
0.0007726236
0.0007599035
0.0007467096
0.0007330525
0.0007188898
0
0
0
0
0
0
0
0.0007832466
0.0007709149
0.0007580948
0.0007448071
0.0007310183
0
0
0
0
0
0
0.0007934447
0.0007815359
0.0007691033
0.0007561884
0.0007427683
0
0
0
0
0
0.0008036374
0.0007922298
0.0007802367
0.0007677276
0.0007547009
0
0
0
0
0.0008136562
0.0008028809
0.0007914046
0.0007793512
0.0007667484
0
0
0
0.0008231615
0.0008132243
0.0008023917
0.0007908667
0.0007787325
0
0
0.0008316979
0.0008229502
0.0008129642
0.0008020915
0.0007904953
0
0.0008386384
0.0008316539
0.0008228656
0.000812847
0.0008019112
0.0008429871
0.0008387447
0.0008317296
0.0008229172
0.0008128441
0.000843259
0.000838998
0.000831971
0.0008231149
0.0008437441
0.000839486
0.000832432
0.0008445478
0.0008402822
0.0008456656
0
0
0
0
0
0
0
0
0
0
0.0007497518
0.0007362742
0.000722322
0.0007078942
0.0006929389
0
0
0
0
0
0
0
0
0
0.0007622825
0.0007492096
0.0007356677
0.0007216599
0.0007071389
0
0
0
0
0
0
0
0
0.0007739659
0.0007612878
0.0007481377
0.0007345264
0.0007204119
0
0
0
0
0
0
0
0.000784856
0.0007725753
0.0007598086
0.0007465768
0.0007328467
0
0
0
0
0
0
0.000795055
0.0007831987
0.0007708209
0.0007579635
0.0007446041
0
0
0
0
0
0.0008047663
0.0007933967
0.0007814422
0.0007689725
0.0007559865
0
0
0
0
0.0008143408
0.0008035903
0.0007921382
0.000780109
0.0007675307
0
0
0
0.0008235323
0.0008136102
0.0008027918
0.0007912807
0.0007791602
0
0
0.0008318565
0.0008231166
0.0008131376
0.0008022713
0.0007906813
0
0.0008386384
0.0008316539
0.0008228656
0.000812847
0.0008019112
0.0008428472
0.0008385951
0.0008315711
0.0008227511
0.0008126713
0.0008429444
0.0008386633
0.0008316175
0.0008227453
0.0008431785
0.0008388875
0.0008318023
0.0008436349
0.0008393198
0.0008443843
0
0
0
0
0
0
0
0
0
0.0007627602
0.000749702
0.0007361756
0.0007221839
0.0007076799
0
0
0
0
0
0
0
0
0.0007748834
0.0007622338
0.0007491134
0.0007355331
0.000721451
0
0
0
0
0
0
0
0.000786158
0.0007739181
0.0007611937
0.0007480061
0.0007343224
0
0
0
0
0
0
0.0007966152
0.0007848089
0.0007724829
0.0007596794
0.0007463767
0
0
0
0
0
0.0008063259
0.0007950082
0.0007831072
0.0007706932
0.0007577659
0
0
0
0
0.0008154317
0.0008047195
0.0007933055
0.0007813148
0.0007687761
0
0
0
0.0008241912
0.0008142948
0.000803501
0.0007920138
0.0007799174
0
0
0.0008322106
0.0008234873
0.0008135233
0.0008026711
0.0007910948
0
0.000838788
0.0008318125
0.0008230319
0.0008130202
0.0008020907
0.0008428472
0.0008385951
0.0008315711
0.0008227511
0.0008126713
0.0008428045
0.0008385138
0.0008314592
0.0008225795
0.0008428641
0.0008385531
0.0008314494
0.0008430696
0.0008387219
0.0008434711
0
0
0
0
0
0
0
0
0.0007753469
0.0007627116
0.000749606
0.0007360413
0.0007219756
0
0
0
0
0
0
0
0.0007870482
0.000774836
0.0007621402
0.0007489825
0.0007353301
0
0
0
0
0
0
0.0007978779
0.0007861114
0.0007738265
0.0007610658
0.0007478078
0
0
0
0
0
0.0008078377
0.0007965693
0.0007847188
0.0007723572
0.0007594848
0
0
0
0
0.0008169403
0.0008062803
0.0007949191
0.0007829829
0.000770501
0
0
0
0.0008252426
0.000815386
0.0008046305
0.0007931815
0.0007811237
0
0
0.0008328414
0.0008241462
0.0008142077
0.0008033798
0.0007918273
0
0.000839123
0.0008321666
0.0008234024
0.0008134055
0.0008024899
0.0008429871
0.0008387447
0.0008317296
0.0008229172
0.0008128441
0.0008428045
0.0008385138
0.0008314592
0.0008225795
0.0008427243
0.0008384038
0.0008312913
0.0008427555
0.000838388
0.0008429063
0
0
0
0
0
0
0
0.0007874979
0.0007752995
0.0007626182
0.0007494755
0.0007358387
0
0
0
0
0
0
0.0007987414
0.0007870019
0.0007747448
0.0007620129
0.0007487851
0
0
0
0
0
0.0008090616
0.0007978325
0.0007860222
0.0007737021
0.0007608728
0
0
0
0
0.0008184034
0.0008077929
0.0007964815
0.0007845965
0.0007721679
0
0
0
0.0008266987
0.0008168957
0.0008061933
0.000794798
0.0007827958
0
0
0.0008338501
0.0008251979
0.0008152992
0.0008045097
0.0007929954
0
0.0008397219
0.0008327973
0.000824061
0.0008140896
0.0008031981
0.0008433017
0.0008390796
0.0008320835
0.0008232874
0.0008132289
0.0008429444
0.0008386633
0.0008316175
0.0008227453
0.0008427243
0.0008384038
0.0008312913
0.0008426159
0.0008382389
0.0008425927
0
0
0
0
0
0
0.0007991776
0.0007874517
0.0007752086
0.0007624912
0.0007492785
0
0
0
0
0
0.0008098986
0.0007986962
0.0007869131
0.000774621
0.0007618209
0
0
0
0
0.0008195882
0.0008090172
0.0007977456
0.000785901
0.0007735143
0
0
0
0.0008281114
0.0008183596
0.0008077073
0.0007963625
0.0007844122
0
0
0.0008352496
0.000826655
0.0008168109
0.0008060754
0.0007946159
0
0.000840683
0.0008338063
0.0008251131
0.0008151814
0.0008043284
0.0008438676
0.0008396786
0.000832714
0.0008239457
0.0008139124
0.000843259
0.000838998
0.000831971
0.0008231149
0.0008428641
0.0008385531
0.0008314494
0.0008426159
0.0008382389
0.0008424533
0
0
0
0
0
0.0008103216
0.0007991325
0.0007873631
0.0007750851
0.0007622996
0
0
0
0
0.0008203987
0.0008098545
0.0007986097
0.0007867926
0.0007744341
0
0
0
0.0008292559
0.0008195448
0.0008089325
0.0007976276
0.0007857183
0
0
0.0008366082
0.0008280685
0.0008182761
0.0008075913
0.000796183
0
0.0008420198
0.0008352068
0.0008265721
0.0008166959
0.0008058979
0.0008447796
0.00084064
0.0008337234
0.0008249981
0.0008150047
0.0008438248
0.0008395968
0.0008326012
0.0008237726
0.0008431785
0.0008388875
0.0008318023
0.0008427555
0.000838388
0.0008424533
0
0
0
0
0.0008208083
0.0008102776
0.0007990463
0.0007872429
0.0007748986
0
0
0
0.0008300389
0.0008203556
0.0008097702
0.0007984924
0.0007866107
0
0
0.0008377094
0.0008292135
0.0008194622
0.0008088175
0.0007974497
0
0.0008433185
0.0008365662
0.0008279869
0.000818163
0.0008074164
0.0008460527
0.0008419777
0.0008351257
0.0008264598
0.0008165229
0.0008447371
0.0008405585
0.0008336109
0.0008248255
0.0008437441
0.000839486
0.000832432
0.0008430696
0.0008387219
0.0008425927
0
0
0
0.0008304347
0.0008207653
0.0008101935
0.0007989292
0.0007870614
0
0
0.0008384629
0.0008299968
0.0008202733
0.0008096559
0.0007983153
0
0.0008443717
0.0008376678
0.0008291327
0.0008193501
0.0008086441
0.0008472911
0.0008432771
0.0008364863
0.0008278764
0.0008179924
0.0008460112
0.000841898
0.0008350158
0.0008262908
0.0008446567
0.000840448
0.0008334421
0.0008436349
0.0008393198
0.0008429063
0
0
0.0008388438
0.0008303926
0.0008206832
0.0008100794
0.0007987525
0
0.0008450926
0.0008384216
0.0008299164
0.0008201618
0.0008094833
0.0008482965
0.0008443308
0.0008375887
0.0008290232
0.000819181
0.0008472502
0.0008431987
0.0008363782
0.0008277099
0.0008459325
0.0008417901
0.0008348505
0.0008445478
0.0008402822
0.0008434711
0
0.0008454571
0.0008388026
0.0008303124
0.000820572
0.0008099072
0.0008489851
0.000845052
0.0008383429
0.0008298075
0.0008199935
0.0008482561
0.000844253
0.0008374815
0.000828858
0.0008471727
0.0008430924
0.0008362152
0.0008458259
0.0008416276
0.0008443843
0.0008493334
0.0008454166
0.0008387241
0.0008302038
0.0008204041
0.0008489449
0.0008449746
0.0008382363
0.0008296431
0.0008481793
0.0008441478
0.0008373199
0.0008470678
0.0008429323
0.0008456656
0.0008492933
0.0008453394
0.0008386177
0.0008300398
0.0008488685
0.0008448698
0.0008380754
0.0008480753
0.0008439889
0.0008469097
0.0008492171
0.0008452348
0.0008384572
0.000848765
0.0008447118
0.0008479184
0.0008491138
0.0008450771
0.0008486089
0.000848958
)
;

boundaryField
{
    cathodeSides
    {
        type            zeroGradient;
    }
    electrolyteSides
    {
        type            zeroGradient;
    }
    anodeSides
    {
        type            zeroGradient;
    }
    phiI_to_phiI0
    {
        type            zeroGradient;
    }
}


// ************************************************************************* //
