/*--------------------------------*- C++ -*----------------------------------*\
| =========                 |                                                 |
| \\      /  F ield         | OpenFOAM: The Open Source CFD Toolbox           |
|  \\    /   O peration     | Version:  2306                                  |
|   \\  /    A nd           | Website:  www.openfoam.com                      |
|    \\/     M anipulation  |                                                 |
\*---------------------------------------------------------------------------*/
FoamFile
{
    version     2.0;
    format      ascii;
    arch        "LSB;label=32;scalar=64";
    class       volScalarField;
    location    "1.5/phiI";
    object      act;
}
// * * * * * * * * * * * * * * * * * * * * * * * * * * * * * * * * * * * * * //

dimensions      [0 0 0 0 0 0 0];

internalField   nonuniform List<scalar> 
12000
(
0
0
0
0
0
0
0
0
0
0
0
0
0
0
0
0
0
0
0
0
0
0
0
0
0
0
0
0
0
0
0
0
0
0
0
0
0
0
0
0
0
0
0
0
0
0
0
0
0
0
0
0
0
0
0
0
0
0
0
0
0
0
0
0
0
0
0
0
0
0
0
0
0
0
0
0
0
0
0
0
0
0
0
0
0
0
0
0
0
0
0
0
0
0
0
0
0
0
0
0
0
0
0
0
0
0
0
0
0
0
0
0
0
0
0
0
0
0
0
0
0
0
0
0
0
0
0
0
0
0
0
0
0
0
0
0
0
0
0
0
0
0
0
0
0
0
0
0
0
0
0
0
0
0
0
0
0
0
0
0
0
0
0
0
0
0
0
0
0
0
0
0
0
0
0
0
0
0
0
0
0
0
0
0
0
0
0
0
0
0
0
0
0
0
0
0
0
0
0
0
0
0
0
0
0
0
0
0
0
0
0
0
0
0
0
0
0
0
0
0
0
0
0
0
0
0
0
0
0
0
0
0
0
0
0
0
0
0
0
0
0
0
0
0
0
0
0
0
0
0
0
0
0
0
0
0
0
0
0
0
0
0
0
0
0
0
0
0
0
0
0
0
0
0
0
0
0
0
0
0
0
0
0
0
0
0.0001195761
0
0
0
0
0
0
0
0
0
0
0
0
0
0
0
0
0
0
0
0
0
0
0
0
0
0
0
0
0
0
0
0
0
0
0
0
0
0
0
0
0
0
0
0
0
0
0
0
0
0
0
0
0
0
0
0
0
0
0
0
0
0
0
0
0
0.0001173598
0
0
0
0
0
0
0
0
0
0
0.0001557044
0.0001194291
0
0
0
0
0
0
0
0
0
0
0
0
0
0
0
0
0
0
0
0
0
0
0
0
0
0
0
0
0
0
0
0
0
0
0
0
0
0
0
0
0
0
0
0
0
0
0
0
0
0
0
0
0
0
0
0
0
0
0
0
0
0
0
0
0
0.0001129424
0
0
0
0
0
0
0
0
0
0
0.0001539929
0.0001172118
0
0
0
0
0
0
0
0
0
0
0.0001963798
0.0001555657
0.0001191338
0
0
0
0
0
0
0
0
0
0
0
0
0
0
0
0
0
0
0
0
0
0
0
0
0
0
0
0
0
0
0
0
0
0
0
0
0
0
0
0
0
0
0
0
0
0
0
0
0
0
0
0
0
0
0
0
0
0
0
0
0
0
0
0
0
0.0001064396
0
0
0
0
0
0
0
0
0
0
0.0001505872
0.0001127925
0
0
0
0
0
0
0
0
0
0
0.0001948531
0.0001538535
0.0001169148
0
0
0
0
0
0
0
0
0
0
0.000236094
0.0001962481
0.0001552864
0.0001187155
0
0
0
0
0
0
0
0
0
0
0
0
0
0
0
0
0
0
0
0
0
0
0
0
0
0
0
0
0
0
0
0
0
0
0
0
0
0
0
0
0
0
0
0
0
0
0
0
0
0
0
0
0
0
0
0
0
0
0
0
0
0
0
0
0
9.832165e-05
0
0
0
0
0
0
0
0
0
0
0.0001455803
0.0001062865
0
0
0
0
0
0
0
0
0
0
0.0001918164
0.0001504462
0.0001124916
0
0
0
0
0
0
0
0
0
0
0.0002346738
0.0001947208
0.0001535727
0.0001164938
0
0
0
0
0
0
0
0
0
0
0.0002741411
0.000235968
0.0001959827
0.0001548928
0.0001181155
0
0
0
0
0
0
0
0
0
0
0
0
0
0
0
0
0
0
0
0
0
0
0
0
0
0
0
0
0
0
0
0
0
0
0
0
0
0
0
0
0
0
0
0
0
0
0
0
0
0
0
0
0
0
0
0
0
0
0
0
0
0
0
0
0
8.990951e-05
0
0
0
0
0
0
0
0
0
0
0.000139337
9.816341e-05
0
0
0
0
0
0
0
0
0
0
0.0001873513
0.0001454366
0.000105979
0
0
0
0
0
0
0
0
0
0
0.0002318509
0.0001916826
0.0001501625
0.0001120647
0
0
0
0
0
0
0
0
0
0
0.0002728031
0.0002345472
0.0001944542
0.0001531771
0.0001158903
0
0
0
0
0
0
0
0
0
0
0.0003105255
0.0002740199
0.0002357144
0.0001956108
0.0001543207
0
0
0
0
0
0
0
0
0
0
0
0
0
0
0
0
0
0
0
0
0
0
0
0
0
0
0
0
0
0
0
0
0
0
0
0
0
0
0
0
0
0
0
0
0
0
0
0
0
0
0
0
0
0
0
0
0
0
0
0
0
0
0
0
0
8.375737e-05
0
0
0
0
0
0
0
0
0
0
0.0001328433
8.97446e-05
0
0
0
0
0
0
0
0
0
0
0.0001817864
0.0001391889
9.784559e-05
0
0
0
0
0
0
0
0
0
0
0.0002277035
0.0001872151
0.0001451481
0.0001055424
0
0
0
0
0
0
0
0
0
0
0.0002701453
0.000231723
0.0001914135
0.0001497627
0.0001114541
0
0
0
0
0
0
0
0
0
0
0.0003092576
0.0002726813
0.0002342925
0.0001940806
0.0001526025
0
0
0
0
0
0
0
0
0
0
0.0003453617
0.0003104083
0.0002737765
0.0002353606
0.0001950643
0
0
0
0
0
0
0
0
0
0
0
0
0
0
0
0
0
0
0
0
0
0
0
0
0
0
0
0
0
0
0
0
0
0
0
0
0
0
0
0
0
0
0
0
0
0
0
0
0
0
0
0
0
0
0
0
0
0
0
0
0
0
0
0
0
7.989491e-05
0
0
0
0
0
0
0
0
0
0
0.0001280496
8.359105e-05
0
0
0
0
0
0
0
0
0
0
0.0001759978
0.0001326894
8.941267e-05
0
0
0
0
0
0
0
0
0
0
0.000222542
0.000181646
0.0001388925
9.739292e-05
0
0
0
0
0
0
0
0
0
0
0.0002662436
0.0002275733
0.0001869417
0.0001447412
0.0001049196
0
0
0
0
0
0
0
0
0
0
0.0003067407
0.0002700223
0.0002314659
0.0001910363
0.0001491828
0
0
0
0
0
0
0
0
0
0
0.000344156
0.00030914
0.0002724369
0.0002339372
0.0001935319
0
0
0
0
0
0
0
0
0
0
0.000378765
0.0003452482
0.0003101741
0.0002734384
0.0002348365
0
0
0
0
0
0
0
0
0
0
0
0
0
0
0
0
0
0
0
0
0
0
0
0
0
0
0
0
0
0
0
0
0
0
0
0
0
0
0
0
0
0
0
0
0
0
0
0
0
0
0
0
0
0
0
0
0
0
0
0
0
0
0
0
0
7.771326e-05
0
0
0
0
0
0
0
0
0
0
0.0001249915
7.972929e-05
0
0
0
0
0
0
0
0
0
0
0.0001717404
0.0001278941
8.325517e-05
0
0
0
0
0
0
0
0
0
0
0.0002171801
0.0001758517
0.0001323823
8.893811e-05
0
0
0
0
0
0
0
0
0
0
0.0002613941
0.0002224078
0.0001813654
0.0001384742
9.675018e-05
0
0
0
0
0
0
0
0
0
0
0.000303048
0.0002661184
0.0002273123
0.0001865584
0.0001441524
0
0
0
0
0
0
0
0
0
0
0.0003417636
0.0003066219
0.0002697758
0.0002311075
0.0001904829
0
0
0
0
0
0
0
0
0
0
0.0003776155
0.000344042
0.0003089048
0.0002720975
0.0002334111
0
0
0
0
0
0
0
0
0
0
0.0004108398
0.0003786548
0.0003450223
0.00030985
0.0002729346
0
0
0
0
0
0
0
0
0
0
0
0
0
0
0
0
0
0
0
0
0
0
0
0
0
0
0
0
0
0
0
0
0
0
0
0
0
0
0
0
0
0
0
0
0
0
0
0
0
0
0
0
0
0
0
0
0
0
0
0
0
0
0
0
0
7.6734e-05
0
0
0
0
0
0
0
0
0
0
0.0001232369
7.754849e-05
0
0
0
0
0
0
0
0
0
0
0.0001690316
0.0001248363
7.939365e-05
0
0
0
0
0
0
0
0
0
0
0.000213251
0.0001715922
0.0001275841
8.27737e-05
0
0
0
0
0
0
0
0
0
0
0.000256362
0.0002170401
0.0001755612
0.0001319483
8.826753e-05
0
0
0
0
0
0
0
0
0
0
0.0002984632
0.000261265
0.0002221402
0.0001809722
0.0001378709
0
0
0
0
0
0
0
0
0
0
0.0003382555
0.0003029271
0.0002658682
0.0002269484
0.0001859972
0
0
0
0
0
0
0
0
0
0
0.0003753353
0.0003416486
0.0003063848
0.0002694335
0.0002305772
0
0
0
0
0
0
0
0
0
0
0.0004097414
0.0003775048
0.0003438153
0.0003085795
0.0002715918
0
0
0
0
0
0
0
0
0
0
0.0004416761
0.0004107326
0.0003784367
0.0003447109
0.0003093649
0
0
0
0
0
0
0
0
0
0
0
0
0
0
0
0
0
0
0
0
0
0
0
0
0
0
0
0
0
0
0
0
0
0
0
0
0
0
0
0
0
0
0
0
0
0
0
0
0
0
0
0
0
0
0
0
0
0
0
0
0
0
0
0
7.6734e-05
0
0
0
0
0
0
0
0
0
0
0.0001224397
7.65697e-05
0
0
0
0
0
0
0
0
0
0
0.0001674821
0.0001230825
7.72137e-05
0
0
0
0
0
0
0
0
0
0
0.0002107591
0.0001688831
0.0001245268
7.891165e-05
0
0
0
0
0
0
0
0
0
0
0.0002526851
0.0002131088
0.0001712987
0.0001271459
8.209507e-05
0
0
0
0
0
0
0
0
0
0
0.0002937103
0.0002562274
0.0002167631
0.0001751539
0.000131325
0
0
0
0
0
0
0
0
0
0
0.0003339037
0.0002983387
0.0002610086
0.0002217671
0.0001803981
0
0
0
0
0
0
0
0
0
0
0.0003719933
0.0003381385
0.0003026866
0.0002655208
0.0002264109
0
0
0
0
0
0
0
0
0
0
0.0004075637
0.0003752237
0.00034142
0.0003060568
0.0002689239
0
0
0
0
0
0
0
0
0
0
0.0004406249
0.0004096338
0.0003772859
0.0003435027
0.0003080927
0
0
0
0
0
0
0
0
0
0
0.0004713534
0.0004415718
0.0004105217
0.0003781369
0.0003442432
0
0
0
0
0
0
0
0
0
0
0
0
0
0
0
0
0
0
0
0
0
0
0
0
0
0
0
0
0
0
0
0
0
0
0
0
0
0
0
0
0
0
0
0
0
0
0
0
0
0
0
0
0
0
0
0
0
0
0
0
0
0
7.771326e-05
0
0
0
0
0
0
0
0
0
0
0.0001224397
7.65697e-05
0
0
0
0
0
0
0
0
0
0
0.0001667791
0.0001222856
7.623543e-05
0
0
0
0
0
0
0
0
0
0
0.0002093385
0.0001673339
0.000122774
7.673236e-05
0
0
0
0
0
0
0
0
0
0
0.0002503585
0.0002106163
0.0001685898
0.0001240891
7.823302e-05
0
0
0
0
0
0
0
0
0
0
0.0002902451
0.0002525482
0.0002128288
0.0001708876
0.0001265178
0
0
0
0
0
0
0
0
0
0
0.000329396
0.0002935805
0.0002559621
0.000216377
0.0001745619
0
0
0
0
0
0
0
0
0
0
0.0003678509
0.0003337832
0.0002980923
0.0002606527
0.0002212178
0
0
0
0
0
0
0
0
0
0
0.000404373
0.0003718798
0.0003379067
0.0003023539
0.0002650046
0
0
0
0
0
0
0
0
0
0
0.0004385413
0.0004074551
0.000375003
0.000341105
0.0003055664
0
0
0
0
0
0
0
0
0
0
0.0004703459
0.0004405202
0.0004094221
0.000376985
0.0003430335
0
0
0
0
0
0
0
0
0
0
0.0004999413
0.0004712518
0.0004413676
0.0004102326
0.0003776855
0
0
0
0
0
0
0
0
0
0
0
0
0
0
0
0
0
0
0
0
0
0
0
0
0
0
0
0
0
0
0
0
0
0
0
0
0
0
0
0
0
0
0
0
0
0
0
0
0
0
0
0
0
0
0
0
0
0
0
7.989491e-05
0
0
0
0
0
0
0
0
0
0
0.0001232369
7.754849e-05
0
0
0
0
0
0
0
0
0
0
0.0001667791
0.0001222856
7.623543e-05
0
0
0
0
0
0
0
0
0
0
0.0002086954
0.0001666311
0.0001219778
7.575454e-05
0
0
0
0
0
0
0
0
0
0
0.0002490354
0.0002091957
0.0001670412
0.0001223375
7.605499e-05
0
0
0
0
0
0
0
0
0
0
0.0002880564
0.0002502209
0.0002103361
0.000168179
0.0001234621
0
0
0
0
0
0
0
0
0
0
0.0003261156
0.000290113
0.0002522799
0.000212439
0.0001702912
0
0
0
0
0
0
0
0
0
0
0.0003635631
0.0003292704
0.0002933256
0.000255594
0.000215811
0
0
0
0
0
0
0
0
0
0
0.0004004211
0.0003677341
0.0003335459
0.0002977517
0.0002601255
0
0
0
0
0
0
0
0
0
0
0.0004354898
0.0004042627
0.0003716561
0.0003375873
0.0003018574
0
0
0
0
0
0
0
0
0
0
0.0004683494
0.0004384357
0.0004072418
0.0003746999
0.0003406324
0
0
0
0
0
0
0
0
0
0
0.0004989744
0.0004702439
0.0004403153
0.0004091321
0.0003765322
0
0
0
0
0
0
0
0
0
0
0.0005275017
0.0004998423
0.000471054
0.0004410886
0.0004097967
0
0
0
0
0
0
0
0
0
0
0
0
0
0
0
0
0
0
0
0
0
0
0
0
0
0
0
0
0
0
0
0
0
0
0
0
0
0
0
0
0
0
0
0
0
0
0
0
0
0
0
0
0
0
0
8.375737e-05
0
0
0
0
0
0
0
0
0
0
0.0001249915
7.972929e-05
0
0
0
0
0
0
0
0
0
0
0.0001674821
0.0001230825
7.72137e-05
0
0
0
0
0
0
0
0
0
0
0.0002086954
0.0001666311
0.0001219778
7.575454e-05
0
0
0
0
0
0
0
0
0
0
0.0002484374
0.0002085527
0.0001663388
0.000121542
7.507794e-05
0
0
0
0
0
0
0
0
0
0
0.000286814
0.0002488976
0.0002089159
0.0001666314
0.0001217124
0
0
0
0
0
0
0
0
0
0
0.0003240466
0.0002879235
0.0002499523
0.0002099465
0.0001675836
0
0
0
0
0
0
0
0
0
0
0.000360448
0.0003259879
0.0002898553
0.0002519083
0.0002118688
0
0
0
0
0
0
0
0
0
0
0.0003963333
0.0003634416
0.0003290251
0.0002929735
0.0002550511
0
0
0
0
0
0
0
0
0
0
0.0004317127
0.0004003077
0.0003675052
0.0003332191
0.0002972447
0
0
0
0
0
0
0
0
0
0
0.0004654267
0.0004353825
0.0004040466
0.0003713489
0.0003371089
0
0
0
0
0
0
0
0
0
0
0.0004970591
0.0004682466
0.0004382293
0.0004069496
0.0003742439
0
0
0
0
0
0
0
0
0
0
0.0005265729
0.000498875
0.0004700454
0.0004400354
0.0004086948
0
0
0
0
0
0
0
0
0
0
0.0005540901
0.0005274052
0.0004996505
0.0004707844
0.0004406672
0
0
0
0
0
0
0
0
0
0
0
0
0
0
0
0
0
0
0
0
0
0
0
0
0
0
0
0
0
0
0
0
0
0
0
0
0
0
0
0
0
0
0
0
0
0
0
0
0
0
8.990951e-05
0
0
0
0
0
0
0
0
0
0
0.0001280496
8.359105e-05
0
0
0
0
0
0
0
0
0
0
0.0001690316
0.0001248363
7.939365e-05
0
0
0
0
0
0
0
0
0
0
0.0002093385
0.0001673339
0.000122774
7.673236e-05
0
0
0
0
0
0
0
0
0
0
0.0002484374
0.0002085527
0.0001663388
0.000121542
7.507794e-05
0
0
0
0
0
0
0
0
0
0
0.0002862531
0.0002482996
0.0002082732
0.0001659296
0.0001209179
0
0
0
0
0
0
0
0
0
0
0.000322874
0.0002866809
0.0002486293
0.000208527
0.0001660375
0
0
0
0
0
0
0
0
0
0
0.0003584859
0.0003239182
0.0002876655
0.0002495808
0.000209377
0
0
0
0
0
0
0
0
0
0
0.0003933679
0.0003603244
0.0003257399
0.0002895
0.0002513615
0
0
0
0
0
0
0
0
0
0
0.0004278084
0.0003962153
0.0003632051
0.0003286875
0.0002924518
0
0
0
0
0
0
0
0
0
0
0.0004618113
0.0004316025
0.0004000866
0.000367191
0.0003327309
0
0
0
0
0
0
0
0
0
0
0.0004942562
0.0004653223
0.0004351734
0.0004037505
0.0003708875
0
0
0
0
0
0
0
0
0
0
0.0005247334
0.0004969589
0.0004680466
0.0004379473
0.0004065093
0
0
0
0
0
0
0
0
0
0
0.000553197
0.000526476
0.0004986826
0.0004697749
0.0004396127
0
0
0
0
0
0
0
0
0
0
0.0005797564
0.0005539959
0.0005272191
0.0004993898
0.0004703769
0
0
0
0
0
0
0
0
0
0
0
0
0
0
0
0
0
0
0
0
0
0
0
0
0
0
0
0
0
0
0
0
0
0
0
0
0
0
0
0
0
0
0
0
9.832165e-05
0
0
0
0
0
0
0
0
0
0
0.0001328433
8.97446e-05
0
0
0
0
0
0
0
0
0
0
0.0001717404
0.0001278941
8.325517e-05
0
0
0
0
0
0
0
0
0
0
0.0002107591
0.0001688831
0.0001245268
7.891165e-05
0
0
0
0
0
0
0
0
0
0
0.0002490354
0.0002091957
0.0001670412
0.0001223375
7.605499e-05
0
0
0
0
0
0
0
0
0
0
0.0002862531
0.0002482996
0.0002082732
0.0001659296
0.0001209179
0
0
0
0
0
0
0
0
0
0
0.0003223451
0.00028612
0.0002480315
0.0002078848
0.0001653367
0
0
0
0
0
0
0
0
0
0
0.0003573753
0.0003227453
0.0002864231
0.0002482584
0.0002079589
0
0
0
0
0
0
0
0
0
0
0.0003915025
0.0003583615
0.0003236699
0.0002873102
0.0002490345
0
0
0
0
0
0
0
0
0
0
0.0004249804
0.000393248
0.0003600853
0.0003253992
0.0002889745
0
0
0
0
0
0
0
0
0
0
0.0004580766
0.0004276939
0.000395987
0.0003628806
0.0003281853
0
0
0
0
0
0
0
0
0
0
0.0004907911
0.0004617041
0.0004313887
0.0003997839
0.0003667204
0
0
0
0
0
0
0
0
0
0
0.0005220424
0.0004941544
0.0004651197
0.0004348878
0.0004033051
0
0
0
0
0
0
0
0
0
0
0.0005514286
0.0005246357
0.0004967651
0.0004677743
0.0004375219
0
0
0
0
0
0
0
0
0
0
0.0005788969
0.0005531024
0.0005262893
0.0004984211
0.0004693662
0
0
0
0
0
0
0
0
0
0
0.0006045458
0.0005796644
0.0005538153
0.0005269669
0.0004989955
0
0
0
0
0
0
0
0
0
0
0
0
0
0
0
0
0
0
0
0
0
0
0
0
0
0
0
0
0
0
0
0
0
0
0
0
0
0.0001064396
0
0
0
0
0
0
0
0
0
0
0.000139337
9.816341e-05
0
0
0
0
0
0
0
0
0
0
0.0001759978
0.0001326894
8.941267e-05
0
0
0
0
0
0
0
0
0
0
0.000213251
0.0001715922
0.0001275841
8.27737e-05
0
0
0
0
0
0
0
0
0
0
0.0002503585
0.0002106163
0.0001685898
0.0001240891
7.823302e-05
0
0
0
0
0
0
0
0
0
0
0.000286814
0.0002488976
0.0002089159
0.0001666314
0.0001217124
0
0
0
0
0
0
0
0
0
0
0.0003223451
0.00028612
0.0002480315
0.0002078848
0.0001653367
0
0
0
0
0
0
0
0
0
0
0.0003568748
0.0003222164
0.0002858623
0.000247661
0.0002073174
0
0
0
0
0
0
0
0
0
0
0.000390448
0.0003572506
0.0003224972
0.0002860683
0.0002477133
0
0
0
0
0
0
0
0
0
0
0.0004232034
0.0003913819
0.0003581221
0.0003233292
0.0002867852
0
0
0
0
0
0
0
0
0
0
0.0004553752
0.000424864
0.0003930174
0.000359758
0.0003248936
0
0
0
0
0
0
0
0
0
0
0.000487214
0.0004579653
0.0004274733
0.0003956748
0.0003623968
0
0
0
0
0
0
0
0
0
0
0.0005187177
0.0004906867
0.0004614971
0.0004310969
0.0003993298
0
0
0
0
0
0
0
0
0
0
0.0005488426
0.0005219432
0.0004939582
0.000464844
0.0004344575
0
0
0
0
0
0
0
0
0
0
0.0005771955
0.0005513334
0.0005244478
0.0004965018
0.0004673629
0
0
0
0
0
0
0
0
0
0
0.000603718
0.0005788046
0.0005529213
0.0005260364
0.0004980256
0
0
0
0
0
0
0
0
0
0
0.0006284998
0.0006044561
0.0005794892
0.0005535712
0.0005265851
0
0
0
0
0
0
0
0
0
0
0
0
0
0
0
0
0
0
0
0
0
0
0
0
0
0
0
0
0
0.0001129424
0
0
0
0
0
0
0
0
0
0
0.0001455803
0.0001062865
0
0
0
0
0
0
0
0
0
0
0.0001817864
0.0001391889
9.784559e-05
0
0
0
0
0
0
0
0
0
0
0.0002171801
0.0001758517
0.0001323823
8.893811e-05
0
0
0
0
0
0
0
0
0
0
0.0002526851
0.0002131088
0.0001712987
0.0001271459
8.209507e-05
0
0
0
0
0
0
0
0
0
0
0.0002880564
0.0002502209
0.0002103361
0.000168179
0.0001234621
0
0
0
0
0
0
0
0
0
0
0.000322874
0.0002866809
0.0002486293
0.000208527
0.0001660375
0
0
0
0
0
0
0
0
0
0
0.0003568748
0.0003222164
0.0002858623
0.000247661
0.0002073174
0
0
0
0
0
0
0
0
0
0
0.0003899731
0.0003567501
0.0003219683
0.0002855079
0.0002471166
0
0
0
0
0
0
0
0
0
0
0.0004222002
0.0003903271
0.0003570115
0.000322157
0.0002855445
0
0
0
0
0
0
0
0
0
0
0.0004536799
0.0004230864
0.0003911509
0.0003577949
0.000322824
0
0
0
0
0
0
0
0
0
0
0.0004846301
0.0004552621
0.0004246411
0.0003927024
0.0003592709
0
0
0
0
0
0
0
0
0
0
0.0005152878
0.0004871058
0.0004577519
0.0004271724
0.0003952081
0
0
0
0
0
0
0
0
0
0
0.0005456495
0.000518616
0.0004904863
0.0004612155
0.0004306584
0
0
0
0
0
0
0
0
0
0
0.0005747082
0.0005487459
0.000521753
0.0004936917
0.000464428
0
0
0
0
0
0
0
0
0
0
0.0006020799
0.0005771025
0.000551151
0.0005241931
0.0004961038
0
0
0
0
0
0
0
0
0
0
0.0006277021
0.000603628
0.0005786288
0.0005526764
0.0005256535
0
0
0
0
0
0
0
0
0
0
0.0006516562
0.0006284123
0.0006042859
0.0005792527
0.0005532014
0
0
0
0
0
0
0
0
0
0
0
0
0
0
0
0
0
0
0
0
0.0001173598
0
0
0
0
0
0
0
0
0
0
0.0001505872
0.0001127925
0
0
0
0
0
0
0
0
0
0
0.0001873513
0.0001454366
0.000105979
0
0
0
0
0
0
0
0
0
0
0.000222542
0.000181646
0.0001388925
9.739292e-05
0
0
0
0
0
0
0
0
0
0
0.000256362
0.0002170401
0.0001755612
0.0001319483
8.826753e-05
0
0
0
0
0
0
0
0
0
0
0.0002902451
0.0002525482
0.0002128288
0.0001708876
0.0001265178
0
0
0
0
0
0
0
0
0
0
0.0003240466
0.0002879235
0.0002499523
0.0002099465
0.0001675836
0
0
0
0
0
0
0
0
0
0
0.0003573753
0.0003227453
0.0002864231
0.0002482584
0.0002079589
0
0
0
0
0
0
0
0
0
0
0.0003899731
0.0003567501
0.0003219683
0.0002855079
0.0002471166
0
0
0
0
0
0
0
0
0
0
0.0004217488
0.0003898522
0.000356511
0.0003216285
0.0002849847
0
0
0
0
0
0
0
0
0
0
0.0004527239
0.000422083
0.0003900963
0.0003566847
0.0003216529
0
0
0
0
0
0
0
0
0
0
0.0004830106
0.0004535662
0.0004228633
0.0003908361
0.0003573083
0
0
0
0
0
0
0
0
0
0
0.0005128135
0.0004845202
0.0004550466
0.0004243377
0.0003922328
0
0
0
0
0
0
0
0
0
0
0.0005423575
0.0005151824
0.0004868992
0.0004574616
0.0004267219
0
0
0
0
0
0
0
0
0
0
0.0005716388
0.0005455504
0.0005184217
0.0004902141
0.0004607917
0
0
0
0
0
0
0
0
0
0
0.0005996858
0.0005746139
0.0005485614
0.0005214952
0.0004932893
0
0
0
0
0
0
0
0
0
0
0.0006261237
0.0006019892
0.0005769256
0.0005509045
0.0005238078
0
0
0
0
0
0
0
0
0
0
0.0006508869
0.0006276142
0.0006034573
0.0005783916
0.0005523056
0
0
0
0
0
0
0
0
0
0
0.0006740499
0.0006515708
0.000628247
0.0006040568
0.0005788944
0
0
0
0
0
0
0
0
0
0
0.0001195761
0
0
0
0
0
0
0
0
0
0
0.0001539929
0.0001172118
0
0
0
0
0
0
0
0
0
0
0.0001918164
0.0001504462
0.0001124916
0
0
0
0
0
0
0
0
0
0
0.0002277035
0.0001872151
0.0001451481
0.0001055424
0
0
0
0
0
0
0
0
0
0
0.0002613941
0.0002224078
0.0001813654
0.0001384742
9.675018e-05
0
0
0
0
0
0
0
0
0
0
0.0002937103
0.0002562274
0.0002167631
0.0001751539
0.000131325
0
0
0
0
0
0
0
0
0
0
0.0003261156
0.000290113
0.0002522799
0.000212439
0.0001702912
0
0
0
0
0
0
0
0
0
0
0.0003584859
0.0003239182
0.0002876655
0.0002495808
0.000209377
0
0
0
0
0
0
0
0
0
0
0.000390448
0.0003572506
0.0003224972
0.0002860683
0.0002477133
0
0
0
0
0
0
0
0
0
0
0.0004217488
0.0003898522
0.000356511
0.0003216285
0.0002849847
0
0
0
0
0
0
0
0
0
0
0.0004522941
0.0004216315
0.0003896215
0.0003561846
0.0003211249
0
0
0
0
0
0
0
0
0
0
0.0004820985
0.0004526101
0.00042186
0.000389782
0.0003561991
0
0
0
0
0
0
0
0
0
0
0.0005112646
0.0004829001
0.0004533505
0.00042256
0.0003903669
0
0
0
0
0
0
0
0
0
0
0.0005399858
0.0005127066
0.0004843117
0.000454754
0.0004238845
0
0
0
0
0
0
0
0
0
0
0.0005684765
0.0005422549
0.0005149823
0.0004866188
0.0004570265
0
0
0
0
0
0
0
0
0
0
0.0005967331
0.0005715423
0.000545362
0.0005181586
0.0004898043
0
0
0
0
0
0
0
0
0
0
0.0006238177
0.0005995938
0.0005744348
0.0005483119
0.0005211058
0
0
0
0
0
0
0
0
0
0
0.0006493652
0.0006260352
0.0006018174
0.0005766868
0.0005505314
0
0
0
0
0
0
0
0
0
0
0.0006733076
0.0006508012
0.0006274484
0.0006032275
0.0005780323
0
0
0
0
0
0
0
0
0
0
0.000695713
0.0006739665
0.0006514102
0.0006280248
0.0006037095
0
0
0
0
0
0
0
0
0
0
0.0001557044
0.0001194291
0
0
0
0
0
0
0
0
0
0
0.0001948531
0.0001538535
0.0001169148
0
0
0
0
0
0
0
0
0
0
0.0002318509
0.0001916826
0.0001501625
0.0001120647
0
0
0
0
0
0
0
0
0
0
0.0002662436
0.0002275733
0.0001869417
0.0001447412
0.0001049196
0
0
0
0
0
0
0
0
0
0
0.0002984632
0.000261265
0.0002221402
0.0001809722
0.0001378709
0
0
0
0
0
0
0
0
0
0
0.000329396
0.0002935805
0.0002559621
0.000216377
0.0001745619
0
0
0
0
0
0
0
0
0
0
0.000360448
0.0003259879
0.0002898553
0.0002519083
0.0002118688
0
0
0
0
0
0
0
0
0
0
0.0003915025
0.0003583615
0.0003236699
0.0002873102
0.0002490345
0
0
0
0
0
0
0
0
0
0
0.0004222002
0.0003903271
0.0003570115
0.000322157
0.0002855445
0
0
0
0
0
0
0
0
0
0
0.0004522941
0.0004216315
0.0003896215
0.0003561846
0.0003211249
0
0
0
0
0
0
0
0
0
0
0.0004816887
0.0004521802
0.0004214087
0.0003893075
0.0003556995
0
0
0
0
0
0
0
0
0
0
0.0005103933
0.0004819879
0.0004523946
0.0004215572
0.0003893137
0
0
0
0
0
0
0
0
0
0
0.000538503
0.0005111572
0.0004826914
0.000453058
0.0004221073
0
0
0
0
0
0
0
0
0
0
0.0005662012
0.0005398818
0.0005125047
0.0004840292
0.0004543163
0
0
0
0
0
0
0
0
0
0
0.000593693
0.0005683766
0.000542061
0.0005147114
0.0004861983
0
0
0
0
0
0
0
0
0
0
0.0006209754
0.0005966389
0.0005713595
0.0005451074
0.0005177621
0
0
0
0
0
0
0
0
0
0
0.0006471428
0.000623728
0.00059942
0.0005741933
0.0005479349
0
0
0
0
0
0
0
0
0
0
0.0006718398
0.0006492789
0.0006258683
0.000601586
0.0005763254
0
0
0
0
0
0
0
0
0
0
0.0006949965
0.000673224
0.0006506401
0.0006272256
0.0006028793
0
0
0
0
0
0
0
0
0
0
0.0007166753
0.0006956316
0.0006738104
0.0006511947
0.0006276881
0
0
0
0
0
0
0
0
0
0
0.0001963798
0.0001555657
0.0001191338
0
0
0
0
0
0
0
0
0
0
0.0002346738
0.0001947208
0.0001535727
0.0001164938
0
0
0
0
0
0
0
0
0
0
0.0002701453
0.000231723
0.0001914135
0.0001497627
0.0001114541
0
0
0
0
0
0
0
0
0
0
0.000303048
0.0002661184
0.0002273123
0.0001865584
0.0001441524
0
0
0
0
0
0
0
0
0
0
0.0003339037
0.0002983387
0.0002610086
0.0002217671
0.0001803981
0
0
0
0
0
0
0
0
0
0
0.0003635631
0.0003292704
0.0002933256
0.000255594
0.000215811
0
0
0
0
0
0
0
0
0
0
0.0003933679
0.0003603244
0.0003257399
0.0002895
0.0002513615
0
0
0
0
0
0
0
0
0
0
0.0004232034
0.0003913819
0.0003581221
0.0003233292
0.0002867852
0
0
0
0
0
0
0
0
0
0
0.0004527239
0.000422083
0.0003900963
0.0003566847
0.0003216529
0
0
0
0
0
0
0
0
0
0
0.0004816887
0.0004521802
0.0004214087
0.0003893075
0.0003556995
0
0
0
0
0
0
0
0
0
0
0.0005100023
0.0004815781
0.0004519648
0.0004211062
0.0003888397
0
0
0
0
0
0
0
0
0
0
0.00053767
0.0005102858
0.0004817793
0.0004521025
0.0004211054
0
0
0
0
0
0
0
0
0
0
0.0005647805
0.0005383985
0.0005109551
0.0004824091
0.0004526208
0
0
0
0
0
0
0
0
0
0
0.0005915086
0.0005661
0.0005396862
0.0005122317
0.0004836062
0
0
0
0
0
0
0
0
0
0
0.0006180508
0.0005935957
0.0005681885
0.000541799
0.0005143047
0
0
0
0
0
0
0
0
0
0
0.000644405
0.0006208836
0.0005964616
0.0005711131
0.0005447236
0
0
0
0
0
0
0
0
0
0
0.0006696967
0.0006470553
0.0006235592
0.000599186
0.0005738281
0
0
0
0
0
0
0
0
0
0
0.0006935798
0.0006717555
0.0006491168
0.0006256441
0.0006012358
0
0
0
0
0
0
0
0
0
0
0.0007159833
0.0006949148
0.0006730674
0.000650424
0.000626888
0
0
0
0
0
0
0
0
0
0
0.0007369646
0.0007165959
0.0006954798
0.0006736014
0.0006508682
0
0
0
0
0
0
0
0
0
0
0.000236094
0.0001962481
0.0001552864
0.0001187155
0
0
0
0
0
0
0
0
0
0
0.0002728031
0.0002345472
0.0001944542
0.0001531771
0.0001158903
0
0
0
0
0
0
0
0
0
0
0.0003067407
0.0002700223
0.0002314659
0.0001910363
0.0001491828
0
0
0
0
0
0
0
0
0
0
0.0003382555
0.0003029271
0.0002658682
0.0002269484
0.0001859972
0
0
0
0
0
0
0
0
0
0
0.0003678509
0.0003337832
0.0002980923
0.0002606527
0.0002212178
0
0
0
0
0
0
0
0
0
0
0.0003963333
0.0003634416
0.0003290251
0.0002929735
0.0002550511
0
0
0
0
0
0
0
0
0
0
0.0004249804
0.000393248
0.0003600853
0.0003253992
0.0002889745
0
0
0
0
0
0
0
0
0
0
0.0004536799
0.0004230864
0.0003911509
0.0003577949
0.000322824
0
0
0
0
0
0
0
0
0
0
0.0004820985
0.0004526101
0.00042186
0.000389782
0.0003561991
0
0
0
0
0
0
0
0
0
0
0.0005100023
0.0004815781
0.0004519648
0.0004211062
0.0003888397
0
0
0
0
0
0
0
0
0
0
0.0005372964
0.0005098947
0.0004813696
0.0004516731
0.0004206548
0
0
0
0
0
0
0
0
0
0
0.0005639833
0.0005375653
0.0005100839
0.0004814975
0.0004516662
0
0
0
0
0
0
0
0
0
0
0.0005901463
0.0005646788
0.0005382027
0.0005106823
0.0004819866
0
0
0
0
0
0
0
0
0
0
0.0006159521
0.0005914099
0.0005659103
0.0005394223
0.0005118227
0
0
0
0
0
0
0
0
0
0
0.0006415899
0.000617956
0.0005934133
0.000567935
0.0005414054
0
0
0
0
0
0
0
0
0
0
0.000667058
0.0006443154
0.0006207114
0.0005962229
0.0005707414
0
0
0
0
0
0
0
0
0
0
0.0006915122
0.0006696113
0.0006468913
0.0006233324
0.0005988321
0
0
0
0
0
0
0
0
0
0
0.0007146155
0.0006934976
0.000671598
0.0006488993
0.0006253045
0
0
0
0
0
0
0
0
0
0
0.0007362961
0.0007159036
0.0006947626
0.0006728578
0.0006500967
0
0
0
0
0
0
0
0
0
0
0.0007566068
0.0007368871
0.0007164484
0.000695277
0.0006732846
0
0
0
0
0
0
0
0
0
0
0.0002741411
0.000235968
0.0001959827
0.0001548928
0.0001181155
0
0
0
0
0
0
0
0
0
0
0.0003092576
0.0002726813
0.0002342925
0.0001940806
0.0001526025
0
0
0
0
0
0
0
0
0
0
0.0003417636
0.0003066219
0.0002697758
0.0002311075
0.0001904829
0
0
0
0
0
0
0
0
0
0
0.0003719933
0.0003381385
0.0003026866
0.0002655208
0.0002264109
0
0
0
0
0
0
0
0
0
0
0.0004004211
0.0003677341
0.0003335459
0.0002977517
0.0002601255
0
0
0
0
0
0
0
0
0
0
0.0004278084
0.0003962153
0.0003632051
0.0003286875
0.0002924518
0
0
0
0
0
0
0
0
0
0
0.0004553752
0.000424864
0.0003930174
0.000359758
0.0003248936
0
0
0
0
0
0
0
0
0
0
0.0004830106
0.0004535662
0.0004228633
0.0003908361
0.0003573083
0
0
0
0
0
0
0
0
0
0
0.0005103933
0.0004819879
0.0004523946
0.0004215572
0.0003893137
0
0
0
0
0
0
0
0
0
0
0.0005372964
0.0005098947
0.0004813696
0.0004516731
0.0004206548
0
0
0
0
0
0
0
0
0
0
0.0005636261
0.0005371917
0.0005096929
0.0004810881
0.0004512372
0
0
0
0
0
0
0
0
0
0
0.0005893829
0.0005638815
0.0005373698
0.0005098116
0.0004810758
0
0
0
0
0
0
0
0
0
0
0.000614645
0.0005900472
0.000564489
0.0005379391
0.0005102739
0
0
0
0
0
0
0
0
0
0
0.0006395724
0.0006158561
0.000591226
0.000565655
0.0005390266
0
0
0
0
0
0
0
0
0
0
0.0006643468
0.0006414974
0.000617779
0.0005931678
0.000567554
0
0
0
0
0
0
0
0
0
0
0.0006889679
0.0006669707
0.0006441482
0.0006204801
0.0005958629
0
0
0
0
0
0
0
0
0
0
0.0007126197
0.0006914289
0.0006694519
0.0006466714
0.0006229894
0
0
0
0
0
0
0
0
0
0
0.0007349748
0.0007145352
0.0006933444
0.000671387
0.0006485701
0
0
0
0
0
0
0
0
0
0
0.0007559605
0.0007362183
0.0007157557
0.0006945592
0.0006725402
0
0
0
0
0
0
0
0
0
0
0.0007756255
0.0007565311
0.0007367436
0.0007162515
0.0006949697
0
0
0
0
0
0
0
0
0
0
0.0003105255
0.0002740199
0.0002357144
0.0001956108
0.0001543207
0
0
0
0
0
0
0
0
0
0
0.000344156
0.00030914
0.0002724369
0.0002339372
0.0001935319
0
0
0
0
0
0
0
0
0
0
0.0003753353
0.0003416486
0.0003063848
0.0002694335
0.0002305772
0
0
0
0
0
0
0
0
0
0
0.000404373
0.0003718798
0.0003379067
0.0003023539
0.0002650046
0
0
0
0
0
0
0
0
0
0
0.0004317127
0.0004003077
0.0003675052
0.0003332191
0.0002972447
0
0
0
0
0
0
0
0
0
0
0.0004580766
0.0004276939
0.000395987
0.0003628806
0.0003281853
0
0
0
0
0
0
0
0
0
0
0.0004846301
0.0004552621
0.0004246411
0.0003927024
0.0003592709
0
0
0
0
0
0
0
0
0
0
0.0005112646
0.0004829001
0.0004533505
0.00042256
0.0003903669
0
0
0
0
0
0
0
0
0
0
0.00053767
0.0005102858
0.0004817793
0.0004521025
0.0004211054
0
0
0
0
0
0
0
0
0
0
0.0005636261
0.0005371917
0.0005096929
0.0004810881
0.0004512372
0
0
0
0
0
0
0
0
0
0
0.0005890411
0.0005635243
0.0005369962
0.0005094209
0.0004806669
0
0
0
0
0
0
0
0
0
0
0.0006139136
0.0005892838
0.000563692
0.0005371066
0.000509404
0
0
0
0
0
0
0
0
0
0
0.0006383174
0.0006145486
0.0005898633
0.000564234
0.0005375439
0
0
0
0
0
0
0
0
0
0
0.0006624063
0.0006394788
0.0006156777
0.0005909789
0.000565272
0
0
0
0
0
0
0
0
0
0
0.0006863554
0.0006642567
0.0006413256
0.0006175412
0.0005927989
0
0
0
0
0
0
0
0
0
0
0.0007101652
0.0006888826
0.0006668082
0.000643924
0.0006201312
0
0
0
0
0
0
0
0
0
0
0.0007330476
0.0007125384
0.000691274
0.0006692387
0.0006463388
0
0
0
0
0
0
0
0
0
0
0.0007546837
0.0007348964
0.0007143863
0.0006931398
0.0006710677
0
0
0
0
0
0
0
0
0
0
0.0007750007
0.0007558846
0.0007360744
0.0007155583
0.0006942511
0
0
0
0
0
0
0
0
0
0
0.000794043
0.0007755516
0.0007563915
0.0007365525
0.0007159532
0
0
0
0
0
0
0
0
0
0
0.0003453617
0.0003104083
0.0002737765
0.0002353606
0.0001950643
0
0
0
0
0
0
0
0
0
0
0.0003776155
0.000344042
0.0003089048
0.0002720975
0.0002334111
0
0
0
0
0
0
0
0
0
0
0.0004075637
0.0003752237
0.00034142
0.0003060568
0.0002689239
0
0
0
0
0
0
0
0
0
0
0.0004354898
0.0004042627
0.0003716561
0.0003375873
0.0003018574
0
0
0
0
0
0
0
0
0
0
0.0004618113
0.0004316025
0.0004000866
0.000367191
0.0003327309
0
0
0
0
0
0
0
0
0
0
0.000487214
0.0004579653
0.0004274733
0.0003956748
0.0003623968
0
0
0
0
0
0
0
0
0
0
0.0005128135
0.0004845202
0.0004550466
0.0004243377
0.0003922328
0
0
0
0
0
0
0
0
0
0
0.000538503
0.0005111572
0.0004826914
0.000453058
0.0004221073
0
0
0
0
0
0
0
0
0
0
0.0005639833
0.0005375653
0.0005100839
0.0004814975
0.0004516662
0
0
0
0
0
0
0
0
0
0
0.0005890411
0.0005635243
0.0005369962
0.0005094209
0.0004806669
0
0
0
0
0
0
0
0
0
0
0.0006135863
0.000588942
0.0005633348
0.0005367333
0.0005090137
0
0
0
0
0
0
0
0
0
0
0.0006376161
0.000613817
0.0005891
0.0005634374
0.0005367122
0
0
0
0
0
0
0
0
0
0
0.0006612009
0.0006382235
0.0006143701
0.0005896164
0.0005638516
0
0
0
0
0
0
0
0
0
0
0.000684488
0.000662315
0.0006393056
0.0006154384
0.0005906081
0
0
0
0
0
0
0
0
0
0
0.0007076468
0.0006862675
0.0006640898
0.0006410952
0.0006171838
0
0
0
0
0
0
0
0
0
0
0.0007306788
0.0007100821
0.0006887248
0.0006665908
0.0006435858
0
0
0
0
0
0
0
0
0
0
0.000752822
0.0007329682
0.0007123879
0.0006910671
0.0006689161
0
0
0
0
0
0
0
0
0
0
0.0007737664
0.0007546072
0.0007347517
0.0007141877
0.0006928299
0
0
0
0
0
0
0
0
0
0
0.0007934387
0.0007749266
0.0007557447
0.0007358827
0.0007152592
0
0
0
0
0
0
0
0
0
0
0.0008118793
0.0007939709
0.0007754159
0.0007562059
0.000736263
0
0
0
0
0
0
0
0
0
0
0.000378765
0.0003452482
0.0003101741
0.0002734384
0.0002348365
0
0
0
0
0
0
0
0
0
0
0.0004097414
0.0003775048
0.0003438153
0.0003085795
0.0002715918
0
0
0
0
0
0
0
0
0
0
0.0004385413
0.0004074551
0.000375003
0.000341105
0.0003055664
0
0
0
0
0
0
0
0
0
0
0.0004654267
0.0004353825
0.0004040466
0.0003713489
0.0003371089
0
0
0
0
0
0
0
0
0
0
0.0004907911
0.0004617041
0.0004313887
0.0003997839
0.0003667204
0
0
0
0
0
0
0
0
0
0
0.0005152878
0.0004871058
0.0004577519
0.0004271724
0.0003952081
0
0
0
0
0
0
0
0
0
0
0.0005399858
0.0005127066
0.0004843117
0.000454754
0.0004238845
0
0
0
0
0
0
0
0
0
0
0.0005647805
0.0005383985
0.0005109551
0.0004824091
0.0004526208
0
0
0
0
0
0
0
0
0
0
0.0005893829
0.0005638815
0.0005373698
0.0005098116
0.0004810758
0
0
0
0
0
0
0
0
0
0
0.0006135863
0.000588942
0.0005633348
0.0005367333
0.0005090137
0
0
0
0
0
0
0
0
0
0
0.0006373027
0.0006134898
0.0005887583
0.0005630805
0.0005363394
0
0
0
0
0
0
0
0
0
0
0.0006605281
0.0006375221
0.0006136387
0.0005888536
0.0005630557
0
0
0
0
0
0
0
0
0
0
0.0006833296
0.0006611093
0.0006380503
0.0006141311
0.0005892461
0
0
0
0
0
0
0
0
0
0
0.000705849
0.0006843991
0.0006621469
0.0006390737
0.0006150791
0
0
0
0
0
0
0
0
0
0
0.00072825
0.0007075611
0.0006861054
0.0006638665
0.0006407488
0
0
0
0
0
0
0
0
0
0
0.000750535
0.0007305976
0.0007099287
0.0006885139
0.0006662628
0
0
0
0
0
0
0
0
0
0
0.0007719673
0.0007527445
0.0007328218
0.0007121871
0.0006907541
0
0
0
0
0
0
0
0
0
0
0.0007922451
0.0007736917
0.0007544664
0.0007345588
0.000713887
0
0
0
0
0
0
0
0
0
0
0.0008112945
0.0007933663
0.0007747904
0.0007555585
0.0007355925
0
0
0
0
0
0
0
0
0
0
0.000829152
0.0008118088
0.0007938388
0.0007752356
0.0007559248
0
0
0
0
0
0
0
0
0
0
0.0004108398
0.0003786548
0.0003450223
0.00030985
0.0002729346
0
0
0
0
0
0
0
0
0
0
0.0004406249
0.0004096338
0.0003772859
0.0003435027
0.0003080927
0
0
0
0
0
0
0
0
0
0
0.0004683494
0.0004384357
0.0004072418
0.0003746999
0.0003406324
0
0
0
0
0
0
0
0
0
0
0.0004942562
0.0004653223
0.0004351734
0.0004037505
0.0003708875
0
0
0
0
0
0
0
0
0
0
0.0005187177
0.0004906867
0.0004614971
0.0004310969
0.0003993298
0
0
0
0
0
0
0
0
0
0
0.0005423575
0.0005151824
0.0004868992
0.0004574616
0.0004267219
0
0
0
0
0
0
0
0
0
0
0.0005662012
0.0005398818
0.0005125047
0.0004840292
0.0004543163
0
0
0
0
0
0
0
0
0
0
0.0005901463
0.0005646788
0.0005382027
0.0005106823
0.0004819866
0
0
0
0
0
0
0
0
0
0
0.0006139136
0.0005892838
0.000563692
0.0005371066
0.000509404
0
0
0
0
0
0
0
0
0
0
0.0006373027
0.0006134898
0.0005887583
0.0005630805
0.0005363394
0
0
0
0
0
0
0
0
0
0
0.0006602277
0.0006372086
0.0006133116
0.0005885121
0.0005626993
0
0
0
0
0
0
0
0
0
0
0.000682684
0.0006604365
0.0006373491
0.0006134001
0.0005884841
0
0
0
0
0
0
0
0
0
0
0.0007047353
0.0006832404
0.0006609412
0.0006378187
0.0006137724
0
0
0
0
0
0
0
0
0
0
0.0007265185
0.0007057623
0.0006842358
0.0006619222
0.0006387257
0
0
0
0
0
0
0
0
0
0
0.0007481918
0.0007281664
0.0007074036
0.0006858888
0.0006635306
0
0
0
0
0
0
0
0
0
0
0.0007697585
0.0007504558
0.0007304485
0.000709724
0.0006881957
0
0
0
0
0
0
0
0
0
0
0.0007905059
0.0007718917
0.0007526022
0.0007326269
0.0007118834
0
0
0
0
0
0
0
0
0
0
0.0008101399
0.0007921722
0.0007735548
0.0007542792
0.0007342669
0
0
0
0
0
0
0
0
0
0
0.0008285861
0.0008112238
0.0007932339
0.0007746096
0.0007552767
0
0
0
0
0
0
0
0
0
0
0.0008458764
0.0008290832
0.0008116803
0.0007936636
0.0007749625
0
0
0
0
0
0
0
0
0
0
0.0004416761
0.0004107326
0.0003784367
0.0003447109
0.0003093649
0
0
0
0
0
0
0
0
0
0
0.0004703459
0.0004405202
0.0004094221
0.000376985
0.0003430335
0
0
0
0
0
0
0
0
0
0
0.0004970591
0.0004682466
0.0004382293
0.0004069496
0.0003742439
0
0
0
0
0
0
0
0
0
0
0.0005220424
0.0004941544
0.0004651197
0.0004348878
0.0004033051
0
0
0
0
0
0
0
0
0
0
0.0005456495
0.000518616
0.0004904863
0.0004612155
0.0004306584
0
0
0
0
0
0
0
0
0
0
0.0005684765
0.0005422549
0.0005149823
0.0004866188
0.0004570265
0
0
0
0
0
0
0
0
0
0
0.0005915086
0.0005661
0.0005396862
0.0005122317
0.0004836062
0
0
0
0
0
0
0
0
0
0
0.000614645
0.0005900472
0.000564489
0.0005379391
0.0005102739
0
0
0
0
0
0
0
0
0
0
0.0006376161
0.000613817
0.0005891
0.0005634374
0.0005367122
0
0
0
0
0
0
0
0
0
0
0.0006602277
0.0006372086
0.0006133116
0.0005885121
0.0005626993
0
0
0
0
0
0
0
0
0
0
0.000682396
0.0006601361
0.0006370357
0.0006130732
0.0005881431
0
0
0
0
0
0
0
0
0
0
0.0007041156
0.0006825947
0.0006602685
0.0006371179
0.0006130422
0
0
0
0
0
0
0
0
0
0
0.0007254475
0.0007046484
0.0006830771
0.0006607167
0.0006374712
0
0
0
0
0
0
0
0
0
0
0.0007465236
0.000726434
0.0007056037
0.0006840179
0.0006615848
0
0
0
0
0
0
0
0
0
0
0.0007674971
0.0007481103
0.0007280133
0.0007071935
0.0006855631
0
0
0
0
0
0
0
0
0
0
0.0007883719
0.0007696812
0.0007503108
0.0007302499
0.0007094153
0
0
0
0
0
0
0
0
0
0
0.0008084581
0.0007904321
0.0007717532
0.0007524129
0.0007323322
0
0
0
0
0
0
0
0
0
0
0.0008274689
0.0008100687
0.0007920389
0.0007733729
0.0007539958
0
0
0
0
0
0
0
0
0
0
0.0008453286
0.0008285171
0.000811095
0.0007930582
0.0007743359
0
0
0
0
0
0
0
0
0
0
0.0008620643
0.0008458092
0.0008289581
0.00081151
0.0007933984
0
0
0
0
0
0
0
0
0
0
0.0004713534
0.0004415718
0.0004105217
0.0003781369
0.0003442432
0
0
0
0
0
0
0
0
0
0
0.0004989744
0.0004702439
0.0004403153
0.0004091321
0.0003765322
0
0
0
0
0
0
0
0
0
0
0.0005247334
0.0004969589
0.0004680466
0.0004379473
0.0004065093
0
0
0
0
0
0
0
0
0
0
0.0005488426
0.0005219432
0.0004939582
0.000464844
0.0004344575
0
0
0
0
0
0
0
0
0
0
0.0005716388
0.0005455504
0.0005184217
0.0004902141
0.0004607917
0
0
0
0
0
0
0
0
0
0
0.000593693
0.0005683766
0.000542061
0.0005147114
0.0004861983
0
0
0
0
0
0
0
0
0
0
0.0006159521
0.0005914099
0.0005659103
0.0005394223
0.0005118227
0
0
0
0
0
0
0
0
0
0
0.0006383174
0.0006145486
0.0005898633
0.000564234
0.0005375439
0
0
0
0
0
0
0
0
0
0
0.0006605281
0.0006375221
0.0006136387
0.0005888536
0.0005630557
0
0
0
0
0
0
0
0
0
0
0.000682396
0.0006601361
0.0006370357
0.0006130732
0.0005881431
0
0
0
0
0
0
0
0
0
0
0.0007038393
0.0006823067
0.0006599682
0.0006368048
0.0006127157
0
0
0
0
0
0
0
0
0
0
0.0007248523
0.0007040285
0.0006824316
0.0006600445
0.0006367711
0
0
0
0
0
0
0
0
0
0
0.0007454933
0.0007253627
0.0007044897
0.0006828594
0.0006603799
0
0
0
0
0
0
0
0
0
0
0.0007658894
0.0007464412
0.0007262798
0.0007053923
0.0006836907
0
0
0
0
0
0
0
0
0
0
0.0007861888
0.0007674175
0.0007479615
0.0007278094
0.0007068776
0
0
0
0
0
0
0
0
0
0
0.0008063958
0.0007882964
0.0007695401
0.0007501179
0.0007299503
0
0
0
0
0
0
0
0
0
0
0.0008258422
0.000808386
0.0007902973
0.0007715693
0.0007521267
0
0
0
0
0
0
0
0
0
0
0.0008442473
0.0008273993
0.000809939
0.0007918622
0.0007730976
0
0
0
0
0
0
0
0
0
0
0.0008615338
0.0008452612
0.0008283916
0.0008109242
0.0007927923
0
0
0
0
0
0
0
0
0
0
0.0008777223
0.0008619986
0.0008456875
0.0008287926
0.0008112523
0
0
0
0
0
0
0
0
0
0
0.0004999413
0.0004712518
0.0004413676
0.0004102326
0.0003776855
0
0
0
0
0
0
0
0
0
0
0.0005265729
0.000498875
0.0004700454
0.0004400354
0.0004086948
0
0
0
0
0
0
0
0
0
0
0.0005514286
0.0005246357
0.0004967651
0.0004677743
0.0004375219
0
0
0
0
0
0
0
0
0
0
0.0005747082
0.0005487459
0.000521753
0.0004936917
0.000464428
0
0
0
0
0
0
0
0
0
0
0.0005967331
0.0005715422
0.000545362
0.0005181586
0.0004898043
0
0
0
0
0
0
0
0
0
0
0.0006180508
0.0005935957
0.0005681885
0.000541799
0.0005143047
0
0
0
0
0
0
0
0
0
0
0.0006395724
0.0006158561
0.000591226
0.000565655
0.0005390266
0
0
0
0
0
0
0
0
0
0
0.0006612009
0.0006382235
0.0006143701
0.0005896164
0.0005638516
0
0
0
0
0
0
0
0
0
0
0.000682684
0.0006604365
0.0006373491
0.0006134001
0.0005884841
0
0
0
0
0
0
0
0
0
0
0.0007038393
0.0006823067
0.0006599682
0.0006368048
0.0006127157
0
0
0
0
0
0
0
0
0
0
0.0007245873
0.0007037523
0.0006821437
0.0006597444
0.0006364584
0
0
0
0
0
0
0
0
0
0
0.0007449216
0.0007247675
0.0007038701
0.0006822144
0.0006597084
0
0
0
0
0
0
0
0
0
0
0.0007648979
0.0007454106
0.0007252086
0.0007042787
0.0006825328
0
0
0
0
0
0
0
0
0
0
0.0007846389
0.000765809
0.0007462914
0.0007260747
0.000705075
0
0
0
0
0
0
0
0
0
0
0.0008042876
0.0007861111
0.0007672729
0.0007477635
0.0007275029
0
0
0
0
0
0
0
0
0
0
0.0008238485
0.0008063221
0.0007881592
0.0007693528
0.0007498271
0
0
0
0
0
0
0
0
0
0
0.0008426734
0.0008257718
0.0008082549
0.0007901187
0.0007712915
0
0
0
0
0
0
0
0
0
0
0.000860487
0.0008441794
0.0008272731
0.0008097673
0.0007915949
0
0
0
0
0
0
0
0
0
0
0.0008772085
0.0008614679
0.000845139
0.0008282256
0.0008106659
0
0
0
0
0
0
0
0
0
0.0008928506
0.0008776582
0.0008618801
0.0008455265
0.0008285422
0
0
0
0
0
0
0
0
0
0
0.0005275017
0.0004998423
0.000471054
0.0004410886
0.0004097967
0
0
0
0
0
0
0
0
0
0
0.000553197
0.000526476
0.0004986826
0.0004697749
0.0004396127
0
0
0
0
0
0
0
0
0
0
0.0005771955
0.0005513334
0.0005244478
0.0004965018
0.0004673629
0
0
0
0
0
0
0
0
0
0
0.0005996858
0.0005746139
0.0005485614
0.0005214952
0.0004932893
0
0
0
0
0
0
0
0
0
0
0.0006209754
0.0005966389
0.0005713595
0.0005451074
0.0005177621
0
0
0
0
0
0
0
0
0
0
0.0006415899
0.000617956
0.0005934133
0.000567935
0.0005414054
0
0
0
0
0
0
0
0
0
0
0.0006624063
0.0006394788
0.0006156777
0.0005909789
0.000565272
0
0
0
0
0
0
0
0
0
0
0.0006833296
0.0006611093
0.0006380503
0.0006141311
0.0005892461
0
0
0
0
0
0
0
0
0
0
0.0007041156
0.0006825947
0.0006602685
0.0006371179
0.0006130422
0
0
0
0
0
0
0
0
0
0
0.0007245873
0.0007037523
0.0006821437
0.0006597444
0.0006364584
0
0
0
0
0
0
0
0
0
0
0.0007446673
0.0007245024
0.0007035939
0.0006819267
0.0006594087
0
0
0
0
0
0
0
0
0
0
0.0007643487
0.0007448388
0.0007246135
0.0007036594
0.0006818885
0
0
0
0
0
0
0
0
0
0
0.0007836846
0.0007648173
0.0007452608
0.0007250037
0.0007039619
0
0
0
0
0
0
0
0
0
0
0.0008027932
0.0007845604
0.0007656633
0.0007460923
0.0007257668
0
0
0
0
0
0
0
0
0
0
0.0008218123
0.0008042119
0.0007859704
0.0007670807
0.000747466
0
0
0
0
0
0
0
0
0
0
0.0008407457
0.0008237766
0.0008061886
0.0007879773
0.0007690704
0
0
0
0
0
0
0
0
0
0
0.0008589639
0.0008426046
0.0008256442
0.0008080813
0.0007898488
0
0
0
0
0
0
0
0
0
0
0.0008761949
0.0008604207
0.0008440565
0.0008271062
0.0008095076
0
0
0
0
0
0
0
0
0
0.0008923529
0.0008771442
0.000861349
0.0008449777
0.0008279746
0
0
0
0
0
0
0
0
0.0009074382
0.0008927879
0.0008775427
0.0008617235
0.0008452831
0
0
0
0
0
0
0
0
0
0
0.0005540901
0.0005274052
0.0004996505
0.0004707844
0.0004406672
0
0
0
0
0
0
0
0
0
0
0.0005788968
0.0005531024
0.0005262893
0.0004984211
0.0004693662
0
0
0
0
0
0
0
0
0
0
0.0006020799
0.0005771025
0.000551151
0.0005241931
0.0004961038
0
0
0
0
0
0
0
0
0
0
0.0006238177
0.0005995938
0.0005744348
0.0005483119
0.0005211058
0
0
0
0
0
0
0
0
0
0
0.000644405
0.0006208836
0.0005964616
0.0005711131
0.0005447236
0
0
0
0
0
0
0
0
0
0
0.0006643468
0.0006414974
0.000617779
0.0005931678
0.000567554
0
0
0
0
0
0
0
0
0
0
0.000684488
0.000662315
0.0006393056
0.0006154384
0.0005906081
0
0
0
0
0
0
0
0
0
0
0.0007047353
0.0006832404
0.0006609412
0.0006378187
0.0006137724
0
0
0
0
0
0
0
0
0
0
0.0007248523
0.0007040285
0.0006824316
0.0006600445
0.0006367711
0
0
0
0
0
0
0
0
0
0
0.0007446673
0.0007245024
0.0007035939
0.0006819267
0.0006594087
0
0
0
0
0
0
0
0
0
0
0.0007641046
0.0007445845
0.0007243486
0.0007033835
0.0006816011
0
0
0
0
0
0
0
0
0
0
0.0007831568
0.0007642679
0.0007446892
0.0007244091
0.0007033433
0
0
0
0
0
0
0
0
0
0
0.0008018745
0.0007836059
0.0007646716
0.000745062
0.0007246964
0
0
0
0
0
0
0
0
0
0
0.0008203709
0.0008027166
0.0007844188
0.00076547
0.0007457935
0
0
0
0
0
0
0
0
0
0
0.0008387785
0.0008217383
0.000804075
0.0007857837
0.0007667918
0
0
0
0
0
0
0
0
0
0
0.0008570996
0.0008406755
0.0008236466
0.0008060118
0.000787703
0
0
0
0
0
0
0
0
0
0
0.0008747208
0.0008588968
0.0008424804
0.0008254754
0.0008078191
0
0
0
0
0
0
0
0
0
0.0008913713
0.0008761301
0.000860301
0.0008438942
0.0008268538
0
0
0
0
0
0
0
0
0.0009069561
0.0008922901
0.0008770284
0.0008611921
0.0008447337
0
0
0
0
0
0
0
0.000921459
0.000907377
0.0008926754
0.0008773904
0.0008614869
0
0
0
0
0
0
0
0
0
0
0.0005797564
0.0005539959
0.0005272191
0.0004993898
0.0004703769
0
0
0
0
0
0
0
0
0
0
0.000603718
0.0005788046
0.0005529213
0.0005260364
0.0004980256
0
0
0
0
0
0
0
0
0
0
0.0006261237
0.0006019892
0.0005769256
0.0005509045
0.0005238078
0
0
0
0
0
0
0
0
0
0
0.0006471428
0.000623728
0.00059942
0.0005741933
0.0005479349
0
0
0
0
0
0
0
0
0
0
0.000667058
0.0006443154
0.0006207114
0.0005962229
0.0005707414
0
0
0
0
0
0
0
0
0
0
0.0006863554
0.0006642567
0.0006413256
0.0006175412
0.0005927989
0
0
0
0
0
0
0
0
0
0
0.000705849
0.0006843991
0.0006621469
0.0006390737
0.0006150791
0
0
0
0
0
0
0
0
0
0
0.0007254475
0.0007046484
0.0006830771
0.0006607167
0.0006374712
0
0
0
0
0
0
0
0
0
0
0.0007449216
0.0007247675
0.0007038701
0.0006822144
0.0006597084
0
0
0
0
0
0
0
0
0
0
0.0007641046
0.0007445845
0.0007243486
0.0007033835
0.0006816011
0
0
0
0
0
0
0
0
0
0
0.0007829225
0.0007640238
0.000744435
0.0007241444
0.0007030677
0
0
0
0
0
0
0
0
0
0
0.0008013672
0.000783078
0.0007641224
0.0007444908
0.0007241024
0
0
0
0
0
0
0
0
0
0
0.0008194864
0.0008017977
0.0007834643
0.0007644786
0.0007447637
0
0
0
0
0
0
0
0
0
0
0.0008373881
0.0008202962
0.0008025788
0.0007842311
0.0007651799
0
0
0
0
0
0
0
0
0
0
0.0008551987
0.0008387062
0.0008216051
0.0008038936
0.0007855032
0
0
0
0
0
0
0
0
0
0
0.0008729174
0.000857031
0.000840549
0.0008234748
0.0008057454
0
0
0
0
0
0
0
0
0
0.0008899443
0.0008746551
0.0008587758
0.0008423164
0.0008252206
0
0
0
0
0
0
0
0
0.0009060055
0.000891308
0.0008760136
0.0008601431
0.0008436489
0
0
0
0
0
0
0
0.000920992
0.0009068947
0.0008921772
0.0008768757
0.0008609549
0
0
0
0
0
0
0.0009348611
0.0009213991
0.0009072673
0.0008925272
0.0008771603
0
0
0
0
0
0
0
0
0
0
0.0006045458
0.0005796644
0.0005538153
0.0005269669
0.0004989955
0
0
0
0
0
0
0
0
0
0
0.0006277021
0.000603628
0.0005786288
0.0005526764
0.0005256535
0
0
0
0
0
0
0
0
0
0
0.0006493652
0.0006260352
0.0006018174
0.0005766868
0.0005505314
0
0
0
0
0
0
0
0
0
0
0.0006696967
0.0006470553
0.0006235592
0.000599186
0.0005738281
0
0
0
0
0
0
0
0
0
0
0.0006889679
0.0006669707
0.0006441482
0.0006204801
0.0005958629
0
0
0
0
0
0
0
0
0
0
0.0007076468
0.0006862675
0.0006640898
0.0006410952
0.0006171838
0
0
0
0
0
0
0
0
0
0
0.0007265185
0.0007057623
0.0006842358
0.0006619222
0.0006387257
0
0
0
0
0
0
0
0
0
0
0.0007454933
0.0007253627
0.0007044897
0.0006828594
0.0006603799
0
0
0
0
0
0
0
0
0
0
0.0007643487
0.0007448388
0.0007246135
0.0007036594
0.0006818885
0
0
0
0
0
0
0
0
0
0
0.0007829225
0.0007640238
0.000744435
0.0007241444
0.0007030677
0
0
0
0
0
0
0
0
0
0
0.0008011423
0.0007828437
0.0007638784
0.0007442368
0.000723838
0
0
0
0
0
0
0
0
0
0
0.0008189987
0.0008012903
0.0007829365
0.0007639298
0.0007441931
0
0
0
0
0
0
0
0
0
0
0.0008365363
0.0008194114
0.0008016599
0.0007832768
0.000764189
0
0
0
0
0
0
0
0
0
0
0.0008538573
0.0008373151
0.0008201621
0.0008023964
0.0007839494
0
0
0
0
0
0
0
0
0
0
0.0008710803
0.0008551281
0.0008385766
0.0008214288
0.0008036212
0
0
0
0
0
0
0
0
0
0.0008881998
0.0008728504
0.0008569078
0.0008403819
0.0008232159
0
0
0
0
0
0
0
0
0.000904624
0.0008898802
0.0008745373
0.0008586162
0.0008420687
0
0
0
0
0
0
0
0.0009200715
0.0009059436
0.0008911945
0.00087586
0.0008599047
0
0
0
0
0
0
0.0009344089
0.000920932
0.0009067847
0.0008920287
0.000876645
0
0
0
0
0
0.0009475561
0.0009348026
0.0009212923
0.0009071231
0.0008923034
0
0
0
0
0
0
0
0
0
0
0.0006284998
0.0006044561
0.0005794892
0.0005535712
0.0005265851
0
0
0
0
0
0
0
0
0
0
0.0006508869
0.0006276142
0.0006034573
0.0005783916
0.0005523056
0
0
0
0
0
0
0
0
0
0
0.0006718398
0.0006492789
0.0006258683
0.000601586
0.0005763254
0
0
0
0
0
0
0
0
0
0
0.0006915122
0.0006696113
0.0006468913
0.0006233324
0.0005988321
0
0
0
0
0
0
0
0
0
0
0.0007101652
0.0006888826
0.0006668082
0.000643924
0.0006201312
0
0
0
0
0
0
0
0
0
0
0.00072825
0.0007075611
0.0006861054
0.0006638665
0.0006407488
0
0
0
0
0
0
0
0
0
0
0.0007465236
0.000726434
0.0007056037
0.0006840179
0.0006615848
0
0
0
0
0
0
0
0
0
0
0.000764898
0.0007454106
0.0007252086
0.0007042787
0.0006825328
0
0
0
0
0
0
0
0
0
0
0.0007831568
0.0007642679
0.0007446892
0.0007244091
0.0007033433
0
0
0
0
0
0
0
0
0
0
0.0008011423
0.0007828437
0.0007638784
0.0007442368
0.000723838
0
0
0
0
0
0
0
0
0
0
0.0008187828
0.0008010654
0.0007827023
0.000763686
0.0007439395
0
0
0
0
0
0
0
0
0
0
0.0008360676
0.0008189237
0.0008011526
0.0007827494
0.0007636408
0
0
0
0
0
0
0
0
0
0
0.000853037
0.0008364631
0.0008192773
0.0008014778
0.0007829957
0
0
0
0
0
0
0
0
0
0
0.0008697861
0.000853786
0.0008371846
0.0008199848
0.0008021229
0
0
0
0
0
0
0
0
0
0.0008864242
0.0008710114
0.0008550019
0.0008384053
0.0008211641
0
0
0
0
0
0
0
0
0.0009029364
0.0008881343
0.0008727305
0.0008567453
0.0008401303
0
0
0
0
0
0
0
0.0009187343
0.0009045614
0.0008897654
0.0008743821
0.0008583755
0
0
0
0
0
0
0.0009335177
0.000920011
0.000905833
0.0008910451
0.0008756281
0
0
0
0
0
0.0009471185
0.0009343502
0.0009208248
0.0009066401
0.0008918043
0
0
0
0
0.0009593926
0.0009474989
0.0009346983
0.0009211518
0.0009069053
0
0
0
0
0
0
0
0
0
0
0.0006516562
0.0006284123
0.0006042859
0.0005792527
0.0005532014
0
0
0
0
0
0
0
0
0
0
0.0006733076
0.0006508012
0.0006274484
0.0006032275
0.0005780323
0
0
0
0
0
0
0
0
0
0
0.0006935798
0.0006717555
0.0006491168
0.0006256441
0.0006012358
0
0
0
0
0
0
0
0
0
0
0.0007126197
0.0006914289
0.0006694519
0.0006466714
0.0006229894
0
0
0
0
0
0
0
0
0
0
0.0007306788
0.0007100821
0.0006887248
0.0006665908
0.0006435858
0
0
0
0
0
0
0
0
0
0
0.0007481918
0.0007281664
0.0007074036
0.0006858888
0.0006635306
0
0
0
0
0
0
0
0
0
0
0.0007658894
0.0007464412
0.0007262798
0.0007053923
0.0006836907
0
0
0
0
0
0
0
0
0
0
0.0007836846
0.0007648173
0.0007452608
0.0007250037
0.0007039619
0
0
0
0
0
0
0
0
0
0
0.0008013672
0.000783078
0.0007641224
0.0007444908
0.0007241024
0
0
0
0
0
0
0
0
0
0
0.0008187828
0.0008010654
0.0007827023
0.000763686
0.0007439395
0
0
0
0
0
0
0
0
0
0
0.0008358603
0.0008187078
0.0008009278
0.0007825154
0.0007633974
0
0
0
0
0
0
0
0
0
0
0.0008525864
0.0008359943
0.0008187897
0.0008009709
0.0007824689
0
0
0
0
0
0
0
0
0
0
0.0008689961
0.0008529655
0.0008363326
0.0008191003
0.0008012047
0
0
0
0
0
0
0
0
0
0.0008851754
0.0008697165
0.0008536589
0.0008370123
0.0008197191
0
0
0
0
0
0
0
0
0.0009012202
0.0008863569
0.0008708885
0.0008548353
0.000838148
0
0
0
0
0
0
0
0.0009171017
0.0009028724
0.0008880174
0.0008725724
0.0008565007
0
0
0
0
0
0
0.0009322237
0.000918673
0.0009044495
0.0008896144
0.000874148
0
0
0
0
0
0.0009462563
0.0009334586
0.0009199032
0.0009056875
0.0008908195
0
0
0
0
0.0009589695
0.0009470611
0.0009342457
0.000920684
0.0009064218
0
0
0
0.0009701302
0.0009593365
0.0009473972
0.0009345615
0.0009209398
0
0
0
0
0
0
0
0
0
0
0.0006740499
0.0006515708
0.000628247
0.0006040568
0.0005788944
0
0
0
0
0
0
0
0
0
0
0.0006949965
0.000673224
0.0006506401
0.0006272256
0.0006028793
0
0
0
0
0
0
0
0
0
0
0.0007146155
0.0006934976
0.000671598
0.0006488993
0.0006253045
0
0
0
0
0
0
0
0
0
0
0.0007330476
0.0007125384
0.000691274
0.0006692387
0.0006463388
0
0
0
0
0
0
0
0
0
0
0.000750535
0.0007305976
0.0007099287
0.0006885139
0.0006662628
0
0
0
0
0
0
0
0
0
0
0.0007674971
0.0007481103
0.0007280133
0.0007071935
0.0006855631
0
0
0
0
0
0
0
0
0
0
0.0007846389
0.000765809
0.0007462914
0.0007260747
0.000705075
0
0
0
0
0
0
0
0
0
0
0.0008018745
0.0007836059
0.0007646716
0.000745062
0.0007246964
0
0
0
0
0
0
0
0
0
0
0.0008189987
0.0008012903
0.0007829365
0.0007639298
0.0007441931
0
0
0
0
0
0
0
0
0
0
0.0008358603
0.0008187078
0.0008009278
0.0007825154
0.0007633974
0
0
0
0
0
0
0
0
0
0
0.0008523874
0.000835787
0.0008185739
0.0008007462
0.0007822352
0
0
0
0
0
0
0
0
0
0
0.000868563
0.0008525148
0.0008358639
0.0008186131
0.0008006984
0
0
0
0
0
0
0
0
0
0.0008844146
0.0008689262
0.0008528384
0.0008361605
0.000818835
0
0
0
0
0
0
0
0
0.0009000154
0.0008851074
0.0008695927
0.0008534915
0.0008367541
0
0
0
0
0
0
0
0.0009154434
0.0009011545
0.0008862372
0.0008707265
0.0008545853
0
0
0
0
0
0
0.000930645
0.0009170392
0.0009027585
0.0008878636
0.0008723346
0
0
0
0
0
0.0009450048
0.0009321638
0.000918564
0.0009043025
0.0008893866
0
0
0
0
0.0009581362
0.0009461984
0.0009333534
0.0009197615
0.0009054681
0
0
0
0.0009697221
0.0009589133
0.0009469591
0.0009341085
0.0009204715
0
0
0.0009793731
0.0009700752
0.0009592372
0.0009472637
0.0009343551
0
0
0
0
0
0
0
0
0
0
0.000695713
0.0006739665
0.0006514102
0.0006280248
0.0006037095
0
0
0
0
0
0
0
0
0
0
0.0007159833
0.0006949148
0.0006730674
0.000650424
0.000626888
0
0
0
0
0
0
0
0
0
0
0.0007349748
0.0007145352
0.0006933444
0.000671387
0.0006485701
0
0
0
0
0
0
0
0
0
0
0.000752822
0.0007329682
0.0007123879
0.0006910671
0.0006689161
0
0
0
0
0
0
0
0
0
0
0.0007697585
0.0007504558
0.0007304485
0.0007097241
0.0006881957
0
0
0
0
0
0
0
0
0
0
0.0007861888
0.0007674175
0.0007479615
0.0007278094
0.0007068776
0
0
0
0
0
0
0
0
0
0
0.0008027932
0.0007845604
0.0007656633
0.0007460923
0.0007257668
0
0
0
0
0
0
0
0
0
0
0.0008194864
0.0008017977
0.0007834643
0.0007644786
0.0007447637
0
0
0
0
0
0
0
0
0
0
0.0008360676
0.0008189237
0.0008011526
0.0007827494
0.0007636408
0
0
0
0
0
0
0
0
0
0
0.0008523874
0.000835787
0.0008185739
0.0008007462
0.0007822352
0
0
0
0
0
0
0
0
0
0
0.000868372
0.0008523158
0.0008356567
0.0008183974
0.0008004741
0
0
0
0
0
0
0
0
0
0.0008839985
0.0008684931
0.0008523879
0.0008356922
0.0008183484
0
0
0
0
0
0
0
0
0.000899283
0.0008843464
0.0008688025
0.0008526711
0.0008359028
0
0
0
0
0
0
0
0.0009142812
0.000899949
0.0008849869
0.0008694298
0.0008532404
0
0
0
0
0
0
0.0009290431
0.0009153791
0.0009010378
0.0008860795
0.0008704834
0
0
0
0
0
0.0009434793
0.0009305839
0.0009169282
0.0009026088
0.0008876323
0
0
0
0
0.0009569273
0.0009449462
0.0009320574
0.0009184208
0.0009040809
0
0
0
0.0009689184
0.0009580796
0.0009460958
0.0009332154
0.0009195479
0
0
0.0009789806
0.0009696669
0.0009588137
0.0009468253
0.0009339015
0
0.000986516
0.0009793191
0.000969978
0.000959107
0.0009470625
0
0
0
0
0
0
0
0
0
0
0.0007166753
0.0006956316
0.0006738104
0.0006511947
0.0006276881
0
0
0
0
0
0
0
0
0
0
0.0007362961
0.0007159036
0.0006947626
0.0006728578
0.0006500967
0
0
0
0
0
0
0
0
0
0
0.0007546837
0.0007348964
0.0007143863
0.0006931398
0.0006710677
0
0
0
0
0
0
0
0
0
0
0.0007719673
0.0007527445
0.0007328219
0.0007121871
0.0006907541
0
0
0
0
0
0
0
0
0
0
0.0007883719
0.0007696812
0.0007503108
0.0007302499
0.0007094153
0
0
0
0
0
0
0
0
0
0
0.0008042876
0.0007861111
0.0007672729
0.0007477635
0.0007275029
0
0
0
0
0
0
0
0
0
0
0.0008203709
0.0008027166
0.0007844188
0.00076547
0.0007457935
0
0
0
0
0
0
0
0
0
0
0.0008365363
0.0008194114
0.0008016599
0.0007832768
0.000764189
0
0
0
0
0
0
0
0
0
0
0.0008525864
0.0008359943
0.0008187897
0.0008009709
0.0007824689
0
0
0
0
0
0
0
0
0
0
0.000868372
0.0008523158
0.0008356567
0.0008183974
0.0008004741
0
0
0
0
0
0
0
0
0
0.0008838152
0.0008683021
0.000852189
0.0008354852
0.000818133
0
0
0
0
0
0
0
0
0.0008988832
0.0008839302
0.0008683695
0.000852221
0.000835435
0
0
0
0
0
0
0
0.0009135763
0.0008992163
0.0008842259
0.0008686398
0.0008524206
0
0
0
0
0
0
0.0009279227
0.0009142163
0.0008998315
0.0008848284
0.0008691858
0
0
0
0
0
0.0009419328
0.0009289802
0.0009152654
0.0009008844
0.0008858431
0
0
0
0
0.000955455
0.0009434194
0.0009304756
0.0009167824
0.0009023837
0
0
0
0.000967753
0.0009568699
0.0009448424
0.0009319179
0.0009182051
0
0
0.0009782081
0.0009688628
0.0009579793
0.0009459612
0.0009330073
0
0.0009861404
0.0009789265
0.0009695695
0.0009586831
0.0009466236
0.0009906202
0.0009864629
0.0009792238
0.0009698508
0.0009589107
0
0
0
0
0
0
0
0
0
0
0.0007369646
0.0007165959
0.0006954798
0.0006736014
0.0006508682
0
0
0
0
0
0
0
0
0
0
0.0007559605
0.0007362183
0.0007157557
0.0006945592
0.0006725402
0
0
0
0
0
0
0
0
0
0
0.0007737664
0.0007546072
0.0007347517
0.0007141877
0.0006928299
0
0
0
0
0
0
0
0
0
0
0.0007905059
0.0007718917
0.0007526022
0.0007326269
0.0007118834
0
0
0
0
0
0
0
0
0
0
0.0008063958
0.0007882964
0.0007695401
0.0007501179
0.0007299503
0
0
0
0
0
0
0
0
0
0
0.0008218123
0.0008042119
0.0007859704
0.0007670807
0.000747466
0
0
0
0
0
0
0
0
0
0
0.0008373881
0.0008202962
0.0008025788
0.0007842311
0.0007651799
0
0
0
0
0
0
0
0
0
0
0.000853037
0.0008364631
0.0008192773
0.0008014778
0.0007829957
0
0
0
0
0
0
0
0
0
0
0.000868563
0.0008525148
0.0008358639
0.0008186131
0.0008006984
0
0
0
0
0
0
0
0
0
0.0008838152
0.0008683021
0.000852189
0.0008354852
0.000818133
0
0
0
0
0
0
0
0
0.0008987074
0.0008837469
0.0008681786
0.0008520222
0.0008352282
0
0
0
0
0
0
0
0.0009131925
0.0008988165
0.0008838098
0.0008682071
0.0008519709
0
0
0
0
0
0
0.0009272448
0.0009135112
0.0008990989
0.0008840676
0.0008683962
0
0
0
0
0
0.0009408537
0.0009278592
0.0009141018
0.0008996773
0.000884591
0
0
0
0
0.0009539641
0.0009418714
0.0009288693
0.000915116
0.0009006544
0
0
0
0.0009663349
0.0009553963
0.0009433137
0.0009303336
0.0009165633
0
0
0.0009770885
0.0009676967
0.0009567686
0.0009447064
0.0009317079
0
0.0009854012
0.0009781535
0.0009687647
0.000957848
0.0009457584
0.0009902605
0.0009860871
0.0009788309
0.0009694419
0.0009584864
0.0009905677
0.0009863691
0.0009790992
0.000969659
0
0
0
0
0
0
0
0
0
0
0.0007566068
0.0007368871
0.0007164484
0.000695277
0.0006732846
0
0
0
0
0
0
0
0
0
0
0.0007750007
0.0007558846
0.0007360744
0.0007155583
0.0006942511
0
0
0
0
0
0
0
0
0
0
0.0007922451
0.0007736917
0.0007544664
0.0007345588
0.000713887
0
0
0
0
0
0
0
0
0
0
0.0008084581
0.0007904321
0.0007717532
0.0007524129
0.0007323322
0
0
0
0
0
0
0
0
0
0
0.0008238485
0.0008063221
0.0007881592
0.0007693528
0.0007498271
0
0
0
0
0
0
0
0
0
0
0.0008387785
0.0008217383
0.000804075
0.0007857837
0.0007667918
0
0
0
0
0
0
0
0
0
0
0.0008538573
0.0008373151
0.0008201621
0.0008023964
0.0007839494
0
0
0
0
0
0
0
0
0
0
0.0008689961
0.0008529655
0.0008363326
0.0008191003
0.0008012047
0
0
0
0
0
0
0
0
0
0.0008839985
0.0008684931
0.0008523879
0.0008356922
0.0008183484
0
0
0
0
0
0
0
0
0.0008987074
0.0008837469
0.0008681786
0.0008520222
0.0008352282
0
0
0
0
0
0
0
0.0009130241
0.0008986407
0.0008836266
0.0008680164
0.0008517724
0
0
0
0
0
0
0.0009268766
0.0009131273
0.0008986991
0.0008836518
0.000867964
0
0
0
0
0
0.0009402025
0.000927181
0.0009133967
0.0008989448
0.0008838307
0
0
0
0
0.0009529263
0.0009407916
0.0009277476
0.0009139516
0.0008994464
0
0
0
0.0009649009
0.0009539039
0.0009417632
0.0009287238
0.0009148921
0
0
0.0009757276
0.0009662774
0.0009552931
0.0009431753
0.0009301202
0
0.0009843307
0.0009770332
0.0009675976
0.0009566359
0.0009445017
0.0009895529
0.0009853475
0.0009780574
0.0009686364
0.0009576502
0.0009902077
0.0009859931
0.000978706
0.0009692496
0.000990475
0.0009862466
0.0009789114
0
0
0
0
0
0
0
0
0
0
0.0007756255
0.0007565311
0.0007367436
0.0007162515
0.0006949697
0
0
0
0
0
0
0
0
0
0
0.0007934387
0.0007749266
0.0007557447
0.0007358827
0.0007152592
0
0
0
0
0
0
0
0
0
0
0.0008101399
0.0007921722
0.0007735548
0.0007542792
0.0007342669
0
0
0
0
0
0
0
0
0
0
0.0008258422
0.000808386
0.0007902973
0.0007715693
0.0007521267
0
0
0
0
0
0
0
0
0
0
0.0008407457
0.0008237766
0.0008061886
0.0007879773
0.0007690704
0
0
0
0
0
0
0
0
0
0
0.0008551987
0.0008387062
0.0008216051
0.0008038936
0.0007855032
0
0
0
0
0
0
0
0
0
0
0.0008697861
0.000853786
0.0008371846
0.0008199848
0.0008021229
0
0
0
0
0
0
0
0
0
0.0008844146
0.0008689262
0.0008528384
0.0008361605
0.000818835
0
0
0
0
0
0
0
0
0.0008988832
0.0008839302
0.0008683695
0.000852221
0.000835435
0
0
0
0
0
0
0
0.0009130241
0.0008986407
0.0008836266
0.0008680164
0.0008517724
0
0
0
0
0
0
0.0009267153
0.0009129588
0.0008985234
0.0008834687
0.0008677735
0
0
0
0
0
0.0009398498
0.0009268127
0.0009130129
0.0008985453
0.0008834153
0
0
0
0
0.000952302
0.0009401401
0.0009270694
0.0009132467
0.0008987143
0
0
0
0.0009639055
0.0009528655
0.0009406826
0.0009276012
0.0009137269
0
0
0.0009743534
0.0009648419
0.0009537983
0.0009416213
0.0009285058
0
0.000983031
0.0009756711
0.0009661765
0.000955158
0.0009429673
0.0009885292
0.0009842762
0.0009769361
0.0009674678
0.0009564362
0.0009894998
0.0009852529
0.0009779317
0.0009684431
0.0009901148
0.0009858701
0.0009785177
0.0009903539
0.0009860619
0
0
0
0
0
0
0
0
0
0
0.000794043
0.0007755516
0.0007563915
0.0007365525
0.0007159532
0
0
0
0
0
0
0
0
0
0
0.0008112945
0.0007933663
0.0007747904
0.0007555585
0.0007355925
0
0
0
0
0
0
0
0
0
0
0.0008274689
0.0008100687
0.0007920389
0.0007733729
0.0007539958
0
0
0
0
0
0
0
0
0
0
0.0008426734
0.0008257718
0.0008082549
0.0007901187
0.0007712915
0
0
0
0
0
0
0
0
0
0
0.0008570996
0.0008406755
0.0008236466
0.0008060118
0.000787703
0
0
0
0
0
0
0
0
0
0
0.0008710803
0.0008551281
0.0008385766
0.0008214288
0.0008036212
0
0
0
0
0
0
0
0
0
0.0008851754
0.0008697165
0.0008536589
0.0008370123
0.0008197191
0
0
0
0
0
0
0
0
0.000899283
0.0008843464
0.0008688025
0.0008526711
0.0008359028
0
0
0
0
0
0
0
0.0009131925
0.0008988165
0.0008838098
0.0008682071
0.0008519709
0
0
0
0
0
0
0.0009267153
0.0009129588
0.0008985234
0.0008834687
0.0008677735
0
0
0
0
0
0.0009396957
0.0009266514
0.0009128445
0.0008983698
0.0008832325
0
0
0
0
0.000951965
0.0009397874
0.0009267012
0.0009128631
0.0008983153
0
0
0
0.0009633089
0.0009522409
0.0009400312
0.0009269232
0.0009130223
0
0
0.0009734029
0.0009638459
0.0009527591
0.00094054
0.0009273824
0
0.0009817209
0.0009742954
0.0009647385
0.0009536598
0.0009414088
0.0009872886
0.0009829754
0.0009755722
0.0009660444
0.0009549552
0.0009884754
0.0009841806
0.000976809
0.0009672727
0.0009894063
0.0009851293
0.0009777425
0.0009899934
0.0009856851
0.0009901716
0
0
0
0
0
0
0
0
0
0
0.0008118793
0.0007939709
0.0007754159
0.0007562059
0.000736263
0
0
0
0
0
0
0
0
0
0
0.0008285861
0.0008112238
0.0007932339
0.0007746096
0.0007552767
0
0
0
0
0
0
0
0
0
0
0.0008442473
0.0008273993
0.000809939
0.0007918622
0.0007730976
0
0
0
0
0
0
0
0
0
0
0.0008589639
0.0008426046
0.0008256442
0.0008080813
0.0007898488
0
0
0
0
0
0
0
0
0
0
0.0008729174
0.000857031
0.000840549
0.0008234748
0.0008057454
0
0
0
0
0
0
0
0
0
0.0008864242
0.0008710114
0.0008550019
0.0008384053
0.0008211641
0
0
0
0
0
0
0
0
0.0009000154
0.0008851074
0.0008695927
0.0008534915
0.0008367541
0
0
0
0
0
0
0
0.0009135763
0.0008992163
0.0008842259
0.0008686398
0.0008524206
0
0
0
0
0
0
0.0009268766
0.0009131273
0.0008986991
0.0008836518
0.000867964
0
0
0
0
0
0.0009396957
0.0009266514
0.0009128445
0.0008983698
0.0008832325
0
0
0
0
0.0009518182
0.0009396332
0.0009265399
0.0009126948
0.00089814
0
0
0
0.0009629883
0.0009519039
0.0009396785
0.0009265553
0.0009126392
0
0
0.0009728358
0.000963249
0.0009521345
0.0009398887
0.0009267048
0
0.0009808191
0.0009733443
0.0009637418
0.0009526199
0.0009403267
0.0009860408
0.0009816638
0.0009741941
0.0009646032
0.0009534526
0.0009872337
0.0009828781
0.0009754429
0.0009658462
0.0009883809
0.0009840557
0.000976618
0.0009892842
0.0009849432
0.0009898106
0
0
0
0
0
0
0
0
0
0
0.000829152
0.0008118088
0.0007938388
0.0007752356
0.0007559248
0
0
0
0
0
0
0
0
0
0
0.0008453286
0.0008285171
0.000811095
0.0007930582
0.0007743359
0
0
0
0
0
0
0
0
0
0
0.000860487
0.0008441794
0.0008272731
0.0008097673
0.0007915949
0
0
0
0
0
0
0
0
0
0
0.0008747208
0.0008588968
0.0008424804
0.0008254754
0.0008078191
0
0
0
0
0
0
0
0
0
0.0008881998
0.0008728504
0.0008569078
0.0008403819
0.0008232159
0
0
0
0
0
0
0
0
0.0009012202
0.0008863569
0.0008708885
0.0008548353
0.000838148
0
0
0
0
0
0
0
0.0009142812
0.000899949
0.0008849869
0.0008694298
0.0008532404
0
0
0
0
0
0
0.0009272448
0.0009135112
0.0008990989
0.0008840676
0.0008683962
0
0
0
0
0
0.0009398498
0.0009268127
0.0009130129
0.0008985453
0.0008834153
0
0
0
0
0.0009518182
0.0009396332
0.0009265399
0.0009126948
0.00089814
0
0
0
0.000962849
0.000951757
0.0009395244
0.0009263942
0.0009124712
0
0
0.0009725327
0.0009629283
0.0009517975
0.0009395362
0.0009263373
0
0.0009802843
0.000972777
0.0009631449
0.0009519955
0.0009396758
0.0009851868
0.0009807614
0.0009732424
0.0009636058
0.000952412
0.0009859844
0.0009815642
0.0009740617
0.0009644008
0.0009871376
0.0009827509
0.0009752489
0.0009882575
0.0009838678
0.0009891005
0
0
0
0
0
0
0
0
0
0
0.0008458764
0.0008290832
0.0008116803
0.0007936636
0.0007749625
0
0
0
0
0
0
0
0
0
0
0.0008615338
0.0008452612
0.0008283916
0.0008109242
0.0007927923
0
0
0
0
0
0
0
0
0
0
0.0008761949
0.0008604207
0.0008440565
0.0008271062
0.0008095076
0
0
0
0
0
0
0
0
0
0.0008899443
0.0008746551
0.0008587758
0.0008423164
0.0008252206
0
0
0
0
0
0
0
0
0.0009029364
0.0008881343
0.0008727305
0.0008567453
0.0008401303
0
0
0
0
0
0
0
0.0009154434
0.0009011545
0.0008862372
0.0008707265
0.0008545853
0
0
0
0
0
0
0.0009279227
0.0009142163
0.0008998315
0.0008848284
0.0008691858
0
0
0
0
0
0.0009402025
0.000927181
0.0009133967
0.0008989448
0.0008838307
0
0
0
0
0.000951965
0.0009397874
0.0009267012
0.0009128631
0.0008983153
0
0
0
0.000962849
0.000951757
0.0009395244
0.0009263942
0.0009124712
0
0
0.0009724016
0.000962789
0.0009516507
0.0009393823
0.0009261764
0
0.0009800006
0.0009724738
0.0009628242
0.0009516587
0.0009393237
0.0009846842
0.0009802264
0.000972675
0.000963009
0.0009517878
0.0009851298
0.0009806611
0.0009731092
0.0009634026
0.0009858861
0.0009814341
0.0009738636
0.000987012
0.0009825602
0.0009880721
0
0
0
0
0
0
0
0
0
0
0.0008620643
0.0008458092
0.0008289581
0.00081151
0.0007933984
0
0
0
0
0
0
0
0
0
0
0.0008772085
0.0008614679
0.000845139
0.0008282256
0.0008106659
0
0
0
0
0
0
0
0
0
0.0008913713
0.0008761301
0.000860301
0.0008438942
0.0008268538
0
0
0
0
0
0
0
0
0.000904624
0.0008898802
0.0008745373
0.0008586162
0.0008420687
0
0
0
0
0
0
0
0.0009171017
0.0009028724
0.0008880174
0.0008725724
0.0008565007
0
0
0
0
0
0
0.0009290431
0.0009153791
0.0009010378
0.0008860795
0.0008704834
0
0
0
0
0
0.0009408537
0.0009278592
0.0009141018
0.0008996773
0.000884591
0
0
0
0
0.000952302
0.0009401401
0.0009270694
0.0009132467
0.0008987143
0
0
0
0.0009629883
0.0009519039
0.0009396785
0.0009265553
0.0009126392
0
0
0.0009724016
0.000962789
0.0009516507
0.0009393823
0.0009261764
0
0.0009798787
0.0009723426
0.0009626849
0.000951512
0.00093917
0.0009844202
0.0009799426
0.0009723718
0.0009626886
0.0009514515
0.000984627
0.000980126
0.000972542
0.0009628061
0.0009850308
0.0009805302
0.0009729104
0.0009857577
0.0009812394
0.0009868238
0
0
0
0
0
0
0
0
0
0
0.0008777223
0.0008619986
0.0008456875
0.0008287926
0.0008112523
0
0
0
0
0
0
0
0
0
0.0008923529
0.0008771442
0.000861349
0.0008449777
0.0008279746
0
0
0
0
0
0
0
0
0.0009060055
0.000891308
0.0008760136
0.0008601431
0.0008436489
0
0
0
0
0
0
0
0.0009187343
0.0009045614
0.0008897654
0.0008743821
0.0008583755
0
0
0
0
0
0
0.000930645
0.0009170392
0.0009027585
0.0008878636
0.0008723346
0
0
0
0
0
0.0009419328
0.0009289802
0.0009152654
0.0009008844
0.0008858431
0
0
0
0
0.0009529263
0.0009407916
0.0009277476
0.0009139516
0.0008994464
0
0
0
0.0009633089
0.0009522409
0.0009400312
0.0009269232
0.0009130223
0
0
0.0009725327
0.0009629283
0.0009517975
0.0009395362
0.0009263373
0
0.0009798787
0.0009723426
0.0009626849
0.000951512
0.00093917
0.0009843076
0.0009798206
0.0009722407
0.0009625494
0.0009513049
0.0009843629
0.0009798423
0.000972239
0.0009624861
0.0009845279
0.0009799952
0.0009723435
0.0009849018
0.0009803348
0.0009855658
0
0
0
0
0
0
0
0
0
0.0008928506
0.0008776582
0.0008618801
0.0008455265
0.0008285422
0
0
0
0
0
0
0
0
0.0009069561
0.0008922901
0.0008770284
0.0008611921
0.0008447337
0
0
0
0
0
0
0
0.0009200715
0.0009059436
0.0008911945
0.00087586
0.0008599047
0
0
0
0
0
0
0.0009322237
0.000918673
0.0009044495
0.0008896144
0.000874148
0
0
0
0
0
0.0009434793
0.0009305839
0.0009169282
0.0009026088
0.0008876323
0
0
0
0
0.0009539641
0.0009418714
0.0009288693
0.000915116
0.0009006544
0
0
0
0.0009639055
0.0009528655
0.0009406826
0.0009276012
0.0009137269
0
0
0.0009728358
0.000963249
0.0009521345
0.0009398887
0.0009267048
0
0.0009800006
0.0009724738
0.0009628242
0.0009516587
0.0009393237
0.0009843076
0.0009798206
0.0009722407
0.0009625494
0.0009513049
0.0009842502
0.0009797203
0.000972108
0.0009623471
0.0009842639
0.0009797117
0.0009720408
0.000984399
0.0009798001
0.0009847091
0
0
0
0
0
0
0
0
0.0009074382
0.0008927879
0.0008775427
0.0008617235
0.0008452831
0
0
0
0
0
0
0
0.000920992
0.0009068947
0.0008921772
0.0008768757
0.0008609549
0
0
0
0
0
0
0.0009335177
0.000920011
0.000905833
0.0008910451
0.0008756281
0
0
0
0
0
0.0009450048
0.0009321638
0.000918564
0.0009043025
0.0008893866
0
0
0
0
0.000955455
0.0009434194
0.0009304756
0.0009167824
0.0009023837
0
0
0
0.0009649009
0.0009539039
0.0009417632
0.0009287238
0.0009148921
0
0
0.0009734029
0.0009638459
0.0009527591
0.00094054
0.0009273824
0
0.0009802843
0.000972777
0.0009631449
0.0009519955
0.0009396758
0.0009844202
0.0009799426
0.0009723718
0.0009626886
0.0009514515
0.0009842502
0.0009797203
0.000972108
0.0009623471
0.0009841513
0.0009795898
0.00097191
0.0009841351
0.0009795169
0.0009842066
0
0
0
0
0
0
0
0.000921459
0.000907377
0.0008926754
0.0008773904
0.0008614869
0
0
0
0
0
0
0.0009344089
0.000920932
0.0009067847
0.0008920287
0.000876645
0
0
0
0
0
0.0009462563
0.0009334586
0.0009199032
0.0009056875
0.0008908195
0
0
0
0
0.0009569273
0.0009449462
0.0009320574
0.0009184208
0.0009040809
0
0
0
0.0009663349
0.0009553963
0.0009433137
0.0009303336
0.0009165633
0
0
0.0009743533
0.0009648419
0.0009537983
0.0009416213
0.0009285058
0
0.0009808191
0.0009733443
0.0009637418
0.0009526199
0.0009403267
0.0009846842
0.0009802264
0.000972675
0.000963009
0.0009517878
0.0009843629
0.0009798423
0.000972239
0.0009624861
0.0009841513
0.0009795898
0.00097191
0.0009840226
0.0009793952
0.000983943
0
0
0
0
0
0
0.0009348611
0.0009213991
0.0009072673
0.0008925272
0.0008771603
0
0
0
0
0
0.0009471185
0.0009343502
0.0009208248
0.0009066401
0.0008918043
0
0
0
0
0.0009581362
0.0009461984
0.0009333534
0.0009197615
0.0009054681
0
0
0
0.000967753
0.0009568699
0.0009448424
0.0009319179
0.0009182051
0
0
0.0009757276
0.0009662774
0.0009552931
0.0009431753
0.0009301202
0
0.0009817209
0.0009742954
0.0009647385
0.0009536598
0.0009414088
0.0009851868
0.0009807614
0.0009732424
0.0009636058
0.000952412
0.000984627
0.000980126
0.000972542
0.0009628061
0.0009842639
0.0009797117
0.0009720408
0.0009840226
0.0009793952
0.0009838307
0
0
0
0
0
0.0009475561
0.0009348026
0.0009212923
0.0009071231
0.0008923034
0
0
0
0
0.0009589695
0.0009470611
0.0009342457
0.000920684
0.0009064218
0
0
0
0.0009689184
0.0009580796
0.0009460958
0.0009332154
0.0009195479
0
0
0.0009770885
0.0009676967
0.0009567686
0.0009447064
0.0009317079
0
0.000983031
0.0009756711
0.0009661765
0.000955158
0.0009429673
0.0009860408
0.0009816638
0.0009741941
0.0009646032
0.0009534526
0.0009851298
0.0009806611
0.0009731092
0.0009634026
0.0009845279
0.0009799952
0.0009723435
0.0009841351
0.0009795169
0.0009838307
0
0
0
0
0.0009593926
0.0009474989
0.0009346983
0.0009211518
0.0009069053
0
0
0
0.0009697221
0.0009589133
0.0009469591
0.0009341085
0.0009204715
0
0
0.0009782081
0.0009688628
0.0009579793
0.0009459612
0.0009330073
0
0.0009843307
0.0009770332
0.0009675976
0.0009566359
0.0009445017
0.0009872886
0.0009829754
0.0009755722
0.0009660444
0.0009549552
0.0009859844
0.0009815642
0.0009740617
0.0009644008
0.0009850308
0.0009805302
0.0009729104
0.000984399
0.0009798001
0.000983943
0
0
0
0.0009701302
0.0009593365
0.0009473972
0.0009345615
0.0009209398
0
0
0.0009789806
0.0009696669
0.0009588137
0.0009468253
0.0009339015
0
0.0009854012
0.0009781535
0.0009687647
0.000957848
0.0009457584
0.0009885292
0.0009842762
0.0009769361
0.0009674678
0.0009564362
0.0009872337
0.0009828781
0.0009754429
0.0009658462
0.0009858861
0.0009814341
0.0009738636
0.0009849018
0.0009803348
0.0009842066
0
0
0.0009793731
0.0009700752
0.0009592372
0.0009472637
0.0009343551
0
0.0009861404
0.0009789265
0.0009695695
0.0009586831
0.0009466236
0.0009895529
0.0009853475
0.0009780574
0.0009686364
0.0009576502
0.0009884754
0.0009841806
0.000976809
0.0009672727
0.0009871376
0.0009827509
0.0009752489
0.0009857577
0.0009812394
0.0009847091
0
0.000986516
0.0009793191
0.000969978
0.000959107
0.0009470625
0.0009902605
0.0009860871
0.0009788309
0.0009694419
0.0009584864
0.0009894998
0.0009852529
0.0009779317
0.0009684431
0.0009883809
0.0009840557
0.000976618
0.000987012
0.0009825602
0.0009855658
0.0009906202
0.0009864629
0.0009792238
0.0009698508
0.0009589107
0.0009902077
0.0009859931
0.000978706
0.0009692496
0.0009894063
0.0009851293
0.0009777425
0.0009882575
0.0009838678
0.0009868238
0.0009905677
0.0009863691
0.0009790992
0.000969659
0.0009901148
0.0009858701
0.0009785177
0.0009892842
0.0009849432
0.0009880721
0.000990475
0.0009862466
0.0009789114
0.0009899934
0.0009856851
0.0009891005
0.0009903539
0.0009860619
0.0009898106
0.0009901716
)
;

boundaryField
{
    cathodeSides
    {
        type            zeroGradient;
    }
    electrolyteSides
    {
        type            zeroGradient;
    }
    anodeSides
    {
        type            zeroGradient;
    }
    phiI_to_phiI0
    {
        type            zeroGradient;
    }
}


// ************************************************************************* //
