/*--------------------------------*- C++ -*----------------------------------*\
| =========                 |                                                 |
| \\      /  F ield         | OpenFOAM: The Open Source CFD Toolbox           |
|  \\    /   O peration     | Version:  2306                                  |
|   \\  /    A nd           | Website:  www.openfoam.com                      |
|    \\/     M anipulation  |                                                 |
\*---------------------------------------------------------------------------*/
FoamFile
{
    version     2.0;
    format      ascii;
    arch        "LSB;label=32;scalar=64";
    class       volScalarField;
    location    "1.2/fuel";
    object      j;
}
// * * * * * * * * * * * * * * * * * * * * * * * * * * * * * * * * * * * * * //

dimensions      [0 -3 0 0 0 1 0];

internalField   nonuniform List<scalar> 
16000
(
9.419488e+08
9.500692e+08
8.603147e+08
9.018482e+08
9.664715e+08
8.654879e+08
9.09398e+08
7.908824e+08
8.257974e+08
8.735211e+08
9.912085e+08
8.756583e+08
9.246378e+08
7.947937e+08
8.306309e+08
8.806903e+08
7.350826e+08
7.608703e+08
8.012142e+08
8.56115e+08
1.023417e+09
8.902837e+08
9.476002e+08
8.02389e+08
8.40129e+08
8.951589e+08
7.382687e+08
7.645402e+08
8.058157e+08
8.630729e+08
6.886502e+08
7.085247e+08
7.393685e+08
7.858981e+08
8.486329e+08
1.05818e+09
9.079819e+08
9.774646e+08
8.130745e+08
8.537786e+08
9.169558e+08
7.444101e+08
7.716635e+08
8.148558e+08
8.771191e+08
6.913492e+08
7.115242e+08
7.42871e+08
7.903641e+08
8.555264e+08
6.487212e+08
6.648476e+08
6.894186e+08
7.258449e+08
7.790707e+08
0
1.084483e+09
9.252093e+08
1.009657e+09
8.255436e+08
8.702829e+08
9.453079e+08
7.529378e+08
7.816794e+08
8.278442e+08
8.982931e+08
6.965263e+08
7.173038e+08
7.496676e+08
7.991387e+08
8.694523e+08
6.51063e+08
6.67396e+08
6.922876e+08
7.292468e+08
7.834854e+08
0
6.136613e+08
6.271967e+08
6.476708e+08
6.773268e+08
7.196838e+08
0
0
1.101133e+09
9.3683e+08
1.033925e+09
8.369967e+08
8.863328e+08
9.758801e+08
7.626666e+08
7.933585e+08
8.435472e+08
9.258727e+08
7.036523e+08
7.253245e+08
7.592216e+08
8.117485e+08
8.904737e+08
6.555391e+08
6.722821e+08
6.978142e+08
7.358481e+08
7.92162e+08
0
6.157284e+08
6.294133e+08
6.50113e+08
6.801162e+08
7.230438e+08
0
0
5.823737e+08
5.940638e+08
6.116259e+08
6.367523e+08
6.717481e+08
0
0
0
1.1106e+09
9.432927e+08
1.049238e+09
8.440745e+08
8.971291e+08
9.988666e+08
7.712725e+08
8.040758e+08
8.588156e+08
9.556722e+08
7.116572e+08
7.344682e+08
7.70359e+08
8.270024e+08
9.179236e+08
6.616613e+08
6.790038e+08
7.054815e+08
7.451278e+08
8.046387e+08
0
6.196692e+08
6.336485e+08
6.547943e+08
6.854888e+08
7.29565e+08
0
0
5.842214e+08
5.960249e+08
6.137539e+08
6.39129e+08
6.745028e+08
0
0
0
5.541326e+08
5.644354e+08
5.798587e+08
6.016957e+08
6.316747e+08
0
0
0
0
1.114854e+09
9.465623e+08
1.057924e+09
8.474886e+08
9.031188e+08
1.013342e+09
7.762699e+08
8.106813e+08
8.690597e+08
9.780437e+08
7.185534e+08
7.425477e+08
7.805741e+08
8.418455e+08
9.47688e+08
6.684604e+08
6.865487e+08
7.142187e+08
7.559477e+08
8.197499e+08
0
6.250332e+08
6.39438e+08
6.612323e+08
6.929421e+08
7.38735e+08
0
0
5.877366e+08
5.99762e+08
6.178187e+08
6.436844e+08
6.798092e+08
0
0
0
5.558005e+08
5.661919e+08
5.817445e+08
6.037688e+08
6.340224e+08
0
0
0
0
5.284032e+08
5.376409e+08
5.514111e+08
5.707763e+08
5.970531e+08
0
0
0
0
0
1.114854e+09
9.479141e+08
1.061823e+09
8.489085e+08
9.06144e+08
1.021543e+09
7.783965e+08
8.138588e+08
8.747328e+08
9.921221e+08
7.22379e+08
7.472261e+08
7.868518e+08
8.517809e+08
9.700249e+08
6.742028e+08
6.930404e+08
7.219328e+08
7.658724e+08
8.344763e+08
0
6.309379e+08
6.458622e+08
6.684549e+08
7.014353e+08
7.494338e+08
0
0
5.925029e+08
6.04846e+08
6.233734e+08
6.499484e+08
6.871718e+08
0
0
0
5.589686e+08
5.695323e+08
5.85337e+08
6.077281e+08
6.385221e+08
0
0
0
0
5.299206e+08
5.392294e+08
5.531026e+08
5.726151e+08
5.991014e+08
0
0
0
0
0
5.047921e+08
5.131857e+08
5.256496e+08
5.430665e+08
5.665142e+08
0
0
0
0
0
0
1.1106e+09
9.479141e+08
1.061823e+09
8.493862e+08
9.073936e+08
1.025223e+09
7.790851e+08
8.151765e+08
8.775961e+08
1.0001e+09
7.238396e+08
7.492095e+08
7.898634e+08
8.572772e+08
9.840909e+08
6.772768e+08
6.966304e+08
7.263847e+08
7.719526e+08
8.443137e+08
0
6.358479e+08
6.512803e+08
6.746628e+08
7.089309e+08
7.592524e+08
0
0
5.977122e+08
6.104375e+08
6.295336e+08
6.569747e+08
6.955644e+08
0
0
0
5.632505e+08
5.74059e+08
5.902226e+08
6.131377e+08
6.447102e+08
0
0
0
0
5.327991e+08
5.422456e+08
5.563186e+08
5.761176e+08
6.030134e+08
0
0
0
0
0
5.061815e+08
5.146335e+08
5.271815e+08
5.447173e+08
5.683316e+08
0
0
0
0
0
0
4.829932e+08
4.907061e+08
5.021071e+08
5.17954e+08
5.391401e+08
0
0
0
0
0
0
0
1.101133e+09
9.465623e+08
1.057924e+09
8.493862e+08
9.073936e+08
1.025223e+09
7.792313e+08
8.156186e+08
8.787789e+08
1.003681e+09
7.241811e+08
7.498473e+08
7.911096e+08
8.600527e+08
9.920735e+08
6.78342e+08
6.97994e+08
7.282641e+08
7.748623e+08
8.497538e+08
0
6.384015e+08
6.541709e+08
6.78083e+08
7.132403e+08
7.652479e+08
0
0
6.019891e+08
6.150798e+08
6.347226e+08
6.630095e+08
7.029703e+08
0
0
0
5.679025e+08
5.790019e+08
5.955925e+08
6.191356e+08
6.516524e+08
0
0
0
0
5.366792e+08
5.4632e+08
5.606751e+08
5.8088e+08
6.083587e+08
0
0
0
0
0
5.088146e+08
5.173787e+08
5.300894e+08
5.478555e+08
5.717935e+08
0
0
0
0
0
0
4.842724e+08
4.920338e+08
5.03505e+08
5.194503e+08
5.407723e+08
0
0
0
0
0
0
0
4.627658e+08
4.699187e+08
4.804399e+08
4.949872e+08
5.143258e+08
0
0
0
0
0
0
0
0
1.084483e+09
9.432927e+08
1.049238e+09
8.489085e+08
9.06144e+08
1.021543e+09
7.792313e+08
8.156186e+08
8.787789e+08
1.003681e+09
7.2418e+08
7.499805e+08
7.915268e+08
8.612003e+08
9.956606e+08
6.78496e+08
6.983076e+08
7.288643e+08
7.760646e+08
8.525052e+08
0
6.392112e+08
6.551656e+08
6.793742e+08
7.150514e+08
7.681104e+08
0
0
6.041597e+08
6.174854e+08
6.374795e+08
6.663199e+08
7.072101e+08
0
0
0
5.716815e+08
5.830535e+08
6.000448e+08
6.241828e+08
6.576117e+08
0
0
0
0
5.408732e+08
5.507423e+08
5.65429e+08
5.861129e+08
6.142854e+08
0
0
0
0
0
5.123557e+08
5.210772e+08
5.340159e+08
5.521059e+08
5.765006e+08
0
0
0
0
0
0
4.866947e+08
4.945491e+08
5.06155e+08
5.222902e+08
5.438752e+08
0
0
0
0
0
0
0
4.639491e+08
4.71143e+08
4.817235e+08
4.963537e+08
5.158058e+08
0
0
0
0
0
0
0
0
4.439171e+08
4.506007e+08
4.603804e+08
4.738343e+08
4.916256e+08
0
0
0
0
0
0
0
0
0
1.05818e+09
9.3683e+08
1.033925e+09
8.474886e+08
9.031188e+08
1.013342e+09
7.790851e+08
8.151765e+08
8.775961e+08
1.0001e+09
7.2418e+08
7.499805e+08
7.915268e+08
8.612003e+08
9.956606e+08
6.784217e+08
6.983028e+08
7.289876e+08
7.764671e+08
8.536452e+08
0
6.392553e+08
6.553034e+08
6.796659e+08
7.15626e+08
7.692926e+08
0
0
6.047921e+08
6.182412e+08
6.384204e+08
6.675613e+08
7.089834e+08
0
0
0
5.735589e+08
5.851015e+08
6.023416e+08
6.268517e+08
6.608647e+08
0
0
0
0
5.442491e+08
5.543285e+08
5.693198e+08
5.904465e+08
6.192689e+08
0
0
0
0
0
5.161665e+08
5.250709e+08
5.382748e+08
5.567424e+08
5.816727e+08
0
0
0
0
0
0
4.899457e+08
4.9793e+08
5.097238e+08
5.261243e+08
5.480777e+08
0
0
0
0
0
0
0
4.661881e+08
4.734604e+08
4.841545e+08
4.989439e+08
5.186147e+08
0
0
0
0
0
0
0
0
4.450159e+08
4.517348e+08
4.615654e+08
4.7509e+08
4.929776e+08
0
0
0
0
0
0
0
0
0
4.262893e+08
4.325735e+08
4.417182e+08
4.54237e+08
4.707122e+08
0
0
0
0
0
0
0
0
0
0
1.023417e+09
9.252093e+08
1.009657e+09
8.440745e+08
8.971291e+08
9.988666e+08
7.783965e+08
8.138588e+08
8.747328e+08
9.921221e+08
7.241811e+08
7.498473e+08
7.911096e+08
8.600527e+08
9.920735e+08
6.784217e+08
6.983028e+08
7.289876e+08
7.764671e+08
8.536452e+08
0
6.391426e+08
6.552297e+08
6.796574e+08
7.157423e+08
7.696886e+08
0
0
6.047672e+08
6.182758e+08
6.385446e+08
6.678365e+08
7.095424e+08
0
0
0
5.740626e+08
5.856914e+08
6.030558e+08
6.277545e+08
6.620758e+08
0
0
0
0
5.458947e+08
5.561025e+08
5.712773e+08
5.926709e+08
6.2189e+08
0
0
0
0
0
5.192098e+08
5.282799e+08
5.41723e+08
5.605323e+08
5.859519e+08
0
0
0
0
0
0
4.934306e+08
5.015647e+08
5.135749e+08
5.302814e+08
5.526617e+08
0
0
0
0
0
0
0
4.691879e+08
4.76569e+08
4.874207e+08
5.024314e+08
5.22407e+08
0
0
0
0
0
0
0
0
4.470942e+08
4.5388e+08
4.638076e+08
4.774679e+08
4.955405e+08
0
0
0
0
0
0
0
0
0
4.273134e+08
4.33628e+08
4.428169e+08
4.55397e+08
4.719552e+08
0
0
0
0
0
0
0
0
0
0
4.097523e+08
4.15691e+08
4.242844e+08
4.359921e+08
4.513313e+08
0
0
0
0
0
0
0
0
0
0
9.912085e+08
9.079819e+08
9.774646e+08
8.369967e+08
8.863328e+08
9.758801e+08
7.762699e+08
8.106813e+08
8.690597e+08
9.780437e+08
7.238396e+08
7.492095e+08
7.898634e+08
8.572772e+08
9.840909e+08
6.78496e+08
6.983076e+08
7.288643e+08
7.760646e+08
8.525052e+08
0
6.391426e+08
6.552297e+08
6.796574e+08
7.157423e+08
7.696886e+08
0
0
6.046333e+08
6.181656e+08
6.384703e+08
6.678246e+08
7.096539e+08
0
0
0
5.739927e+08
5.85661e+08
6.030816e+08
6.278675e+08
6.623388e+08
0
0
0
0
5.463017e+08
5.56572e+08
5.718339e+08
5.933548e+08
6.227681e+08
0
0
0
0
0
5.206681e+08
5.298372e+08
5.434204e+08
5.624289e+08
5.88136e+08
0
0
0
0
0
0
4.961945e+08
5.044619e+08
5.166642e+08
5.336426e+08
5.564048e+08
0
0
0
0
0
0
0
4.723927e+08
4.798979e+08
4.909297e+08
5.061933e+08
5.265184e+08
0
0
0
0
0
0
0
0
4.498745e+08
4.567524e+08
4.668141e+08
4.806621e+08
4.989912e+08
0
0
0
0
0
0
0
0
0
4.292498e+08
4.356219e+08
4.448947e+08
4.575918e+08
4.743087e+08
0
0
0
0
0
0
0
0
0
0
4.107098e+08
4.16675e+08
4.253071e+08
4.370685e+08
4.524798e+08
0
0
0
0
0
0
0
0
0
0
3.94196e+08
3.998324e+08
4.07941e+08
4.189369e+08
4.332826e+08
0
0
0
0
0
0
0
0
0
0
9.664715e+08
8.902837e+08
9.476002e+08
8.255436e+08
8.702829e+08
9.453079e+08
7.712725e+08
8.040758e+08
8.588156e+08
9.556722e+08
7.22379e+08
7.472261e+08
7.868518e+08
8.517809e+08
9.700249e+08
6.78342e+08
6.97994e+08
7.282641e+08
7.748623e+08
8.497538e+08
0
6.392553e+08
6.553034e+08
6.796659e+08
7.15626e+08
7.692926e+08
0
0
6.046333e+08
6.181656e+08
6.384703e+08
6.678246e+08
7.096539e+08
0
0
0
5.738475e+08
5.855307e+08
6.029723e+08
6.277915e+08
6.623234e+08
0
0
0
0
5.462017e+08
5.564992e+08
5.717978e+08
5.933726e+08
6.228715e+08
0
0
0
0
0
5.210005e+08
5.302159e+08
5.438627e+08
5.629609e+08
5.887994e+08
0
0
0
0
0
0
4.974984e+08
5.058437e+08
5.181555e+08
5.352881e+08
5.58267e+08
0
0
0
0
0
0
0
4.749189e+08
4.82533e+08
4.93722e+08
5.092068e+08
5.29839e+08
0
0
0
0
0
0
0
0
4.528359e+08
4.59818e+08
4.700315e+08
4.840924e+08
5.027131e+08
0
0
0
0
0
0
0
0
0
4.318368e+08
4.382877e+08
4.476758e+08
4.605342e+08
4.774703e+08
0
0
0
0
0
0
0
0
0
0
4.1252e+08
4.185351e+08
4.272402e+08
4.391037e+08
4.54653e+08
0
0
0
0
0
0
0
0
0
0
3.950938e+08
4.007535e+08
4.088962e+08
4.199394e+08
4.343486e+08
0
0
0
0
0
0
0
0
0
0
3.795276e+08
3.848958e+08
3.92574e+08
4.029381e+08
4.164059e+08
0
0
0
0
0
0
0
0
0
0
9.500692e+08
8.756583e+08
9.246378e+08
8.130745e+08
8.537786e+08
9.169558e+08
7.626666e+08
7.933585e+08
8.435472e+08
9.258727e+08
7.185534e+08
7.425477e+08
7.805741e+08
8.418455e+08
9.47688e+08
6.772768e+08
6.966304e+08
7.263847e+08
7.719526e+08
8.443137e+08
0
6.392112e+08
6.551656e+08
6.793742e+08
7.150514e+08
7.681104e+08
0
0
6.047672e+08
6.182758e+08
6.385446e+08
6.678365e+08
7.095424e+08
0
0
0
5.738475e+08
5.855307e+08
6.029723e+08
6.277915e+08
6.623234e+08
0
0
0
0
5.460506e+08
5.563579e+08
5.716692e+08
5.932628e+08
6.227929e+08
0
0
0
0
0
5.208801e+08
5.301146e+08
5.437862e+08
5.62919e+08
5.888096e+08
0
0
0
0
0
0
4.977723e+08
5.061526e+08
5.185117e+08
5.357099e+08
5.587818e+08
0
0
0
0
0
0
0
4.760942e+08
4.837701e+08
4.950466e+08
5.106534e+08
5.314548e+08
0
0
0
0
0
0
0
0
4.55158e+08
4.622299e+08
4.725739e+08
4.868182e+08
5.056911e+08
0
0
0
0
0
0
0
0
0
4.345849e+08
4.411244e+08
4.506419e+08
4.636817e+08
4.808653e+08
0
0
0
0
0
0
0
0
0
0
4.149354e+08
4.210187e+08
4.298239e+08
4.418274e+08
4.575663e+08
0
0
0
0
0
0
0
0
0
0
3.967911e+08
4.024945e+08
4.107014e+08
4.218342e+08
4.363644e+08
0
0
0
0
0
0
0
0
0
0
3.803716e+08
3.857605e+08
3.934689e+08
4.03875e+08
4.173991e+08
0
0
0
0
0
0
0
0
0
0
3.656668e+08
3.70795e+08
3.780869e+08
3.878859e+08
4.0057e+08
0
0
0
0
0
0
0
0
0
0
9.419488e+08
8.654879e+08
9.09398e+08
8.02389e+08
8.40129e+08
8.951589e+08
7.529378e+08
7.816794e+08
8.278442e+08
8.982931e+08
7.116572e+08
7.344682e+08
7.70359e+08
8.270024e+08
9.179236e+08
6.742028e+08
6.930404e+08
7.219328e+08
7.658724e+08
8.344763e+08
0
6.384015e+08
6.541709e+08
6.78083e+08
7.132403e+08
7.652479e+08
0
0
6.047921e+08
6.182412e+08
6.384204e+08
6.675613e+08
7.089834e+08
0
0
0
5.739927e+08
5.85661e+08
6.030816e+08
6.278675e+08
6.623388e+08
0
0
0
0
5.460506e+08
5.563579e+08
5.716692e+08
5.932628e+08
6.227929e+08
0
0
0
0
0
5.207268e+08
5.299677e+08
5.43647e+08
5.627905e+08
5.886978e+08
0
0
0
0
0
0
4.976382e+08
5.06032e+08
5.18408e+08
5.35629e+08
5.587337e+08
0
0
0
0
0
0
0
4.763217e+08
4.840239e+08
4.953365e+08
5.109924e+08
5.31862e+08
0
0
0
0
0
0
0
0
4.562247e+08
4.633463e+08
4.737609e+08
4.881038e+08
5.071119e+08
0
0
0
0
0
0
0
0
0
4.367298e+08
4.433443e+08
4.529713e+08
4.661652e+08
4.835599e+08
0
0
0
0
0
0
0
0
0
0
4.174953e+08
4.236545e+08
4.325711e+08
4.447309e+08
4.606824e+08
0
0
0
0
0
0
0
0
0
0
3.990534e+08
4.048163e+08
4.131107e+08
4.243661e+08
4.39062e+08
0
0
0
0
0
0
0
0
0
0
3.819672e+08
3.873948e+08
3.9516e+08
4.056455e+08
4.192763e+08
0
0
0
0
0
0
0
0
0
0
3.66462e+08
3.716087e+08
3.789277e+08
3.887642e+08
4.014985e+08
0
0
0
0
0
0
0
0
0
0
3.525446e+08
3.574554e+08
3.643984e+08
3.736871e+08
3.856669e+08
0
0
0
0
0
0
0
0
0
0
8.603147e+08
9.018482e+08
7.947937e+08
8.306309e+08
8.806903e+08
7.444101e+08
7.716635e+08
8.148558e+08
8.771191e+08
7.036523e+08
7.253245e+08
7.592216e+08
8.117485e+08
8.904737e+08
6.684604e+08
6.865487e+08
7.142187e+08
7.559477e+08
8.197499e+08
0
6.358479e+08
6.512803e+08
6.746628e+08
7.089309e+08
7.592524e+08
0
0
6.041597e+08
6.174854e+08
6.374795e+08
6.663199e+08
7.072101e+08
0
0
0
5.740626e+08
5.856914e+08
6.030558e+08
6.277545e+08
6.620758e+08
0
0
0
0
5.462017e+08
5.564992e+08
5.717978e+08
5.933726e+08
6.228715e+08
0
0
0
0
0
5.207268e+08
5.299677e+08
5.43647e+08
5.627905e+08
5.886978e+08
0
0
0
0
0
0
4.97485e+08
5.058828e+08
5.182635e+08
5.354904e+08
5.586037e+08
0
0
0
0
0
0
0
4.76179e+08
4.838904e+08
4.952144e+08
5.108854e+08
5.317761e+08
0
0
0
0
0
0
0
0
4.56415e+08
4.635567e+08
4.739986e+08
4.883789e+08
5.074383e+08
0
0
0
0
0
0
0
0
0
4.377039e+08
4.443587e+08
4.540435e+08
4.673179e+08
4.848228e+08
0
0
0
0
0
0
0
0
0
0
4.19485e+08
4.257075e+08
4.347172e+08
4.47008e+08
4.631383e+08
0
0
0
0
0
0
0
0
0
0
0
4.014459e+08
4.072745e+08
4.156659e+08
4.270572e+08
4.419375e+08
0
0
0
0
0
0
0
0
0
0
3.840919e+08
3.895718e+08
3.974144e+08
4.08008e+08
4.217847e+08
0
0
0
0
0
0
0
0
0
0
3.679655e+08
3.731467e+08
3.805165e+08
3.904237e+08
4.03253e+08
0
0
0
0
0
0
0
0
0
0
3.532953e+08
3.582229e+08
3.651902e+08
3.745128e+08
3.865376e+08
0
0
0
0
0
0
0
0
0
0
3.40101e+08
3.448129e+08
3.514377e+08
3.602633e+08
3.71605e+08
0
0
0
0
0
0
0
0
0
0
7.908824e+08
8.257974e+08
8.735211e+08
7.382687e+08
7.645402e+08
8.058157e+08
8.630729e+08
6.965263e+08
7.173038e+08
7.496676e+08
7.991387e+08
8.694523e+08
6.616613e+08
6.790038e+08
7.054815e+08
7.451278e+08
8.046387e+08
0
6.309379e+08
6.458622e+08
6.684549e+08
7.014353e+08
7.494338e+08
0
0
6.019891e+08
6.150798e+08
6.347226e+08
6.630095e+08
7.029703e+08
0
0
0
5.735589e+08
5.851015e+08
6.023416e+08
6.268517e+08
6.608647e+08
0
0
0
0
5.463017e+08
5.56572e+08
5.718339e+08
5.933548e+08
6.227681e+08
0
0
0
0
0
5.208801e+08
5.301146e+08
5.437862e+08
5.62919e+08
5.888096e+08
0
0
0
0
0
0
4.97485e+08
5.058828e+08
5.182635e+08
5.354904e+08
5.586037e+08
0
0
0
0
0
0
0
4.760274e+08
4.837413e+08
4.950677e+08
5.107416e+08
5.316363e+08
0
0
0
0
0
0
0
0
4.562672e+08
4.63415e+08
4.738643e+08
4.882544e+08
5.073271e+08
0
0
0
0
0
0
0
0
0
4.378642e+08
4.445342e+08
4.542398e+08
4.675428e+08
4.85087e+08
0
0
0
0
0
0
0
0
0
0
4.203794e+08
4.266349e+08
4.356923e+08
4.480497e+08
4.642709e+08
0
0
0
0
0
0
0
0
0
0
0
4.032987e+08
4.091812e+08
4.176525e+08
4.291564e+08
4.4419e+08
0
0
0
0
0
0
0
0
0
0
0
0
3.863345e+08
3.918719e+08
3.997995e+08
4.105125e+08
4.244507e+08
0
0
0
0
0
0
0
0
0
0
3.699659e+08
3.751936e+08
3.826322e+08
3.926355e+08
4.055944e+08
0
0
0
0
0
0
0
0
0
0
3.547153e+08
3.596737e+08
3.666866e+08
3.760727e+08
3.881826e+08
0
0
0
0
0
0
0
0
0
0
3.408112e+08
3.455382e+08
3.521852e+08
3.610413e+08
3.724236e+08
0
0
0
0
0
0
0
0
0
0
3.282811e+08
3.328118e+08
3.391444e+08
3.475463e+08
3.58307e+08
0
0
0
0
0
0
0
0
0
0
7.350826e+08
7.608703e+08
8.012142e+08
8.56115e+08
6.913492e+08
7.115242e+08
7.42871e+08
7.903641e+08
8.555264e+08
6.555391e+08
6.722821e+08
6.978142e+08
7.358481e+08
7.92162e+08
0
6.250332e+08
6.39438e+08
6.612323e+08
6.929421e+08
7.38735e+08
0
0
5.977122e+08
6.104375e+08
6.295336e+08
6.569747e+08
6.955644e+08
0
0
0
5.716815e+08
5.830535e+08
6.000448e+08
6.241828e+08
6.576117e+08
0
0
0
0
5.458947e+08
5.561025e+08
5.712773e+08
5.926709e+08
6.2189e+08
0
0
0
0
0
5.210005e+08
5.302159e+08
5.438627e+08
5.629609e+08
5.887994e+08
0
0
0
0
0
0
4.976382e+08
5.06032e+08
5.18408e+08
5.35629e+08
5.587337e+08
0
0
0
0
0
0
0
4.760274e+08
4.837413e+08
4.950677e+08
5.107416e+08
5.316363e+08
0
0
0
0
0
0
0
0
4.561183e+08
4.632673e+08
4.737176e+08
4.881085e+08
5.071824e+08
0
0
0
0
0
0
0
0
0
4.377138e+08
4.443877e+08
4.540979e+08
4.674067e+08
4.849589e+08
0
0
0
0
0
0
0
0
0
0
4.205152e+08
4.267823e+08
4.358556e+08
4.48235e+08
4.644863e+08
0
0
0
0
0
0
0
0
0
0
0
4.041237e+08
4.100337e+08
4.185447e+08
4.301043e+08
4.452139e+08
0
0
0
0
0
0
0
0
0
0
0
0
3.880656e+08
3.936495e+08
4.016463e+08
4.124569e+08
4.265279e+08
0
0
0
0
0
0
0
0
0
0
0
0
0
3.720739e+08
3.773519e+08
3.848659e+08
3.949747e+08
4.080762e+08
0
0
0
0
0
0
0
0
0
0
3.566031e+08
3.616028e+08
3.686774e+08
3.781497e+08
3.903752e+08
0
0
0
0
0
0
0
0
0
0
3.421548e+08
3.469097e+08
3.535978e+08
3.625113e+08
3.739704e+08
0
0
0
0
0
0
0
0
0
0
3.289539e+08
3.334985e+08
3.398513e+08
3.48281e+08
3.590786e+08
0
0
0
0
0
0
0
0
0
0
3.170389e+08
3.214007e+08
3.274656e+08
3.354777e+08
3.45706e+08
0
0
0
0
0
0
0
0
0
0
6.886502e+08
7.085247e+08
7.393685e+08
7.858981e+08
8.486329e+08
6.51063e+08
6.67396e+08
6.922876e+08
7.292468e+08
7.834854e+08
0
6.196692e+08
6.336485e+08
6.547943e+08
6.854888e+08
7.29565e+08
0
0
5.925029e+08
6.04846e+08
6.233734e+08
6.499484e+08
6.871718e+08
0
0
0
5.679025e+08
5.790019e+08
5.955925e+08
6.191356e+08
6.516524e+08
0
0
0
0
5.442491e+08
5.543285e+08
5.693198e+08
5.904465e+08
6.192689e+08
0
0
0
0
0
5.206681e+08
5.298372e+08
5.434204e+08
5.624289e+08
5.88136e+08
0
0
0
0
0
0
4.977723e+08
5.061526e+08
5.185117e+08
5.357099e+08
5.587818e+08
0
0
0
0
0
0
0
4.76179e+08
4.838904e+08
4.952144e+08
5.108854e+08
5.317761e+08
0
0
0
0
0
0
0
0
4.561183e+08
4.632673e+08
4.737176e+08
4.881085e+08
5.071824e+08
0
0
0
0
0
0
0
0
0
4.375684e+08
4.442426e+08
4.539526e+08
4.672609e+08
4.848124e+08
0
0
0
0
0
0
0
0
0
0
4.203641e+08
4.266333e+08
4.357091e+08
4.480915e+08
4.643471e+08
0
0
0
0
0
0
0
0
0
0
0
4.042392e+08
4.10158e+08
4.186813e+08
4.302579e+08
4.453908e+08
0
0
0
0
0
0
0
0
0
0
0
0
3.888302e+08
3.944366e+08
4.024671e+08
4.133248e+08
4.274599e+08
0
0
0
0
0
0
0
0
0
0
0
0
0
3.736965e+08
3.790146e+08
3.86589e+08
3.967834e+08
4.100009e+08
0
0
0
0
0
0
0
0
0
0
0
0
0
0
3.585895e+08
3.636336e+08
3.707752e+08
3.803415e+08
3.926939e+08
0
0
0
0
0
0
0
0
0
0
3.4394e+08
3.487321e+08
3.554756e+08
3.644667e+08
3.760299e+08
0
0
0
0
0
0
0
0
0
0
3.302276e+08
3.347975e+08
3.411877e+08
3.496695e+08
3.605366e+08
0
0
0
0
0
0
0
0
0
0
3.176777e+08
3.22052e+08
3.281353e+08
3.361729e+08
3.464349e+08
0
0
0
0
0
0
0
0
0
0
3.063342e+08
3.10537e+08
3.163526e+08
3.240066e+08
3.337445e+08
0
0
0
0
0
0
0
0
0
0
6.487212e+08
6.648476e+08
6.894186e+08
7.258449e+08
7.790707e+08
0
6.157284e+08
6.294133e+08
6.50113e+08
6.801162e+08
7.230438e+08
0
0
5.877366e+08
5.99762e+08
6.178187e+08
6.436844e+08
6.798092e+08
0
0
0
5.632505e+08
5.74059e+08
5.902226e+08
6.131377e+08
6.447102e+08
0
0
0
0
5.408732e+08
5.507423e+08
5.65429e+08
5.861129e+08
6.142854e+08
0
0
0
0
0
5.192098e+08
5.282799e+08
5.41723e+08
5.605323e+08
5.859519e+08
0
0
0
0
0
0
4.974984e+08
5.058437e+08
5.181555e+08
5.352881e+08
5.58267e+08
0
0
0
0
0
0
0
4.763217e+08
4.840239e+08
4.953365e+08
5.109924e+08
5.31862e+08
0
0
0
0
0
0
0
0
4.562672e+08
4.63415e+08
4.738643e+08
4.882544e+08
5.073271e+08
0
0
0
0
0
0
0
0
0
4.375684e+08
4.442426e+08
4.539526e+08
4.672609e+08
4.848124e+08
0
0
0
0
0
0
0
0
0
0
4.202225e+08
4.264915e+08
4.355664e+08
4.479473e+08
4.642008e+08
0
0
0
0
0
0
0
0
0
0
0
4.040887e+08
4.100085e+08
4.185327e+08
4.301103e+08
4.452447e+08
0
0
0
0
0
0
0
0
0
0
0
0
3.889292e+08
3.94542e+08
4.025819e+08
4.134527e+08
4.27606e+08
0
0
0
0
0
0
0
0
0
0
0
0
0
3.744081e+08
3.797448e+08
3.873475e+08
3.975822e+08
4.108544e+08
0
0
0
0
0
0
0
0
0
0
0
0
0
0
3.601149e+08
3.651938e+08
3.723883e+08
3.820301e+08
3.944847e+08
0
0
0
0
0
0
0
0
0
0
0
0
0
0
0
3.458158e+08
3.506477e+08
3.574509e+08
3.665263e+08
3.782031e+08
0
0
0
0
0
0
0
0
0
0
3.31919e+08
3.365224e+08
3.429628e+08
3.515147e+08
3.62476e+08
0
0
0
0
0
0
0
0
0
0
3.188877e+08
3.232844e+08
3.29402e+08
3.37487e+08
3.478123e+08
0
0
0
0
0
0
0
0
0
0
3.069418e+08
3.111559e+08
3.169881e+08
3.246655e+08
3.344343e+08
0
0
0
0
0
0
0
0
0
0
2.961339e+08
3.001833e+08
3.057651e+08
3.130859e+08
3.223725e+08
0
0
0
0
0
0
0
0
0
0
6.136613e+08
6.271967e+08
6.476708e+08
6.773268e+08
7.196838e+08
0
0
5.842214e+08
5.960249e+08
6.137539e+08
6.39129e+08
6.745028e+08
0
0
0
5.589686e+08
5.695323e+08
5.85337e+08
6.077281e+08
6.385221e+08
0
0
0
0
5.366792e+08
5.4632e+08
5.606751e+08
5.8088e+08
6.083587e+08
0
0
0
0
0
5.161665e+08
5.250709e+08
5.382748e+08
5.567424e+08
5.816727e+08
0
0
0
0
0
0
4.961945e+08
5.044619e+08
5.166642e+08
5.336426e+08
5.564048e+08
0
0
0
0
0
0
0
4.760942e+08
4.837701e+08
4.950466e+08
5.106534e+08
5.314548e+08
0
0
0
0
0
0
0
0
4.56415e+08
4.635567e+08
4.739986e+08
4.883789e+08
5.074383e+08
0
0
0
0
0
0
0
0
0
4.377138e+08
4.443877e+08
4.540979e+08
4.674067e+08
4.849589e+08
0
0
0
0
0
0
0
0
0
0
4.202225e+08
4.264915e+08
4.355664e+08
4.479473e+08
4.642008e+08
0
0
0
0
0
0
0
0
0
0
0
4.039513e+08
4.098703e+08
4.18393e+08
4.299684e+08
4.451e+08
0
0
0
0
0
0
0
0
0
0
0
0
3.887805e+08
3.943931e+08
4.024328e+08
4.133032e+08
4.274561e+08
0
0
0
0
0
0
0
0
0
0
0
0
0
3.744936e+08
3.798348e+08
3.874444e+08
3.976894e+08
4.109757e+08
0
0
0
0
0
0
0
0
0
0
0
0
0
0
3.607795e+08
3.65874e+08
3.730925e+08
3.827687e+08
3.952706e+08
0
0
0
0
0
0
0
0
0
0
0
0
0
0
0
3.472533e+08
3.521158e+08
3.589658e+08
3.681079e+08
3.798755e+08
0
0
0
0
0
0
0
0
0
0
0
0
0
0
0
0
3.336944e+08
3.383331e+08
3.448275e+08
3.534551e+08
3.645187e+08
0
0
0
0
0
0
0
0
0
0
3.204937e+08
3.249202e+08
3.310834e+08
3.392323e+08
3.496429e+08
0
0
0
0
0
0
0
0
0
0
3.080932e+08
3.123277e+08
3.181907e+08
3.259117e+08
3.357383e+08
0
0
0
0
0
0
0
0
0
0
2.967126e+08
3.007723e+08
3.063694e+08
3.137114e+08
3.230264e+08
0
0
0
0
0
0
0
0
0
0
2.864027e+08
2.903088e+08
2.956676e+08
3.026766e+08
3.115435e+08
0
0
0
0
0
0
0
0
0
0
5.823737e+08
5.940638e+08
6.116259e+08
6.367523e+08
6.717481e+08
0
0
0
5.558005e+08
5.661919e+08
5.817445e+08
6.037688e+08
6.340224e+08
0
0
0
0
5.327991e+08
5.422456e+08
5.563186e+08
5.761176e+08
6.030134e+08
0
0
0
0
0
5.123557e+08
5.210772e+08
5.340159e+08
5.521059e+08
5.765006e+08
0
0
0
0
0
0
4.934306e+08
5.015647e+08
5.135749e+08
5.302814e+08
5.526617e+08
0
0
0
0
0
0
0
4.749189e+08
4.82533e+08
4.93722e+08
5.092068e+08
5.29839e+08
0
0
0
0
0
0
0
0
4.562247e+08
4.633463e+08
4.737609e+08
4.881038e+08
5.071119e+08
0
0
0
0
0
0
0
0
0
4.378642e+08
4.445342e+08
4.542398e+08
4.675428e+08
4.85087e+08
0
0
0
0
0
0
0
0
0
0
4.203641e+08
4.266333e+08
4.357091e+08
4.480915e+08
4.643471e+08
0
0
0
0
0
0
0
0
0
0
0
4.039513e+08
4.098703e+08
4.18393e+08
4.299684e+08
4.451e+08
0
0
0
0
0
0
0
0
0
0
0
0
3.886475e+08
3.942589e+08
4.022967e+08
4.131645e+08
4.273139e+08
0
0
0
0
0
0
0
0
0
0
0
0
0
3.743475e+08
3.796878e+08
3.87296e+08
3.975396e+08
4.108241e+08
0
0
0
0
0
0
0
0
0
0
0
0
0
0
3.608537e+08
3.659514e+08
3.731749e+08
3.828587e+08
3.953717e+08
0
0
0
0
0
0
0
0
0
0
0
0
0
0
0
3.478761e+08
3.527518e+08
3.596223e+08
3.68794e+08
3.806024e+08
0
0
0
0
0
0
0
0
0
0
0
0
0
0
0
0
3.350527e+08
3.39718e+08
3.462541e+08
3.549412e+08
3.660856e+08
0
0
0
0
0
0
0
0
0
0
0
0
0
0
0
0
0
3.221778e+08
3.266355e+08
3.328472e+08
3.410649e+08
3.515678e+08
0
0
0
0
0
0
0
0
0
0
3.096209e+08
3.138823e+08
3.197864e+08
3.275655e+08
3.374702e+08
0
0
0
0
0
0
0
0
0
0
2.9781e+08
3.018883e+08
3.075135e+08
3.14895e+08
3.242632e+08
0
0
0
0
0
0
0
0
0
0
2.869546e+08
2.908702e+08
2.962431e+08
3.032717e+08
3.121645e+08
0
0
0
0
0
0
0
0
0
0
2.771118e+08
2.808804e+08
2.860311e+08
2.927446e+08
3.012194e+08
0
0
0
0
0
0
0
0
0
0
5.541326e+08
5.644354e+08
5.798587e+08
6.016957e+08
6.316747e+08
0
0
0
0
5.299206e+08
5.392294e+08
5.531026e+08
5.726151e+08
5.991014e+08
0
0
0
0
0
5.088146e+08
5.173787e+08
5.300894e+08
5.478555e+08
5.717935e+08
0
0
0
0
0
0
4.899457e+08
4.9793e+08
5.097238e+08
5.261243e+08
5.480777e+08
0
0
0
0
0
0
0
4.723927e+08
4.798979e+08
4.909297e+08
5.061933e+08
5.265184e+08
0
0
0
0
0
0
0
0
4.55158e+08
4.622299e+08
4.725739e+08
4.868182e+08
5.056911e+08
0
0
0
0
0
0
0
0
0
4.377039e+08
4.443587e+08
4.540435e+08
4.673179e+08
4.848228e+08
0
0
0
0
0
0
0
0
0
0
4.205152e+08
4.267823e+08
4.358556e+08
4.48235e+08
4.644863e+08
0
0
0
0
0
0
0
0
0
0
0
4.040887e+08
4.100085e+08
4.185327e+08
4.301103e+08
4.452447e+08
0
0
0
0
0
0
0
0
0
0
0
0
3.886475e+08
3.942589e+08
4.022967e+08
4.131645e+08
4.273139e+08
0
0
0
0
0
0
0
0
0
0
0
0
0
3.74219e+08
3.795577e+08
3.871638e+08
3.974044e+08
4.106852e+08
0
0
0
0
0
0
0
0
0
0
0
0
0
0
3.607107e+08
3.65807e+08
3.730284e+08
3.827097e+08
3.952201e+08
0
0
0
0
0
0
0
0
0
0
0
0
0
0
0
3.47941e+08
3.528187e+08
3.596928e+08
3.688701e+08
3.806869e+08
0
0
0
0
0
0
0
0
0
0
0
0
0
0
0
0
3.356385e+08
3.403145e+08
3.468683e+08
3.555812e+08
3.667609e+08
0
0
0
0
0
0
0
0
0
0
0
0
0
0
0
0
0
3.234646e+08
3.279453e+08
3.341939e+08
3.424651e+08
3.530405e+08
0
0
0
0
0
0
0
0
0
0
0
0
0
0
0
0
0
0
3.112215e+08
3.155108e+08
3.214584e+08
3.292998e+08
3.392886e+08
0
0
0
0
0
0
0
0
0
0
2.992655e+08
3.033683e+08
3.090309e+08
3.164653e+08
3.259047e+08
0
0
0
0
0
0
0
0
0
0
2.88002e+08
2.919347e+08
2.973335e+08
3.043982e+08
3.133395e+08
0
0
0
0
0
0
0
0
0
0
2.776389e+08
2.814163e+08
2.8658e+08
2.933116e+08
3.018103e+08
0
0
0
0
0
0
0
0
0
0
2.682336e+08
2.718714e+08
2.768242e+08
2.83262e+08
2.913666e+08
0
0
0
0
0
0
0
0
0
0
5.284032e+08
5.376409e+08
5.514111e+08
5.707763e+08
5.970531e+08
0
0
0
0
0
5.061815e+08
5.146335e+08
5.271815e+08
5.447173e+08
5.683316e+08
0
0
0
0
0
0
4.866947e+08
4.945491e+08
5.06155e+08
5.222902e+08
5.438752e+08
0
0
0
0
0
0
0
4.691879e+08
4.76569e+08
4.874207e+08
5.024314e+08
5.22407e+08
0
0
0
0
0
0
0
0
4.528359e+08
4.59818e+08
4.700315e+08
4.840924e+08
5.027131e+08
0
0
0
0
0
0
0
0
0
4.367298e+08
4.433443e+08
4.529713e+08
4.661652e+08
4.835599e+08
0
0
0
0
0
0
0
0
0
0
4.203794e+08
4.266349e+08
4.356923e+08
4.480497e+08
4.642709e+08
0
0
0
0
0
0
0
0
0
0
0
4.042392e+08
4.10158e+08
4.186813e+08
4.302579e+08
4.453908e+08
0
0
0
0
0
0
0
0
0
0
0
0
3.887805e+08
3.943931e+08
4.024328e+08
4.133032e+08
4.274561e+08
0
0
0
0
0
0
0
0
0
0
0
0
0
3.74219e+08
3.795577e+08
3.871638e+08
3.974044e+08
4.106852e+08
0
0
0
0
0
0
0
0
0
0
0
0
0
0
3.605866e+08
3.656812e+08
3.729001e+08
3.825783e+08
3.950847e+08
0
0
0
0
0
0
0
0
0
0
0
0
0
0
0
3.478015e+08
3.526772e+08
3.595489e+08
3.687231e+08
3.805363e+08
0
0
0
0
0
0
0
0
0
0
0
0
0
0
0
0
3.35696e+08
3.403727e+08
3.46929e+08
3.55646e+08
3.668321e+08
0
0
0
0
0
0
0
0
0
0
0
0
0
0
0
0
0
3.240176e+08
3.28507e+08
3.347705e+08
3.430642e+08
3.536707e+08
0
0
0
0
0
0
0
0
0
0
0
0
0
0
0
0
0
0
3.124432e+08
3.167528e+08
3.22733e+08
3.306223e+08
3.406765e+08
0
0
0
0
0
0
0
0
0
0
0
0
0
0
0
0
0
0
0
3.007894e+08
3.049175e+08
3.106195e+08
3.181101e+08
3.27626e+08
0
0
0
0
0
0
0
0
0
0
2.893909e+08
2.933459e+08
2.98779e+08
3.058921e+08
3.148983e+08
0
0
0
0
0
0
0
0
0
0
2.786401e+08
2.824331e+08
2.876207e+08
2.943856e+08
3.029288e+08
0
0
0
0
0
0
0
0
0
0
2.687378e+08
2.723836e+08
2.773485e+08
2.83803e+08
2.919296e+08
0
0
0
0
0
0
0
0
0
0
2.597512e+08
2.632559e+08
2.680214e+08
2.741984e+08
2.819576e+08
0
0
0
0
0
0
0
0
0
0
5.047921e+08
5.131857e+08
5.256496e+08
5.430665e+08
5.665142e+08
0
0
0
0
0
0
4.842724e+08
4.920338e+08
5.03505e+08
5.194503e+08
5.407723e+08
0
0
0
0
0
0
0
4.661881e+08
4.734604e+08
4.841545e+08
4.989439e+08
5.186147e+08
0
0
0
0
0
0
0
0
4.498745e+08
4.567524e+08
4.668141e+08
4.806621e+08
4.989912e+08
0
0
0
0
0
0
0
0
0
4.345849e+08
4.411244e+08
4.506419e+08
4.636817e+08
4.808653e+08
0
0
0
0
0
0
0
0
0
0
4.19485e+08
4.257075e+08
4.347172e+08
4.47008e+08
4.631383e+08
0
0
0
0
0
0
0
0
0
0
0
4.041237e+08
4.100337e+08
4.185447e+08
4.301043e+08
4.452139e+08
0
0
0
0
0
0
0
0
0
0
0
0
3.889292e+08
3.94542e+08
4.025819e+08
4.134527e+08
4.27606e+08
0
0
0
0
0
0
0
0
0
0
0
0
0
3.743475e+08
3.796878e+08
3.87296e+08
3.975396e+08
4.108241e+08
0
0
0
0
0
0
0
0
0
0
0
0
0
0
3.605866e+08
3.656812e+08
3.729001e+08
3.825783e+08
3.950847e+08
0
0
0
0
0
0
0
0
0
0
0
0
0
0
0
3.476818e+08
3.525557e+08
3.594249e+08
3.685957e+08
3.804048e+08
0
0
0
0
0
0
0
0
0
0
0
0
0
0
0
0
3.355605e+08
3.402347e+08
3.467882e+08
3.555018e+08
3.666837e+08
0
0
0
0
0
0
0
0
0
0
0
0
0
0
0
0
0
3.240691e+08
3.285583e+08
3.348229e+08
3.431196e+08
3.53731e+08
0
0
0
0
0
0
0
0
0
0
0
0
0
0
0
0
0
0
3.129668e+08
3.172834e+08
3.232763e+08
3.311849e+08
3.412666e+08
0
0
0
0
0
0
0
0
0
0
0
0
0
0
0
0
0
0
0
3.019516e+08
3.060976e+08
3.118289e+08
3.193623e+08
3.289372e+08
0
0
0
0
0
0
0
0
0
0
0
0
0
0
0
0
0
0
0
0
2.908441e+08
2.94822e+08
3.00291e+08
3.074555e+08
3.165311e+08
0
0
0
0
0
0
0
0
0
0
2.799674e+08
2.837807e+08
2.889998e+08
2.958093e+08
3.044122e+08
0
0
0
0
0
0
0
0
0
0
2.69696e+08
2.733562e+08
2.78343e+08
2.848284e+08
2.929963e+08
0
0
0
0
0
0
0
0
0
0
2.602339e+08
2.637461e+08
2.685227e+08
2.747152e+08
2.824949e+08
0
0
0
0
0
0
0
0
0
0
2.516416e+08
2.550184e+08
2.595983e+08
2.655291e+08
2.729625e+08
0
0
0
0
0
0
0
0
0
0
4.829932e+08
4.907061e+08
5.021071e+08
5.17954e+08
5.391401e+08
0
0
0
0
0
0
0
4.639491e+08
4.71143e+08
4.817235e+08
4.963537e+08
5.158058e+08
0
0
0
0
0
0
0
0
4.470942e+08
4.5388e+08
4.638076e+08
4.774679e+08
4.955405e+08
0
0
0
0
0
0
0
0
0
4.318368e+08
4.382877e+08
4.476758e+08
4.605342e+08
4.774703e+08
0
0
0
0
0
0
0
0
0
0
4.174953e+08
4.236545e+08
4.325711e+08
4.447309e+08
4.606824e+08
0
0
0
0
0
0
0
0
0
0
4.032987e+08
4.091812e+08
4.176525e+08
4.291564e+08
4.4419e+08
0
0
0
0
0
0
0
0
0
0
0
0
3.888302e+08
3.944366e+08
4.024671e+08
4.133248e+08
4.274599e+08
0
0
0
0
0
0
0
0
0
0
0
0
0
3.744936e+08
3.798348e+08
3.874444e+08
3.976894e+08
4.109757e+08
0
0
0
0
0
0
0
0
0
0
0
0
0
0
3.607108e+08
3.65807e+08
3.730284e+08
3.827097e+08
3.952201e+08
0
0
0
0
0
0
0
0
0
0
0
0
0
0
0
3.476818e+08
3.525557e+08
3.594249e+08
3.685957e+08
3.804048e+08
0
0
0
0
0
0
0
0
0
0
0
0
0
0
0
0
3.354452e+08
3.401174e+08
3.466682e+08
3.553785e+08
3.665561e+08
0
0
0
0
0
0
0
0
0
0
0
0
0
0
0
0
0
3.239379e+08
3.284243e+08
3.346856e+08
3.429785e+08
3.535854e+08
0
0
0
0
0
0
0
0
0
0
0
0
0
0
0
0
0
0
3.130135e+08
3.173293e+08
3.233224e+08
3.312326e+08
3.413179e+08
0
0
0
0
0
0
0
0
0
0
0
0
0
0
0
0
0
0
0
3.024487e+08
3.066006e+08
3.123426e+08
3.198927e+08
3.294916e+08
0
0
0
0
0
0
0
0
0
0
0
0
0
0
0
0
0
0
0
0
2.919517e+08
2.959457e+08
3.014411e+08
3.086442e+08
3.17773e+08
0
0
0
0
0
0
0
0
0
0
0
0
0
0
0
0
0
0
0
0
2.813554e+08
2.851894e+08
2.904415e+08
2.97298e+08
3.059644e+08
0
0
0
0
0
0
0
0
0
0
2.709663e+08
2.74645e+08
2.796608e+08
2.861873e+08
2.944102e+08
0
0
0
0
0
0
0
0
0
0
2.611524e+08
2.646777e+08
2.694746e+08
2.756956e+08
2.835135e+08
0
0
0
0
0
0
0
0
0
0
2.521044e+08
2.554881e+08
2.600783e+08
2.660234e+08
2.734759e+08
0
0
0
0
0
0
0
0
0
0
2.438944e+08
2.471374e+08
2.515401e+08
2.572305e+08
2.643571e+08
0
0
0
0
0
0
0
0
0
0
4.627658e+08
4.699187e+08
4.804399e+08
4.949872e+08
5.143258e+08
0
0
0
0
0
0
0
0
4.450159e+08
4.517348e+08
4.615654e+08
4.7509e+08
4.929776e+08
0
0
0
0
0
0
0
0
0
4.292498e+08
4.356219e+08
4.448947e+08
4.575918e+08
4.743087e+08
0
0
0
0
0
0
0
0
0
0
4.149354e+08
4.210187e+08
4.298239e+08
4.418274e+08
4.575663e+08
0
0
0
0
0
0
0
0
0
0
4.014459e+08
4.072745e+08
4.156659e+08
4.270572e+08
4.419375e+08
0
0
0
0
0
0
0
0
0
0
3.880656e+08
3.936495e+08
4.016463e+08
4.124569e+08
4.265279e+08
0
0
0
0
0
0
0
0
0
0
0
0
0
3.744081e+08
3.797448e+08
3.873475e+08
3.975822e+08
4.108544e+08
0
0
0
0
0
0
0
0
0
0
0
0
0
0
3.608537e+08
3.659514e+08
3.731749e+08
3.828587e+08
3.953717e+08
0
0
0
0
0
0
0
0
0
0
0
0
0
0
0
3.478015e+08
3.526772e+08
3.595489e+08
3.687231e+08
3.805363e+08
0
0
0
0
0
0
0
0
0
0
0
0
0
0
0
0
3.354452e+08
3.401174e+08
3.466682e+08
3.553785e+08
3.665561e+08
0
0
0
0
0
0
0
0
0
0
0
0
0
0
0
0
0
3.23827e+08
3.283112e+08
3.345698e+08
3.428593e+08
3.53462e+08
0
0
0
0
0
0
0
0
0
0
0
0
0
0
0
0
0
0
3.128868e+08
3.171995e+08
3.231889e+08
3.31095e+08
3.411755e+08
0
0
0
0
0
0
0
0
0
0
0
0
0
0
0
0
0
0
0
3.024915e+08
3.066421e+08
3.123836e+08
3.199344e+08
3.295354e+08
0
0
0
0
0
0
0
0
0
0
0
0
0
0
0
0
0
0
0
0
2.924248e+08
2.964236e+08
3.019283e+08
3.09146e+08
3.182958e+08
0
0
0
0
0
0
0
0
0
0
0
0
0
0
0
0
0
0
0
0
2.824131e+08
2.862612e+08
2.915371e+08
2.984289e+08
3.071437e+08
0
0
0
0
0
0
0
0
0
0
0
0
0
0
0
0
0
0
0
0
2.722941e+08
2.759916e+08
2.810374e+08
2.876072e+08
2.958886e+08
0
0
0
0
0
0
0
0
0
0
2.623698e+08
2.65912e+08
2.707356e+08
2.769945e+08
2.848633e+08
0
0
0
0
0
0
0
0
0
0
2.529856e+08
2.563816e+08
2.609905e+08
2.669621e+08
2.744499e+08
0
0
0
0
0
0
0
0
0
0
2.443386e+08
2.475879e+08
2.520003e+08
2.57704e+08
2.648483e+08
0
0
0
0
0
0
0
0
0
0
2.364924e+08
2.396034e+08
2.438266e+08
2.492885e+08
2.561181e+08
0
0
0
0
0
0
0
0
0
0
4.439171e+08
4.506007e+08
4.603804e+08
4.738343e+08
4.916256e+08
0
0
0
0
0
0
0
0
0
4.273134e+08
4.33628e+08
4.428169e+08
4.55397e+08
4.719552e+08
0
0
0
0
0
0
0
0
0
0
4.1252e+08
4.185351e+08
4.272402e+08
4.391037e+08
4.54653e+08
0
0
0
0
0
0
0
0
0
0
3.990534e+08
4.048163e+08
4.131107e+08
4.243661e+08
4.39062e+08
0
0
0
0
0
0
0
0
0
0
3.863345e+08
3.918719e+08
3.997995e+08
4.105125e+08
4.244507e+08
0
0
0
0
0
0
0
0
0
0
3.736965e+08
3.790146e+08
3.86589e+08
3.967834e+08
4.100009e+08
0
0
0
0
0
0
0
0
0
0
0
0
0
0
3.607795e+08
3.65874e+08
3.730925e+08
3.827687e+08
3.952706e+08
0
0
0
0
0
0
0
0
0
0
0
0
0
0
0
3.47941e+08
3.528187e+08
3.596928e+08
3.688701e+08
3.806869e+08
0
0
0
0
0
0
0
0
0
0
0
0
0
0
0
0
3.355605e+08
3.402347e+08
3.467882e+08
3.555018e+08
3.666837e+08
0
0
0
0
0
0
0
0
0
0
0
0
0
0
0
0
0
3.23827e+08
3.283112e+08
3.345698e+08
3.428593e+08
3.53462e+08
0
0
0
0
0
0
0
0
0
0
0
0
0
0
0
0
0
0
3.127801e+08
3.170906e+08
3.230773e+08
3.309798e+08
3.410562e+08
0
0
0
0
0
0
0
0
0
0
0
0
0
0
0
0
0
0
0
3.023693e+08
3.065166e+08
3.122544e+08
3.198007e+08
3.293966e+08
0
0
0
0
0
0
0
0
0
0
0
0
0
0
0
0
0
0
0
0
2.924645e+08
2.964616e+08
3.019653e+08
3.091829e+08
3.183339e+08
0
0
0
0
0
0
0
0
0
0
0
0
0
0
0
0
0
0
0
0
2.828646e+08
2.867165e+08
2.920005e+08
2.98905e+08
3.076384e+08
0
0
0
0
0
0
0
0
0
0
0
0
0
0
0
0
0
0
0
0
2.733058e+08
2.770159e+08
2.820831e+08
2.886851e+08
2.970107e+08
0
0
0
0
0
0
0
0
0
0
0
0
0
0
0
0
0
0
0
0
2.636419e+08
2.672011e+08
2.720523e+08
2.783509e+08
2.862737e+08
0
0
0
0
0
0
0
0
0
0
2.541535e+08
2.575653e+08
2.621988e+08
2.682055e+08
2.757403e+08
0
0
0
0
0
0
0
0
0
0
2.451854e+08
2.484457e+08
2.528757e+08
2.586039e+08
2.65781e+08
0
0
0
0
0
0
0
0
0
0
2.369191e+08
2.400361e+08
2.442682e+08
2.497426e+08
2.565886e+08
0
0
0
0
0
0
0
0
0
0
2.294452e+08
2.324003e+08
2.364489e+08
2.416835e+08
2.482317e+08
0
0
0
0
0
0
0
0
0
0
4.262893e+08
4.325735e+08
4.417182e+08
4.54237e+08
4.707122e+08
0
0
0
0
0
0
0
0
0
0
4.107098e+08
4.16675e+08
4.253071e+08
4.370685e+08
4.524798e+08
0
0
0
0
0
0
0
0
0
0
3.967911e+08
4.024945e+08
4.107014e+08
4.218342e+08
4.363644e+08
0
0
0
0
0
0
0
0
0
0
3.840919e+08
3.895718e+08
3.974144e+08
4.08008e+08
4.217847e+08
0
0
0
0
0
0
0
0
0
0
3.720739e+08
3.773519e+08
3.848659e+08
3.949747e+08
4.080762e+08
0
0
0
0
0
0
0
0
0
0
3.601149e+08
3.651938e+08
3.723883e+08
3.820301e+08
3.944847e+08
0
0
0
0
0
0
0
0
0
0
0
0
0
0
0
3.478761e+08
3.527518e+08
3.596223e+08
3.68794e+08
3.806024e+08
0
0
0
0
0
0
0
0
0
0
0
0
0
0
0
0
3.35696e+08
3.403727e+08
3.46929e+08
3.55646e+08
3.668321e+08
0
0
0
0
0
0
0
0
0
0
0
0
0
0
0
0
0
3.239379e+08
3.284243e+08
3.346856e+08
3.429785e+08
3.535854e+08
0
0
0
0
0
0
0
0
0
0
0
0
0
0
0
0
0
0
3.127801e+08
3.170906e+08
3.230773e+08
3.309798e+08
3.410562e+08
0
0
0
0
0
0
0
0
0
0
0
0
0
0
0
0
0
0
0
3.022669e+08
3.064119e+08
3.121468e+08
3.196897e+08
3.292814e+08
0
0
0
0
0
0
0
0
0
0
0
0
0
0
0
0
0
0
0
0
2.923468e+08
2.963406e+08
3.018403e+08
3.090535e+08
3.181992e+08
0
0
0
0
0
0
0
0
0
0
0
0
0
0
0
0
0
0
0
0
2.829019e+08
2.867516e+08
2.920343e+08
2.989382e+08
3.07672e+08
0
0
0
0
0
0
0
0
0
0
0
0
0
0
0
0
0
0
0
0
2.737376e+08
2.774507e+08
2.825248e+08
2.891382e+08
2.974802e+08
0
0
0
0
0
0
0
0
0
0
0
0
0
0
0
0
0
0
0
0
2.646112e+08
2.681816e+08
2.730522e+08
2.793801e+08
2.873434e+08
0
0
0
0
0
0
0
0
0
0
0
0
0
0
0
0
0
0
0
0
2.553736e+08
2.588012e+08
2.6346e+08
2.695033e+08
2.770879e+08
0
0
0
0
0
0
0
0
0
0
2.463077e+08
2.495821e+08
2.54035e+08
2.597957e+08
2.670164e+08
0
0
0
0
0
0
0
0
0
0
2.377334e+08
2.408609e+08
2.45109e+08
2.506064e+08
2.574829e+08
0
0
0
0
0
0
0
0
0
0
2.298558e+08
2.328162e+08
2.368733e+08
2.421194e+08
2.48683e+08
0
0
0
0
0
0
0
0
0
0
2.22741e+08
2.255383e+08
2.293918e+08
2.344072e+08
2.406787e+08
0
0
0
0
0
0
0
0
0
0
4.097523e+08
4.15691e+08
4.242844e+08
4.359921e+08
4.513313e+08
0
0
0
0
0
0
0
0
0
0
3.950938e+08
4.007535e+08
4.088962e+08
4.199394e+08
4.343486e+08
0
0
0
0
0
0
0
0
0
0
3.819672e+08
3.873948e+08
3.9516e+08
4.056455e+08
4.192763e+08
0
0
0
0
0
0
0
0
0
0
3.699659e+08
3.751936e+08
3.826322e+08
3.926355e+08
4.055944e+08
0
0
0
0
0
0
0
0
0
0
3.585895e+08
3.636336e+08
3.707752e+08
3.803415e+08
3.926939e+08
0
0
0
0
0
0
0
0
0
0
3.472533e+08
3.521158e+08
3.589658e+08
3.681079e+08
3.798755e+08
0
0
0
0
0
0
0
0
0
0
0
0
0
0
0
0
3.356385e+08
3.403145e+08
3.468684e+08
3.555812e+08
3.667609e+08
0
0
0
0
0
0
0
0
0
0
0
0
0
0
0
0
0
3.240691e+08
3.285583e+08
3.348229e+08
3.431196e+08
3.53731e+08
0
0
0
0
0
0
0
0
0
0
0
0
0
0
0
0
0
0
3.128868e+08
3.171995e+08
3.231889e+08
3.31095e+08
3.411755e+08
0
0
0
0
0
0
0
0
0
0
0
0
0
0
0
0
0
0
0
3.022669e+08
3.064119e+08
3.121468e+08
3.196897e+08
3.292814e+08
0
0
0
0
0
0
0
0
0
0
0
0
0
0
0
0
0
0
0
0
2.922483e+08
2.962399e+08
3.017369e+08
3.089466e+08
3.180881e+08
0
0
0
0
0
0
0
0
0
0
0
0
0
0
0
0
0
0
0
0
2.827887e+08
2.86635e+08
2.919137e+08
2.988131e+08
3.075416e+08
0
0
0
0
0
0
0
0
0
0
0
0
0
0
0
0
0
0
0
0
2.737731e+08
2.774838e+08
2.825561e+08
2.891685e+08
2.975104e+08
0
0
0
0
0
0
0
0
0
0
0
0
0
0
0
0
0
0
0
0
2.650253e+08
2.685979e+08
2.734744e+08
2.798122e+08
2.877903e+08
0
0
0
0
0
0
0
0
0
0
0
0
0
0
0
0
0
0
0
0
2.563034e+08
2.597413e+08
2.644177e+08
2.704878e+08
2.781095e+08
0
0
0
0
0
0
0
0
0
0
0
0
0
0
0
0
0
0
0
0
2.474799e+08
2.507682e+08
2.552448e+08
2.610392e+08
2.68306e+08
0
0
0
0
0
0
0
0
0
0
2.388125e+08
2.419536e+08
2.462226e+08
2.517503e+08
2.586673e+08
0
0
0
0
0
0
0
0
0
0
2.306402e+08
2.336099e+08
2.376821e+08
2.429494e+08
2.495416e+08
0
0
0
0
0
0
0
0
0
0
2.231362e+08
2.259388e+08
2.297999e+08
2.348262e+08
2.41112e+08
0
0
0
0
0
0
0
0
0
0
2.164371e+08
2.190064e+08
2.226657e+08
2.274447e+08
2.334509e+08
0
0
0
0
0
0
0
0
0
0
3.94196e+08
3.998324e+08
4.07941e+08
4.189369e+08
4.332826e+08
0
0
0
0
0
0
0
0
0
0
3.803716e+08
3.857605e+08
3.934689e+08
4.03875e+08
4.173991e+08
0
0
0
0
0
0
0
0
0
0
3.679655e+08
3.731467e+08
3.805165e+08
3.904237e+08
4.03253e+08
0
0
0
0
0
0
0
0
0
0
3.566032e+08
3.616028e+08
3.686774e+08
3.781497e+08
3.903752e+08
0
0
0
0
0
0
0
0
0
0
3.458158e+08
3.506477e+08
3.574509e+08
3.665263e+08
3.782031e+08
0
0
0
0
0
0
0
0
0
0
3.350527e+08
3.39718e+08
3.462541e+08
3.549412e+08
3.660856e+08
0
0
0
0
0
0
0
0
0
0
0
0
0
0
0
0
0
3.240176e+08
3.28507e+08
3.347705e+08
3.430642e+08
3.536707e+08
0
0
0
0
0
0
0
0
0
0
0
0
0
0
0
0
0
0
3.130135e+08
3.173293e+08
3.233224e+08
3.312326e+08
3.413179e+08
0
0
0
0
0
0
0
0
0
0
0
0
0
0
0
0
0
0
0
3.023693e+08
3.065166e+08
3.122544e+08
3.198007e+08
3.293966e+08
0
0
0
0
0
0
0
0
0
0
0
0
0
0
0
0
0
0
0
0
2.922483e+08
2.962399e+08
3.017369e+08
3.089466e+08
3.180881e+08
0
0
0
0
0
0
0
0
0
0
0
0
0
0
0
0
0
0
0
0
2.826942e+08
2.865383e+08
2.918143e+08
2.987102e+08
3.074346e+08
0
0
0
0
0
0
0
0
0
0
0
0
0
0
0
0
0
0
0
0
2.736644e+08
2.773717e+08
2.824399e+08
2.890477e+08
2.973844e+08
0
0
0
0
0
0
0
0
0
0
0
0
0
0
0
0
0
0
0
0
2.650594e+08
2.686294e+08
2.735039e+08
2.798402e+08
2.878177e+08
0
0
0
0
0
0
0
0
0
0
0
0
0
0
0
0
0
0
0
0
2.567009e+08
2.601408e+08
2.648221e+08
2.70901e+08
2.785359e+08
0
0
0
0
0
0
0
0
0
0
0
0
0
0
0
0
0
0
0
0
2.483736e+08
2.516707e+08
2.561637e+08
2.619826e+08
2.692836e+08
0
0
0
0
0
0
0
0
0
0
0
0
0
0
0
0
0
0
0
0
2.399394e+08
2.430939e+08
2.473842e+08
2.529436e+08
2.599032e+08
0
0
0
0
0
0
0
0
0
0
2.316798e+08
2.346612e+08
2.387533e+08
2.440485e+08
2.506787e+08
0
0
0
0
0
0
0
0
0
0
2.238917e+08
2.267037e+08
2.305785e+08
2.356249e+08
2.419371e+08
0
0
0
0
0
0
0
0
0
0
2.168184e+08
2.193919e+08
2.230587e+08
2.278478e+08
2.338675e+08
0
0
0
0
0
0
0
0
0
0
2.105316e+08
2.128609e+08
2.162601e+08
2.208067e+08
2.265338e+08
0
0
0
0
0
0
0
0
0
0
3.795276e+08
3.848958e+08
3.92574e+08
4.029381e+08
4.164059e+08
0
0
0
0
0
0
0
0
0
0
3.66462e+08
3.716087e+08
3.789277e+08
3.887642e+08
4.014985e+08
0
0
0
0
0
0
0
0
0
0
3.547153e+08
3.596737e+08
3.666866e+08
3.760727e+08
3.881826e+08
0
0
0
0
0
0
0
0
0
0
3.4394e+08
3.487321e+08
3.554756e+08
3.644667e+08
3.760299e+08
0
0
0
0
0
0
0
0
0
0
3.336944e+08
3.383331e+08
3.448275e+08
3.534551e+08
3.645187e+08
0
0
0
0
0
0
0
0
0
0
3.234646e+08
3.279453e+08
3.341939e+08
3.424651e+08
3.530405e+08
0
0
0
0
0
0
0
0
0
0
0
0
0
0
0
0
0
0
3.129668e+08
3.172834e+08
3.232763e+08
3.311849e+08
3.412666e+08
0
0
0
0
0
0
0
0
0
0
0
0
0
0
0
0
0
0
0
3.024915e+08
3.066421e+08
3.123836e+08
3.199344e+08
3.295354e+08
0
0
0
0
0
0
0
0
0
0
0
0
0
0
0
0
0
0
0
0
2.923468e+08
2.963406e+08
3.018403e+08
3.090535e+08
3.181992e+08
0
0
0
0
0
0
0
0
0
0
0
0
0
0
0
0
0
0
0
0
2.826942e+08
2.865383e+08
2.918143e+08
2.987102e+08
3.074346e+08
0
0
0
0
0
0
0
0
0
0
0
0
0
0
0
0
0
0
0
0
2.735737e+08
2.772787e+08
2.823443e+08
2.889488e+08
2.972814e+08
0
0
0
0
0
0
0
0
0
0
0
0
0
0
0
0
0
0
0
0
2.649552e+08
2.685217e+08
2.733921e+08
2.797238e+08
2.876962e+08
0
0
0
0
0
0
0
0
0
0
0
0
0
0
0
0
0
0
0
0
2.567339e+08
2.601713e+08
2.648503e+08
2.709274e+08
2.785612e+08
0
0
0
0
0
0
0
0
0
0
0
0
0
0
0
0
0
0
0
0
2.487563e+08
2.520545e+08
2.56552e+08
2.623786e+08
2.696914e+08
0
0
0
0
0
0
0
0
0
0
0
0
0
0
0
0
0
0
0
0
2.407989e+08
2.439619e+08
2.482667e+08
2.53849e+08
2.6084e+08
0
0
0
0
0
0
0
0
0
0
0
0
0
0
0
0
0
0
0
0
2.327655e+08
2.357581e+08
2.398706e+08
2.451946e+08
2.518648e+08
0
0
0
0
0
0
0
0
0
0
2.248929e+08
2.277171e+08
2.316096e+08
2.366824e+08
2.430297e+08
0
0
0
0
0
0
0
0
0
0
2.175484e+08
2.201291e+08
2.238095e+08
2.286168e+08
2.346615e+08
0
0
0
0
0
0
0
0
0
0
2.108987e+08
2.132332e+08
2.166387e+08
2.211951e+08
2.269345e+08
0
0
0
0
0
0
0
0
0
0
2.051901e+08
2.071007e+08
2.102311e+08
2.144833e+08
2.19938e+08
0
0
0
0
0
0
0
0
0
0
3.656668e+08
3.70795e+08
3.780869e+08
3.878859e+08
4.0057e+08
0
0
0
0
0
0
0
0
0
0
3.532953e+08
3.582229e+08
3.651902e+08
3.745128e+08
3.865376e+08
0
0
0
0
0
0
0
0
0
0
3.421548e+08
3.469097e+08
3.535978e+08
3.625113e+08
3.739704e+08
0
0
0
0
0
0
0
0
0
0
3.31919e+08
3.365224e+08
3.429628e+08
3.515147e+08
3.62476e+08
0
0
0
0
0
0
0
0
0
0
3.221778e+08
3.266355e+08
3.328472e+08
3.410649e+08
3.515678e+08
0
0
0
0
0
0
0
0
0
0
3.124432e+08
3.167528e+08
3.22733e+08
3.306223e+08
3.406765e+08
0
0
0
0
0
0
0
0
0
0
0
0
0
0
0
0
0
0
0
3.024487e+08
3.066006e+08
3.123426e+08
3.198927e+08
3.294916e+08
0
0
0
0
0
0
0
0
0
0
0
0
0
0
0
0
0
0
0
0
2.924645e+08
2.964616e+08
3.019653e+08
3.091829e+08
3.183339e+08
0
0
0
0
0
0
0
0
0
0
0
0
0
0
0
0
0
0
0
0
2.827887e+08
2.86635e+08
2.919137e+08
2.988131e+08
3.075416e+08
0
0
0
0
0
0
0
0
0
0
0
0
0
0
0
0
0
0
0
0
2.735737e+08
2.772787e+08
2.823443e+08
2.889488e+08
2.972814e+08
0
0
0
0
0
0
0
0
0
0
0
0
0
0
0
0
0
0
0
0
2.648682e+08
2.684324e+08
2.733002e+08
2.796287e+08
2.875971e+08
0
0
0
0
0
0
0
0
0
0
0
0
0
0
0
0
0
0
0
0
2.566339e+08
2.60068e+08
2.647429e+08
2.708155e+08
2.784441e+08
0
0
0
0
0
0
0
0
0
0
0
0
0
0
0
0
0
0
0
0
2.487888e+08
2.52084e+08
2.565793e+08
2.624038e+08
2.697152e+08
0
0
0
0
0
0
0
0
0
0
0
0
0
0
0
0
0
0
0
0
2.411675e+08
2.443318e+08
2.486401e+08
2.542295e+08
2.612311e+08
0
0
0
0
0
0
0
0
0
0
0
0
0
0
0
0
0
0
0
0
2.33594e+08
2.365934e+08
2.407199e+08
2.460645e+08
2.527641e+08
0
0
0
0
0
0
0
0
0
0
0
0
0
0
0
0
0
0
0
0
2.259381e+08
2.287745e+08
2.326849e+08
2.377852e+08
2.441692e+08
0
0
0
0
0
0
0
0
0
0
2.185158e+08
2.211056e+08
2.248039e+08
2.296351e+08
2.357131e+08
0
0
0
0
0
0
0
0
0
0
2.11602e+08
2.139458e+08
2.173625e+08
2.219368e+08
2.276992e+08
0
0
0
0
0
0
0
0
0
0
2.055457e+08
2.074592e+08
2.105967e+08
2.148573e+08
2.203242e+08
0
0
0
0
0
0
0
0
0
0
2.004452e+08
2.018881e+08
2.045775e+08
2.085297e+08
2.136538e+08
0
0
0
0
0
0
0
0
0
0
3.525446e+08
3.574554e+08
3.643984e+08
3.736871e+08
3.856669e+08
0
0
0
0
0
0
0
0
0
0
3.408112e+08
3.455382e+08
3.521852e+08
3.610413e+08
3.724236e+08
0
0
0
0
0
0
0
0
0
0
3.302276e+08
3.347975e+08
3.411877e+08
3.496695e+08
3.605366e+08
0
0
0
0
0
0
0
0
0
0
3.204937e+08
3.249202e+08
3.310834e+08
3.392323e+08
3.496429e+08
0
0
0
0
0
0
0
0
0
0
3.112215e+08
3.155108e+08
3.214584e+08
3.292998e+08
3.392886e+08
0
0
0
0
0
0
0
0
0
0
3.019516e+08
3.060976e+08
3.118289e+08
3.193623e+08
3.289372e+08
0
0
0
0
0
0
0
0
0
0
0
0
0
0
0
0
0
0
0
0
2.924248e+08
2.964236e+08
3.019283e+08
3.09146e+08
3.182958e+08
0
0
0
0
0
0
0
0
0
0
0
0
0
0
0
0
0
0
0
0
2.829019e+08
2.867516e+08
2.920343e+08
2.989382e+08
3.07672e+08
0
0
0
0
0
0
0
0
0
0
0
0
0
0
0
0
0
0
0
0
2.736644e+08
2.773717e+08
2.824399e+08
2.890477e+08
2.973844e+08
0
0
0
0
0
0
0
0
0
0
0
0
0
0
0
0
0
0
0
0
2.648682e+08
2.684324e+08
2.733002e+08
2.796287e+08
2.875971e+08
0
0
0
0
0
0
0
0
0
0
0
0
0
0
0
0
0
0
0
0
2.565503e+08
2.599823e+08
2.646546e+08
2.707241e+08
2.783488e+08
0
0
0
0
0
0
0
0
0
0
0
0
0
0
0
0
0
0
0
0
2.486931e+08
2.519849e+08
2.564763e+08
2.622963e+08
2.696026e+08
0
0
0
0
0
0
0
0
0
0
0
0
0
0
0
0
0
0
0
0
2.411992e+08
2.44361e+08
2.486666e+08
2.542541e+08
2.612539e+08
0
0
0
0
0
0
0
0
0
0
0
0
0
0
0
0
0
0
0
0
2.339503e+08
2.369499e+08
2.4108e+08
2.464305e+08
2.531399e+08
0
0
0
0
0
0
0
0
0
0
0
0
0
0
0
0
0
0
0
0
2.267358e+08
2.295803e+08
2.335026e+08
2.386227e+08
2.450334e+08
0
0
0
0
0
0
0
0
0
0
0
0
0
0
0
0
0
0
0
0
2.195258e+08
2.221242e+08
2.258409e+08
2.306968e+08
2.368096e+08
0
0
0
0
0
0
0
0
0
0
2.125339e+08
2.148899e+08
2.183211e+08
2.229192e+08
2.287118e+08
0
0
0
0
0
0
0
0
0
0
2.062278e+08
2.081462e+08
2.112967e+08
2.155727e+08
2.210619e+08
0
0
0
0
0
0
0
0
0
0
2.007869e+08
2.022356e+08
2.049298e+08
2.088912e+08
2.140258e+08
0
0
0
0
0
0
0
0
0
0
1.967325e+08
1.972553e+08
1.994597e+08
2.029454e+08
2.077365e+08
0
0
0
0
0
0
0
0
0
0
3.40101e+08
3.448129e+08
3.514377e+08
3.602633e+08
3.71605e+08
0
0
0
0
0
0
0
0
0
0
3.289539e+08
3.334985e+08
3.398513e+08
3.48281e+08
3.590786e+08
0
0
0
0
0
0
0
0
0
0
3.188877e+08
3.232844e+08
3.29402e+08
3.37487e+08
3.478123e+08
0
0
0
0
0
0
0
0
0
0
3.096209e+08
3.138823e+08
3.197864e+08
3.275655e+08
3.374702e+08
0
0
0
0
0
0
0
0
0
0
3.007894e+08
3.049175e+08
3.106195e+08
3.181101e+08
3.27626e+08
0
0
0
0
0
0
0
0
0
0
2.919517e+08
2.959457e+08
3.014411e+08
3.086442e+08
3.17773e+08
0
0
0
0
0
0
0
0
0
0
0
0
0
0
0
0
0
0
0
0
2.828646e+08
2.867165e+08
2.920005e+08
2.98905e+08
3.076384e+08
0
0
0
0
0
0
0
0
0
0
0
0
0
0
0
0
0
0
0
0
2.737731e+08
2.774838e+08
2.825561e+08
2.891685e+08
2.975104e+08
0
0
0
0
0
0
0
0
0
0
0
0
0
0
0
0
0
0
0
0
2.649552e+08
2.685217e+08
2.733921e+08
2.797238e+08
2.876962e+08
0
0
0
0
0
0
0
0
0
0
0
0
0
0
0
0
0
0
0
0
2.565503e+08
2.599823e+08
2.646546e+08
2.707241e+08
2.783488e+08
0
0
0
0
0
0
0
0
0
0
0
0
0
0
0
0
0
0
0
0
2.486129e+08
2.519026e+08
2.563915e+08
2.622084e+08
2.69511e+08
0
0
0
0
0
0
0
0
0
0
0
0
0
0
0
0
0
0
0
0
2.411074e+08
2.442661e+08
2.485678e+08
2.541509e+08
2.611457e+08
0
0
0
0
0
0
0
0
0
0
0
0
0
0
0
0
0
0
0
0
2.33982e+08
2.369786e+08
2.411063e+08
2.464545e+08
2.531622e+08
0
0
0
0
0
0
0
0
0
0
0
0
0
0
0
0
0
0
0
0
2.270789e+08
2.299252e+08
2.338499e+08
2.389758e+08
2.45395e+08
0
0
0
0
0
0
0
0
0
0
0
0
0
0
0
0
0
0
0
0
2.202972e+08
2.229004e+08
2.266301e+08
2.315034e+08
2.376417e+08
0
0
0
0
0
0
0
0
0
0
0
0
0
0
0
0
0
0
0
0
2.135057e+08
2.158747e+08
2.193205e+08
2.239433e+08
2.297676e+08
0
0
0
0
0
0
0
0
0
0
2.071315e+08
2.09056e+08
2.122239e+08
2.165199e+08
2.220388e+08
0
0
0
0
0
0
0
0
0
0
2.014426e+08
2.029021e+08
2.056049e+08
2.095831e+08
2.147373e+08
0
0
0
0
0
0
0
0
0
0
1.970656e+08
1.975893e+08
1.998012e+08
2.032938e+08
2.08096e+08
0
0
0
0
0
0
0
0
0
0
1.941666e+08
1.936288e+08
1.949091e+08
1.978891e+08
2.021853e+08
0
0
0
0
0
0
0
0
0
0
3.282811e+08
3.328118e+08
3.391444e+08
3.475463e+08
3.58307e+08
0
0
0
0
0
0
0
0
0
0
3.176777e+08
3.22052e+08
3.281353e+08
3.361729e+08
3.464349e+08
0
0
0
0
0
0
0
0
0
0
3.080932e+08
3.123276e+08
3.181907e+08
3.259117e+08
3.357383e+08
0
0
0
0
0
0
0
0
0
0
2.992655e+08
3.033683e+08
3.090309e+08
3.164653e+08
3.259047e+08
0
0
0
0
0
0
0
0
0
0
2.908441e+08
2.94822e+08
3.00291e+08
3.074555e+08
3.165311e+08
0
0
0
0
0
0
0
0
0
0
2.824131e+08
2.862612e+08
2.915371e+08
2.984289e+08
3.071437e+08
0
0
0
0
0
0
0
0
0
0
0
0
0
0
0
0
0
0
0
0
2.737376e+08
2.774507e+08
2.825248e+08
2.891382e+08
2.974802e+08
0
0
0
0
0
0
0
0
0
0
0
0
0
0
0
0
0
0
0
0
2.650594e+08
2.686294e+08
2.735039e+08
2.798402e+08
2.878177e+08
0
0
0
0
0
0
0
0
0
0
0
0
0
0
0
0
0
0
0
0
2.566339e+08
2.60068e+08
2.647429e+08
2.708155e+08
2.784441e+08
0
0
0
0
0
0
0
0
0
0
0
0
0
0
0
0
0
0
0
0
2.486129e+08
2.519026e+08
2.563915e+08
2.622084e+08
2.69511e+08
0
0
0
0
0
0
0
0
0
0
0
0
0
0
0
0
0
0
0
0
2.410303e+08
2.441871e+08
2.484863e+08
2.540665e+08
2.610577e+08
0
0
0
0
0
0
0
0
0
0
0
0
0
0
0
0
0
0
0
0
2.338943e+08
2.368875e+08
2.410117e+08
2.463555e+08
2.530583e+08
0
0
0
0
0
0
0
0
0
0
0
0
0
0
0
0
0
0
0
0
2.271095e+08
2.29954e+08
2.338758e+08
2.389997e+08
2.454168e+08
0
0
0
0
0
0
0
0
0
0
0
0
0
0
0
0
0
0
0
0
2.206303e+08
2.232329e+08
2.269663e+08
2.318441e+08
2.379907e+08
0
0
0
0
0
0
0
0
0
0
0
0
0
0
0
0
0
0
0
0
2.14247e+08
2.166258e+08
2.200811e+08
2.24722e+08
2.305692e+08
0
0
0
0
0
0
0
0
0
0
0
0
0
0
0
0
0
0
0
0
2.080738e+08
2.100041e+08
2.131905e+08
2.175071e+08
2.230574e+08
0
0
0
0
0
0
0
0
0
0
2.023101e+08
2.037848e+08
2.064986e+08
2.104995e+08
2.156795e+08
0
0
0
0
0
0
0
0
0
0
1.977052e+08
1.982302e+08
2.004564e+08
2.039612e+08
2.087843e+08
0
0
0
0
0
0
0
0
0
0
1.944807e+08
1.939545e+08
1.952375e+08
1.982269e+08
2.025318e+08
0
0
0
0
0
0
0
0
0
0
1.911206e+08
1.913461e+08
1.93392e+08
1.971584e+08
0
0
0
0
0
0
0
0
0
0
3.170389e+08
3.214007e+08
3.274656e+08
3.354777e+08
3.45706e+08
0
0
0
0
0
0
0
0
0
0
3.069418e+08
3.111559e+08
3.169881e+08
3.246655e+08
3.344343e+08
0
0
0
0
0
0
0
0
0
0
2.9781e+08
3.018883e+08
3.075135e+08
3.14895e+08
3.242632e+08
0
0
0
0
0
0
0
0
0
0
2.893909e+08
2.933459e+08
2.98779e+08
3.058921e+08
3.148983e+08
0
0
0
0
0
0
0
0
0
0
2.813554e+08
2.851894e+08
2.904414e+08
2.97298e+08
3.059644e+08
0
0
0
0
0
0
0
0
0
0
2.733058e+08
2.770159e+08
2.820831e+08
2.886851e+08
2.970107e+08
0
0
0
0
0
0
0
0
0
0
0
0
0
0
0
0
0
0
0
0
2.650253e+08
2.685979e+08
2.734744e+08
2.798122e+08
2.877903e+08
0
0
0
0
0
0
0
0
0
0
0
0
0
0
0
0
0
0
0
0
2.567339e+08
2.601713e+08
2.648503e+08
2.709274e+08
2.785612e+08
0
0
0
0
0
0
0
0
0
0
0
0
0
0
0
0
0
0
0
0
2.486931e+08
2.519849e+08
2.564763e+08
2.622963e+08
2.696026e+08
0
0
0
0
0
0
0
0
0
0
0
0
0
0
0
0
0
0
0
0
2.410303e+08
2.441871e+08
2.484863e+08
2.540665e+08
2.610577e+08
0
0
0
0
0
0
0
0
0
0
0
0
0
0
0
0
0
0
0
0
2.338204e+08
2.368116e+08
2.409335e+08
2.462743e+08
2.529738e+08
0
0
0
0
0
0
0
0
0
0
0
0
0
0
0
0
0
0
0
0
2.270249e+08
2.298669e+08
2.33785e+08
2.389049e+08
2.453171e+08
0
0
0
0
0
0
0
0
0
0
0
0
0
0
0
0
0
0
0
0
2.206614e+08
2.232607e+08
2.269925e+08
2.318677e+08
2.380125e+08
0
0
0
0
0
0
0
0
0
0
0
0
0
0
0
0
0
0
0
0
2.14566e+08
2.169488e+08
2.204053e+08
2.25052e+08
2.30906e+08
0
0
0
0
0
0
0
0
0
0
0
0
0
0
0
0
0
0
0
0
2.087928e+08
2.107262e+08
2.139268e+08
2.182578e+08
2.238314e+08
0
0
0
0
0
0
0
0
0
0
0
0
0
0
0
0
0
0
0
0
2.032122e+08
2.047045e+08
2.074295e+08
2.114546e+08
2.166615e+08
0
0
0
0
0
0
0
0
0
0
1.985513e+08
1.990778e+08
2.013238e+08
2.048448e+08
2.096959e+08
0
0
0
0
0
0
0
0
0
0
1.950832e+08
1.9458e+08
1.958677e+08
1.988748e+08
2.031958e+08
0
0
0
0
0
0
0
0
0
0
1.914277e+08
1.916664e+08
1.937168e+08
1.974944e+08
0
0
0
0
0
0
0
0
0
0
1.888802e+08
1.898702e+08
1.926868e+08
0
0
0
0
0
0
0
0
0
0
3.063342e+08
3.10537e+08
3.163526e+08
3.240066e+08
3.337445e+08
0
0
0
0
0
0
0
0
0
0
2.967126e+08
3.007723e+08
3.063694e+08
3.137114e+08
3.230264e+08
0
0
0
0
0
0
0
0
0
0
2.88002e+08
2.919347e+08
2.973335e+08
3.043982e+08
3.133395e+08
0
0
0
0
0
0
0
0
0
0
2.799674e+08
2.837807e+08
2.889998e+08
2.958093e+08
3.044122e+08
0
0
0
0
0
0
0
0
0
0
2.722941e+08
2.759916e+08
2.810374e+08
2.876072e+08
2.958886e+08
0
0
0
0
0
0
0
0
0
0
2.646112e+08
2.681816e+08
2.730522e+08
2.793801e+08
2.873434e+08
0
0
0
0
0
0
0
0
0
0
0
0
0
0
0
0
0
0
0
0
2.567009e+08
2.601408e+08
2.648221e+08
2.70901e+08
2.785359e+08
0
0
0
0
0
0
0
0
0
0
0
0
0
0
0
0
0
0
0
0
2.487888e+08
2.52084e+08
2.565793e+08
2.624038e+08
2.697152e+08
0
0
0
0
0
0
0
0
0
0
0
0
0
0
0
0
0
0
0
0
2.411074e+08
2.442661e+08
2.485678e+08
2.541509e+08
2.611457e+08
0
0
0
0
0
0
0
0
0
0
0
0
0
0
0
0
0
0
0
0
2.338204e+08
2.368116e+08
2.409335e+08
2.462743e+08
2.529738e+08
0
0
0
0
0
0
0
0
0
0
0
0
0
0
0
0
0
0
0
0
2.269535e+08
2.297941e+08
2.337098e+08
2.38827e+08
2.452359e+08
0
0
0
0
0
0
0
0
0
0
0
0
0
0
0
0
0
0
0
0
2.205807e+08
2.231767e+08
2.269057e+08
2.317768e+08
2.379171e+08
0
0
0
0
0
0
0
0
0
0
0
0
0
0
0
0
0
0
0
0
2.145941e+08
2.169773e+08
2.204307e+08
2.250761e+08
2.309277e+08
0
0
0
0
0
0
0
0
0
0
0
0
0
0
0
0
0
0
0
0
2.091034e+08
2.110357e+08
2.14242e+08
2.185763e+08
2.241577e+08
0
0
0
0
0
0
0
0
0
0
0
0
0
0
0
0
0
0
0
0
2.038967e+08
2.054054e+08
2.081378e+08
2.121816e+08
2.174078e+08
0
0
0
0
0
0
0
0
0
0
0
0
0
0
0
0
0
0
0
0
1.994306e+08
1.999587e+08
2.022272e+08
2.057649e+08
2.106461e+08
0
0
0
0
0
0
0
0
0
0
1.958761e+08
1.95407e+08
1.96701e+08
1.997325e+08
2.040748e+08
0
0
0
0
0
0
0
0
0
0
1.920169e+08
1.922816e+08
1.943401e+08
1.98139e+08
0
0
0
0
0
0
0
0
0
0
1.891823e+08
1.90187e+08
1.9301e+08
0
0
0
0
0
0
0
0
0
0
1.874316e+08
1.891846e+08
0
0
0
0
0
0
0
0
0
0
2.961339e+08
3.001833e+08
3.057651e+08
3.130859e+08
3.223725e+08
0
0
0
0
0
0
0
0
0
0
2.869546e+08
2.908702e+08
2.962431e+08
3.032717e+08
3.121645e+08
0
0
0
0
0
0
0
0
0
0
2.786401e+08
2.824331e+08
2.876207e+08
2.943856e+08
3.029288e+08
0
0
0
0
0
0
0
0
0
0
2.709663e+08
2.74645e+08
2.796608e+08
2.861873e+08
2.944102e+08
0
0
0
0
0
0
0
0
0
0
2.636419e+08
2.672011e+08
2.720523e+08
2.783509e+08
2.862737e+08
0
0
0
0
0
0
0
0
0
0
2.563034e+08
2.597413e+08
2.644177e+08
2.704878e+08
2.781095e+08
0
0
0
0
0
0
0
0
0
0
0
0
0
0
0
0
0
0
0
0
2.487563e+08
2.520545e+08
2.56552e+08
2.623786e+08
2.696914e+08
0
0
0
0
0
0
0
0
0
0
0
0
0
0
0
0
0
0
0
0
2.411992e+08
2.44361e+08
2.486666e+08
2.542541e+08
2.612539e+08
0
0
0
0
0
0
0
0
0
0
0
0
0
0
0
0
0
0
0
0
2.338943e+08
2.368875e+08
2.410117e+08
2.463555e+08
2.530583e+08
0
0
0
0
0
0
0
0
0
0
0
0
0
0
0
0
0
0
0
0
2.269535e+08
2.297941e+08
2.337098e+08
2.38827e+08
2.452359e+08
0
0
0
0
0
0
0
0
0
0
0
0
0
0
0
0
0
0
0
0
2.205122e+08
2.231064e+08
2.268335e+08
2.317019e+08
2.378392e+08
0
0
0
0
0
0
0
0
0
0
0
0
0
0
0
0
0
0
0
0
2.145147e+08
2.168971e+08
2.20347e+08
2.249891e+08
2.308362e+08
0
0
0
0
0
0
0
0
0
0
0
0
0
0
0
0
0
0
0
0
2.091319e+08
2.110613e+08
2.142682e+08
2.185996e+08
2.241799e+08
0
0
0
0
0
0
0
0
0
0
0
0
0
0
0
0
0
0
0
0
2.041877e+08
2.057068e+08
2.084399e+08
2.124913e+08
2.177227e+08
0
0
0
0
0
0
0
0
0
0
0
0
0
0
0
0
0
0
0
0
2.000972e+08
2.006262e+08
2.029148e+08
2.064643e+08
2.113689e+08
0
0
0
0
0
0
0
0
0
0
0
0
0
0
0
0
0
0
0
0
1.966917e+08
1.962658e+08
1.975664e+08
2.006256e+08
2.049903e+08
0
0
0
0
0
0
0
0
0
0
1.927921e+08
1.930947e+08
1.951642e+08
1.989925e+08
0
0
0
0
0
0
0
0
0
0
1.897618e+08
1.907956e+08
1.936302e+08
0
0
0
0
0
0
0
0
0
0
1.877305e+08
1.894999e+08
0
0
0
0
0
0
0
0
0
0
1.867592e+08
0
0
0
0
0
0
0
0
0
0
2.864027e+08
2.903088e+08
2.956676e+08
3.026766e+08
3.115435e+08
0
0
0
0
0
0
0
0
0
0
2.776389e+08
2.814163e+08
2.8658e+08
2.933116e+08
3.018103e+08
0
0
0
0
0
0
0
0
0
0
2.69696e+08
2.733562e+08
2.78343e+08
2.848284e+08
2.929963e+08
0
0
0
0
0
0
0
0
0
0
2.623698e+08
2.65912e+08
2.707356e+08
2.769945e+08
2.848633e+08
0
0
0
0
0
0
0
0
0
0
2.553736e+08
2.588012e+08
2.6346e+08
2.695033e+08
2.770879e+08
0
0
0
0
0
0
0
0
0
0
2.483736e+08
2.516707e+08
2.561637e+08
2.619826e+08
2.692836e+08
0
0
0
0
0
0
0
0
0
0
0
0
0
0
0
0
0
0
0
0
2.411675e+08
2.443318e+08
2.486401e+08
2.542295e+08
2.612311e+08
0
0
0
0
0
0
0
0
0
0
0
0
0
0
0
0
0
0
0
0
2.33982e+08
2.369786e+08
2.411063e+08
2.464545e+08
2.531622e+08
0
0
0
0
0
0
0
0
0
0
0
0
0
0
0
0
0
0
0
0
2.270249e+08
2.298669e+08
2.33785e+08
2.389049e+08
2.453171e+08
0
0
0
0
0
0
0
0
0
0
0
0
0
0
0
0
0
0
0
0
2.205122e+08
2.231064e+08
2.268335e+08
2.317019e+08
2.378392e+08
0
0
0
0
0
0
0
0
0
0
0
0
0
0
0
0
0
0
0
0
2.144478e+08
2.168296e+08
2.202773e+08
2.249172e+08
2.307612e+08
0
0
0
0
0
0
0
0
0
0
0
0
0
0
0
0
0
0
0
0
2.090559e+08
2.109825e+08
2.141882e+08
2.185157e+08
2.240924e+08
0
0
0
0
0
0
0
0
0
0
0
0
0
0
0
0
0
0
0
0
2.042082e+08
2.057331e+08
2.084634e+08
2.125155e+08
2.177443e+08
0
0
0
0
0
0
0
0
0
0
0
0
0
0
0
0
0
0
0
0
2.003813e+08
2.009088e+08
2.032093e+08
2.067612e+08
2.116752e+08
0
0
0
0
0
0
0
0
0
0
0
0
0
0
0
0
0
0
0
0
1.972959e+08
1.969161e+08
1.982215e+08
2.013048e+08
2.056858e+08
0
0
0
0
0
0
0
0
0
0
0
0
0
0
0
0
0
0
0
0
1.935888e+08
1.939388e+08
1.9602e+08
1.998811e+08
0
0
0
0
0
0
0
0
0
0
1.90524e+08
1.916e+08
1.944503e+08
0
0
0
0
0
0
0
0
0
0
1.883038e+08
1.901055e+08
0
0
0
0
0
0
0
0
0
0
1.870565e+08
0
0
0
0
0
0
0
0
0
0
0
0
0
0
0
0
0
0
0
0
2.771118e+08
2.808804e+08
2.860311e+08
2.927446e+08
3.012194e+08
0
0
0
0
0
0
0
0
0
0
2.687378e+08
2.723836e+08
2.773485e+08
2.83803e+08
2.919296e+08
0
0
0
0
0
0
0
0
0
0
2.611524e+08
2.646777e+08
2.694746e+08
2.756956e+08
2.835135e+08
0
0
0
0
0
0
0
0
0
0
2.541535e+08
2.575653e+08
2.621988e+08
2.682055e+08
2.757403e+08
0
0
0
0
0
0
0
0
0
0
2.474799e+08
2.507682e+08
2.552448e+08
2.610392e+08
2.68306e+08
0
0
0
0
0
0
0
0
0
0
2.407989e+08
2.439619e+08
2.482667e+08
2.53849e+08
2.6084e+08
0
0
0
0
0
0
0
0
0
0
0
0
0
0
0
0
0
0
0
0
2.339503e+08
2.369499e+08
2.4108e+08
2.464305e+08
2.531399e+08
0
0
0
0
0
0
0
0
0
0
0
0
0
0
0
0
0
0
0
0
2.271095e+08
2.29954e+08
2.338758e+08
2.389997e+08
2.454168e+08
0
0
0
0
0
0
0
0
0
0
0
0
0
0
0
0
0
0
0
0
2.205807e+08
2.231767e+08
2.269057e+08
2.317768e+08
2.379171e+08
0
0
0
0
0
0
0
0
0
0
0
0
0
0
0
0
0
0
0
0
2.144478e+08
2.168296e+08
2.202773e+08
2.249172e+08
2.307612e+08
0
0
0
0
0
0
0
0
0
0
0
0
0
0
0
0
0
0
0
0
2.089915e+08
2.109166e+08
2.141213e+08
2.184462e+08
2.240204e+08
0
0
0
0
0
0
0
0
0
0
0
0
0
0
0
0
0
0
0
0
2.041295e+08
2.056576e+08
2.083849e+08
2.124354e+08
2.176598e+08
0
0
0
0
0
0
0
0
0
0
0
0
0
0
0
0
0
0
0
0
2.00402e+08
2.009272e+08
2.032335e+08
2.067829e+08
2.116978e+08
0
0
0
0
0
0
0
0
0
0
0
0
0
0
0
0
0
0
0
0
1.975341e+08
1.971922e+08
1.984976e+08
2.015944e+08
2.059796e+08
0
0
0
0
0
0
0
0
0
0
0
0
0
0
0
0
0
0
0
0
1.941781e+08
1.945771e+08
1.966672e+08
2.005566e+08
0
0
0
0
0
0
0
0
0
0
0
0
0
0
0
0
0
0
0
0
1.913071e+08
1.924346e+08
1.953018e+08
0
0
0
0
0
0
0
0
0
0
1.890579e+08
1.90906e+08
0
0
0
0
0
0
0
0
0
0
1.876271e+08
0
0
0
0
0
0
0
0
0
0
0
0
0
0
0
0
0
0
0
0
0
0
0
0
0
0
0
0
0
2.682336e+08
2.718714e+08
2.768242e+08
2.83262e+08
2.913666e+08
0
0
0
0
0
0
0
0
0
0
2.602339e+08
2.637461e+08
2.685227e+08
2.747152e+08
2.824949e+08
0
0
0
0
0
0
0
0
0
0
2.529856e+08
2.563816e+08
2.609905e+08
2.669621e+08
2.744499e+08
0
0
0
0
0
0
0
0
0
0
2.463077e+08
2.495821e+08
2.54035e+08
2.597957e+08
2.670164e+08
0
0
0
0
0
0
0
0
0
0
2.399394e+08
2.430939e+08
2.473842e+08
2.529436e+08
2.599032e+08
0
0
0
0
0
0
0
0
0
0
2.33594e+08
2.365934e+08
2.407199e+08
2.460645e+08
2.527641e+08
0
0
0
0
0
0
0
0
0
0
0
0
0
0
0
0
0
0
0
0
2.270789e+08
2.299252e+08
2.338499e+08
2.389758e+08
2.45395e+08
0
0
0
0
0
0
0
0
0
0
0
0
0
0
0
0
0
0
0
0
2.206614e+08
2.232607e+08
2.269925e+08
2.318677e+08
2.380125e+08
0
0
0
0
0
0
0
0
0
0
0
0
0
0
0
0
0
0
0
0
2.145147e+08
2.168971e+08
2.20347e+08
2.249891e+08
2.308362e+08
0
0
0
0
0
0
0
0
0
0
0
0
0
0
0
0
0
0
0
0
2.089915e+08
2.109166e+08
2.141213e+08
2.184462e+08
2.240204e+08
0
0
0
0
0
0
0
0
0
0
0
0
0
0
0
0
0
0
0
0
2.040647e+08
2.055941e+08
2.083195e+08
2.123687e+08
2.175903e+08
0
0
0
0
0
0
0
0
0
0
0
0
0
0
0
0
0
0
0
0
2.003258e+08
2.008492e+08
2.031582e+08
2.067042e+08
2.116171e+08
0
0
0
0
0
0
0
0
0
0
0
0
0
0
0
0
0
0
0
0
1.975254e+08
1.972109e+08
1.985142e+08
2.016169e+08
2.059997e+08
0
0
0
0
0
0
0
0
0
0
0
0
0
0
0
0
0
0
0
0
1.944094e+08
1.948469e+08
1.969387e+08
2.008432e+08
0
0
0
0
0
0
0
0
0
0
0
0
0
0
0
0
0
0
0
0
1.918856e+08
1.930654e+08
1.959455e+08
0
0
0
0
0
0
0
0
0
0
0
0
0
0
0
0
0
0
0
0
1.898324e+08
1.917366e+08
0
0
0
0
0
0
0
0
0
0
1.883775e+08
0
0
0
0
0
0
0
0
0
0
0
0
0
0
0
0
0
0
0
0
0
0
0
0
0
0
0
0
0
0
0
0
0
0
0
0
0
2.597512e+08
2.632559e+08
2.680214e+08
2.741984e+08
2.819576e+08
0
0
0
0
0
0
0
0
0
0
2.521044e+08
2.554881e+08
2.600783e+08
2.660234e+08
2.734759e+08
0
0
0
0
0
0
0
0
0
0
2.451854e+08
2.484457e+08
2.528757e+08
2.586039e+08
2.65781e+08
0
0
0
0
0
0
0
0
0
0
2.388125e+08
2.419536e+08
2.462226e+08
2.517503e+08
2.586673e+08
0
0
0
0
0
0
0
0
0
0
2.327655e+08
2.357581e+08
2.398706e+08
2.451946e+08
2.518648e+08
0
0
0
0
0
0
0
0
0
0
2.267358e+08
2.295803e+08
2.335026e+08
2.386227e+08
2.450334e+08
0
0
0
0
0
0
0
0
0
0
0
0
0
0
0
0
0
0
0
0
2.206303e+08
2.232329e+08
2.269663e+08
2.318441e+08
2.379907e+08
0
0
0
0
0
0
0
0
0
0
0
0
0
0
0
0
0
0
0
0
2.145941e+08
2.169773e+08
2.204307e+08
2.250761e+08
2.309277e+08
0
0
0
0
0
0
0
0
0
0
0
0
0
0
0
0
0
0
0
0
2.090559e+08
2.109825e+08
2.141882e+08
2.185157e+08
2.240924e+08
0
0
0
0
0
0
0
0
0
0
0
0
0
0
0
0
0
0
0
0
2.040647e+08
2.055941e+08
2.083195e+08
2.123687e+08
2.175903e+08
0
0
0
0
0
0
0
0
0
0
0
0
0
0
0
0
0
0
0
0
2.002628e+08
2.007852e+08
2.030953e+08
2.066391e+08
2.115504e+08
0
0
0
0
0
0
0
0
0
0
0
0
0
0
0
0
0
0
0
0
1.974322e+08
1.971354e+08
1.984365e+08
2.015414e+08
2.059205e+08
0
0
0
0
0
0
0
0
0
0
0
0
0
0
0
0
0
0
0
0
1.943994e+08
1.948639e+08
1.969537e+08
2.008642e+08
0
0
0
0
0
0
0
0
0
0
0
0
0
0
0
0
0
0
0
0
1.921114e+08
1.933308e+08
1.962142e+08
0
0
0
0
0
0
0
0
0
0
0
0
0
0
0
0
0
0
0
0
1.904039e+08
1.923639e+08
0
0
0
0
0
0
0
0
0
0
0
0
0
0
0
0
0
0
0
0
1.891483e+08
0
0
0
0
0
0
0
0
0
0
0
0
0
0
0
0
0
0
0
0
0
0
0
0
0
0
0
0
0
0
0
0
0
0
0
0
0
0
0
0
0
0
0
0
2.516416e+08
2.550184e+08
2.595983e+08
2.655291e+08
2.729625e+08
0
0
0
0
0
0
0
0
0
0
2.443386e+08
2.475879e+08
2.520003e+08
2.57704e+08
2.648483e+08
0
0
0
0
0
0
0
0
0
0
2.377334e+08
2.408609e+08
2.45109e+08
2.506064e+08
2.574829e+08
0
0
0
0
0
0
0
0
0
0
2.316798e+08
2.346612e+08
2.387533e+08
2.440485e+08
2.506787e+08
0
0
0
0
0
0
0
0
0
0
2.259381e+08
2.287745e+08
2.326849e+08
2.377852e+08
2.441692e+08
0
0
0
0
0
0
0
0
0
0
2.202972e+08
2.229004e+08
2.266301e+08
2.315034e+08
2.376417e+08
0
0
0
0
0
0
0
0
0
0
0
0
0
0
0
0
0
0
0
0
2.14566e+08
2.169488e+08
2.204053e+08
2.25052e+08
2.30906e+08
0
0
0
0
0
0
0
0
0
0
0
0
0
0
0
0
0
0
0
0
2.091319e+08
2.110613e+08
2.142682e+08
2.185996e+08
2.241799e+08
0
0
0
0
0
0
0
0
0
0
0
0
0
0
0
0
0
0
0
0
2.041295e+08
2.056576e+08
2.083849e+08
2.124354e+08
2.176598e+08
0
0
0
0
0
0
0
0
0
0
0
0
0
0
0
0
0
0
0
0
2.002628e+08
2.007852e+08
2.030953e+08
2.066391e+08
2.115504e+08
0
0
0
0
0
0
0
0
0
0
0
0
0
0
0
0
0
0
0
0
1.973612e+08
1.970732e+08
1.983731e+08
2.014787e+08
2.058553e+08
0
0
0
0
0
0
0
0
0
0
0
0
0
0
0
0
0
0
0
0
1.943072e+08
1.947887e+08
1.968759e+08
2.007882e+08
0
0
0
0
0
0
0
0
0
0
0
0
0
0
0
0
0
0
0
0
1.921002e+08
1.933463e+08
1.962278e+08
0
0
0
0
0
0
0
0
0
0
0
0
0
0
0
0
0
0
0
0
1.906258e+08
1.926267e+08
0
0
0
0
0
0
0
0
0
0
0
0
0
0
0
0
0
0
0
0
1.897166e+08
0
0
0
0
0
0
0
0
0
0
0
0
0
0
0
0
0
0
0
0
0
0
0
0
0
0
0
0
0
0
0
0
0
0
0
0
0
0
0
0
0
0
0
0
0
0
0
0
0
0
0
0
0
0
0
0
0
0
0
0
2.438944e+08
2.471374e+08
2.515401e+08
2.572305e+08
2.643571e+08
0
0
0
0
0
0
0
0
0
0
2.369191e+08
2.400361e+08
2.442682e+08
2.497426e+08
2.565886e+08
0
0
0
0
0
0
0
0
0
0
2.306402e+08
2.336099e+08
2.376821e+08
2.429494e+08
2.495416e+08
0
0
0
0
0
0
0
0
0
0
2.248929e+08
2.277171e+08
2.316096e+08
2.366824e+08
2.430297e+08
0
0
0
0
0
0
0
0
0
0
2.195258e+08
2.221242e+08
2.258409e+08
2.306968e+08
2.368096e+08
0
0
0
0
0
0
0
0
0
0
2.14247e+08
2.166258e+08
2.200811e+08
2.24722e+08
2.305692e+08
0
0
0
0
0
0
0
0
0
0
0
0
0
0
0
0
0
0
0
0
2.091034e+08
2.110357e+08
2.14242e+08
2.185763e+08
2.241577e+08
0
0
0
0
0
0
0
0
0
0
0
0
0
0
0
0
0
0
0
0
2.042082e+08
2.057331e+08
2.084634e+08
2.125155e+08
2.177443e+08
0
0
0
0
0
0
0
0
0
0
0
0
0
0
0
0
0
0
0
0
2.003258e+08
2.008492e+08
2.031582e+08
2.067042e+08
2.116171e+08
0
0
0
0
0
0
0
0
0
0
0
0
0
0
0
0
0
0
0
0
1.973612e+08
1.970732e+08
1.983731e+08
2.014787e+08
2.058553e+08
0
0
0
0
0
0
0
0
0
0
0
0
0
0
0
0
0
0
0
0
1.942373e+08
1.947271e+08
1.968127e+08
2.007254e+08
0
0
0
0
0
0
0
0
0
0
0
0
0
0
0
0
0
0
0
0
1.920085e+08
1.93271e+08
1.961496e+08
0
0
0
0
0
0
0
0
0
0
0
0
0
0
0
0
0
0
0
0
1.906134e+08
1.926408e+08
0
0
0
0
0
0
0
0
0
0
0
0
0
0
0
0
0
0
0
0
1.899361e+08
0
0
0
0
0
0
0
0
0
0
0
0
0
0
0
0
0
0
0
0
0
0
0
0
0
0
0
0
0
0
0
0
0
0
0
0
0
0
0
0
0
0
0
0
0
0
0
0
0
0
0
0
0
0
0
0
0
0
0
0
0
0
0
0
0
0
0
0
0
0
0
0
0
0
0
2.364924e+08
2.396034e+08
2.438266e+08
2.492885e+08
2.561181e+08
0
0
0
0
0
0
0
0
0
0
2.298558e+08
2.328162e+08
2.368733e+08
2.421194e+08
2.48683e+08
0
0
0
0
0
0
0
0
0
0
2.238917e+08
2.267037e+08
2.305785e+08
2.356249e+08
2.419371e+08
0
0
0
0
0
0
0
0
0
0
2.185158e+08
2.211056e+08
2.248039e+08
2.296351e+08
2.357131e+08
0
0
0
0
0
0
0
0
0
0
2.135057e+08
2.158747e+08
2.193205e+08
2.239433e+08
2.297676e+08
0
0
0
0
0
0
0
0
0
0
2.087928e+08
2.107262e+08
2.139268e+08
2.182578e+08
2.238314e+08
0
0
0
0
0
0
0
0
0
0
0
0
0
0
0
0
0
0
0
0
2.041877e+08
2.057068e+08
2.084399e+08
2.124913e+08
2.177227e+08
0
0
0
0
0
0
0
0
0
0
0
0
0
0
0
0
0
0
0
0
2.00402e+08
2.009272e+08
2.032335e+08
2.067829e+08
2.116978e+08
0
0
0
0
0
0
0
0
0
0
0
0
0
0
0
0
0
0
0
0
1.974322e+08
1.971354e+08
1.984365e+08
2.015414e+08
2.059205e+08
0
0
0
0
0
0
0
0
0
0
0
0
0
0
0
0
0
0
0
0
1.942373e+08
1.947271e+08
1.968127e+08
2.007254e+08
0
0
0
0
0
0
0
0
0
0
0
0
0
0
0
0
0
0
0
0
1.919393e+08
1.932096e+08
1.960863e+08
0
0
0
0
0
0
0
0
0
0
0
0
0
0
0
0
0
0
0
0
1.905219e+08
1.925651e+08
0
0
0
0
0
0
0
0
0
0
0
0
0
0
0
0
0
0
0
0
1.899225e+08
0
0
0
0
0
0
0
0
0
0
0
0
0
0
0
0
0
0
0
0
0
0
0
0
0
0
0
0
0
0
0
0
0
0
0
0
0
0
0
0
0
0
0
0
0
0
0
0
0
0
0
0
0
0
0
0
0
0
0
0
0
0
0
0
0
0
0
0
0
0
0
0
0
0
0
0
0
0
0
0
0
0
0
0
0
0
0
0
0
2.294452e+08
2.324003e+08
2.364489e+08
2.416835e+08
2.482317e+08
0
0
0
0
0
0
0
0
0
0
2.231362e+08
2.259388e+08
2.297999e+08
2.348262e+08
2.41112e+08
0
0
0
0
0
0
0
0
0
0
2.175484e+08
2.201291e+08
2.238095e+08
2.286168e+08
2.346615e+08
0
0
0
0
0
0
0
0
0
0
2.125339e+08
2.148899e+08
2.183211e+08
2.229192e+08
2.287118e+08
0
0
0
0
0
0
0
0
0
0
2.080738e+08
2.100041e+08
2.131905e+08
2.175071e+08
2.230574e+08
0
0
0
0
0
0
0
0
0
0
2.038967e+08
2.054054e+08
2.081378e+08
2.121816e+08
2.174078e+08
0
0
0
0
0
0
0
0
0
0
0
0
0
0
0
0
0
0
0
0
2.003813e+08
2.009088e+08
2.032093e+08
2.067612e+08
2.116752e+08
0
0
0
0
0
0
0
0
0
0
0
0
0
0
0
0
0
0
0
0
1.975254e+08
1.972109e+08
1.985142e+08
2.016169e+08
2.059997e+08
0
0
0
0
0
0
0
0
0
0
0
0
0
0
0
0
0
0
0
0
1.943072e+08
1.947887e+08
1.968759e+08
2.007882e+08
0
0
0
0
0
0
0
0
0
0
0
0
0
0
0
0
0
0
0
0
1.919393e+08
1.932096e+08
1.960863e+08
0
0
0
0
0
0
0
0
0
0
0
0
0
0
0
0
0
0
0
0
1.904529e+08
1.925036e+08
0
0
0
0
0
0
0
0
0
0
0
0
0
0
0
0
0
0
0
0
1.898306e+08
0
0
0
0
0
0
0
0
0
0
0
0
0
0
0
0
0
0
0
0
0
0
0
0
0
0
0
0
0
0
0
0
0
0
0
0
0
0
0
0
0
0
0
0
0
0
0
0
0
0
0
0
0
0
0
0
0
0
0
0
0
0
0
0
0
0
0
0
0
0
0
0
0
0
0
0
0
0
0
0
0
0
0
0
0
0
0
0
0
0
0
0
0
0
0
0
0
0
0
0
0
0
2.22741e+08
2.255383e+08
2.293918e+08
2.344072e+08
2.406787e+08
0
0
0
0
0
0
0
0
0
0
2.168184e+08
2.193919e+08
2.230587e+08
2.278478e+08
2.338675e+08
0
0
0
0
0
0
0
0
0
0
2.11602e+08
2.139458e+08
2.173625e+08
2.219368e+08
2.276992e+08
0
0
0
0
0
0
0
0
0
0
2.071315e+08
2.09056e+08
2.122239e+08
2.165199e+08
2.220388e+08
0
0
0
0
0
0
0
0
0
0
2.032122e+08
2.047045e+08
2.074295e+08
2.114546e+08
2.166615e+08
0
0
0
0
0
0
0
0
0
0
2.000972e+08
2.006262e+08
2.029148e+08
2.064643e+08
2.113689e+08
0
0
0
0
0
0
0
0
0
0
0
0
0
0
0
0
0
0
0
0
1.975341e+08
1.971922e+08
1.984976e+08
2.015944e+08
2.059796e+08
0
0
0
0
0
0
0
0
0
0
0
0
0
0
0
0
0
0
0
0
1.943994e+08
1.948639e+08
1.969537e+08
2.008642e+08
0
0
0
0
0
0
0
0
0
0
0
0
0
0
0
0
0
0
0
0
1.920085e+08
1.93271e+08
1.961496e+08
0
0
0
0
0
0
0
0
0
0
0
0
0
0
0
0
0
0
0
0
1.904529e+08
1.925036e+08
0
0
0
0
0
0
0
0
0
0
0
0
0
0
0
0
0
0
0
0
1.897617e+08
0
0
0
0
0
0
0
0
0
0
0
0
0
0
0
0
0
0
0
0
0
0
0
0
0
0
0
0
0
0
0
0
0
0
0
0
0
0
0
0
0
0
0
0
0
0
0
0
0
0
0
0
0
0
0
0
0
0
0
0
0
0
0
0
0
0
0
0
0
0
0
0
0
0
0
0
0
0
0
0
0
0
0
0
0
0
0
0
0
0
0
0
0
0
0
0
0
0
0
0
0
0
0
0
0
0
0
0
0
0
0
0
0
0
2.164371e+08
2.190064e+08
2.226657e+08
2.274447e+08
2.334509e+08
0
0
0
0
0
0
0
0
0
0
2.108987e+08
2.132332e+08
2.166387e+08
2.211951e+08
2.269345e+08
0
0
0
0
0
0
0
0
0
0
2.062278e+08
2.081462e+08
2.112967e+08
2.155727e+08
2.210619e+08
0
0
0
0
0
0
0
0
0
0
2.023101e+08
2.037848e+08
2.064986e+08
2.104995e+08
2.156795e+08
0
0
0
0
0
0
0
0
0
0
1.994306e+08
1.999587e+08
2.022272e+08
2.057649e+08
2.106461e+08
0
0
0
0
0
0
0
0
0
0
1.972959e+08
1.969161e+08
1.982215e+08
2.013048e+08
2.056858e+08
0
0
0
0
0
0
0
0
0
0
0
0
0
0
0
0
0
0
0
0
1.944094e+08
1.948469e+08
1.969387e+08
2.008432e+08
0
0
0
0
0
0
0
0
0
0
0
0
0
0
0
0
0
0
0
0
1.921002e+08
1.933463e+08
1.962278e+08
0
0
0
0
0
0
0
0
0
0
0
0
0
0
0
0
0
0
0
0
1.905219e+08
1.925651e+08
0
0
0
0
0
0
0
0
0
0
0
0
0
0
0
0
0
0
0
0
1.897617e+08
0
0
0
0
0
0
0
0
0
0
0
0
0
0
0
0
0
0
0
0
0
0
0
0
0
0
0
0
0
0
0
0
0
0
0
0
0
0
0
0
0
0
0
0
0
0
0
0
0
0
0
0
0
0
0
0
0
0
0
0
0
0
0
0
0
0
0
0
0
0
0
0
0
0
0
0
0
0
0
0
0
0
0
0
0
0
0
0
0
0
0
0
0
0
0
0
0
0
0
0
0
0
0
0
0
0
0
0
0
0
0
0
0
0
0
0
0
0
0
0
0
0
0
0
0
2.105316e+08
2.128609e+08
2.162601e+08
2.208067e+08
2.265338e+08
0
0
0
0
0
0
0
0
0
0
2.055457e+08
2.074592e+08
2.105967e+08
2.148573e+08
2.203242e+08
0
0
0
0
0
0
0
0
0
0
2.014426e+08
2.029021e+08
2.056049e+08
2.095831e+08
2.147373e+08
0
0
0
0
0
0
0
0
0
0
1.985513e+08
1.990778e+08
2.013238e+08
2.048448e+08
2.096959e+08
0
0
0
0
0
0
0
0
0
0
1.966917e+08
1.962658e+08
1.975664e+08
2.006256e+08
2.049903e+08
0
0
0
0
0
0
0
0
0
0
1.941781e+08
1.945771e+08
1.966672e+08
2.005566e+08
0
0
0
0
0
0
0
0
0
0
0
0
0
0
0
0
0
0
0
0
1.921114e+08
1.933308e+08
1.962142e+08
0
0
0
0
0
0
0
0
0
0
0
0
0
0
0
0
0
0
0
0
1.906134e+08
1.926408e+08
0
0
0
0
0
0
0
0
0
0
0
0
0
0
0
0
0
0
0
0
1.898306e+08
0
0
0
0
0
0
0
0
0
0
0
0
0
0
0
0
0
0
0
0
0
0
0
0
0
0
0
0
0
0
0
0
0
0
0
0
0
0
0
0
0
0
0
0
0
0
0
0
0
0
0
0
0
0
0
0
0
0
0
0
0
0
0
0
0
0
0
0
0
0
0
0
0
0
0
0
0
0
0
0
0
0
0
0
0
0
0
0
0
0
0
0
0
0
0
0
0
0
0
0
0
0
0
0
0
0
0
0
0
0
0
0
0
0
0
0
0
0
0
0
0
0
0
0
0
0
0
0
0
0
0
0
0
0
0
2.051901e+08
2.071007e+08
2.102311e+08
2.144833e+08
2.19938e+08
0
0
0
0
0
0
0
0
0
0
2.007869e+08
2.022356e+08
2.049298e+08
2.088912e+08
2.140258e+08
0
0
0
0
0
0
0
0
0
0
1.977052e+08
1.982302e+08
2.004564e+08
2.039612e+08
2.087843e+08
0
0
0
0
0
0
0
0
0
0
1.958761e+08
1.95407e+08
1.96701e+08
1.997325e+08
2.040748e+08
0
0
0
0
0
0
0
0
0
0
1.935888e+08
1.939388e+08
1.9602e+08
1.998811e+08
0
0
0
0
0
0
0
0
0
0
1.918856e+08
1.930654e+08
1.959455e+08
0
0
0
0
0
0
0
0
0
0
0
0
0
0
0
0
0
0
0
0
1.906258e+08
1.926267e+08
0
0
0
0
0
0
0
0
0
0
0
0
0
0
0
0
0
0
0
0
1.899225e+08
0
0
0
0
0
0
0
0
0
0
0
0
0
0
0
0
0
0
0
0
0
0
0
0
0
0
0
0
0
0
0
0
0
0
0
0
0
0
0
0
0
0
0
0
0
0
0
0
0
0
0
0
0
0
0
0
0
0
0
0
0
0
0
0
0
0
0
0
0
0
0
0
0
0
0
0
0
0
0
0
0
0
0
0
0
0
0
0
0
0
0
0
0
0
0
0
0
0
0
0
0
0
0
0
0
0
0
0
0
0
0
0
0
0
0
0
0
0
0
0
0
0
0
0
0
0
0
0
0
0
0
0
0
0
0
0
0
0
0
0
0
0
0
0
0
2.004452e+08
2.018881e+08
2.045775e+08
2.085297e+08
2.136538e+08
0
0
0
0
0
0
0
0
0
0
1.970656e+08
1.975893e+08
1.998012e+08
2.032938e+08
2.08096e+08
0
0
0
0
0
0
0
0
0
0
1.950832e+08
1.9458e+08
1.958677e+08
1.988748e+08
2.031958e+08
0
0
0
0
0
0
0
0
0
0
1.927921e+08
1.930947e+08
1.951642e+08
1.989925e+08
0
0
0
0
0
0
0
0
0
0
1.913071e+08
1.924346e+08
1.953018e+08
0
0
0
0
0
0
0
0
0
0
1.904039e+08
1.923639e+08
0
0
0
0
0
0
0
0
0
0
0
0
0
0
0
0
0
0
0
0
1.899361e+08
0
0
0
0
0
0
0
0
0
0
0
0
0
0
0
0
0
0
0
0
0
0
0
0
0
0
0
0
0
0
0
0
0
0
0
0
0
0
0
0
0
0
0
0
0
0
0
0
0
0
0
0
0
0
0
0
0
0
0
0
0
0
0
0
0
0
0
0
0
0
0
0
0
0
0
0
0
0
0
0
0
0
0
0
0
0
0
0
0
0
0
0
0
0
0
0
0
0
0
0
0
0
0
0
0
0
0
0
0
0
0
0
0
0
0
0
0
0
0
0
0
0
0
0
0
0
0
0
0
0
0
0
0
0
0
0
0
0
0
0
0
0
0
0
0
0
0
0
0
0
0
0
0
0
0
1.967325e+08
1.972553e+08
1.994597e+08
2.029454e+08
2.077365e+08
0
0
0
0
0
0
0
0
0
0
1.944807e+08
1.939545e+08
1.952375e+08
1.982269e+08
2.025318e+08
0
0
0
0
0
0
0
0
0
0
1.920169e+08
1.922816e+08
1.943401e+08
1.98139e+08
0
0
0
0
0
0
0
0
0
0
1.90524e+08
1.916e+08
1.944503e+08
0
0
0
0
0
0
0
0
0
0
1.898324e+08
1.917366e+08
0
0
0
0
0
0
0
0
0
0
1.897166e+08
0
0
0
0
0
0
0
0
0
0
0
0
0
0
0
0
0
0
0
0
0
0
0
0
0
0
0
0
0
0
0
0
0
0
0
0
0
0
0
0
0
0
0
0
0
0
0
0
0
0
0
0
0
0
0
0
0
0
0
0
0
0
0
0
0
0
0
0
0
0
0
0
0
0
0
0
0
0
0
0
0
0
0
0
0
0
0
0
0
0
0
0
0
0
0
0
0
0
0
0
0
0
0
0
0
0
0
0
0
0
0
0
0
0
0
0
0
0
0
0
0
0
0
0
0
0
0
0
0
0
0
0
0
0
0
0
0
0
0
0
0
0
0
0
0
0
0
0
0
0
0
0
0
0
0
0
0
0
0
0
0
0
0
0
0
1.941666e+08
1.936288e+08
1.949091e+08
1.978891e+08
2.021853e+08
0
0
0
0
0
0
0
0
0
0
1.914277e+08
1.916664e+08
1.937168e+08
1.974944e+08
0
0
0
0
0
0
0
0
0
0
1.897618e+08
1.907956e+08
1.936302e+08
0
0
0
0
0
0
0
0
0
0
1.890579e+08
1.90906e+08
0
0
0
0
0
0
0
0
0
0
1.891483e+08
0
0
0
0
0
0
0
0
0
0
0
0
0
0
0
0
0
0
0
0
0
0
0
0
0
0
0
0
0
0
0
0
0
0
0
0
0
0
0
0
0
0
0
0
0
0
0
0
0
0
0
0
0
0
0
0
0
0
0
0
0
0
0
0
0
0
0
0
0
0
0
0
0
0
0
0
0
0
0
0
0
0
0
0
0
0
0
0
0
0
0
0
0
0
0
0
0
0
0
0
0
0
0
0
0
0
0
0
0
0
0
0
0
0
0
0
0
0
0
0
0
0
0
0
0
0
0
0
0
0
0
0
0
0
0
0
0
0
0
0
0
0
0
0
0
0
0
0
0
0
0
0
0
0
0
0
0
0
0
0
0
0
0
0
0
1.911206e+08
1.913461e+08
1.93392e+08
1.971584e+08
0
0
0
0
0
0
0
0
0
0
1.891823e+08
1.90187e+08
1.9301e+08
0
0
0
0
0
0
0
0
0
0
1.883038e+08
1.901055e+08
0
0
0
0
0
0
0
0
0
0
1.883775e+08
0
0
0
0
0
0
0
0
0
0
0
0
0
0
0
0
0
0
0
0
0
0
0
0
0
0
0
0
0
0
0
0
0
0
0
0
0
0
0
0
0
0
0
0
0
0
0
0
0
0
0
0
0
0
0
0
0
0
0
0
0
0
0
0
0
0
0
0
0
0
0
0
0
0
0
0
0
0
0
0
0
0
0
0
0
0
0
0
0
0
0
0
0
0
0
0
0
0
0
0
0
0
0
0
0
0
0
0
0
0
0
0
0
0
0
0
0
0
0
0
0
0
0
0
0
0
0
0
0
0
0
0
0
0
0
0
0
0
0
0
0
0
0
0
0
0
0
0
0
0
0
0
0
0
0
0
0
0
0
0
0
0
0
0
0
1.888802e+08
1.898702e+08
1.926868e+08
0
0
0
0
0
0
0
0
0
0
1.877305e+08
1.894999e+08
0
0
0
0
0
0
0
0
0
0
1.876271e+08
0
0
0
0
0
0
0
0
0
0
0
0
0
0
0
0
0
0
0
0
0
0
0
0
0
0
0
0
0
0
0
0
0
0
0
0
0
0
0
0
0
0
0
0
0
0
0
0
0
0
0
0
0
0
0
0
0
0
0
0
0
0
0
0
0
0
0
0
0
0
0
0
0
0
0
0
0
0
0
0
0
0
0
0
0
0
0
0
0
0
0
0
0
0
0
0
0
0
0
0
0
0
0
0
0
0
0
0
0
0
0
0
0
0
0
0
0
0
0
0
0
0
0
0
0
0
0
0
0
0
0
0
0
0
0
0
0
0
0
0
0
0
0
0
0
0
0
0
0
0
0
0
0
0
0
0
0
0
0
0
0
0
0
0
1.874316e+08
1.891846e+08
0
0
0
0
0
0
0
0
0
0
1.870565e+08
0
0
0
0
0
0
0
0
0
0
0
0
0
0
0
0
0
0
0
0
0
0
0
0
0
0
0
0
0
0
0
0
0
0
0
0
0
0
0
0
0
0
0
0
0
0
0
0
0
0
0
0
0
0
0
0
0
0
0
0
0
0
0
0
0
0
0
0
0
0
0
0
0
0
0
0
0
0
0
0
0
0
0
0
0
0
0
0
0
0
0
0
0
0
0
0
0
0
0
0
0
0
0
0
0
0
0
0
0
0
0
0
0
0
0
0
0
0
0
0
0
0
0
0
0
0
0
0
0
0
0
0
0
0
0
0
0
0
0
0
0
0
0
0
0
0
0
0
0
0
0
0
0
0
0
0
0
0
0
0
0
0
1.867592e+08
0
0
0
0
0
0
0
0
0
0
0
0
0
0
0
0
0
0
0
0
0
0
0
0
0
0
0
0
0
0
0
0
0
0
0
0
0
0
0
0
0
0
0
0
0
0
0
0
0
0
0
0
0
0
0
0
0
0
0
0
0
0
0
0
0
0
0
0
0
0
0
0
0
0
0
0
0
0
0
0
0
0
0
0
0
0
0
0
0
0
0
0
0
0
0
0
0
0
0
0
0
0
0
0
0
0
0
0
0
0
0
0
0
0
0
0
0
0
0
0
0
0
0
0
0
0
0
0
0
0
0
0
0
0
0
0
0
0
0
0
0
0
0
0
0
0
0
0
0
0
0
0
0
0
0
0
0
0
0
0
0
0
0
0
0
0
0
0
0
0
0
0
0
0
0
0
0
0
0
0
0
0
0
0
0
0
0
0
0
0
0
0
0
0
0
0
0
0
0
0
0
0
0
0
0
0
0
0
0
0
0
0
0
0
0
0
0
0
0
0
0
0
0
0
0
0
0
0
0
0
0
0
0
0
0
0
0
0
0
0
0
0
0
0
0
0
0
0
0
0
0
0
0
0
0
0
0
0
0
0
0
0
0
0
0
0
0
0
0
0
0
0
0
0
0
0
0
0
0
0
0
0
0
0
0
0
0
0
0
0
0
0
0
0
0
0
0
0
0
0
0
0
0
0
0
0
0
0
0
0
0
0
0
0
0
0
0
0
0
0
0
0
0
0
0
0
0
0
0
0
0
0
0
0
0
0
0
0
0
0
0
0
0
0
0
0
0
0
0
0
0
0
0
0
0
0
0
0
0
0
0
0
0
0
0
0
0
0
0
0
0
0
0
0
0
0
0
0
0
0
0
0
0
0
0
0
0
0
0
0
0
0
0
0
0
0
0
0
0
0
0
0
0
0
0
0
0
0
0
0
0
0
0
0
0
0
0
0
0
0
0
0
0
0
0
0
0
0
0
0
0
0
0
0
0
0
0
0
0
0
0
0
0
0
0
0
0
0
0
0
0
0
0
0
0
0
0
0
0
0
0
0
0
0
0
0
0
0
0
0
0
0
0
0
0
0
0
0
0
0
0
0
0
0
0
0
0
0
0
0
0
0
0
0
0
0
0
0
0
0
0
0
0
0
0
0
0
0
0
0
0
0
0
0
0
0
0
0
0
0
0
0
0
0
0
0
0
0
0
0
0
0
0
0
0
0
0
0
0
0
0
0
0
0
0
0
0
0
0
0
0
0
0
0
0
0
0
0
0
0
0
0
0
0
0
0
0
0
0
0
0
0
0
0
0
0
0
0
0
0
0
0
0
0
0
0
0
0
0
0
0
0
0
0
0
0
0
0
0
0
0
0
0
0
0
0
0
0
0
0
0
0
0
0
0
0
0
0
0
0
0
0
0
0
0
0
0
0
0
0
0
0
0
0
0
0
0
0
0
0
0
0
0
0
0
0
0
0
0
0
0
0
0
0
0
0
0
0
0
0
0
0
0
0
0
0
0
0
0
0
0
0
0
0
0
0
0
0
0
0
0
0
0
0
0
0
0
0
0
0
0
0
0
0
0
0
0
0
0
0
0
0
0
0
0
0
0
0
0
0
0
0
0
0
0
0
0
0
0
0
0
0
0
0
0
0
0
0
0
0
0
0
0
0
0
0
0
0
0
0
0
0
0
0
0
0
0
0
0
0
0
0
0
0
0
0
0
0
0
0
0
0
0
0
0
0
0
0
0
0
0
0
0
0
0
0
0
0
0
0
0
0
0
0
0
0
0
0
0
0
0
0
0
0
0
0
0
0
0
0
0
0
0
0
0
0
0
0
0
0
0
0
0
0
0
0
0
0
0
0
0
0
0
0
0
0
0
0
0
0
0
0
0
0
0
0
0
0
0
0
0
0
0
0
0
0
0
0
0
0
0
0
0
0
0
0
0
0
0
0
0
0
0
0
0
0
0
0
0
0
0
0
0
0
0
0
0
0
0
0
0
0
0
0
0
0
0
0
0
0
0
0
0
0
0
0
0
0
0
0
0
0
0
0
0
0
0
0
0
0
0
0
0
0
0
0
0
0
0
0
0
0
0
0
0
0
0
0
0
0
0
0
0
0
0
0
0
0
0
0
0
0
0
0
0
0
0
0
0
0
0
0
0
0
0
0
0
0
0
0
0
0
0
0
0
0
0
0
0
0
0
0
0
0
0
0
0
0
0
0
0
0
0
0
0
0
0
0
0
)
;

boundaryField
{
    anodeSides
    {
        type            calculated;
        value           uniform 0;
    }
    fuelInlet
    {
        type            calculated;
        value           uniform 0;
    }
    fuelOutlet
    {
        type            calculated;
        value           uniform 0;
    }
    fuel_to_electrolyte
    {
        type            calculated;
        value           uniform 0;
    }
    fuel_to_interconnect
    {
        type            calculated;
        value           uniform 0;
    }
}


// ************************************************************************* //
