/*--------------------------------*- C++ -*----------------------------------*\
| =========                 |                                                 |
| \\      /  F ield         | OpenFOAM: The Open Source CFD Toolbox           |
|  \\    /   O peration     | Version:  2306                                  |
|   \\  /    A nd           | Website:  www.openfoam.com                      |
|    \\/     M anipulation  |                                                 |
\*---------------------------------------------------------------------------*/
FoamFile
{
    version     2.0;
    format      ascii;
    arch        "LSB;label=32;scalar=64";
    class       cellSet;
    location    "constant/polyMesh/sets";
    object      cathode;
}
// * * * * * * * * * * * * * * * * * * * * * * * * * * * * * * * * * * * * * //


4000
(
32768
16384
32769
16385
32770
32771
32772
16418
16419
16420
16421
16422
32807
32808
32809
32810
32811
16456
16457
16458
16459
16460
32846
32847
32848
32849
32850
16495
16496
16497
16498
16499
32885
32886
32887
32888
32889
16534
16535
16536
16537
16538
32925
32926
32927
32928
16573
16574
16575
16576
16577
32965
32966
32967
16612
16613
16614
16615
16616
33005
33006
16651
16652
16653
16654
16655
33045
16690
16691
16692
16693
16694
16729
16730
16731
16732
16733
16768
16769
16770
16771
16772
16807
16808
16809
16810
16811
16846
16847
16848
16849
16850
16885
16886
16887
16888
16889
16935
16936
16937
16938
16939
16967
16968
16969
16970
16971
17000
17001
17002
17003
17004
17034
17035
17036
17037
17038
17069
17070
17071
17072
17073
17105
17106
17107
17108
17109
17142
17143
17144
17145
17146
33546
33547
33548
33549
33550
17180
17181
17182
17183
17184
815
33585
33586
33587
33588
33589
17219
17220
17221
17222
17223
33624
33625
33626
33627
33628
17258
17259
17260
17261
17262
33664
33665
33666
33667
17297
17298
17299
17300
17301
33704
33705
33706
951
17336
17337
17338
17339
17340
967
968
33744
33745
17375
17376
17377
17378
17379
33784
17414
17415
17416
17417
17418
17453
17454
17455
17456
17457
1104
17492
17493
17494
17495
17496
1120
1121
1137
1138
1139
17531
17532
17533
17534
17535
17570
17571
17572
17573
17574
17609
17610
17611
17612
17613
17648
17649
17650
17651
17652
1275
1291
1292
1308
1309
1310
17699
17700
17701
17702
17703
1326
1327
1328
1329
17732
17733
17734
17735
17736
17766
17767
17768
17769
17770
17801
17802
17803
17804
17805
17837
17838
17839
17840
17841
1465
1481
1482
17874
17875
17876
17877
17878
1498
1499
1500
1516
1517
1518
1519
17912
17913
17914
17915
17916
1535
1536
1537
1538
1539
34317
34318
34319
34320
34321
17951
17952
17953
17954
17955
34356
34357
34358
34359
34360
17990
17991
17992
17993
17994
34396
34397
34398
34399
18029
18030
18031
18032
18033
34436
34437
34438
1674
18068
18069
18070
18071
18072
1690
1691
1707
34476
1708
34477
1709
18107
18108
18109
1725
18110
1726
18111
1727
1728
1744
1745
1746
1747
34516
1748
18146
18147
18148
1764
18149
1765
18150
1766
1767
1768
18185
18186
18187
18188
18189
18224
18225
18226
18227
18228
18263
18264
18265
18266
18267
1902
18302
1918
18303
1919
18304
18305
18306
1935
1936
1937
1953
1954
1955
1956
18341
18342
18343
18344
18345
1972
1973
1974
1975
1976
1992
1993
1994
1995
18380
1996
18381
18382
18383
18384
2013
2014
2015
2016
2017
18419
18420
18421
18422
18423
18471
18472
18473
18474
18475
18505
18506
18507
18508
18509
2149
18540
18541
18542
18543
18544
2165
2166
2182
2183
2184
18576
18577
18578
18579
18580
2200
2201
2202
2203
2219
2220
2221
2222
2223
18613
18614
18615
18616
18617
2239
2240
2241
2242
2243
2260
2261
2262
2263
2264
18651
18652
18653
18654
18655
2282
2283
2284
2285
2286
18690
18691
18692
18693
18694
35080
35081
35082
35083
35084
18729
18730
18731
18732
18733
35120
35121
35122
35123
18768
18769
18770
18771
18772
35160
35161
35162
2415
18807
18808
18809
18810
18811
2431
35200
2432
35201
2448
2449
2450
18846
18847
18848
18849
18850
2466
2467
2468
2469
35240
2485
2486
2487
2488
2489
18885
18886
18887
18888
18889
2505
2506
2507
2508
2509
2526
2527
2528
2529
2530
18924
18925
18926
18927
18928
2548
2549
2550
2551
2552
2571
2572
2573
2574
2575
18963
18964
18965
18966
18967
19002
19003
19004
19005
19006
19041
19042
19043
19044
19045
19080
19081
19082
19083
19084
2700
2716
2717
2733
2734
19119
2735
19120
19121
19122
19123
2751
2752
2753
2754
2770
2771
2772
2773
19158
2774
19159
19160
19161
19162
2790
2791
2792
2793
2794
2811
2812
19197
2813
19198
2814
19199
2815
19200
19201
2833
2834
2835
2836
2837
2856
2857
2858
2859
2860
19250
19251
19252
19253
19254
2880
2881
2882
2883
2884
19285
19286
19287
19288
19289
19321
19322
19323
19324
19325
19358
19359
19360
19361
19362
3004
19396
19397
19398
19399
19400
3020
3021
3037
3038
3039
19435
19436
19437
19438
19439
3055
3056
3057
3058
35835
35836
35837
35838
3074
3075
3076
3077
3078
19474
19475
19476
19477
19478
3094
3095
3096
3097
3098
35875
35876
35877
3115
3116
3117
3118
3119
19513
19514
19515
19516
19517
3137
3138
3139
3140
3141
35915
35916
3160
3161
3162
3163
3164
19552
19553
19554
19555
19556
3184
3185
3186
35955
3187
3188
19591
19592
19593
3209
19594
3210
19595
3211
3212
3213
19630
19631
19632
19633
19634
19669
19670
19671
19672
19673
19708
19709
19710
19711
3327
19712
3343
3344
3360
3361
3362
19747
19748
19749
19750
19751
3378
3379
3380
3381
3397
3398
3399
3400
3401
19786
19787
19788
19789
19790
3417
3418
3419
3420
3421
3438
3439
3440
19825
3441
19826
3442
19827
19828
19829
3460
3461
3462
3463
3464
19864
19865
19866
19867
3483
19868
3484
3485
3486
3487
3507
3508
3509
3510
3511
19903
19904
19905
19906
19907
3532
3533
3534
3535
3536
19942
3558
19943
3559
19944
3560
19945
3561
19946
3562
19981
19982
19983
19984
19985
20035
20036
20037
20038
20039
3669
3685
3686
20071
20072
20073
20074
20075
3702
3703
3704
3720
3721
3722
3723
20108
20109
20110
20111
20112
3739
3740
3741
3742
3743
3759
3760
3761
20146
3762
20147
3763
20148
20149
20150
3780
3781
3782
3783
3784
20185
20186
3802
20187
3803
20188
3804
20189
3805
3806
36580
36581
36582
3825
3826
3827
3828
3829
20224
20225
20226
20227
20228
3849
3850
3851
36620
3852
36621
3853
3874
3875
3876
3877
3878
20263
20264
20265
20266
20267
36660
3900
3901
3902
3903
3904
20302
20303
20304
20305
20306
3927
3928
3929
3930
3931
20341
20342
20343
20344
20345
20380
20381
20382
20383
20384
4030
20419
20420
20421
20422
20423
4046
4047
4063
4064
4065
20458
20459
20460
20461
20462
4081
4082
4083
4084
4100
4101
4102
4103
4104
20497
20498
20499
20500
20501
4120
4121
4122
4123
4124
4141
4142
4143
4144
4145
20536
20537
20538
20539
20540
4163
4164
4165
4166
4167
4186
4187
4188
4189
4190
20575
20576
20577
20578
20579
4210
4211
4212
4213
4214
20614
20615
20616
20617
20618
4235
4236
4237
4238
4239
4261
4262
4263
4264
4265
20653
20654
20655
20656
20657
4288
4289
4290
4291
4292
20692
20693
20694
20695
20696
4316
4317
4318
4319
4320
20731
20732
20733
20734
20735
20770
20771
20772
20773
20774
4410
4426
4427
20825
20826
20827
4443
20828
4444
20829
4445
4461
4462
4463
4464
20862
20863
20864
4480
20865
4481
20866
4482
4483
4484
4500
4501
4502
4503
4504
20900
20901
20902
20903
20904
4521
4522
4523
4524
4525
4543
4544
4545
37314
4546
37315
4547
20939
20940
20941
20942
20943
4566
4567
4568
4569
4570
37354
4590
4591
4592
4593
20978
4594
20979
20980
20981
20982
4615
4616
4617
4618
4619
21017
21018
21019
21020
21021
4641
4642
4643
4644
4645
4668
4669
4670
4671
21056
4672
21057
21058
21059
21060
4696
4697
4698
4699
4700
21095
21096
21097
21098
21099
4725
4726
4727
4728
4729
21134
21135
21136
21137
21138
21173
21174
21175
21176
21177
4809
4825
4826
21212
21213
21214
21215
21216
4842
4843
4844
4860
4861
4862
4863
21251
21252
21253
21254
21255
4879
4880
4881
4882
4883
4899
4900
4901
4902
4903
21290
21291
21292
21293
21294
4920
4921
4922
4923
4924
4942
4943
4944
21329
4945
21330
4946
21331
21332
21333
4965
4966
4967
4968
4969
21368
21369
21370
21371
21372
4989
4990
4991
4992
4993
5014
5015
5016
5017
5018
21407
21408
21409
21410
21411
5040
5041
5042
5043
5044
21446
21447
21448
21449
21450
5067
5068
5069
5070
5071
5095
5096
5097
5098
5099
21485
21486
21487
21488
21489
5124
5125
5126
5127
5128
21524
21525
21526
21527
21528
5154
5155
5156
5157
5158
21564
21565
21566
21567
5227
21619
21620
21621
21622
21623
5243
5244
5260
5261
5262
38036
21657
21658
21659
21660
21661
5278
5279
5280
5281
5297
5298
5299
5300
5301
21696
21697
21698
21699
21700
5317
5318
5319
5320
5321
5338
5339
5340
5341
5342
21735
21736
21737
21738
21739
5360
5361
5362
5363
5364
5383
5384
5385
5386
5387
21774
21775
21776
21777
21778
5407
5408
5409
5410
5411
21813
21814
21815
21816
5432
21817
5433
5434
5435
5436
5458
5459
5460
5461
5462
21852
21853
21854
21855
21856
5485
5486
5487
5488
5489
21891
21892
21893
21894
21895
5513
5514
5515
5516
5517
5542
5543
5544
5545
21930
5546
21931
21932
21933
21934
5572
5573
5574
5575
5576
21969
21970
21971
21972
21973
5603
5604
5605
5606
5607
22008
22009
22010
22011
22012
22047
22048
5664
22049
22050
22051
5680
5681
5697
5698
5699
22086
22087
22088
22089
22090
5715
5716
5717
5718
5734
5735
5736
5737
5738
22125
22126
22127
22128
22129
5754
5755
5756
5757
5758
5775
5776
5777
5778
5779
22164
22165
22166
22167
22168
5797
5798
5799
5800
5801
22203
22204
5820
22205
5821
22206
5822
22207
5823
5824
5844
5845
5846
5847
5848
22242
22243
22244
22245
22246
5869
5870
5871
5872
5873
5895
5896
22281
5897
22282
5898
22283
5899
22284
22285
5922
5923
5924
5925
5926
22321
22322
22323
22324
5950
5951
5952
5953
5954
22361
22362
22363
5979
5980
5981
5982
5983
6009
6010
6011
6012
6013
22416
22417
22418
22419
22420
6040
6041
6042
6043
6044
22455
22456
6072
22457
6073
22458
6074
22459
6075
6076
22494
22495
22496
22497
22498
6120
6136
6137
22533
22534
22535
22536
22537
6153
6154
6155
6171
6172
6173
6174
22572
22573
22574
6190
22575
6191
22576
6192
6193
6194
6210
6211
6212
6213
6214
22611
22612
22613
22614
22615
6231
6232
6233
6234
6235
6253
6254
6255
6256
6257
22650
22651
22652
22653
22654
6276
6277
6278
6279
6280
6300
6301
6302
6303
6304
22689
22690
22691
22692
22693
6325
6326
6327
6328
6329
22728
22729
22730
22731
22732
6351
6352
6353
6354
6355
6378
6379
6380
6381
6382
22767
22768
22769
22770
22771
6406
6407
6408
6409
6410
22806
22807
22808
22809
22810
6435
6436
6437
6438
6439
22845
22846
22847
22848
22849
6465
6466
6467
6468
6469
6496
6497
6498
6499
22884
6500
22885
22886
22887
22888
6528
6529
6530
6531
6532
22923
22924
22925
22926
22927
6561
6562
6563
6564
6565
22962
22963
22964
22965
22966
6595
6611
6612
23001
23002
23003
23004
23005
6628
6629
6630
6646
6647
6648
6649
23040
23041
23042
23043
23044
6665
6666
6667
6668
6669
6685
6686
6687
6688
6689
23080
23081
23082
23083
6706
6707
6708
6709
6710
6728
6729
6730
6731
6732
23120
23121
23122
6751
6752
6753
6754
6755
6775
23160
6776
23161
6777
6778
6779
6800
6801
6802
6803
6804
6826
6827
6828
6829
6830
23215
23216
23217
23218
23219
6853
6854
6855
6856
6857
23254
23255
23256
23257
23258
6881
6882
6883
6884
6885
23293
23294
6910
23295
6911
23296
6912
23297
6913
6914
6940
6941
6942
6943
6944
23332
23333
23334
23335
23336
6971
6972
6973
6974
6975
23371
23372
23373
23374
23375
7003
7004
7005
7006
7007
23410
23411
23412
23413
23414
7036
7037
7038
7039
7040
23449
23450
23451
23452
23453
7070
7071
7072
7073
7074
23488
23489
7105
23490
7106
23491
23492
7122
7123
7124
7140
7141
7142
23527
7143
23528
23529
23530
23531
7159
7160
7161
7162
7163
7179
7180
7181
23566
7182
23567
7183
23568
23569
23570
7200
7201
7202
7203
7204
23605
23606
7222
23607
7223
23608
7224
23609
7225
7226
7245
7246
7247
7248
7249
23644
23645
23646
23647
23648
7269
7270
7271
7272
7273
7294
7295
7296
7297
7298
23683
23684
23685
23686
23687
7320
7321
7322
7323
7324
23722
23723
23724
23725
23726
7347
7348
7349
7350
7351
7375
7376
23761
7377
23762
7378
23763
7379
23764
23765
7404
7405
7406
7407
7408
23800
23801
23802
23803
23804
7434
7435
7436
7437
7438
23840
23841
23842
23843
7465
7466
7467
7468
7469
23880
23881
7497
23882
7498
7499
7500
7501
7530
7531
7532
7533
7534
23920
23921
7564
7565
7566
7567
7568
23960
7599
7600
7601
7602
7603
24014
24015
24016
24017
24018
7635
7636
7637
7653
7654
7655
7656
24053
24054
24055
24056
7672
24057
7673
7674
7675
7676
7692
7693
7694
7695
7696
24092
24093
24094
24095
24096
7713
7714
7715
7716
7717
7735
7736
7737
7738
7739
24131
24132
24133
24134
24135
7758
7759
7760
7761
7762
7782
7783
7784
7785
24170
7786
24171
24172
24173
24174
7807
7808
7809
7810
7811
24209
24210
24211
24212
24213
7833
7834
7835
7836
7837
7860
7861
7862
7863
24248
7864
24249
24250
24251
24252
7888
7889
7890
7891
7892
24287
24288
24289
24290
24291
7917
7918
7919
7920
7921
24326
24327
24328
24329
24330
7947
7948
7949
7950
7951
7978
7979
7980
24365
7981
24366
7982
24367
24368
24369
8010
8011
8012
8013
8014
24404
24405
24406
24407
24408
8043
8044
8045
8046
8047
24443
24444
24445
24446
24447
8077
8078
8079
8080
8081
24482
24483
24484
24485
24486
8112
8113
8114
8115
8116
24521
24522
24523
24524
24525
8148
8149
8150
8151
8152
24560
24561
24562
24563
24564
8185
8186
8187
8188
8204
8205
8206
8207
8208
24600
24601
24602
24603
8224
8225
8226
8227
8228
8245
8246
8247
8248
8249
24640
24641
24642
8267
8268
8269
8270
8271
8290
8291
8292
8293
8294
24680
24681
8314
8315
8316
8317
8318
24720
8339
8340
8341
8342
8343
8365
8366
8367
8368
8369
8392
8393
8394
8395
8396
8420
8421
8422
8423
8424
24813
24814
24815
24816
24817
8449
8450
8451
8452
8453
24852
24853
24854
24855
24856
8479
8480
8481
8482
8483
24891
24892
24893
24894
8510
24895
8511
8512
8513
8514
8542
8543
8544
8545
24930
8546
24931
24932
24933
24934
8575
8576
8577
8578
8579
24969
24970
24971
24972
24973
8609
8610
8611
8612
8613
25008
25009
25010
25011
25012
8644
8645
8646
8647
8648
25047
25048
25049
25050
25051
8680
8681
8682
8683
8684
25086
25087
25088
25089
25090
8717
8718
8719
8720
8721
25125
25126
25127
25128
25129
8755
8756
8757
8758
8759
8775
8776
8777
8778
8779
25164
25165
25166
25167
25168
8796
8797
8798
8799
8800
8818
25203
8819
25204
8820
25205
8821
25206
8822
25207
8841
8842
8843
8844
8845
25242
25243
25244
25245
25246
8865
8866
8867
8868
8869
8890
8891
8892
8893
8894
25281
25282
25283
25284
25285
8916
8917
8918
8919
8920
25320
25321
25322
25323
25324
8943
8944
8945
8946
8947
8971
8972
8973
8974
8975
25360
25361
25362
25363
9000
9001
9002
9003
9004
25400
25401
25402
9030
9031
9032
9033
9034
25440
25441
9061
9062
9063
9064
9065
9093
9094
9095
25480
9096
9097
9126
9127
9128
9129
9130
9160
9161
9162
9163
9164
9195
9196
9197
9198
9199
25612
25613
25614
25615
9231
25616
9232
9233
9234
9235
25651
25652
9268
25653
9269
25654
9270
25655
9271
9272
25690
9306
25691
9307
25692
9308
25693
9309
25694
9310
25729
9345
25730
9346
25731
9347
25732
9348
25733
9349
9366
9367
9368
9369
9370
25768
25769
25770
25771
25772
9388
9389
9390
9391
9392
9411
9412
9413
9414
9415
25807
25808
25809
25810
25811
9435
9436
9437
9438
9439
9460
9461
25846
9462
25847
9463
25848
9464
25849
25850
9486
9487
9488
9489
9490
25885
25886
25887
25888
25889
9513
9514
9515
9516
9517
25924
25925
9541
25926
9542
25927
9543
25928
9544
9545
9570
9571
9572
9573
9574
25963
25964
25965
25966
25967
9600
9601
9602
9603
9604
26002
26003
26004
26005
26006
9631
9632
9633
9634
9635
26041
26042
26043
26044
26045
9663
9664
9665
9666
9667
26080
9696
26081
9697
26082
9698
26083
9699
26084
9700
9730
9731
9732
9733
9734
26120
26121
26122
26123
9765
9766
9767
9768
9769
26160
26161
26162
9801
9802
9803
9804
9805
26200
26201
9838
9839
9840
9841
9842
26240
9876
9877
9878
9879
9880
9915
9916
9917
9918
9919
9955
9956
9957
9958
9959
9977
9978
9979
9980
9981
10000
10001
10002
10003
10004
10024
10025
10026
26411
10027
26412
10028
26413
26414
26415
10049
10050
10051
10052
10053
26450
26451
26452
26453
26454
10075
10076
10077
10078
10079
10102
10103
10104
26489
10105
26490
10106
26491
26492
26493
10130
10131
10132
10133
10134
26528
26529
26530
26531
26532
10159
10160
10161
10162
10163
26567
26568
26569
26570
26571
10189
10190
10191
10192
10193
10220
10221
26606
10222
26607
10223
26608
10224
26609
26610
10252
10253
10254
10255
10256
26645
26646
26647
26648
26649
10285
10286
10287
10288
10289
26684
26685
26686
26687
26688
10319
10320
10321
10322
10323
26723
26724
26725
26726
26727
10354
10355
10356
10357
10358
26762
26763
26764
26765
26766
10390
10391
10392
10393
10394
26801
26802
26803
26804
26805
10427
10428
10429
10430
10431
26840
26841
26842
26843
26844
10465
10466
10467
10468
10469
26880
26881
26882
26883
10504
10505
10506
10507
10508
26920
26921
26922
10543
10544
10545
10546
10547
26960
26961
10584
10585
10586
10587
10588
10607
10608
10609
10610
10611
27000
10631
10632
10633
10634
10635
10656
10657
10658
10659
10660
10682
10683
10684
10685
10686
10709
10710
10711
10712
10713
10737
10738
10739
10740
10741
10766
10767
10768
10769
10770
10796
10797
10798
10799
10800
27210
27211
10827
27212
10828
27213
10829
27214
10830
10831
10859
10860
10861
10862
10863
27249
27250
27251
27252
27253
10892
10893
10894
10895
10896
27288
27289
27290
27291
27292
10926
10927
10928
10929
10930
27327
27328
27329
27330
27331
10961
10962
10963
10964
10965
27366
27367
27368
27369
27370
10997
10998
10999
11000
11001
27405
27406
27407
27408
27409
11034
11035
11036
11037
11038
27444
27445
27446
27447
27448
11072
11073
11074
11075
11076
27483
27484
27485
27486
27487
11111
11112
11113
11114
11115
27522
27523
27524
27525
27526
11150
11151
11152
11153
11154
27561
27562
27563
27564
27565
11189
11190
11191
11192
11193
27600
27601
27602
27603
27604
11231
11232
11233
11234
11235
11255
27640
11256
27641
11257
27642
11258
27643
11259
11280
11281
11282
11283
11284
27680
27681
27682
11306
11307
11308
11309
11310
11333
11334
11335
27720
11336
27721
11337
11361
11362
11363
11364
11365
27760
11390
11391
11392
11393
11394
11420
11421
11422
11423
11424
11451
11452
11453
11454
11455
11483
11484
11485
11486
11487
11516
11517
11518
11519
11520
11550
11551
11552
11553
11554
11585
11586
11587
11588
11589
11621
11622
11623
11624
28009
11625
28010
28011
28012
28013
11658
11659
11660
11661
11662
28048
28049
28050
28051
28052
11696
11697
11698
11699
11700
28087
28088
28089
28090
28091
11735
11736
11737
11738
11739
28126
28127
28128
28129
28130
11774
11775
11776
11777
11778
28165
28166
28167
28168
28169
11813
11814
11815
11816
11817
28204
28205
28206
28207
28208
11852
11853
11854
11855
11856
28243
28244
28245
28246
28247
11895
11896
11897
28282
11898
28283
11899
28284
28285
28286
11920
11921
11922
11923
11924
28321
28322
28323
28324
28325
11946
11947
11948
11949
11950
11973
11974
11975
28360
11976
28361
11977
28362
28363
28364
12001
12002
12003
12004
12005
28400
28401
28402
28403
12030
12031
12032
12033
12034
28440
28441
28442
12060
12061
12062
12063
12064
12091
12092
12093
12094
12095
28480
28481
12123
12124
12125
12126
12127
28520
12156
12157
12158
12159
12160
12190
12191
12192
12193
12194
12225
12226
12227
12228
12229
12261
12262
12263
12264
12265
12298
12299
12300
12301
12302
12336
12337
12338
12339
12340
12375
12376
12377
12378
12379
12414
12415
12416
12417
12418
28808
28809
28810
28811
28812
12453
12454
12455
12456
12457
28847
28848
28849
28850
28851
12492
12493
12494
12495
12496
28886
28887
28888
28889
28890
12531
12532
12533
12534
12535
28925
28926
28927
28928
28929
12575
12576
12577
12578
12579
28964
28965
28966
28967
28968
12601
12602
12603
12604
12605
29003
29004
29005
29006
29007
12628
12629
12630
12631
12632
12656
12657
29042
12658
29043
12659
29044
12660
29045
29046
12685
12686
12687
12688
12689
29081
29082
29083
29084
29085
12715
12716
12717
12718
12719
29120
29121
29122
29123
29124
12746
12747
12748
12749
12750
29160
29161
29162
12778
29163
12779
12780
12781
12782
12811
12812
12813
12814
12815
29200
29201
29202
12845
12846
12847
12848
12849
29240
29241
12880
12881
12882
12883
12884
29280
12916
12917
12918
12919
12920
12953
12954
12955
12956
12957
12991
12992
12993
12994
12995
13030
13031
13032
13033
13034
13069
13070
13071
13072
13073
13108
13109
13110
13111
13112
13147
13148
13149
13150
13151
13186
13187
13188
13189
13190
29606
29607
29608
29609
13225
29610
13226
13227
13228
13229
29645
29646
29647
29648
29649
13270
13271
13272
13273
13274
13297
13298
13299
29684
13300
29685
13301
29686
29687
29688
13325
13326
13327
13328
13329
29723
29724
29725
29726
29727
13354
13355
13356
13357
13358
29762
29763
29764
29765
29766
13384
13385
13386
13387
13388
13415
13416
29801
13417
29802
13418
29803
13419
29804
29805
13447
13448
13449
13450
13451
29840
29841
29842
29843
29844
13480
13481
13482
13483
13484
29879
29880
29881
29882
29883
13514
13515
13516
13517
13518
29919
29920
29921
29922
13549
13550
13551
13552
13553
29959
29960
29961
13585
13586
13587
13588
13589
29999
30000
13622
13623
13624
13625
13626
30039
13660
13661
13662
13663
13664
13699
13700
13701
13702
13703
13738
13739
13740
13741
13742
13777
13778
13779
13780
13781
13816
13817
13818
13819
13820
13855
13856
13857
13858
13859
13894
13895
13896
13897
13898
13933
13934
13935
13936
13937
13979
13980
13981
13982
13983
14007
14008
14009
14010
14011
30402
30403
30404
30405
30406
14036
14037
14038
14039
14040
30441
30442
30443
30444
30445
14066
14067
14068
14069
14070
30480
30481
14097
30482
14098
30483
14099
30484
14100
14101
14129
14130
14131
14132
14133
30519
30520
30521
30522
30523
14162
14163
14164
14165
14166
30558
30559
30560
30561
30562
14196
14197
14198
14199
14200
30597
30598
30599
30600
30601
14231
14232
14233
14234
14235
30636
30637
30638
30639
30640
14267
14268
14269
14270
14271
30676
30677
30678
30679
14304
14305
14306
14307
14308
30716
30717
30718
14342
14343
14344
14345
14346
30756
30757
14381
14382
14383
14384
14385
30796
14420
14421
14422
14423
14424
14459
14460
14461
14462
14463
14498
14499
14500
14501
14502
14537
14538
14539
14540
14541
14576
14577
14578
14579
14580
14615
14616
14617
14618
14619
14654
14655
14656
14657
14658
14701
14702
14703
14704
14705
14730
14731
14732
14733
14734
14760
14761
14762
14763
14764
14791
14792
14793
14794
14795
31195
31196
31197
31198
31199
14823
14824
14825
14826
14827
31234
31235
31236
31237
31238
14856
14857
14858
14859
14860
31273
31274
14890
31275
14891
31276
14892
31277
14893
14894
14925
14926
14927
31312
14928
31313
14929
31314
31315
31316
14961
14962
14963
14964
14965
31351
31352
31353
31354
31355
14998
14999
15000
15001
15002
31390
31391
31392
31393
31394
15036
15037
15038
15039
15040
31430
31431
31432
31433
15075
15076
15077
15078
15079
31470
31471
31472
15114
15115
15116
15117
15118
31510
31511
15153
15154
15155
15156
15157
31550
15192
15193
15194
15195
15196
15231
15232
15233
15234
15235
15270
15271
15272
15273
15274
15309
15310
15311
15312
15313
15348
15349
15350
15351
15352
15387
15388
15389
15390
15391
15435
15436
15437
15438
15439
15465
15466
15467
15468
15469
15496
15497
15498
15499
15500
15528
15529
15530
15531
15532
15561
15562
15563
15564
15565
15595
15596
15597
15598
15599
31984
31985
31986
31987
31988
15630
15631
15632
15633
15634
32023
32024
32025
32026
32027
15666
15667
15668
15669
15670
32062
32063
32064
32065
32066
15703
15704
15705
15706
15707
32101
32102
32103
32104
32105
15741
15742
15743
15744
15745
32140
32141
32142
32143
32144
15780
15781
15782
15783
15784
32180
32181
32182
32183
15819
15820
15821
15822
15823
32220
32221
32222
15858
15859
15860
15861
15862
32260
32261
15897
15898
15899
15900
15901
32300
15936
15937
15938
15939
15940
15975
15976
15977
15978
15979
16014
16015
16016
16017
16018
16053
16054
16055
16056
16057
16092
16093
16094
16095
16096
16131
16132
16133
16134
16135
16180
16181
16182
16183
16184
16211
16212
16213
16214
16215
16243
16244
16245
16246
16247
16276
16277
16278
16279
16280
16310
16311
16312
16313
16314
16345
16346
16347
16348
16349
16381
16382
16383
)


// ************************************************************************* //
