/*--------------------------------*- C++ -*----------------------------------*\
| =========                 |                                                 |
| \\      /  F ield         | OpenFOAM: The Open Source CFD Toolbox           |
|  \\    /   O peration     | Version:  2306                                  |
|   \\  /    A nd           | Website:  www.openfoam.com                      |
|    \\/     M anipulation  |                                                 |
\*---------------------------------------------------------------------------*/
FoamFile
{
    version     2.0;
    format      ascii;
    arch        "LSB;label=32;scalar=64";
    class       cellSet;
    location    "constant/polyMesh/sets";
    object      phiI;
}
// * * * * * * * * * * * * * * * * * * * * * * * * * * * * * * * * * * * * * //


12000
(
32778
32779
32780
32781
32782
32783
32784
32785
32786
32787
32788
32789
32790
32791
32792
32817
32818
32819
32820
32821
32822
32823
32824
32825
32826
32827
32828
32829
32830
32831
32856
32857
32858
32859
32860
32861
32862
32863
32864
32865
32866
32867
32868
32869
32870
32895
32896
32897
32898
32899
32900
32901
32902
32903
32904
32905
32906
32907
32908
32909
32934
32935
32936
32937
32938
32939
32940
32941
32942
32943
32944
32945
32946
32947
32948
32973
32974
32975
32976
32977
32978
32979
32980
32981
32982
32983
32984
32985
32986
32987
33012
33013
33014
33015
33016
33017
33018
33019
33020
33021
33022
33023
33024
33025
33026
33051
33052
33053
33054
33055
33056
33057
33058
33059
33060
33061
33062
33063
33064
33065
33090
33091
33092
33093
33094
33095
33096
33097
33098
33099
33100
33101
33102
33103
33104
33129
33130
33131
33132
33133
33134
33135
33136
33137
33138
33139
33140
33141
33142
33143
33168
33169
33170
33171
33172
33173
33174
33175
33176
33177
33178
33179
33180
33181
33182
33207
33208
33209
33210
33211
33212
33213
33214
33215
33216
33217
33218
33219
33220
33221
33246
33247
33248
33249
33250
33251
33252
33253
33254
33255
33256
33257
33258
33259
33260
33285
33286
33287
33288
33289
33290
33291
33292
33293
33294
33295
33296
33297
33298
33299
33325
33326
33327
33328
33329
33330
33331
33332
33333
33334
33335
33336
33337
33338
33364
33365
33366
33367
33368
33369
33370
33371
33372
33373
33374
33375
33376
33402
33403
33404
33405
33406
33407
33408
33409
33410
33411
33412
33413
33439
33440
33441
33442
33443
33444
33445
33446
33447
33448
33449
33475
33476
33477
33478
33479
33480
33481
33482
33483
33484
33510
33511
33512
33513
33514
33515
33516
33517
33518
33556
33557
33558
33559
33560
33561
33562
33563
33564
33565
33566
33567
33568
33569
33570
33595
33596
33597
33598
33599
33600
33601
33602
33603
33604
33605
33606
33607
33608
33609
33634
33635
33636
33637
33638
33639
33640
33641
33642
33643
33644
33645
33646
33647
33648
33673
33674
33675
33676
33677
33678
33679
33680
33681
33682
33683
33684
33685
33686
33687
33712
33713
33714
33715
33716
33717
33718
33719
33720
33721
33722
33723
33724
33725
33726
33751
33752
33753
33754
33755
33756
33757
33758
33759
33760
33761
33762
33763
33764
33765
33790
33791
33792
33793
33794
33795
33796
33797
33798
33799
33800
33801
33802
33803
33804
33829
33830
33831
33832
33833
33834
33835
33836
33837
33838
33839
33840
33841
33842
33843
33868
33869
33870
33871
33872
33873
33874
33875
33876
33877
33878
33879
33880
33881
33882
33907
33908
33909
33910
33911
33912
33913
33914
33915
33916
33917
33918
33919
33920
33921
33946
33947
33948
33949
33950
33951
33952
33953
33954
33955
33956
33957
33958
33959
33960
33985
33986
33987
33988
33989
33990
33991
33992
33993
33994
33995
33996
33997
33998
33999
34024
34025
34026
34027
34028
34029
34030
34031
34032
34033
34034
34035
34036
34037
34038
34064
34065
34066
34067
34068
34069
34070
34071
34072
34073
34074
34075
34076
34077
34103
34104
34105
34106
34107
34108
34109
34110
34111
34112
34113
34114
34115
34141
34142
34143
34144
34145
34146
34147
34148
34149
34150
34151
34152
34178
34179
34180
34181
34182
34183
34184
34185
34186
34187
34188
34214
34215
34216
34217
34218
34219
34220
34221
34222
34223
34249
34250
34251
34252
34253
34254
34255
34256
34257
34283
34284
34285
34286
34287
34288
34289
34290
34327
34328
34329
34330
34331
34332
34333
34334
34335
34336
34337
34338
34339
34340
34341
34366
34367
34368
34369
34370
34371
34372
34373
34374
34375
34376
34377
34378
34379
34380
34405
34406
34407
34408
34409
34410
34411
34412
34413
34414
34415
34416
34417
34418
34419
34444
34445
34446
34447
34448
34449
34450
34451
34452
34453
34454
34455
34456
34457
34458
34483
34484
34485
34486
34487
34488
34489
34490
34491
34492
34493
34494
34495
34496
34497
34522
34523
34524
34525
34526
34527
34528
34529
34530
34531
34532
34533
34534
34535
34536
34561
34562
34563
34564
34565
34566
34567
34568
34569
34570
34571
34572
34573
34574
34575
34600
34601
34602
34603
34604
34605
34606
34607
34608
34609
34610
34611
34612
34613
34614
34639
34640
34641
34642
34643
34644
34645
34646
34647
34648
34649
34650
34651
34652
34653
34678
34679
34680
34681
34682
34683
34684
34685
34686
34687
34688
34689
34690
34691
34692
34717
34718
34719
34720
34721
34722
34723
34724
34725
34726
34727
34728
34729
34730
34731
34756
34757
34758
34759
34760
34761
34762
34763
34764
34765
34766
34767
34768
34769
34770
34796
34797
34798
34799
34800
34801
34802
34803
34804
34805
34806
34807
34808
34809
34835
34836
34837
34838
34839
34840
34841
34842
34843
34844
34845
34846
34847
34873
34874
34875
34876
34877
34878
34879
34880
34881
34882
34883
34884
34910
34911
34912
34913
34914
34915
34916
34917
34918
34919
34920
34946
34947
34948
34949
34950
34951
34952
34953
34954
34955
34981
34982
34983
34984
34985
34986
34987
34988
34989
35015
35016
35017
35018
35019
35020
35021
35022
35048
35049
35050
35051
35052
35053
35054
35090
35091
35092
35093
35094
35095
35096
35097
35098
35099
35100
35101
35102
35103
35104
35129
35130
35131
35132
35133
35134
35135
35136
35137
35138
35139
35140
35141
35142
35143
35168
35169
35170
35171
35172
35173
35174
35175
35176
35177
35178
35179
35180
35181
35182
35207
35208
35209
35210
35211
35212
35213
35214
35215
35216
35217
35218
35219
35220
35221
35246
35247
35248
35249
35250
35251
35252
35253
35254
35255
35256
35257
35258
35259
35260
35285
35286
35287
35288
35289
35290
35291
35292
35293
35294
35295
35296
35297
35298
35299
35324
35325
35326
35327
35328
35329
35330
35331
35332
35333
35334
35335
35336
35337
35338
35363
35364
35365
35366
35367
35368
35369
35370
35371
35372
35373
35374
35375
35376
35377
35402
35403
35404
35405
35406
35407
35408
35409
35410
35411
35412
35413
35414
35415
35416
35441
35442
35443
35444
35445
35446
35447
35448
35449
35450
35451
35452
35453
35454
35455
35480
35481
35482
35483
35484
35485
35486
35487
35488
35489
35490
35491
35492
35493
35494
35520
35521
35522
35523
35524
35525
35526
35527
35528
35529
35530
35531
35532
35533
35559
35560
35561
35562
35563
35564
35565
35566
35567
35568
35569
35570
35571
35597
35598
35599
35600
35601
35602
35603
35604
35605
35606
35607
35608
35634
35635
35636
35637
35638
35639
35640
35641
35642
35643
35644
35670
35671
35672
35673
35674
35675
35676
35677
35678
35679
35705
35706
35707
35708
35709
35710
35711
35712
35713
35739
35740
35741
35742
35743
35744
35745
35746
35772
35773
35774
35775
35776
35777
35778
35804
35805
35806
35807
35808
35809
35844
35845
35846
35847
35848
35849
35850
35851
35852
35853
35854
35855
35856
35857
35858
35883
35884
35885
35886
35887
35888
35889
35890
35891
35892
35893
35894
35895
35896
35897
35922
35923
35924
35925
35926
35927
35928
35929
35930
35931
35932
35933
35934
35935
35936
35961
35962
35963
35964
35965
35966
35967
35968
35969
35970
35971
35972
35973
35974
35975
3219
36000
36001
36002
36003
36004
36005
36006
36007
36008
36009
36010
36011
36012
36013
36014
36039
36040
36041
36042
36043
36044
36045
36046
36047
36048
36049
36050
36051
36052
36053
36078
36079
36080
36081
36082
36083
36084
36085
36086
36087
36088
36089
36090
36091
36092
36117
36118
36119
36120
36121
36122
36123
36124
36125
36126
36127
36128
36129
36130
36131
36156
36157
36158
36159
36160
36161
36162
36163
36164
36165
36166
36167
36168
36169
36170
36195
36196
36197
36198
36199
36200
36201
36202
36203
36204
36205
36206
36207
36208
36209
36235
36236
36237
36238
36239
36240
36241
36242
36243
36244
36245
36246
36247
36248
36274
36275
36276
36277
36278
36279
36280
36281
36282
36283
36284
36285
36286
3542
36312
36313
36314
36315
36316
36317
36318
36319
36320
36321
36322
36323
3568
3569
36349
36350
36351
36352
36353
36354
36355
36356
36357
36358
36359
36385
36386
36387
36388
36389
36390
36391
36392
36393
36394
36420
36421
36422
36423
36424
36425
36426
36427
36428
36454
36455
36456
36457
36458
36459
36460
36461
36487
36488
36489
36490
36491
36492
36493
36519
36520
36521
36522
36523
36524
36550
36551
36552
36553
36554
36588
36589
36590
36591
36592
36593
36594
36595
36596
36597
36598
36599
36600
36601
36602
36627
36628
36629
36630
36631
36632
36633
36634
36635
36636
36637
36638
36639
36640
36641
3884
36666
36667
36668
36669
36670
36671
36672
36673
36674
36675
36676
36677
36678
3910
36679
3911
36680
36705
3937
36706
3938
36707
3939
36708
36709
36710
36711
36712
36713
36714
36715
36716
36717
36718
36719
36744
36745
36746
36747
36748
36749
36750
36751
36752
36753
36754
36755
36756
36757
36758
36783
36784
36785
36786
36787
36788
36789
36790
36791
36792
36793
36794
36795
36796
36797
36822
36823
36824
36825
36826
36827
36828
36829
36830
36831
36832
36833
36834
36835
36836
36861
36862
36863
36864
36865
36866
36867
36868
36869
36870
36871
36872
36873
36874
36875
36900
36901
36902
36903
36904
36905
36906
36907
36908
36909
36910
36911
36912
36913
36914
36940
36941
36942
36943
36944
36945
36946
36947
36948
36949
36950
36951
36952
36953
36979
36980
36981
36982
36983
36984
36985
36986
36987
36988
36989
36990
36991
4245
37017
37018
37019
37020
37021
37022
37023
37024
37025
37026
37027
37028
4271
4272
37054
37055
37056
37057
37058
37059
37060
37061
37062
37063
37064
4298
4299
4300
37090
37091
37092
37093
37094
4326
37095
4327
37096
4328
37097
4329
37098
37099
37125
37126
37127
37128
37129
37130
37131
37132
37133
37159
37160
37161
37162
37163
37164
37165
37166
37192
37193
37194
37195
37196
37197
37198
37224
37225
37226
37227
37228
37229
37255
37256
37257
37258
37259
37285
37286
37287
37288
37321
37322
37323
37324
37325
37326
37327
37328
37329
37330
37331
37332
37333
37334
37335
37360
37361
37362
37363
37364
37365
37366
37367
37368
37369
37370
37371
37372
37373
37374
4625
37399
37400
37401
37402
37403
37404
37405
37406
37407
37408
37409
37410
37411
37412
37413
4651
4652
37438
37439
37440
37441
37442
37443
37444
37445
37446
4678
37447
4679
37448
4680
37449
37450
37451
37452
4706
4707
4708
37477
4709
37478
37479
37480
37481
37482
37483
37484
37485
37486
37487
37488
37489
37490
37491
4735
4736
4737
4738
4739
37516
37517
37518
37519
37520
37521
37522
37523
37524
37525
37526
37527
37528
37529
37530
37555
37556
37557
37558
37559
37560
37561
37562
37563
37564
37565
37566
37567
37568
37569
37594
37595
37596
37597
37598
37599
37600
37601
37602
37603
37604
37605
37606
37607
37608
37634
37635
37636
37637
37638
37639
37640
37641
37642
37643
37644
37645
37646
37647
37673
37674
37675
37676
37677
37678
37679
37680
37681
37682
37683
37684
37685
37711
37712
37713
37714
37715
37716
37717
37718
37719
37720
37721
37722
37748
37749
37750
37751
37752
37753
37754
37755
37756
37757
37758
37784
37785
37786
37787
37788
37789
37790
37791
37792
5024
37793
5050
37819
5051
37820
37821
37822
37823
37824
37825
37826
37827
5077
5078
5079
37853
37854
37855
37856
37857
37858
37859
37860
5105
5106
5107
5108
37886
37887
37888
37889
37890
37891
37892
5134
5135
5136
5137
5138
37918
37919
37920
37921
37922
37923
5164
5165
5166
5167
5168
5169
37949
37950
37951
37952
37953
37979
37980
37981
37982
38008
38009
38010
38042
38043
38044
38045
38046
38047
38048
38049
38050
38051
38052
38053
38054
38055
38056
38081
38082
38083
38084
38085
38086
38087
38088
38089
38090
38091
38092
38093
38094
38095
38120
38121
38122
38123
38124
38125
38126
38127
38128
38129
38130
38131
38132
38133
38134
38159
38160
38161
38162
38163
38164
38165
38166
38167
38168
38169
38170
38171
38172
38173
38198
38199
38200
38201
38202
38203
38204
38205
38206
38207
38208
38209
38210
5442
38211
38212
5468
38237
5469
38238
38239
38240
38241
38242
38243
38244
38245
38246
38247
38248
38249
38250
38251
5495
5496
5497
38276
38277
38278
38279
38280
38281
38282
38283
38284
38285
38286
38287
38288
38289
38290
5523
5524
5525
5526
38316
38317
38318
38319
38320
5552
38321
5553
38322
5554
38323
5555
38324
5556
38325
38326
38327
38328
38329
5582
5583
5584
5585
5586
38355
5587
38356
38357
38358
38359
38360
38361
38362
38363
38364
38365
38366
38367
5613
5614
5615
5616
5617
5618
5619
38393
38394
38395
38396
38397
38398
38399
38400
38401
38402
38403
38404
38430
38431
38432
38433
38434
38435
38436
38437
38438
38439
38440
38466
38467
38468
38469
38470
38471
38472
38473
38474
38475
38501
38502
38503
38504
38505
38506
38507
38508
38509
38535
38536
38537
38538
38539
38540
38541
38542
38568
38569
38570
38571
38572
38573
38574
38600
38601
38602
38603
38604
38605
38631
38632
38633
38634
38635
5879
38661
38662
38663
38664
5905
5906
38690
38691
38692
5932
5933
5934
38718
38719
5960
5961
5962
5963
38750
38751
38752
38753
38754
38755
38756
38757
5989
38758
5990
38759
5991
38760
5992
38761
5993
38762
38763
38764
6019
6020
38789
6021
38790
6022
38791
6023
38792
6024
38793
38794
38795
38796
38797
38798
38799
38800
38801
38802
38803
6050
6051
6052
6053
6054
6055
6056
38828
38829
38830
38831
38832
38833
38834
38835
38836
38837
38838
38839
38840
38841
38842
6082
6083
6084
6085
6086
6087
6088
6089
38867
38868
38869
38870
38871
38872
38873
38874
38875
38876
38877
38878
38879
38880
38881
38906
38907
38908
38909
38910
38911
38912
38913
38914
38915
38916
38917
38918
38919
38920
38945
38946
38947
38948
38949
38950
38951
38952
38953
38954
38955
38956
38957
38958
38959
38985
38986
38987
38988
38989
38990
38991
38992
38993
38994
38995
38996
38997
38998
39024
39025
39026
39027
39028
39029
39030
39031
39032
39033
39034
39035
39036
39062
39063
39064
39065
39066
39067
39068
39069
39070
39071
39072
39073
39099
39100
39101
39102
39103
6335
39104
39105
39106
39107
39108
39109
6361
6362
39135
39136
39137
39138
39139
39140
39141
39142
39143
39144
6388
6389
6390
39170
39171
39172
39173
39174
39175
39176
39177
39178
6416
6417
6418
6419
39204
39205
39206
39207
39208
39209
39210
39211
6445
6446
6447
6448
6449
39237
39238
39239
39240
39241
39242
39243
6475
6476
6477
6478
6479
6480
39269
39270
39271
39272
39273
39274
6506
6507
6508
6509
6510
6511
6512
39300
39301
39302
39303
39304
6538
6539
6540
6541
6542
6543
6544
6545
39330
39331
39332
39333
6571
6572
6573
6574
6575
6576
6577
6578
6579
39359
39360
39361
39387
39388
39414
39444
39445
39446
39447
39448
39449
39450
39451
39452
39453
39454
39455
39456
39457
39458
39483
39484
39485
39486
39487
39488
39489
39490
39491
39492
39493
39494
39495
39496
39497
39522
39523
39524
39525
39526
39527
39528
39529
39530
39531
39532
39533
39534
39535
39536
39561
39562
39563
39564
39565
39566
39567
39568
39569
39570
39571
39572
39573
39574
39575
6810
39600
39601
39602
39603
39604
6836
39605
6837
39606
39607
39608
39609
39610
39611
39612
39613
39614
6863
6864
6865
39640
39641
39642
39643
39644
39645
39646
39647
39648
39649
39650
39651
39652
39653
6891
6892
6893
6894
39679
39680
39681
39682
39683
39684
39685
39686
39687
39688
6920
39689
6921
39690
6922
39691
6923
6924
39717
39718
6950
39719
6951
39720
6952
39721
6953
39722
6954
39723
6955
39724
39725
39726
39727
39728
6981
6982
6983
6984
6985
39754
6986
39755
6987
39756
39757
39758
39759
39760
39761
39762
39763
39764
7013
7014
7015
7016
7017
7018
7019
7020
39790
39791
39792
39793
39794
39795
39796
39797
39798
39799
7046
7047
7048
7049
7050
7051
7052
7053
7054
39825
39826
39827
39828
39829
39830
39831
39832
39833
7080
7081
7082
7083
7084
7085
7086
7087
7088
7089
39859
39860
39861
39862
39863
39864
39865
39866
39892
39893
39894
39895
39896
39897
39898
39924
39925
39926
39927
39928
39929
39955
39956
39957
39958
39959
39985
39986
39987
39988
40014
40015
40016
40042
40043
40069
7304
7330
7331
40123
40124
40125
7357
40126
7358
40127
7359
40128
40129
40130
40131
40132
40133
40134
40135
40136
40137
7385
7386
7387
7388
40162
40163
40164
40165
40166
40167
40168
40169
40170
40171
40172
40173
40174
40175
40176
7414
7415
7416
7417
7418
40201
40202
40203
40204
40205
40206
40207
40208
40209
40210
40211
40212
7444
40213
7445
40214
7446
40215
7447
7448
7449
40240
40241
40242
40243
7475
40244
7476
40245
7477
40246
7478
40247
7479
40248
7480
40249
7481
40250
40251
40252
40253
40254
7507
7508
7509
7510
7511
40280
7512
40281
7513
40282
7514
40283
40284
40285
40286
40287
40288
40289
40290
40291
40292
40293
7540
7541
7542
7543
7544
7545
7546
7547
7548
40319
40320
40321
40322
40323
40324
40325
40326
40327
40328
40329
40330
40331
7574
7575
7576
7577
7578
7579
7580
7581
7582
7583
40357
40358
40359
40360
40361
40362
40363
40364
40365
40366
40367
40368
7609
7610
7611
7612
7613
7614
7615
7616
7617
7618
7619
40394
40395
40396
40397
40398
40399
40400
40401
40402
40403
40404
40430
40431
40432
40433
40434
40435
40436
40437
40438
40439
40465
40466
40467
40468
40469
40470
40471
40472
40473
40499
40500
40501
40502
40503
40504
40505
40506
40532
40533
40534
40535
40536
40537
40538
40564
40565
40566
40567
40568
40569
7817
40595
40596
40597
40598
40599
7843
7844
40625
40626
40627
40628
7870
7871
7872
40654
40655
40656
7898
7899
7900
7901
40682
40683
7927
7928
7929
7930
7931
40709
7957
7958
7959
7960
7961
7962
7988
7989
7990
7991
7992
7993
7994
40786
40787
40788
8020
40789
8021
40790
8022
40791
8023
40792
8024
40793
8025
40794
8026
40795
8027
40796
40797
40798
40799
40800
8053
8054
8055
8056
40825
8057
40826
8058
40827
8059
40828
8060
40829
8061
40830
40831
40832
40833
40834
40835
40836
40837
40838
40839
8087
8088
8089
8090
8091
8092
8093
8094
8095
40864
8096
40865
40866
40867
40868
40869
40870
40871
40872
40873
40874
40875
40876
40877
40878
8122
8123
8124
8125
8126
8127
8128
8129
8130
8131
8132
40904
40905
40906
40907
40908
40909
40910
40911
40912
40913
40914
40915
40916
40917
8158
8159
8160
8161
8162
8163
8164
8165
8166
8167
8168
8169
40943
40944
40945
40946
40947
40948
40949
40950
40951
40952
40953
40954
40955
40981
40982
40983
40984
40985
40986
40987
40988
40989
40990
40991
40992
41018
41019
41020
41021
41022
41023
41024
41025
41026
41027
41028
41054
41055
41056
41057
41058
41059
41060
41061
41062
41063
41089
41090
41091
41092
41093
41094
41095
41096
41097
8349
41123
41124
41125
41126
41127
41128
41129
41130
8375
8376
41156
41157
41158
41159
41160
41161
41162
8402
8403
8404
41188
41189
41190
41191
41192
41193
8430
8431
8432
8433
41219
41220
41221
41222
41223
8459
8460
8461
8462
8463
41249
41250
41251
41252
8489
8490
8491
8492
8493
8494
41278
41279
41280
8520
8521
8522
8523
8524
8525
8526
41306
41307
8552
8553
8554
8555
8556
8557
8558
8559
41333
8585
8586
8587
8588
8589
8590
8591
8592
8593
8619
8620
8621
8622
8623
8624
8625
8626
8627
8628
8654
8655
8656
8657
8658
8659
8660
8661
8662
8663
41432
8664
41433
41434
41435
41436
41437
41438
41439
41440
41441
41442
41443
41444
41445
41446
8690
8691
8692
8693
8694
8695
8696
8697
8698
8699
8700
8701
41471
41472
41473
41474
41475
41476
41477
41478
41479
41480
41481
41482
41483
41484
41485
8727
8728
8729
8730
8731
8732
8733
8734
8735
8736
8737
8738
8739
41511
41512
41513
41514
41515
41516
41517
41518
41519
41520
41521
41522
41523
41524
41550
41551
41552
41553
41554
41555
41556
41557
41558
41559
41560
41561
41562
41588
41589
41590
41591
41592
41593
41594
41595
41596
41597
41598
41599
41625
41626
41627
41628
41629
41630
41631
41632
41633
41634
41635
41661
41662
41663
41664
41665
41666
41667
41668
8900
41669
41670
8926
8927
41696
41697
41698
41699
41700
41701
41702
41703
41704
8953
8954
8955
41730
41731
41732
41733
41734
41735
41736
41737
8981
8982
8983
8984
41763
41764
41765
41766
41767
41768
41769
9010
9011
9012
9013
9014
41795
41796
41797
41798
41799
41800
9040
9041
9042
9043
9044
9045
41826
41827
41828
41829
41830
9071
9072
9073
9074
9075
9076
9077
41856
41857
41858
41859
9103
9104
9105
9106
9107
9108
9109
9110
41885
41886
41887
9136
9137
9138
9139
9140
9141
9142
9143
9144
41913
41914
9170
9171
41940
9172
9173
9174
9175
9176
9177
9178
9179
9205
9206
9207
9208
9209
9210
9211
9212
9213
9214
9215
9241
9242
9243
9244
9245
9246
9247
9248
9249
9250
9251
9252
9278
9279
9280
9281
9282
9283
9284
9285
9286
9287
9288
9289
9290
42060
42061
42062
42063
42064
42065
42066
42067
42068
42069
42070
42071
42072
42073
42074
9316
9317
9318
9319
9320
9321
9322
9323
9324
9325
9326
9327
9328
9329
42100
42101
42102
42103
42104
42105
42106
42107
42108
42109
42110
42111
42112
42113
42139
42140
42141
42142
42143
42144
42145
42146
42147
42148
42149
42150
42151
42177
42178
42179
42180
42181
42182
42183
42184
42185
42186
42187
42188
42214
42215
42216
42217
42218
42219
42220
42221
42222
42223
42224
9470
42250
42251
42252
42253
42254
42255
42256
42257
42258
42259
9496
9497
42285
42286
42287
42288
42289
42290
42291
9523
42292
9524
42293
9525
42319
9551
42320
9552
42321
9553
42322
9554
42323
42324
42325
42326
9580
9581
9582
9583
42352
9584
42353
42354
42355
42356
42357
42358
9610
9611
9612
9613
9614
9615
42384
42385
42386
42387
42388
42389
9641
9642
9643
9644
9645
9646
42415
9647
42416
42417
42418
42419
9673
9674
9675
9676
42445
9677
42446
9678
42447
9679
42448
9680
42474
9706
42475
9707
42476
9708
9709
9710
9711
9712
9713
9714
42502
42503
9740
9741
9742
9743
9744
9745
9746
9747
9748
9749
42529
9775
9776
9777
9778
9779
9780
9781
9782
9783
9784
9785
9811
9812
9813
9814
9815
9816
9817
9818
9819
9820
9821
9822
9848
9849
9850
9851
9852
9853
9854
9855
9856
9857
9858
9859
9860
9886
9887
9888
9889
9890
9891
9892
9893
9894
9895
9896
9897
9898
9899
42670
42671
42672
42673
42674
42675
42676
42677
42678
42679
42680
42681
42682
42683
9925
9926
9927
9928
9929
9930
9931
9932
9933
9934
9935
9936
9937
9938
9939
42709
42710
42711
42712
42713
42714
42715
42716
42717
42718
42719
42720
42721
42747
42748
42749
42750
42751
42752
42753
42754
42755
42756
42757
42758
42784
42785
42786
42787
42788
42789
42790
42791
42792
42793
42794
42820
42821
42822
42823
42824
42825
42826
42827
10059
42828
42829
10085
10086
42855
42856
42857
42858
42859
42860
42861
42862
42863
10112
10113
10114
42889
42890
42891
42892
42893
42894
42895
42896
10140
10141
10142
10143
42922
42923
42924
42925
42926
42927
42928
10169
10170
10171
10172
10173
42954
42955
42956
42957
42958
42959
10199
10200
10201
10202
10203
10204
42985
42986
42987
42988
42989
10230
10231
10232
10233
10234
10235
10236
43015
43016
43017
43018
10262
10263
10264
10265
10266
10267
10268
10269
43044
43045
43046
10295
10296
10297
10298
10299
10300
10301
10302
10303
43072
43073
10329
10330
43099
10331
10332
10333
10334
10335
10336
10337
10338
10364
10365
10366
10367
10368
10369
10370
10371
10372
10373
10374
10400
10401
10402
10403
10404
10405
10406
10407
10408
10409
10410
10411
10437
10438
10439
10440
10441
10442
10443
10444
10445
10446
10447
10448
10449
10475
10476
10477
10478
10479
10480
10481
10482
10483
10484
10485
10486
10487
10488
43260
43261
43262
43263
43264
43265
43266
43267
43268
43269
43270
43271
43272
10514
10515
10516
10517
10518
10519
10520
10521
10522
10523
10524
10525
10526
10527
10528
43298
43299
43300
43301
43302
43303
43304
43305
43306
43307
43308
43309
10553
10554
10555
10556
10557
10558
10559
10560
10561
10562
10563
10564
10565
10566
43335
10567
43336
43337
43338
43339
43340
43341
43342
43343
43344
43345
43371
43372
43373
43374
43375
43376
43377
43378
43379
43380
43406
43407
43408
43409
43410
43411
43412
43413
43414
10666
43440
43441
43442
43443
43444
43445
43446
43447
10692
10693
43473
43474
43475
43476
43477
43478
43479
10719
10720
10721
43505
43506
43507
43508
43509
43510
10747
10748
10749
10750
43536
43537
43538
43539
43540
10776
10777
10778
10779
10780
43566
43567
43568
43569
10806
10807
10808
10809
10810
10811
43595
43596
43597
10837
10838
10839
10840
10841
10842
10843
43623
43624
10869
10870
10871
10872
10873
10874
10875
10876
43650
10902
10903
10904
10905
10906
10907
10908
10909
10910
10936
10937
10938
10939
10940
10941
10942
10943
10944
10945
10971
10972
10973
10974
10975
10976
10977
10978
10979
10980
10981
11007
11008
11009
11010
11011
11012
11013
11014
11015
11016
11017
11018
11044
11045
11046
11047
11048
11049
11050
11051
11052
11053
11054
11055
11056
43830
43831
43832
43833
43834
43835
43836
43837
43838
43839
43840
43841
11082
11083
11084
11085
11086
11087
11088
11089
11090
11091
11092
11093
11094
11095
43867
43868
43869
43870
43871
43872
43873
43874
43875
43876
43877
11121
11122
11123
11124
11125
11126
11127
11128
11129
11130
11131
11132
11133
11134
43903
11135
43904
43905
43906
43907
43908
43909
43910
43911
43912
11160
11161
11162
11163
11164
11165
11166
11167
11168
11169
43938
11170
43939
11171
43940
11172
43941
11173
43942
11174
43943
43944
43945
43946
11199
11200
11201
11202
11203
43972
11204
43973
11205
43974
11206
43975
11207
43976
11208
43977
11209
43978
11210
43979
11211
11212
11213
44005
44006
44007
44008
44009
44010
44011
44037
44038
44039
44040
44041
44042
11290
44068
44069
44070
44071
44072
11316
11317
44098
44099
44100
44101
11343
11344
11345
44127
44128
44129
11371
11372
11373
11374
44155
44156
11400
11401
11402
11403
11404
44182
11430
11431
11432
11433
11434
11435
11461
11462
11463
11464
11465
11466
11467
11493
11494
11495
11496
11497
11498
11499
11500
11526
11527
11528
11529
11530
11531
11532
11533
11534
11560
11561
11562
11563
11564
11565
11566
11567
11568
11569
11595
11596
11597
11598
11599
11600
11601
11602
11603
11604
11605
44380
44381
44382
44383
44384
44385
44386
44387
44388
44389
44390
11631
11632
11633
11634
11635
11636
11637
11638
11639
11640
11641
11642
44416
44417
44418
44419
44420
44421
44422
44423
44424
44425
11668
11669
11670
11671
11672
11673
11674
11675
11676
11677
11678
11679
11680
44451
44452
44453
44454
44455
44456
44457
44458
44459
11706
11707
11708
11709
11710
11711
11712
11713
11714
11715
11716
44485
11717
44486
11718
44487
11719
44488
44489
44490
44491
44492
11745
11746
11747
11748
11749
44518
11750
44519
11751
44520
11752
44521
11753
44522
11754
44523
11755
44524
11756
11757
11758
11759
44550
44551
44552
11784
44553
11785
44554
11786
44555
11787
11788
11789
11790
11791
11792
11793
11794
11795
11796
11797
11798
44581
44582
44583
44584
44585
11823
11824
11825
11826
11827
11828
11829
11830
11831
11832
11833
11834
11835
11836
11837
44611
44612
44613
44614
11862
11863
11864
11865
11866
11867
11868
11869
11870
11871
44640
11872
44641
11873
44642
11874
11875
11876
44668
44669
44695
11930
11956
11957
11983
11984
11985
12011
12012
12013
12014
12040
12041
12042
12043
12044
12070
12071
12072
12073
12074
12075
12101
12102
12103
12104
12105
12106
12107
12133
12134
12135
12136
12137
12138
12139
12140
44910
44911
44912
44913
44914
44915
44916
44917
44918
44919
12166
12167
12168
12169
12170
12171
12172
12173
12174
44945
44946
44947
44948
44949
44950
44951
44952
44953
12200
12201
12202
12203
12204
12205
12206
12207
12208
12209
44979
44980
44981
44982
44983
44984
44985
44986
12235
12236
12237
12238
12239
12240
12241
12242
12243
45012
12244
45013
12245
45014
45015
45016
45017
45018
12271
12272
12273
12274
12275
45044
12276
45045
12277
45046
12278
45047
12279
45048
12280
45049
12281
12282
45075
45076
12308
45077
12309
45078
12310
45079
12311
12312
12313
12314
12315
12316
12317
12318
12319
12320
45105
45106
45107
45108
12346
12347
12348
12349
12350
12351
12352
12353
12354
12355
12356
12357
12358
12359
45134
45135
45136
12385
12386
12387
12388
12389
12390
12391
12392
12393
45162
12394
45163
12395
12396
12397
12398
12399
45189
12424
12425
12426
12427
12428
12429
12430
12431
12432
12433
12434
12435
12436
12437
12438
12463
12464
12465
12466
12467
12468
12469
12470
12471
12472
12473
12474
12475
12476
12477
12502
12503
12504
12505
12506
12507
12508
12509
12510
12511
12512
12513
12514
12515
12516
12541
12542
12543
12544
12545
12546
12547
12548
12549
12550
12551
12552
12553
12554
12555
12585
12611
12612
12638
12639
12640
45420
45421
45422
45423
45424
45425
45426
45427
45428
12666
12667
12668
12669
45454
45455
45456
45457
45458
45459
45460
45461
12695
12696
12697
12698
12699
45487
45488
45489
45490
45491
45492
45493
12725
12726
12727
12728
12729
12730
45519
45520
45521
45522
45523
45524
12756
12757
12758
12759
12760
12761
12762
45550
45551
45552
45553
45554
12788
12789
12790
12791
12792
12793
12794
12795
45580
45581
45582
45583
12821
12822
12823
12824
12825
12826
12827
12828
12829
45609
45610
45611
12855
12856
12857
12858
12859
12860
12861
12862
12863
12864
45637
45638
12890
12891
12892
12893
12894
12895
45664
12896
12897
12898
12899
12900
12926
12927
12928
12929
12930
12931
12932
12933
12934
12935
12936
12937
12963
12964
12965
12966
12967
12968
12969
12970
12971
12972
12973
12974
12975
13001
13002
13003
13004
13005
13006
13007
13008
13009
13010
13011
13012
13013
13014
13040
13041
13042
13043
13044
13045
13046
13047
13048
13049
13050
13051
13052
13053
13054
13079
13080
13081
13082
13083
13084
13085
13086
13087
13088
13089
13090
13091
13092
13093
13118
13119
13120
13121
13122
13123
13124
13125
13126
13127
13128
13129
13130
13131
13132
45910
45911
45912
45913
45914
45915
45916
45917
13157
13158
13159
13160
13161
13162
13163
13164
13165
13166
13167
13168
13169
13170
13171
45943
45944
45945
45946
45947
45948
45949
13196
13197
13198
13199
13200
13201
13202
13203
13204
13205
13206
45975
13207
45976
13208
45977
13209
45978
13210
45979
45980
13235
13236
13237
46006
13238
46007
13239
46008
13240
46009
13241
46010
13242
13243
13244
13245
13246
13247
13248
13249
46036
46037
46038
46039
13280
13281
46065
46066
46067
13307
13308
13309
46093
46094
13335
13336
13337
13338
46120
13364
13365
13366
13367
13368
13394
13395
13396
13397
13398
13399
13425
13426
13427
13428
13429
13430
13431
13457
13458
13459
13460
13461
13462
13463
13464
13490
13491
13492
13493
13494
13495
13496
13497
13498
13524
13525
13526
13527
13528
13529
13530
13531
13532
13533
13559
13560
13561
13562
13563
13564
13565
13566
13567
13568
13569
13595
13596
13597
13598
13599
13600
13601
13602
13603
13604
13605
13606
46380
46381
46382
46383
46384
46385
46386
13632
13633
13634
13635
13636
13637
13638
13639
13640
13641
13642
13643
46412
13644
46413
46414
46415
46416
46417
13670
13671
13672
13673
13674
46443
13675
46444
13676
46445
13677
46446
13678
46447
13679
13680
13681
13682
13683
46473
46474
46475
46476
13709
13710
13711
13712
13713
13714
13715
13716
13717
13718
13719
13720
13721
13722
13723
46502
46503
46504
13748
13749
13750
13751
13752
13753
13754
13755
13756
13757
13758
13759
13760
13761
46530
13762
46531
13787
13788
46557
13789
13790
13791
13792
13793
13794
13795
13796
13797
13798
13799
13800
13801
13826
13827
13828
13829
13830
13831
13832
13833
13834
13835
13836
13837
13838
13839
13840
13865
13866
13867
13868
13869
13870
13871
13872
13873
13874
13875
13876
13877
13878
13879
13904
13905
13906
13907
13908
13909
13910
13911
13912
13913
13914
13915
13916
13917
13918
13943
13944
13945
13946
13947
13948
13949
13950
13951
13952
13953
13954
13955
13956
13957
13989
13990
13991
14017
14018
14019
14020
14046
14047
14048
14049
14050
46830
46831
46832
46833
46834
46835
14076
14077
14078
14079
14080
14081
46861
46862
46863
46864
46865
14107
14108
14109
14110
14111
14112
14113
46891
46892
46893
46894
14139
14140
14141
14142
14143
14144
14145
14146
46920
46921
46922
14172
14173
14174
14175
14176
14177
14178
14179
46948
14180
46949
14206
46975
14207
14208
14209
14210
14211
14212
14213
14214
14215
14241
14242
14243
14244
14245
14246
14247
14248
14249
14250
14251
14277
14278
14279
14280
14281
14282
14283
14284
14285
14286
14287
14288
14314
14315
14316
14317
14318
14319
14320
14321
14322
14323
14324
14325
14326
14352
14353
14354
14355
14356
14357
14358
14359
14360
14361
14362
14363
14364
14365
14391
14392
14393
14394
14395
14396
14397
14398
14399
14400
14401
14402
14403
14404
14405
14430
14431
14432
14433
14434
14435
14436
14437
14438
14439
14440
14441
14442
14443
14444
14469
14470
14471
14472
14473
14474
14475
14476
14477
14478
14479
14480
14481
14482
14483
47260
47261
47262
47263
47264
14508
14509
14510
14511
14512
14513
14514
14515
14516
14517
14518
14519
14520
14521
47290
14522
47291
47292
47293
14547
14548
14549
14550
47319
14551
47320
14552
47321
14553
14554
14555
14556
14557
14558
14559
14560
14561
47347
47348
14586
14587
14588
14589
14590
14591
14592
14593
14594
14595
14596
14597
14598
14599
14600
47374
14625
14626
14627
14628
14629
14630
14631
14632
14633
14634
14635
14636
14637
14638
14639
14664
14665
14666
14667
14668
14669
14670
14671
14672
14673
14674
14675
14676
14677
14678
14711
14712
14713
14714
14740
14741
14742
14743
14744
14770
14771
14772
14773
14774
14775
14801
14802
14803
14804
14805
14806
14807
14833
14834
14835
14836
14837
14838
14839
14840
14866
14867
14868
14869
14870
14871
14872
14873
14874
14900
14901
47670
14902
47671
14903
47672
14904
47673
14905
14906
14907
14908
14909
47699
47700
47701
14935
14936
14937
14938
14939
14940
14941
14942
14943
14944
14945
47727
47728
14971
14972
14973
14974
14975
14976
14977
14978
14979
14980
14981
14982
47754
15008
15009
15010
15011
15012
15013
15014
15015
15016
15017
15018
15019
15020
15046
15047
15048
15049
15050
15051
15052
15053
15054
15055
15056
15057
15058
15059
15085
15086
15087
15088
15089
15090
15091
15092
15093
15094
15095
15096
15097
15098
15099
15124
15125
15126
15127
15128
15129
15130
15131
15132
15133
15134
15135
15136
15137
15138
15163
15164
15165
15166
15167
15168
15169
15170
15171
15172
15173
15174
15175
15176
15177
15202
15203
15204
15205
15206
15207
15208
15209
15210
15211
15212
15213
15214
15215
15216
15241
15242
15243
15244
15245
15246
15247
15248
15249
15250
15251
15252
15253
15254
15255
15280
15281
15282
15283
15284
15285
15286
15287
15288
15289
15290
15291
48060
15292
48061
15293
48062
15294
15319
48088
15320
48089
15321
15322
15323
15324
15325
15326
15327
15328
15329
15330
15331
15332
15333
48115
15358
15359
15360
15361
15362
15363
15364
15365
15366
15367
15368
15369
15370
15371
15372
15397
15398
15399
15400
15401
15402
15403
15404
15405
15406
15407
15408
15409
15410
15411
15445
15446
15447
15448
15449
15475
15476
15477
15478
15479
15480
15506
15507
15508
15509
15510
15511
15512
15538
15539
15540
15541
15542
15543
15544
15545
15571
15572
15573
15574
15575
15576
15577
15578
15579
15605
15606
15607
15608
15609
15610
15611
15612
15613
15614
15640
15641
15642
15643
15644
15645
15646
15647
15648
15649
15650
48430
48431
15676
15677
15678
15679
15680
15681
15682
15683
15684
15685
15686
15687
48457
15713
15714
15715
15716
15717
15718
15719
15720
15721
15722
15723
15724
15725
15751
15752
15753
15754
15755
15756
15757
15758
15759
15760
15761
15762
15763
15764
15790
15791
15792
15793
15794
15795
15796
15797
15798
15799
15800
15801
15802
15803
15804
15829
15830
15831
15832
15833
15834
15835
15836
15837
15838
15839
15840
15841
15842
15843
15868
15869
15870
15871
15872
15873
15874
15875
15876
15877
15878
15879
15880
15881
15882
15907
15908
15909
15910
15911
15912
15913
15914
15915
15916
15917
15918
15919
15920
15921
15946
15947
15948
15949
15950
15951
15952
15953
15954
15955
15956
15957
15958
15959
15960
15985
15986
15987
15988
15989
15990
15991
15992
15993
15994
15995
15996
15997
15998
15999
48780
16024
16025
16026
16027
16028
16029
16030
16031
16032
16033
16034
16035
16036
16037
16038
16063
16064
16065
16066
16067
16068
16069
16070
16071
16072
16073
16074
16075
16076
16077
16102
16103
16104
16105
16106
16107
16108
16109
16110
16111
16112
16113
16114
16115
16116
16141
16142
16143
16144
16145
16146
16147
16148
16149
16150
16151
16152
16153
16154
16155
16190
16191
16192
16193
16194
16195
16221
16222
16223
16224
16225
16226
16227
16253
16254
16255
16256
16257
16258
16259
16260
16286
16287
16288
16289
16290
16291
16292
16293
16294
16320
16321
16322
16323
16324
16325
16326
16327
16328
16329
16355
16356
16357
16358
16359
16360
16361
16362
16363
16364
16365
16391
16392
16393
16394
16395
16396
16397
16398
16399
16400
16401
16402
16428
16429
16430
16431
16432
16433
16434
16435
16436
16437
16438
16439
16440
16466
16467
16468
16469
16470
16471
16472
16473
16474
16475
16476
16477
16478
16479
16505
16506
16507
16508
16509
16510
16511
16512
16513
16514
16515
16516
16517
16518
16519
16544
16545
16546
16547
16548
16549
16550
16551
16552
16553
16554
16555
16556
16557
16558
16583
16584
16585
16586
16587
16588
16589
16590
16591
16592
16593
16594
16595
16596
16597
16622
16623
16624
16625
16626
16627
16628
16629
16630
16631
16632
16633
16634
16635
16636
16661
16662
16663
16664
16665
16666
16667
16668
16669
16670
16671
16672
16673
16674
16675
16700
16701
16702
16703
16704
16705
16706
16707
16708
16709
16710
16711
16712
16713
16714
16739
16740
16741
16742
16743
16744
16745
16746
16747
16748
16749
16750
16751
16752
16753
16778
16779
16780
16781
16782
16783
16784
16785
16786
16787
16788
16789
16790
16791
16792
16817
16818
16819
16820
16821
16822
16823
16824
16825
16826
16827
16828
16829
16830
16831
16856
16857
16858
16859
16860
16861
16862
16863
16864
16865
16866
16867
16868
16869
16870
16895
16896
16897
16898
16899
16900
16901
16902
16903
16904
16905
16906
16907
16908
16909
16945
16946
16947
16948
16949
16950
16951
16977
16978
16979
16980
16981
16982
16983
16984
17010
17011
17012
17013
17014
17015
17016
17017
17018
17044
17045
17046
17047
17048
17049
17050
17051
17052
17053
17079
17080
17081
17082
17083
17084
17085
17086
17087
17088
17089
17115
17116
17117
17118
17119
17120
17121
17122
17123
17124
17125
17126
17152
17153
17154
17155
17156
17157
17158
17159
17160
17161
17162
17163
17164
17190
17191
17192
17193
17194
17195
17196
17197
17198
17199
17200
17201
17202
17203
17229
17230
17231
17232
17233
17234
17235
17236
17237
17238
17239
17240
17241
17242
17243
17268
17269
17270
17271
17272
17273
17274
17275
17276
17277
17278
17279
17280
17281
17282
17307
17308
17309
17310
17311
17312
17313
17314
17315
17316
17317
17318
17319
17320
17321
17346
17347
17348
17349
17350
17351
17352
17353
17354
17355
17356
17357
17358
17359
17360
17385
17386
17387
17388
17389
17390
17391
17392
17393
17394
17395
17396
17397
17398
17399
17424
17425
17426
17427
17428
17429
17430
17431
17432
17433
17434
17435
17436
17437
17438
17463
17464
17465
17466
17467
17468
17469
17470
17471
17472
17473
17474
17475
17476
17477
17502
17503
17504
17505
17506
17507
17508
17509
17510
17511
17512
17513
17514
17515
17516
17541
17542
17543
17544
17545
17546
17547
17548
17549
17550
17551
17552
17553
17554
17555
17580
17581
17582
17583
17584
17585
17586
17587
17588
17589
17590
17591
17592
17593
17594
17619
17620
17621
17622
17623
17624
17625
17626
17627
17628
17629
17630
17631
17632
17633
17658
17659
17660
17661
17662
17663
17664
17665
17666
17667
17668
17669
17670
17671
17672
17709
17710
17711
17712
17713
17714
17715
17716
17742
17743
17744
17745
17746
17747
17748
17749
17750
17776
17777
17778
17779
17780
17781
17782
17783
17784
17785
17811
17812
17813
17814
17815
17816
17817
17818
17819
17820
17821
17847
17848
17849
17850
17851
17852
17853
17854
17855
17856
17857
17858
17884
17885
17886
17887
17888
17889
17890
17891
17892
17893
17894
17895
17896
17922
17923
17924
17925
17926
17927
17928
17929
17930
17931
17932
17933
17934
17935
17961
17962
17963
17964
17965
17966
17967
17968
17969
17970
17971
17972
17973
17974
17975
18000
18001
18002
18003
18004
18005
18006
18007
18008
18009
18010
18011
18012
18013
18014
18039
18040
18041
18042
18043
18044
18045
18046
18047
18048
18049
18050
18051
18052
18053
18078
18079
18080
18081
18082
18083
18084
18085
18086
18087
18088
18089
18090
18091
18092
18117
18118
18119
18120
18121
18122
18123
18124
18125
18126
18127
18128
18129
18130
18131
18156
18157
18158
18159
18160
18161
18162
18163
18164
18165
18166
18167
18168
18169
18170
18195
18196
18197
18198
18199
18200
18201
18202
18203
18204
18205
18206
18207
18208
18209
18234
18235
18236
18237
18238
18239
18240
18241
18242
18243
18244
18245
18246
18247
18248
18273
18274
18275
18276
18277
18278
18279
18280
18281
18282
18283
18284
18285
18286
18287
18312
18313
18314
18315
18316
18317
18318
18319
18320
18321
18322
18323
18324
18325
18326
18351
18352
18353
18354
18355
18356
18357
18358
18359
18360
18361
18362
18363
18364
18365
18390
18391
18392
18393
18394
18395
18396
18397
18398
18399
18400
18401
18402
18403
18404
18429
18430
18431
18432
18433
18434
18435
18436
18437
18438
18439
18440
18441
18442
18443
18481
18482
18483
18484
18485
18486
18487
18488
18489
18515
18516
18517
18518
18519
18520
18521
18522
18523
18524
18550
18551
18552
18553
18554
18555
18556
18557
18558
18559
18560
18586
18587
18588
18589
18590
18591
18592
18593
18594
18595
18596
18597
18623
18624
18625
18626
18627
18628
18629
18630
18631
18632
18633
18634
18635
18661
18662
18663
18664
18665
18666
18667
18668
18669
18670
18671
18672
18673
18674
18700
18701
18702
18703
18704
18705
18706
18707
18708
18709
18710
18711
18712
18713
18714
18739
18740
18741
18742
18743
18744
18745
18746
18747
18748
18749
18750
18751
18752
18753
18778
18779
18780
18781
18782
18783
18784
18785
18786
18787
18788
18789
18790
18791
18792
18817
18818
18819
18820
18821
18822
18823
18824
18825
18826
18827
18828
18829
18830
18831
18856
18857
18858
18859
18860
18861
18862
18863
18864
18865
18866
18867
18868
18869
18870
18895
18896
18897
18898
18899
18900
18901
18902
18903
18904
18905
18906
18907
18908
18909
18934
18935
18936
18937
18938
18939
18940
18941
18942
18943
18944
18945
18946
18947
18948
18973
18974
18975
18976
18977
18978
18979
18980
18981
18982
18983
18984
18985
18986
18987
19012
19013
19014
19015
19016
19017
19018
19019
19020
19021
19022
19023
19024
19025
19026
19051
19052
19053
19054
19055
19056
19057
19058
19059
19060
19061
19062
19063
19064
19065
19090
19091
19092
19093
19094
19095
19096
19097
19098
19099
19100
19101
19102
19103
19104
19129
19130
19131
19132
19133
19134
19135
19136
19137
19138
19139
19140
19141
19142
19143
19168
19169
19170
19171
19172
19173
19174
19175
19176
19177
19178
19179
19180
19181
19182
19207
19208
19209
19210
19211
19212
19213
19214
19215
19216
19217
19218
19219
19220
19221
19260
19261
19262
19263
19264
19265
19266
19267
19268
19269
19295
19296
19297
19298
19299
19300
19301
19302
19303
19304
19305
19331
19332
19333
19334
19335
19336
19337
19338
19339
19340
19341
19342
19368
19369
19370
19371
19372
19373
19374
19375
19376
19377
19378
19379
19380
19406
19407
19408
19409
19410
19411
19412
19413
19414
19415
19416
19417
19418
19419
19445
19446
19447
19448
19449
19450
19451
19452
19453
19454
19455
19456
19457
19458
19459
19484
19485
19486
19487
19488
19489
19490
19491
19492
19493
19494
19495
19496
19497
19498
19523
19524
19525
19526
19527
19528
19529
19530
19531
19532
19533
19534
19535
19536
19537
19562
19563
19564
19565
19566
19567
19568
19569
19570
19571
19572
19573
19574
19575
19576
19601
19602
19603
19604
19605
19606
19607
19608
19609
19610
19611
19612
19613
19614
19615
19640
19641
19642
19643
19644
19645
19646
19647
19648
19649
19650
19651
19652
19653
19654
19679
19680
19681
19682
19683
19684
19685
19686
19687
19688
19689
19690
19691
19692
19693
19718
19719
19720
19721
19722
19723
19724
19725
19726
19727
19728
19729
19730
19731
19732
19757
19758
19759
19760
19761
19762
19763
19764
19765
19766
19767
19768
19769
19770
19771
19796
19797
19798
19799
19800
19801
19802
19803
19804
19805
19806
19807
19808
19809
19810
19835
19836
19837
19838
19839
19840
19841
19842
19843
19844
19845
19846
19847
19848
19849
19874
19875
19876
19877
19878
19879
19880
19881
19882
19883
19884
19885
19886
19887
19888
19913
19914
19915
19916
19917
19918
19919
19920
19921
19922
19923
19924
19925
19926
19927
19952
19953
19954
19955
19956
19957
19958
19959
19960
19961
19962
19963
19964
19965
19966
19991
19992
19993
19994
19995
19996
19997
19998
19999
20000
20001
20002
20003
20004
20005
20045
20046
20047
20048
20049
20050
20051
20052
20053
20054
20055
20081
20082
20083
20084
20085
20086
20087
20088
20089
20090
20091
20092
20118
20119
20120
20121
20122
20123
20124
20125
20126
20127
20128
20129
20130
20156
20157
20158
20159
20160
20161
20162
20163
20164
20165
20166
20167
20168
20169
20195
20196
20197
20198
20199
20200
20201
20202
20203
20204
20205
20206
20207
20208
20209
20234
20235
20236
20237
20238
20239
20240
20241
20242
20243
20244
20245
20246
20247
20248
20273
20274
20275
20276
20277
20278
20279
20280
20281
20282
20283
20284
20285
20286
20287
20312
20313
20314
20315
20316
20317
20318
20319
20320
20321
20322
20323
20324
20325
20326
20351
20352
20353
20354
20355
20356
20357
20358
20359
20360
20361
20362
20363
20364
20365
20390
20391
20392
20393
20394
20395
20396
20397
20398
20399
20400
20401
20402
20403
20404
20429
20430
20431
20432
20433
20434
20435
20436
20437
20438
20439
20440
20441
20442
20443
20468
20469
20470
20471
20472
20473
20474
20475
20476
20477
20478
20479
20480
20481
20482
20507
20508
20509
20510
20511
20512
20513
20514
20515
20516
20517
20518
20519
20520
20521
20546
20547
20548
20549
20550
20551
20552
20553
20554
20555
20556
20557
20558
20559
20560
20585
20586
20587
20588
20589
20590
20591
20592
20593
20594
20595
20596
20597
20598
20599
20624
20625
20626
20627
20628
20629
20630
20631
20632
20633
20634
20635
20636
20637
20638
20663
20664
20665
20666
20667
20668
20669
20670
20671
20672
20673
20674
20675
20676
20677
20702
20703
20704
20705
20706
20707
20708
20709
20710
20711
20712
20713
20714
20715
20716
20741
20742
20743
20744
20745
20746
20747
20748
20749
20750
20751
20752
20753
20754
20755
20780
20781
20782
20783
20784
20785
20786
20787
20788
20789
20790
20791
20792
20793
20794
20835
20836
20837
20838
20839
20840
20841
20842
20843
20844
20845
20846
20872
20873
20874
20875
20876
20877
20878
20879
20880
20881
20882
20883
20884
20910
20911
20912
20913
20914
20915
20916
20917
20918
20919
20920
20921
20922
20923
20949
20950
20951
20952
20953
20954
20955
20956
20957
20958
20959
20960
20961
20962
20963
20988
20989
20990
20991
20992
20993
20994
20995
20996
20997
20998
20999
21000
21001
21002
21027
21028
21029
21030
21031
21032
21033
21034
21035
21036
21037
21038
21039
21040
21041
21066
21067
21068
21069
21070
21071
21072
21073
21074
21075
21076
21077
21078
21079
21080
21105
21106
21107
21108
21109
21110
21111
21112
21113
21114
21115
21116
21117
21118
21119
21144
21145
21146
21147
21148
21149
21150
21151
21152
21153
21154
21155
21156
21157
21158
21183
21184
21185
21186
21187
21188
21189
21190
21191
21192
21193
21194
21195
21196
21197
21222
21223
21224
21225
21226
21227
21228
21229
21230
21231
21232
21233
21234
21235
21236
21261
21262
21263
21264
21265
21266
21267
21268
21269
21270
21271
21272
21273
21274
21275
21300
21301
21302
21303
21304
21305
21306
21307
21308
21309
21310
21311
21312
21313
21314
21339
21340
21341
21342
21343
21344
21345
21346
21347
21348
21349
21350
21351
21352
21353
21378
21379
21380
21381
21382
21383
21384
21385
21386
21387
21388
21389
21390
21391
21392
21417
21418
21419
21420
21421
21422
21423
21424
21425
21426
21427
21428
21429
21430
21431
21456
21457
21458
21459
21460
21461
21462
21463
21464
21465
21466
21467
21468
21469
21470
21495
21496
21497
21498
21499
21500
21501
21502
21503
21504
21505
21506
21507
21508
21509
21534
21535
21536
21537
21538
21539
21540
21541
21542
21543
21544
21545
21546
21547
21548
21573
21574
21575
21576
21577
21578
21579
21580
21581
21582
21583
21584
21585
21586
21587
21629
21630
21631
21632
21633
21634
21635
21636
21637
21638
21639
21640
21641
21667
21668
21669
21670
21671
21672
21673
21674
21675
21676
21677
21678
21679
21680
21706
21707
21708
21709
21710
21711
21712
21713
21714
21715
21716
21717
21718
21719
21720
21745
21746
21747
21748
21749
21750
21751
21752
21753
21754
21755
21756
21757
21758
21759
21784
21785
21786
21787
21788
21789
21790
21791
21792
21793
21794
21795
21796
21797
21798
21823
21824
21825
21826
21827
21828
21829
21830
21831
21832
21833
21834
21835
21836
21837
21862
21863
21864
21865
21866
21867
21868
21869
21870
21871
21872
21873
21874
21875
21876
21901
21902
21903
21904
21905
21906
21907
21908
21909
21910
21911
21912
21913
21914
21915
21940
21941
21942
21943
21944
21945
21946
21947
21948
21949
21950
21951
21952
21953
21954
21979
21980
21981
21982
21983
21984
21985
21986
21987
21988
21989
21990
21991
21992
21993
22018
22019
22020
22021
22022
22023
22024
22025
22026
22027
22028
22029
22030
22031
22032
22057
22058
22059
22060
22061
22062
22063
22064
22065
22066
22067
22068
22069
22070
22071
22096
22097
22098
22099
22100
22101
22102
22103
22104
22105
22106
22107
22108
22109
22110
22135
22136
22137
22138
22139
22140
22141
22142
22143
22144
22145
22146
22147
22148
22149
22174
22175
22176
22177
22178
22179
22180
22181
22182
22183
22184
22185
22186
22187
22188
22213
22214
22215
22216
22217
22218
22219
22220
22221
22222
22223
22224
22225
22226
22227
22252
22253
22254
22255
22256
22257
22258
22259
22260
22261
22262
22263
22264
22265
22266
22291
22292
22293
22294
22295
22296
22297
22298
22299
22300
22301
22302
22303
22304
22305
22330
22331
22332
22333
22334
22335
22336
22337
22338
22339
22340
22341
22342
22343
22344
22369
22370
22371
22372
22373
22374
22375
22376
22377
22378
22379
22380
22381
22382
22383
22426
22427
22428
22429
22430
22431
22432
22433
22434
22435
22436
22437
22438
22439
22465
22466
22467
22468
22469
22470
22471
22472
22473
22474
22475
22476
22477
22478
22479
22504
22505
22506
22507
22508
22509
22510
22511
22512
22513
22514
22515
22516
22517
22518
22543
22544
22545
22546
22547
22548
22549
22550
22551
22552
22553
22554
22555
22556
22557
22582
22583
22584
22585
22586
22587
22588
22589
22590
22591
22592
22593
22594
22595
22596
22621
22622
22623
22624
22625
22626
22627
22628
22629
22630
22631
22632
22633
22634
22635
22660
22661
22662
22663
22664
22665
22666
22667
22668
22669
22670
22671
22672
22673
22674
22699
22700
22701
22702
22703
22704
22705
22706
22707
22708
22709
22710
22711
22712
22713
22738
22739
22740
22741
22742
22743
22744
22745
22746
22747
22748
22749
22750
22751
22752
22777
22778
22779
22780
22781
22782
22783
22784
22785
22786
22787
22788
22789
22790
22791
22816
22817
22818
22819
22820
22821
22822
22823
22824
22825
22826
22827
22828
22829
22830
22855
22856
22857
22858
22859
22860
22861
22862
22863
22864
22865
22866
22867
22868
22869
22894
22895
22896
22897
22898
22899
22900
22901
22902
22903
22904
22905
22906
22907
22908
22933
22934
22935
22936
22937
22938
22939
22940
22941
22942
22943
22944
22945
22946
22947
22972
22973
22974
22975
22976
22977
22978
22979
22980
22981
22982
22983
22984
22985
22986
23011
23012
23013
23014
23015
23016
23017
23018
23019
23020
23021
23022
23023
23024
23025
23050
23051
23052
23053
23054
23055
23056
23057
23058
23059
23060
23061
23062
23063
23064
23089
23090
23091
23092
23093
23094
23095
23096
23097
23098
23099
23100
23101
23102
23103
23128
23129
23130
23131
23132
23133
23134
23135
23136
23137
23138
23139
23140
23141
23142
23167
23168
23169
23170
23171
23172
23173
23174
23175
23176
23177
23178
23179
23180
23181
23225
23226
23227
23228
23229
23230
23231
23232
23233
23234
23235
23236
23237
23238
23239
23264
23265
23266
23267
23268
23269
23270
23271
23272
23273
23274
23275
23276
23277
23278
23303
23304
23305
23306
23307
23308
23309
23310
23311
23312
23313
23314
23315
23316
23317
23342
23343
23344
23345
23346
23347
23348
23349
23350
23351
23352
23353
23354
23355
23356
23381
23382
23383
23384
23385
23386
23387
23388
23389
23390
23391
23392
23393
23394
23395
23420
23421
23422
23423
23424
23425
23426
23427
23428
23429
23430
23431
23432
23433
23434
23459
23460
23461
23462
23463
23464
23465
23466
23467
23468
23469
23470
23471
23472
23473
23498
23499
23500
23501
23502
23503
23504
23505
23506
23507
23508
23509
23510
23511
23512
23537
23538
23539
23540
23541
23542
23543
23544
23545
23546
23547
23548
23549
23550
23551
23576
23577
23578
23579
23580
23581
23582
23583
23584
23585
23586
23587
23588
23589
23590
23615
23616
23617
23618
23619
23620
23621
23622
23623
23624
23625
23626
23627
23628
23629
23654
23655
23656
23657
23658
23659
23660
23661
23662
23663
23664
23665
23666
23667
23668
23693
23694
23695
23696
23697
23698
23699
23700
23701
23702
23703
23704
23705
23706
23707
23732
23733
23734
23735
23736
23737
23738
23739
23740
23741
23742
23743
23744
23745
23746
23771
23772
23773
23774
23775
23776
23777
23778
23779
23780
23781
23782
23783
23784
23785
23810
23811
23812
23813
23814
23815
23816
23817
23818
23819
23820
23821
23822
23823
23824
23849
23850
23851
23852
23853
23854
23855
23856
23857
23858
23859
23860
23861
23862
23863
23888
23889
23890
23891
23892
23893
23894
23895
23896
23897
23898
23899
23900
23901
23902
23927
23928
23929
23930
23931
23932
23933
23934
23935
23936
23937
23938
23939
23940
23941
23966
23967
23968
23969
23970
23971
23972
23973
23974
23975
23976
23977
23978
23979
23980
24024
24025
24026
24027
24028
24029
24030
24031
24032
24033
24034
24035
24036
24037
24038
24063
24064
24065
24066
24067
24068
24069
24070
24071
24072
24073
24074
24075
24076
24077
24102
24103
24104
24105
24106
24107
24108
24109
24110
24111
24112
24113
24114
24115
24116
24141
24142
24143
24144
24145
24146
24147
24148
24149
24150
24151
24152
24153
24154
24155
24180
24181
24182
24183
24184
24185
24186
24187
24188
24189
24190
24191
24192
24193
24194
24219
24220
24221
24222
24223
24224
24225
24226
24227
24228
24229
24230
24231
24232
24233
24258
24259
24260
24261
24262
24263
24264
24265
24266
24267
24268
24269
24270
24271
24272
24297
24298
24299
24300
24301
24302
24303
24304
24305
24306
24307
24308
24309
24310
24311
24336
24337
24338
24339
24340
24341
24342
24343
24344
24345
24346
24347
24348
24349
24350
24375
24376
24377
24378
24379
24380
24381
24382
24383
24384
24385
24386
24387
24388
24389
24414
24415
24416
24417
24418
24419
24420
24421
24422
24423
24424
24425
24426
24427
24428
24453
24454
24455
24456
24457
24458
24459
24460
24461
24462
24463
24464
24465
24466
24467
24492
24493
24494
24495
24496
24497
24498
24499
24500
24501
24502
24503
24504
24505
24506
24531
24532
24533
24534
24535
24536
24537
24538
24539
24540
24541
24542
24543
24544
24545
24570
24571
24572
24573
24574
24575
24576
24577
24578
24579
24580
24581
24582
24583
24584
24609
24610
24611
24612
24613
24614
24615
24616
24617
24618
24619
24620
24621
24622
24623
24648
24649
24650
24651
24652
24653
24654
24655
24656
24657
24658
24659
24660
24661
24662
24687
24688
24689
24690
24691
24692
24693
24694
24695
24696
24697
24698
24699
24700
24701
24726
24727
24728
24729
24730
24731
24732
24733
24734
24735
24736
24737
24738
24739
24740
24765
24766
24767
24768
24769
24770
24771
24772
24773
24774
24775
24776
24777
24778
24779
24823
24824
24825
24826
24827
24828
24829
24830
24831
24832
24833
24834
24835
24836
24837
24862
24863
24864
24865
24866
24867
24868
24869
24870
24871
24872
24873
24874
24875
24876
24901
24902
24903
24904
24905
24906
24907
24908
24909
24910
24911
24912
24913
24914
24915
24940
24941
24942
24943
24944
24945
24946
24947
24948
24949
24950
24951
24952
24953
24954
24979
24980
24981
24982
24983
24984
24985
24986
24987
24988
24989
24990
24991
24992
24993
25018
25019
25020
25021
25022
25023
25024
25025
25026
25027
25028
25029
25030
25031
25032
25057
25058
25059
25060
25061
25062
25063
25064
25065
25066
25067
25068
25069
25070
25071
25096
25097
25098
25099
25100
25101
25102
25103
25104
25105
25106
25107
25108
25109
25110
25135
25136
25137
25138
25139
25140
25141
25142
25143
25144
25145
25146
25147
25148
25149
25174
25175
25176
25177
25178
25179
25180
25181
25182
25183
25184
25185
25186
25187
25188
25213
25214
25215
25216
25217
25218
25219
25220
25221
25222
25223
25224
25225
25226
25227
25252
25253
25254
25255
25256
25257
25258
25259
25260
25261
25262
25263
25264
25265
25266
25291
25292
25293
25294
25295
25296
25297
25298
25299
25300
25301
25302
25303
25304
25305
25330
25331
25332
25333
25334
25335
25336
25337
25338
25339
25340
25341
25342
25343
25344
25369
25370
25371
25372
25373
25374
25375
25376
25377
25378
25379
25380
25381
25382
25383
25408
25409
25410
25411
25412
25413
25414
25415
25416
25417
25418
25419
25420
25421
25422
25447
25448
25449
25450
25451
25452
25453
25454
25455
25456
25457
25458
25459
25460
25461
25486
25487
25488
25489
25490
25491
25492
25493
25494
25495
25496
25497
25498
25499
25500
25525
25526
25527
25528
25529
25530
25531
25532
25533
25534
25535
25536
25537
25538
25539
25564
25565
25566
25567
25568
25569
25570
25571
25572
25573
25574
25575
25576
25577
25578
25622
25623
25624
25625
25626
25627
25628
25629
25630
25631
25632
25633
25634
25635
25636
25661
25662
25663
25664
25665
25666
25667
25668
25669
25670
25671
25672
25673
25674
25675
25700
25701
25702
25703
25704
25705
25706
25707
25708
25709
25710
25711
25712
25713
25714
25739
25740
25741
25742
25743
25744
25745
25746
25747
25748
25749
25750
25751
25752
25753
25778
25779
25780
25781
25782
25783
25784
25785
25786
25787
25788
25789
25790
25791
25792
25817
25818
25819
25820
25821
25822
25823
25824
25825
25826
25827
25828
25829
25830
25831
25856
25857
25858
25859
25860
25861
25862
25863
25864
25865
25866
25867
25868
25869
25870
25895
25896
25897
25898
25899
25900
25901
25902
25903
25904
25905
25906
25907
25908
25909
25934
25935
25936
25937
25938
25939
25940
25941
25942
25943
25944
25945
25946
25947
25948
25973
25974
25975
25976
25977
25978
25979
25980
25981
25982
25983
25984
25985
25986
25987
26012
26013
26014
26015
26016
26017
26018
26019
26020
26021
26022
26023
26024
26025
26026
26051
26052
26053
26054
26055
26056
26057
26058
26059
26060
26061
26062
26063
26064
26065
26090
26091
26092
26093
26094
26095
26096
26097
26098
26099
26100
26101
26102
26103
26104
26129
26130
26131
26132
26133
26134
26135
26136
26137
26138
26139
26140
26141
26142
26143
26168
26169
26170
26171
26172
26173
26174
26175
26176
26177
26178
26179
26180
26181
26182
26207
26208
26209
26210
26211
26212
26213
26214
26215
26216
26217
26218
26219
26220
26221
26246
26247
26248
26249
26250
26251
26252
26253
26254
26255
26256
26257
26258
26259
26260
26285
26286
26287
26288
26289
26290
26291
26292
26293
26294
26295
26296
26297
26298
26299
26324
26325
26326
26327
26328
26329
26330
26331
26332
26333
26334
26335
26336
26337
26338
26363
26364
26365
26366
26367
26368
26369
26370
26371
26372
26373
26374
26375
26376
26377
26421
26422
26423
26424
26425
26426
26427
26428
26429
26430
26431
26432
26433
26434
26435
26460
26461
26462
26463
26464
26465
26466
26467
26468
26469
26470
26471
26472
26473
26474
26499
26500
26501
26502
26503
26504
26505
26506
26507
26508
26509
26510
26511
26512
26513
26538
26539
26540
26541
26542
26543
26544
26545
26546
26547
26548
26549
26550
26551
26552
26577
26578
26579
26580
26581
26582
26583
26584
26585
26586
26587
26588
26589
26590
26591
26616
26617
26618
26619
26620
26621
26622
26623
26624
26625
26626
26627
26628
26629
26630
26655
26656
26657
26658
26659
26660
26661
26662
26663
26664
26665
26666
26667
26668
26669
26694
26695
26696
26697
26698
26699
26700
26701
26702
26703
26704
26705
26706
26707
26708
26733
26734
26735
26736
26737
26738
26739
26740
26741
26742
26743
26744
26745
26746
26747
26772
26773
26774
26775
26776
26777
26778
26779
26780
26781
26782
26783
26784
26785
26786
26811
26812
26813
26814
26815
26816
26817
26818
26819
26820
26821
26822
26823
26824
26825
26850
26851
26852
26853
26854
26855
26856
26857
26858
26859
26860
26861
26862
26863
26864
26889
26890
26891
26892
26893
26894
26895
26896
26897
26898
26899
26900
26901
26902
26903
26928
26929
26930
26931
26932
26933
26934
26935
26936
26937
26938
26939
26940
26941
26942
26967
26968
26969
26970
26971
26972
26973
26974
26975
26976
26977
26978
26979
26980
26981
27006
27007
27008
27009
27010
27011
27012
27013
27014
27015
27016
27017
27018
27019
27020
27045
27046
27047
27048
27049
27050
27051
27052
27053
27054
27055
27056
27057
27058
27059
27084
27085
27086
27087
27088
27089
27090
27091
27092
27093
27094
27095
27096
27097
27098
27123
27124
27125
27126
27127
27128
27129
27130
27131
27132
27133
27134
27135
27136
27137
27162
27163
27164
27165
27166
27167
27168
27169
27170
27171
27172
27173
27174
27175
27176
27220
27221
27222
27223
27224
27225
27226
27227
27228
27229
27230
27231
27232
27233
27234
27259
27260
27261
27262
27263
27264
27265
27266
27267
27268
27269
27270
27271
27272
27273
27298
27299
27300
27301
27302
27303
27304
27305
27306
27307
27308
27309
27310
27311
27312
27337
27338
27339
27340
27341
27342
27343
27344
27345
27346
27347
27348
27349
27350
27351
27376
27377
27378
27379
27380
27381
27382
27383
27384
27385
27386
27387
27388
27389
27390
27415
27416
27417
27418
27419
27420
27421
27422
27423
27424
27425
27426
27427
27428
27429
27454
27455
27456
27457
27458
27459
27460
27461
27462
27463
27464
27465
27466
27467
27468
27493
27494
27495
27496
27497
27498
27499
27500
27501
27502
27503
27504
27505
27506
27507
27532
27533
27534
27535
27536
27537
27538
27539
27540
27541
27542
27543
27544
27545
27546
27571
27572
27573
27574
27575
27576
27577
27578
27579
27580
27581
27582
27583
27584
27585
27610
27611
27612
27613
27614
27615
27616
27617
27618
27619
27620
27621
27622
27623
27624
27649
27650
27651
27652
27653
27654
27655
27656
27657
27658
27659
27660
27661
27662
27663
27688
27689
27690
27691
27692
27693
27694
27695
27696
27697
27698
27699
27700
27701
27702
27727
27728
27729
27730
27731
27732
27733
27734
27735
27736
27737
27738
27739
27740
27741
27766
27767
27768
27769
27770
27771
27772
27773
27774
27775
27776
27777
27778
27779
27780
27805
27806
27807
27808
27809
27810
27811
27812
27813
27814
27815
27816
27817
27818
27819
27844
27845
27846
27847
27848
27849
27850
27851
27852
27853
27854
27855
27856
27857
27858
27883
27884
27885
27886
27887
27888
27889
27890
27891
27892
27893
27894
27895
27896
27897
27922
27923
27924
27925
27926
27927
27928
27929
27930
27931
27932
27933
27934
27935
27936
27961
27962
27963
27964
27965
27966
27967
27968
27969
27970
27971
27972
27973
27974
27975
28019
28020
28021
28022
28023
28024
28025
28026
28027
28028
28029
28030
28031
28032
28033
28058
28059
28060
28061
28062
28063
28064
28065
28066
28067
28068
28069
28070
28071
28072
28097
28098
28099
28100
28101
28102
28103
28104
28105
28106
28107
28108
28109
28110
28111
28136
28137
28138
28139
28140
28141
28142
28143
28144
28145
28146
28147
28148
28149
28150
28175
28176
28177
28178
28179
28180
28181
28182
28183
28184
28185
28186
28187
28188
28189
28214
28215
28216
28217
28218
28219
28220
28221
28222
28223
28224
28225
28226
28227
28228
28253
28254
28255
28256
28257
28258
28259
28260
28261
28262
28263
28264
28265
28266
28267
28292
28293
28294
28295
28296
28297
28298
28299
28300
28301
28302
28303
28304
28305
28306
28331
28332
28333
28334
28335
28336
28337
28338
28339
28340
28341
28342
28343
28344
28345
28370
28371
28372
28373
28374
28375
28376
28377
28378
28379
28380
28381
28382
28383
28384
28409
28410
28411
28412
28413
28414
28415
28416
28417
28418
28419
28420
28421
28422
28423
28448
28449
28450
28451
28452
28453
28454
28455
28456
28457
28458
28459
28460
28461
28462
28487
28488
28489
28490
28491
28492
28493
28494
28495
28496
28497
28498
28499
28500
28501
28526
28527
28528
28529
28530
28531
28532
28533
28534
28535
28536
28537
28538
28539
28540
28565
28566
28567
28568
28569
28570
28571
28572
28573
28574
28575
28576
28577
28578
28579
28604
28605
28606
28607
28608
28609
28610
28611
28612
28613
28614
28615
28616
28617
28618
28643
28644
28645
28646
28647
28648
28649
28650
28651
28652
28653
28654
28655
28656
28657
28682
28683
28684
28685
28686
28687
28688
28689
28690
28691
28692
28693
28694
28695
28696
28721
28722
28723
28724
28725
28726
28727
28728
28729
28730
28731
28732
28733
28734
28735
28760
28761
28762
28763
28764
28765
28766
28767
28768
28769
28770
28771
28772
28773
28774
28818
28819
28820
28821
28822
28823
28824
28825
28826
28827
28828
28829
28830
28831
28832
28857
28858
28859
28860
28861
28862
28863
28864
28865
28866
28867
28868
28869
28870
28871
28896
28897
28898
28899
28900
28901
28902
28903
28904
28905
28906
28907
28908
28909
28910
28935
28936
28937
28938
28939
28940
28941
28942
28943
28944
28945
28946
28947
28948
28949
28974
28975
28976
28977
28978
28979
28980
28981
28982
28983
28984
28985
28986
28987
28988
29013
29014
29015
29016
29017
29018
29019
29020
29021
29022
29023
29024
29025
29026
29027
29052
29053
29054
29055
29056
29057
29058
29059
29060
29061
29062
29063
29064
29065
29066
29091
29092
29093
29094
29095
29096
29097
29098
29099
29100
29101
29102
29103
29104
29105
29130
29131
29132
29133
29134
29135
29136
29137
29138
29139
29140
29141
29142
29143
29144
29169
29170
29171
29172
29173
29174
29175
29176
29177
29178
29179
29180
29181
29182
29183
29208
29209
29210
29211
29212
29213
29214
29215
29216
29217
29218
29219
29220
29221
29222
29247
29248
29249
29250
29251
29252
29253
29254
29255
29256
29257
29258
29259
29260
29261
29286
29287
29288
29289
29290
29291
29292
29293
29294
29295
29296
29297
29298
29299
29300
29325
29326
29327
29328
29329
29330
29331
29332
29333
29334
29335
29336
29337
29338
29339
29364
29365
29366
29367
29368
29369
29370
29371
29372
29373
29374
29375
29376
29377
29378
29403
29404
29405
29406
29407
29408
29409
29410
29411
29412
29413
29414
29415
29416
29417
29442
29443
29444
29445
29446
29447
29448
29449
29450
29451
29452
29453
29454
29455
29456
29481
29482
29483
29484
29485
29486
29487
29488
29489
29490
29491
29492
29493
29494
29495
29520
29521
29522
29523
29524
29525
29526
29527
29528
29529
29530
29531
29532
29533
29534
29560
29561
29562
29563
29564
29565
29566
29567
29568
29569
29570
29571
29572
29573
29616
29617
29618
29619
29620
29621
29622
29623
29624
29625
29626
29627
29628
29629
29630
29655
29656
29657
29658
29659
29660
29661
29662
29663
29664
29665
29666
29667
29668
29669
29694
29695
29696
29697
29698
29699
29700
29701
29702
29703
29704
29705
29706
29707
29708
29733
29734
29735
29736
29737
29738
29739
29740
29741
29742
29743
29744
29745
29746
29747
29772
29773
29774
29775
29776
29777
29778
29779
29780
29781
29782
29783
29784
29785
29786
29811
29812
29813
29814
29815
29816
29817
29818
29819
29820
29821
29822
29823
29824
29825
29850
29851
29852
29853
29854
29855
29856
29857
29858
29859
29860
29861
29862
29863
29864
29889
29890
29891
29892
29893
29894
29895
29896
29897
29898
29899
29900
29901
29902
29903
29928
29929
29930
29931
29932
29933
29934
29935
29936
29937
29938
29939
29940
29941
29942
29967
29968
29969
29970
29971
29972
29973
29974
29975
29976
29977
29978
29979
29980
29981
30006
30007
30008
30009
30010
30011
30012
30013
30014
30015
30016
30017
30018
30019
30020
30045
30046
30047
30048
30049
30050
30051
30052
30053
30054
30055
30056
30057
30058
30059
30084
30085
30086
30087
30088
30089
30090
30091
30092
30093
30094
30095
30096
30097
30098
30123
30124
30125
30126
30127
30128
30129
30130
30131
30132
30133
30134
30135
30136
30137
30162
30163
30164
30165
30166
30167
30168
30169
30170
30171
30172
30173
30174
30175
30176
30201
30202
30203
30204
30205
30206
30207
30208
30209
30210
30211
30212
30213
30214
30215
30240
30241
30242
30243
30244
30245
30246
30247
30248
30249
30250
30251
30252
30253
30254
30279
30280
30281
30282
30283
30284
30285
30286
30287
30288
30289
30290
30291
30292
30293
30319
30320
30321
30322
30323
30324
30325
30326
30327
30328
30329
30330
30331
30332
30358
30359
30360
30361
30362
30363
30364
30365
30366
30367
30368
30369
30370
30412
30413
30414
30415
30416
30417
30418
30419
30420
30421
30422
30423
30424
30425
30426
30451
30452
30453
30454
30455
30456
30457
30458
30459
30460
30461
30462
30463
30464
30465
30490
30491
30492
30493
30494
30495
30496
30497
30498
30499
30500
30501
30502
30503
30504
30529
30530
30531
30532
30533
30534
30535
30536
30537
30538
30539
30540
30541
30542
30543
30568
30569
30570
30571
30572
30573
30574
30575
30576
30577
30578
30579
30580
30581
30582
30607
30608
30609
30610
30611
30612
30613
30614
30615
30616
30617
30618
30619
30620
30621
30646
30647
30648
30649
30650
30651
30652
30653
30654
30655
30656
30657
30658
30659
30660
30685
30686
30687
30688
30689
30690
30691
30692
30693
30694
30695
30696
30697
30698
30699
30724
30725
30726
30727
30728
30729
30730
30731
30732
30733
30734
30735
30736
30737
30738
30763
30764
30765
30766
30767
30768
30769
30770
30771
30772
30773
30774
30775
30776
30777
30802
30803
30804
30805
30806
30807
30808
30809
30810
30811
30812
30813
30814
30815
30816
30841
30842
30843
30844
30845
30846
30847
30848
30849
30850
30851
30852
30853
30854
30855
30880
30881
30882
30883
30884
30885
30886
30887
30888
30889
30890
30891
30892
30893
30894
30919
30920
30921
30922
30923
30924
30925
30926
30927
30928
30929
30930
30931
30932
30933
30958
30959
30960
30961
30962
30963
30964
30965
30966
30967
30968
30969
30970
30971
30972
30997
30998
30999
31000
31001
31002
31003
31004
31005
31006
31007
31008
31009
31010
31011
31036
31037
31038
31039
31040
31041
31042
31043
31044
31045
31046
31047
31048
31049
31050
31076
31077
31078
31079
31080
31081
31082
31083
31084
31085
31086
31087
31088
31089
31115
31116
31117
31118
31119
31120
31121
31122
31123
31124
31125
31126
31127
31153
31154
31155
31156
31157
31158
31159
31160
31161
31162
31163
31164
31205
31206
31207
31208
31209
31210
31211
31212
31213
31214
31215
31216
31217
31218
31219
31244
31245
31246
31247
31248
31249
31250
31251
31252
31253
31254
31255
31256
31257
31258
31283
31284
31285
31286
31287
31288
31289
31290
31291
31292
31293
31294
31295
31296
31297
31322
31323
31324
31325
31326
31327
31328
31329
31330
31331
31332
31333
31334
31335
31336
31361
31362
31363
31364
31365
31366
31367
31368
31369
31370
31371
31372
31373
31374
31375
31400
31401
31402
31403
31404
31405
31406
31407
31408
31409
31410
31411
31412
31413
31414
31439
31440
31441
31442
31443
31444
31445
31446
31447
31448
31449
31450
31451
31452
31453
31478
31479
31480
31481
31482
31483
31484
31485
31486
31487
31488
31489
31490
31491
31492
31517
31518
31519
31520
31521
31522
31523
31524
31525
31526
31527
31528
31529
31530
31531
31556
31557
31558
31559
31560
31561
31562
31563
31564
31565
31566
31567
31568
31569
31570
31595
31596
31597
31598
31599
31600
31601
31602
31603
31604
31605
31606
31607
31608
31609
31634
31635
31636
31637
31638
31639
31640
31641
31642
31643
31644
31645
31646
31647
31648
31673
31674
31675
31676
31677
31678
31679
31680
31681
31682
31683
31684
31685
31686
31687
31712
31713
31714
31715
31716
31717
31718
31719
31720
31721
31722
31723
31724
31725
31726
31751
31752
31753
31754
31755
31756
31757
31758
31759
31760
31761
31762
31763
31764
31765
31790
31791
31792
31793
31794
31795
31796
31797
31798
31799
31800
31801
31802
31803
31804
31830
31831
31832
31833
31834
31835
31836
31837
31838
31839
31840
31841
31842
31843
31869
31870
31871
31872
31873
31874
31875
31876
31877
31878
31879
31880
31881
31907
31908
31909
31910
31911
31912
31913
31914
31915
31916
31917
31918
31944
31945
31946
31947
31948
31949
31950
31951
31952
31953
31954
31994
31995
31996
31997
31998
31999
32000
32001
32002
32003
32004
32005
32006
32007
32008
32033
32034
32035
32036
32037
32038
32039
32040
32041
32042
32043
32044
32045
32046
32047
32072
32073
32074
32075
32076
32077
32078
32079
32080
32081
32082
32083
32084
32085
32086
32111
32112
32113
32114
32115
32116
32117
32118
32119
32120
32121
32122
32123
32124
32125
32150
32151
32152
32153
32154
32155
32156
32157
32158
32159
32160
32161
32162
32163
32164
32189
32190
32191
32192
32193
32194
32195
32196
32197
32198
32199
32200
32201
32202
32203
32228
32229
32230
32231
32232
32233
32234
32235
32236
32237
32238
32239
32240
32241
32242
32267
32268
32269
32270
32271
32272
32273
32274
32275
32276
32277
32278
32279
32280
32281
32306
32307
32308
32309
32310
32311
32312
32313
32314
32315
32316
32317
32318
32319
32320
32345
32346
32347
32348
32349
32350
32351
32352
32353
32354
32355
32356
32357
32358
32359
32384
32385
32386
32387
32388
32389
32390
32391
32392
32393
32394
32395
32396
32397
32398
32423
32424
32425
32426
32427
32428
32429
32430
32431
32432
32433
32434
32435
32436
32437
32462
32463
32464
32465
32466
32467
32468
32469
32470
32471
32472
32473
32474
32475
32476
32501
32502
32503
32504
32505
32506
32507
32508
32509
32510
32511
32512
32513
32514
32515
32540
32541
32542
32543
32544
32545
32546
32547
32548
32549
32550
32551
32552
32553
32554
32580
32581
32582
32583
32584
32585
32586
32587
32588
32589
32590
32591
32592
32593
32619
32620
32621
32622
32623
32624
32625
32626
32627
32628
32629
32630
32631
32657
32658
32659
32660
32661
32662
32663
32664
32665
32666
32667
32668
32694
32695
32696
32697
32698
32699
32700
32701
32702
32703
32704
32730
32731
32732
32733
32734
32735
32736
32737
32738
32739
)


// ************************************************************************* //
