/*--------------------------------*- C++ -*----------------------------------*\
| =========                 |                                                 |
| \\      /  F ield         | OpenFOAM: The Open Source CFD Toolbox           |
|  \\    /   O peration     | Version:  2306                                  |
|   \\  /    A nd           | Website:  www.openfoam.com                      |
|    \\/     M anipulation  |                                                 |
\*---------------------------------------------------------------------------*/
FoamFile
{
    version     2.0;
    format      ascii;
    arch        "LSB;label=32;scalar=64";
    class       volScalarField;
    location    "1.2/phiI";
    object      act;
}
// * * * * * * * * * * * * * * * * * * * * * * * * * * * * * * * * * * * * * //

dimensions      [0 0 0 0 0 0 0];

internalField   nonuniform List<scalar> 
12000
(
0
0
0
0
0
0
0
0
0
0
0
0
0
0
0
0
0
0
0
0
0
0
0
0
0
0
0
0
0
0
0
0
0
0
0
0
0
0
0
0
0
0
0
0
0
0
0
0
0
0
0
0
0
0
0
0
0
0
0
0
0
0
0
0
0
0
0
0
0
0
0
0
0
0
0
0
0
0
0
0
0
0
0
0
0
0
0
0
0
0
0
0
0
0
0
0
0
0
0
0
0
0
0
0
0
0
0
0
0
0
0
0
0
0
0
0
0
0
0
0
0
0
0
0
0
0
0
0
0
0
0
0
0
0
0
0
0
0
0
0
0
0
0
0
0
0
0
0
0
0
0
0
0
0
0
0
0
0
0
0
0
0
0
0
0
0
0
0
0
0
0
0
0
0
0
0
0
0
0
0
0
0
0
0
0
0
0
0
0
0
0
0
0
0
0
0
0
0
0
0
0
0
0
0
0
0
0
0
0
0
0
0
0
0
0
0
0
0
0
0
0
0
0
0
0
0
0
0
0
0
0
0
0
0
0
0
0
0
0
0
0
0
0
0
0
0
0
0
0
0
0
0
0
0
0
0
0
0
0
0
0
0
0
0
0
0
0
0
0
0
0
0
0
0
0
0
0
0
0
0
0
0
0
0
0
0.0001010378
0
0
0
0
0
0
0
0
0
0
0
0
0
0
0
0
0
0
0
0
0
0
0
0
0
0
0
0
0
0
0
0
0
0
0
0
0
0
0
0
0
0
0
0
0
0
0
0
0
0
0
0
0
0
0
0
0
0
0
0
0
0
0
0
0
9.909928e-05
0
0
0
0
0
0
0
0
0
0
0.0001300116
0.0001009084
0
0
0
0
0
0
0
0
0
0
0
0
0
0
0
0
0
0
0
0
0
0
0
0
0
0
0
0
0
0
0
0
0
0
0
0
0
0
0
0
0
0
0
0
0
0
0
0
0
0
0
0
0
0
0
0
0
0
0
0
0
0
0
0
0
9.523743e-05
0
0
0
0
0
0
0
0
0
0
0.000128476
9.896893e-05
0
0
0
0
0
0
0
0
0
0
0.000162412
0.0001298904
0.0001006518
0
0
0
0
0
0
0
0
0
0
0
0
0
0
0
0
0
0
0
0
0
0
0
0
0
0
0
0
0
0
0
0
0
0
0
0
0
0
0
0
0
0
0
0
0
0
0
0
0
0
0
0
0
0
0
0
0
0
0
0
0
0
0
0
0
8.955902e-05
0
0
0
0
0
0
0
0
0
0
0.0001254195
9.510508e-05
0
0
0
0
0
0
0
0
0
0
0.0001610259
0.0001283542
9.871056e-05
0
0
0
0
0
0
0
0
0
0
0.0001939789
0.0001622979
0.0001296492
0.0001002864
0
0
0
0
0
0
0
0
0
0
0
0
0
0
0
0
0
0
0
0
0
0
0
0
0
0
0
0
0
0
0
0
0
0
0
0
0
0
0
0
0
0
0
0
0
0
0
0
0
0
0
0
0
0
0
0
0
0
0
0
0
0
0
0
0
8.24772e-05
0
0
0
0
0
0
0
0
0
0
0.0001209258
8.942329e-05
0
0
0
0
0
0
0
0
0
0
0.0001582661
0.0001252962
9.484289e-05
0
0
0
0
0
0
0
0
0
0
0.0001926825
0.0001609112
0.0001281117
9.834253e-05
0
0
0
0
0
0
0
0
0
0
0.0002241992
0.0001938706
0.00016207
0.0001293069
9.977375e-05
0
0
0
0
0
0
0
0
0
0
0
0
0
0
0
0
0
0
0
0
0
0
0
0
0
0
0
0
0
0
0
0
0
0
0
0
0
0
0
0
0
0
0
0
0
0
0
0
0
0
0
0
0
0
0
0
0
0
0
0
0
0
0
0
0
7.515212e-05
0
0
0
0
0
0
0
0
0
0
0.0001153181
8.233605e-05
0
0
0
0
0
0
0
0
0
0
0.0001542047
0.0001208003
8.915465e-05
0
0
0
0
0
0
0
0
0
0
0.0001901025
0.0001581504
0.0001250512
9.446921e-05
0
0
0
0
0
0
0
0
0
0
0.0002229739
0.0001925738
0.0001606824
0.0001277677
9.782664e-05
0
0
0
0
0
0
0
0
0
0
0.0002530826
0.000224096
0.000193654
0.0001617479
0.0001288216
0
0
0
0
0
0
0
0
0
0
0
0
0
0
0
0
0
0
0
0
0
0
0
0
0
0
0
0
0
0
0
0
0
0
0
0
0
0
0
0
0
0
0
0
0
0
0
0
0
0
0
0
0
0
0
0
0
0
0
0
0
0
0
0
0
6.979705e-05
0
0
0
0
0
0
0
0
0
0
0.0001094872
7.500363e-05
0
0
0
0
0
0
0
0
0
0
0.0001491309
0.0001151891
8.205696e-05
0
0
0
0
0
0
0
0
0
0
0.000186306
0.0001540872
0.000120551
8.877138e-05
0
0
0
0
0
0
0
0
0
0
0.0002205362
0.0001899928
0.0001579194
0.0001247034
9.394631e-05
0
0
0
0
0
0
0
0
0
0
0.0002519186
0.0002228703
0.0001923563
0.0001603588
0.00012728
0
0
0
0
0
0
0
0
0
0
0.0002807221
0.0002529839
0.0002238892
0.0001933487
0.0001612866
0
0
0
0
0
0
0
0
0
0
0
0
0
0
0
0
0
0
0
0
0
0
0
0
0
0
0
0
0
0
0
0
0
0
0
0
0
0
0
0
0
0
0
0
0
0
0
0
0
0
0
0
0
0
0
0
0
0
0
0
0
0
0
0
0
6.644345e-05
0
0
0
0
0
0
0
0
0
0
0.0001051679
6.964558e-05
0
0
0
0
0
0
0
0
0
0
0.0001438438
0.0001093535
7.471029e-05
0
0
0
0
0
0
0
0
0
0
0.0001815643
0.0001490105
0.0001149329
8.165808e-05
0
0
0
0
0
0
0
0
0
0
0.0002169502
0.0001861947
0.0001538527
0.0001201969
8.823655e-05
0
0
0
0
0
0
0
0
0
0
0.0002496036
0.0002204318
0.0001897735
0.0001575927
0.0001242108
0
0
0
0
0
0
0
0
0
0
0.0002796126
0.0002518195
0.0002226628
0.0001920497
0.0001598956
0
0
0
0
0
0
0
0
0
0
0.0003072119
0.0002806275
0.0002527859
0.0002235983
0.000192908
0
0
0
0
0
0
0
0
0
0
0
0
0
0
0
0
0
0
0
0
0
0
0
0
0
0
0
0
0
0
0
0
0
0
0
0
0
0
0
0
0
0
0
0
0
0
0
0
0
0
0
0
0
0
0
0
0
0
0
0
0
0
0
0
0
6.455438e-05
0
0
0
0
0
0
0
0
0
0
0.0001024095
6.629106e-05
0
0
0
0
0
0
0
0
0
0
0.0001399228
0.0001050328
6.934665e-05
0
0
0
0
0
0
0
0
0
0
0.0001766217
0.0001437194
0.0001090881
7.429003e-05
0
0
0
0
0
0
0
0
0
0
0.0002124733
0.0001814505
0.0001487704
0.0001145687
8.110369e-05
0
0
0
0
0
0
0
0
0
0
0.000246199
0.0002168443
0.0001859724
0.0001535209
0.0001196963
0
0
0
0
0
0
0
0
0
0
0.0002774067
0.0002495038
0.0002202226
0.0001894643
0.0001571255
0
0
0
0
0
0
0
0
0
0
0.0003061516
0.0002795177
0.0002516208
0.0002223707
0.0001916074
0
0
0
0
0
0
0
0
0
0
0.0003326381
0.000307121
0.0002804375
0.0002525079
0.000223176
0
0
0
0
0
0
0
0
0
0
0
0
0
0
0
0
0
0
0
0
0
0
0
0
0
0
0
0
0
0
0
0
0
0
0
0
0
0
0
0
0
0
0
0
0
0
0
0
0
0
0
0
0
0
0
0
0
0
0
0
0
0
0
0
0
6.370853e-05
0
0
0
0
0
0
0
0
0
0
0.0001008258
6.440166e-05
0
0
0
0
0
0
0
0
0
0
0.0001374117
0.0001022743
6.599054e-05
0
0
0
0
0
0
0
0
0
0
0.000172957
0.0001397974
0.0001047647
6.891793e-05
0
0
0
0
0
0
0
0
0
0
0.0002078066
0.0001765043
0.0001434716
0.0001087101
7.370852e-05
0
0
0
0
0
0
0
0
0
0
0.0002419503
0.0002123652
0.0001812233
0.0001484303
0.0001140552
0
0
0
0
0
0
0
0
0
0
0.0002741631
0.0002460979
0.0002166324
0.0001856587
0.0001530471
0
0
0
0
0
0
0
0
0
0
0.0003040442
0.0002773111
0.0002493037
0.0002199283
0.0001890185
0
0
0
0
0
0
0
0
0
0
0.0003316228
0.0003060604
0.000279327
0.0002513418
0.000221947
0
0
0
0
0
0
0
0
0
0
0.0003570763
0.0003325506
0.0003069383
0.0002801711
0.0002521023
0
0
0
0
0
0
0
0
0
0
0
0
0
0
0
0
0
0
0
0
0
0
0
0
0
0
0
0
0
0
0
0
0
0
0
0
0
0
0
0
0
0
0
0
0
0
0
0
0
0
0
0
0
0
0
0
0
0
0
0
0
0
0
0
6.370853e-05
0
0
0
0
0
0
0
0
0
0
0.0001001064
6.355569e-05
0
0
0
0
0
0
0
0
0
0
0.0001359662
0.0001006909
6.410066e-05
0
0
0
0
0
0
0
0
0
0
0.0001706081
0.0001372864
0.0001020064
6.555938e-05
0
0
0
0
0
0
0
0
0
0
0.0002043481
0.0001728389
0.0001395478
0.0001043827
6.832649e-05
0
0
0
0
0
0
0
0
0
0
0.0002375218
0.0002076952
0.0001762702
0.0001431201
0.0001081789
0
0
0
0
0
0
0
0
0
0
0.0002701169
0.0002418471
0.0002121488
0.0001809024
0.0001479457
0
0
0
0
0
0
0
0
0
0
0.0003009459
0.0002740663
0.0002458952
0.0002163341
0.0001852071
0
0
0
0
0
0
0
0
0
0
0.0003296052
0.0003039523
0.0002771191
0.0002490225
0.0002195013
0
0
0
0
0
0
0
0
0
0
0.0003561025
0.0003315351
0.0003058772
0.0002790598
0.0002509348
0
0
0
0
0
0
0
0
0
0
0.0003805934
0.000356992
0.0003323748
0.0003066826
0.0002797809
0
0
0
0
0
0
0
0
0
0
0
0
0
0
0
0
0
0
0
0
0
0
0
0
0
0
0
0
0
0
0
0
0
0
0
0
0
0
0
0
0
0
0
0
0
0
0
0
0
0
0
0
0
0
0
0
0
0
0
0
0
0
6.455438e-05
0
0
0
0
0
0
0
0
0
0
0.0001001064
6.355569e-05
0
0
0
0
0
0
0
0
0
0
0.0001353082
9.99716e-05
6.325452e-05
0
0
0
0
0
0
0
0
0
0
0.0001692552
0.0001358413
0.0001004233
6.366873e-05
0
0
0
0
0
0
0
0
0
0
0.0002021306
0.0001704902
0.0001370373
0.0001016243
6.496561e-05
0
0
0
0
0
0
0
0
0
0
0.0002342415
0.000204236
0.0001726033
0.0001391936
0.0001038468
0
0
0
0
0
0
0
0
0
0
0.0002658997
0.0002374156
0.0002074725
0.0001759392
0.0001426206
0
0
0
0
0
0
0
0
0
0
0.0002970822
0.0002700181
0.0002416403
0.000211844
0.0001804412
0
0
0
0
0
0
0
0
0
0
0.0003266395
0.0003008529
0.000273872
0.0002456105
0.0002159019
0
0
0
0
0
0
0
0
0
0
0.0003541676
0.0003295169
0.0003037678
0.0002768499
0.0002486127
0
0
0
0
0
0
0
0
0
0
0.000379658
0.0003560179
0.0003313587
0.0003056206
0.0002786683
0
0
0
0
0
0
0
0
0
0
0.0004032483
0.0003805121
0.0003568225
0.0003321289
0.0003063067
0
0
0
0
0
0
0
0
0
0
0
0
0
0
0
0
0
0
0
0
0
0
0
0
0
0
0
0
0
0
0
0
0
0
0
0
0
0
0
0
0
0
0
0
0
0
0
0
0
0
0
0
0
0
0
0
0
0
0
6.644345e-05
0
0
0
0
0
0
0
0
0
0
0.0001008258
6.440166e-05
0
0
0
0
0
0
0
0
0
0
0.0001353082
9.99716e-05
6.325452e-05
0
0
0
0
0
0
0
0
0
0
0.0001686388
0.0001351835
9.970435e-05
6.282232e-05
0
0
0
0
0
0
0
0
0
0
0.000200853
0.0001691377
0.0001355929
0.0001000419
6.30745e-05
0
0
0
0
0
0
0
0
0
0
0.000232138
0.0002020187
0.0001702553
0.0001366838
0.0001010889
0
0
0
0
0
0
0
0
0
0
0.0002627774
0.0002341346
0.0002040121
0.0001722702
0.0001386908
0
0
0
0
0
0
0
0
0
0
0.0002930556
0.000265798
0.000237203
0.0002071585
0.0001754646
0
0
0
0
0
0
0
0
0
0
0.0003229422
0.0002969874
0.0002698199
0.0002413496
0.0002114031
0
0
0
0
0
0
0
0
0
0
0.0003513238
0.0003265501
0.0003006663
0.0002735995
0.0002451959
0
0
0
0
0
0
0
0
0
0
0.0003777996
0.0003540824
0.0003293393
0.0003035095
0.0002764558
0
0
0
0
0
0
0
0
0
0
0.0004023486
0.0003795764
0.0003558479
0.000331112
0.0003052436
0
0
0
0
0
0
0
0
0
0
0.0004250935
0.0004031698
0.0003803485
0.0003565858
0.0003317664
0
0
0
0
0
0
0
0
0
0
0
0
0
0
0
0
0
0
0
0
0
0
0
0
0
0
0
0
0
0
0
0
0
0
0
0
0
0
0
0
0
0
0
0
0
0
0
0
0
0
0
0
0
0
0
6.979705e-05
0
0
0
0
0
0
0
0
0
0
0.0001024095
6.629106e-05
0
0
0
0
0
0
0
0
0
0
0.0001359662
0.0001006909
6.410066e-05
0
0
0
0
0
0
0
0
0
0
0.0001686388
0.0001351835
9.970435e-05
6.282232e-05
0
0
0
0
0
0
0
0
0
0
0.0002002708
0.0001685215
0.0001349355
9.932329e-05
6.222798e-05
0
0
0
0
0
0
0
0
0
0
0.0002309261
0.0002007415
0.0001689035
0.0001352404
9.950757e-05
0
0
0
0
0
0
0
0
0
0
0.0002607752
0.0002320314
0.0002017955
0.0001699231
0.0001361822
0
0
0
0
0
0
0
0
0
0
0.0002900758
0.0002626752
0.000233921
0.0002036963
0.0001717931
0
0
0
0
0
0
0
0
0
0
0.0003190894
0.0002929581
0.0002655944
0.0002369037
0.0002067053
0
0
0
0
0
0
0
0
0
0
0.0003477794
0.0003228511
0.0002967971
0.0002695419
0.000240927
0
0
0
0
0
0
0
0
0
0
0.0003750687
0.0003512377
0.0003263706
0.000300405
0.0002732009
0
0
0
0
0
0
0
0
0
0
0.0004005615
0.0003777175
0.0003539114
0.000329091
0.00030313
0
0
0
0
0
0
0
0
0
0
0.0004242272
0.0004022698
0.0003794124
0.0003556105
0.0003307485
0
0
0
0
0
0
0
0
0
0
0.0004461761
0.0004250176
0.0004030118
0.0003801204
0.0003562359
0
0
0
0
0
0
0
0
0
0
0
0
0
0
0
0
0
0
0
0
0
0
0
0
0
0
0
0
0
0
0
0
0
0
0
0
0
0
0
0
0
0
0
0
0
0
0
0
0
0
7.515212e-05
0
0
0
0
0
0
0
0
0
0
0.0001051679
6.964558e-05
0
0
0
0
0
0
0
0
0
0
0.0001374117
0.0001022743
6.599054e-05
0
0
0
0
0
0
0
0
0
0
0.0001692552
0.0001358413
0.0001004233
6.366873e-05
0
0
0
0
0
0
0
0
0
0
0.0002002708
0.0001685215
0.0001349355
9.932329e-05
6.222798e-05
0
0
0
0
0
0
0
0
0
0
0.0002303738
0.0002001595
0.0001682877
0.0001345835
9.878957e-05
0
0
0
0
0
0
0
0
0
0
0.0002596218
0.0002308199
0.0002005191
0.0001685724
0.0001347403
0
0
0
0
0
0
0
0
0
0
0.0002881651
0.0002606733
0.0002318184
0.0002014808
0.0001694475
0
0
0
0
0
0
0
0
0
0
0.0003162394
0.0002899778
0.0002624706
0.0002336203
0.0002032411
0
0
0
0
0
0
0
0
0
0
0.0003440864
0.0003189957
0.0002927628
0.0002653084
0.0002364697
0
0
0
0
0
0
0
0
0
0
0.0003716658
0.0003476917
0.0003226681
0.0002965306
0.0002691359
0
0
0
0
0
0
0
0
0
0
0.0003979356
0.0003749857
0.0003510648
0.0003261195
0.0003000213
0
0
0
0
0
0
0
0
0
0
0.0004225067
0.0004004822
0.0003775524
0.0003536724
0.0003287252
0
0
0
0
0
0
0
0
0
0
0.0004453412
0.000424151
0.0004021114
0.0003791835
0.0003552596
0
0
0
0
0
0
0
0
0
0
0.0004665383
0.0004461026
0.0004248649
0.0004027917
0.0003797824
0
0
0
0
0
0
0
0
0
0
0
0
0
0
0
0
0
0
0
0
0
0
0
0
0
0
0
0
0
0
0
0
0
0
0
0
0
0
0
0
0
0
0
0
8.24772e-05
0
0
0
0
0
0
0
0
0
0
0.0001094872
7.500363e-05
0
0
0
0
0
0
0
0
0
0
0.0001399228
0.0001050328
6.934665e-05
0
0
0
0
0
0
0
0
0
0
0.0001706081
0.0001372864
0.0001020064
6.555938e-05
0
0
0
0
0
0
0
0
0
0
0.000200853
0.0001691377
0.0001355929
0.0001000419
6.30745e-05
0
0
0
0
0
0
0
0
0
0
0.0002303738
0.0002001595
0.0001682877
0.0001345835
9.878957e-05
0
0
0
0
0
0
0
0
0
0
0.000259096
0.0002302677
0.0001999374
0.0001679572
0.0001340843
0
0
0
0
0
0
0
0
0
0
0.0002870645
0.0002595201
0.0002306076
0.0002002054
0.0001680984
0
0
0
0
0
0
0
0
0
0
0.0003144122
0.0002880674
0.0002604694
0.0002315188
0.0002010271
0
0
0
0
0
0
0
0
0
0
0.0003413557
0.0003161453
0.0002897816
0.0002621833
0.0002331844
0
0
0
0
0
0
0
0
0
0
0.0003681206
0.0003439962
0.0003188079
0.0002924887
0.0002648917
0
0
0
0
0
0
0
0
0
0
0.0003946643
0.0003715812
0.0003475155
0.0003224122
0.00029614
0
0
0
0
0
0
0
0
0
0
0.000419979
0.0003978554
0.0003748189
0.0003508232
0.0003257498
0
0
0
0
0
0
0
0
0
0
0.0004436831
0.00042243
0.0004003228
0.0003773222
0.0003533194
0
0
0
0
0
0
0
0
0
0
0.0004657329
0.0004452674
0.000423998
0.0004018906
0.0003788446
0
0
0
0
0
0
0
0
0
0
0.0004862184
0.0004664671
0.0004459549
0.0004246523
0.0004024649
0
0
0
0
0
0
0
0
0
0
0
0
0
0
0
0
0
0
0
0
0
0
0
0
0
0
0
0
0
0
0
0
0
0
0
0
0
8.955902e-05
0
0
0
0
0
0
0
0
0
0
0.0001153181
8.233605e-05
0
0
0
0
0
0
0
0
0
0
0.0001438438
0.0001093535
7.471029e-05
0
0
0
0
0
0
0
0
0
0
0.000172957
0.0001397974
0.0001047647
6.891793e-05
0
0
0
0
0
0
0
0
0
0
0.0002021306
0.0001704902
0.0001370373
0.0001016243
6.496561e-05
0
0
0
0
0
0
0
0
0
0
0.0002309261
0.0002007415
0.0001689035
0.0001352404
9.950757e-05
0
0
0
0
0
0
0
0
0
0
0.000259096
0.0002302677
0.0001999374
0.0001679572
0.0001340843
0
0
0
0
0
0
0
0
0
0
0.0002865629
0.0002589946
0.0002300559
0.0001996244
0.0001674841
0
0
0
0
0
0
0
0
0
0
0.0003133597
0.0002869671
0.000259317
0.0002303091
0.0001997533
0
0
0
0
0
0
0
0
0
0
0.0003396051
0.0003143182
0.0002878718
0.0002601831
0.0002310844
0
0
0
0
0
0
0
0
0
0
0.0003655002
0.0003412651
0.0003159567
0.0002895064
0.000261765
0
0
0
0
0
0
0
0
0
0
0.0003912566
0.0003680337
0.0003438155
0.0003185449
0.000292088
0
0
0
0
0
0
0
0
0
0
0.0004168307
0.0003945827
0.0003714114
0.0003472693
0.0003220359
0
0
0
0
0
0
0
0
0
0
0.0004412475
0.0004199015
0.0003976944
0.0003745861
0.0003504665
0
0
0
0
0
0
0
0
0
0
0.0004641337
0.000443609
0.0004222761
0.0004001007
0.0003769812
0
0
0
0
0
0
0
0
0
0
0.0004854409
0.0004656615
0.0004451194
0.0004237848
0.000401563
0
0
0
0
0
0
0
0
0
0
0.0005052513
0.0004861495
0.0004663242
0.0004457495
0.0004243362
0
0
0
0
0
0
0
0
0
0
0
0
0
0
0
0
0
0
0
0
0
0
0
0
0
0
0
0
0
9.523743e-05
0
0
0
0
0
0
0
0
0
0
0.0001209258
8.942329e-05
0
0
0
0
0
0
0
0
0
0
0.0001491309
0.0001151891
8.205696e-05
0
0
0
0
0
0
0
0
0
0
0.0001766217
0.0001437194
0.0001090881
7.429003e-05
0
0
0
0
0
0
0
0
0
0
0.0002043481
0.0001728389
0.0001395478
0.0001043827
6.832649e-05
0
0
0
0
0
0
0
0
0
0
0.000232138
0.0002020187
0.0001702553
0.0001366838
0.0001010889
0
0
0
0
0
0
0
0
0
0
0.0002596218
0.0002308199
0.0002005191
0.0001685724
0.0001347403
0
0
0
0
0
0
0
0
0
0
0.0002865629
0.0002589946
0.0002300559
0.0001996244
0.0001674841
0
0
0
0
0
0
0
0
0
0
0.0003128801
0.0002864656
0.0002587918
0.0002297579
0.0001991732
0
0
0
0
0
0
0
0
0
0
0.000338597
0.0003132661
0.0002867723
0.0002590318
0.0002298764
0
0
0
0
0
0
0
0
0
0
0.0003638206
0.0003395147
0.0003141303
0.0002875977
0.0002597664
0
0
0
0
0
0
0
0
0
0
0.0003887388
0.0003654129
0.0003410836
0.0003156926
0.0002891043
0
0
0
0
0
0
0
0
0
0
0.0004135515
0.0003911727
0.0003678595
0.0003435625
0.000318159
0
0
0
0
0
0
0
0
0
0
0.0004382145
0.0004167518
0.0003944188
0.0003711743
0.0003469064
0
0
0
0
0
0
0
0
0
0
0.0004617848
0.0004411726
0.000419746
0.00039747
0.0003742417
0
0
0
0
0
0
0
0
0
0
0.0004838972
0.0004640619
0.00044346
0.0004220616
0.0003997712
0
0
0
0
0
0
0
0
0
0
0.0005045002
0.0004853717
0.0004655182
0.0004449134
0.0004234678
0
0
0
0
0
0
0
0
0
0
0.000523669
0.0005051845
0.0004860111
0.0004661255
0.0004454435
0
0
0
0
0
0
0
0
0
0
0
0
0
0
0
0
0
0
0
0
9.909928e-05
0
0
0
0
0
0
0
0
0
0
0.0001254195
9.510508e-05
0
0
0
0
0
0
0
0
0
0
0.0001542047
0.0001208003
8.915465e-05
0
0
0
0
0
0
0
0
0
0
0.0001815643
0.0001490105
0.0001149329
8.165808e-05
0
0
0
0
0
0
0
0
0
0
0.0002078066
0.0001765043
0.0001434716
0.0001087101
7.370852e-05
0
0
0
0
0
0
0
0
0
0
0.0002342415
0.000204236
0.0001726033
0.0001391936
0.0001038468
0
0
0
0
0
0
0
0
0
0
0.0002607752
0.0002320314
0.0002017955
0.0001699231
0.0001361822
0
0
0
0
0
0
0
0
0
0
0.0002870645
0.0002595201
0.0002306076
0.0002002054
0.0001680984
0
0
0
0
0
0
0
0
0
0
0.0003128801
0.0002864656
0.0002587918
0.0002297579
0.0001991732
0
0
0
0
0
0
0
0
0
0
0.0003381376
0.0003127866
0.0002862711
0.0002585072
0.000229326
0
0
0
0
0
0
0
0
0
0
0.0003628535
0.000338507
0.0003130789
0.0002864991
0.0002586166
0
0
0
0
0
0
0
0
0
0
0.0003871252
0.0003637335
0.0003393339
0.0003138672
0.0002871971
0
0
0
0
0
0
0
0
0
0
0.0004111295
0.0003886546
0.000365238
0.0003408297
0.0003153054
0
0
0
0
0
0
0
0
0
0
0.0004350558
0.0004134704
0.0003910047
0.000367616
0.0003431906
0
0
0
0
0
0
0
0
0
0
0.0004588603
0.0004381382
0.0004165935
0.0003941902
0.000370824
0
0
0
0
0
0
0
0
0
0
0.0004816301
0.0004617122
0.0004410222
0.0004195293
0.0003971372
0
0
0
0
0
0
0
0
0
0
0.0005030091
0.0004838277
0.0004639178
0.0004432528
0.0004217429
0
0
0
0
0
0
0
0
0
0
0.0005229429
0.0005044331
0.000485233
0.000465319
0.0004446066
0
0
0
0
0
0
0
0
0
0
0.0005415007
0.0005236041
0.0005050504
0.0004858188
0.0004658292
0
0
0
0
0
0
0
0
0
0
0.0001010378
0
0
0
0
0
0
0
0
0
0
0.000128476
9.896893e-05
0
0
0
0
0
0
0
0
0
0
0.0001582661
0.0001252962
9.484289e-05
0
0
0
0
0
0
0
0
0
0
0.000186306
0.0001540872
0.000120551
8.877138e-05
0
0
0
0
0
0
0
0
0
0
0.0002124733
0.0001814505
0.0001487704
0.0001145687
8.110369e-05
0
0
0
0
0
0
0
0
0
0
0.0002375218
0.0002076952
0.0001762702
0.0001431201
0.0001081789
0
0
0
0
0
0
0
0
0
0
0.0002627774
0.0002341346
0.0002040121
0.0001722702
0.0001386908
0
0
0
0
0
0
0
0
0
0
0.0002881651
0.0002606733
0.0002318184
0.0002014808
0.0001694475
0
0
0
0
0
0
0
0
0
0
0.0003133597
0.0002869671
0.000259317
0.0002303091
0.0001997533
0
0
0
0
0
0
0
0
0
0
0.0003381376
0.0003127866
0.0002862711
0.0002585072
0.000229326
0
0
0
0
0
0
0
0
0
0
0.0003624128
0.0003380477
0.0003125997
0.0002859986
0.0002580928
0
0
0
0
0
0
0
0
0
0
0.0003861963
0.0003627667
0.0003383268
0.0003128168
0.0002861
0
0
0
0
0
0
0
0
0
0
0.0004095775
0.0003870412
0.0003635593
0.000339081
0.0003134816
0
0
0
0
0
0
0
0
0
0
0.0004327236
0.0004110481
0.0003884859
0.0003649936
0.0003404566
0
0
0
0
0
0
0
0
0
0
0.0004558149
0.0004349774
0.0004133081
0.00039077
0.000367257
0
0
0
0
0
0
0
0
0
0
0.000478808
0.0004587864
0.0004379852
0.0004163729
0.0003938518
0
0
0
0
0
0
0
0
0
0
0.0005008194
0.0004815599
0.0004615667
0.0004408129
0.0004192075
0
0
0
0
0
0
0
0
0
0
0.0005215016
0.0005029416
0.0004836881
0.0004637174
0.0004429444
0
0
0
0
0
0
0
0
0
0
0.0005407983
0.0005228778
0.0005042987
0.0004850402
0.0004650219
0
0
0
0
0
0
0
0
0
0
0.0005587734
0.0005414377
0.0005234741
0.0005048642
0.0004855317
0
0
0
0
0
0
0
0
0
0
0.0001300116
0.0001009084
0
0
0
0
0
0
0
0
0
0
0.0001610259
0.0001283542
9.871056e-05
0
0
0
0
0
0
0
0
0
0
0.0001901025
0.0001581504
0.0001250512
9.446921e-05
0
0
0
0
0
0
0
0
0
0
0.0002169502
0.0001861947
0.0001538527
0.0001201969
8.823655e-05
0
0
0
0
0
0
0
0
0
0
0.0002419503
0.0002123652
0.0001812233
0.0001484303
0.0001140552
0
0
0
0
0
0
0
0
0
0
0.0002658997
0.0002374156
0.0002074725
0.0001759392
0.0001426206
0
0
0
0
0
0
0
0
0
0
0.0002900758
0.0002626752
0.000233921
0.0002036963
0.0001717931
0
0
0
0
0
0
0
0
0
0
0.0003144122
0.0002880674
0.0002604694
0.0002315188
0.0002010271
0
0
0
0
0
0
0
0
0
0
0.000338597
0.0003132661
0.0002867723
0.0002590318
0.0002298764
0
0
0
0
0
0
0
0
0
0
0.0003624128
0.0003380477
0.0003125997
0.0002859986
0.0002580928
0
0
0
0
0
0
0
0
0
0
0.0003857731
0.0003623262
0.0003378678
0.0003123382
0.0002856003
0
0
0
0
0
0
0
0
0
0
0.0004086844
0.0003861126
0.0003625931
0.0003380749
0.0003124326
0
0
0
0
0
0
0
0
0
0
0.0004312295
0.0004094964
0.0003868731
0.0003633159
0.0003387093
0
0
0
0
0
0
0
0
0
0
0.0004535672
0.0004326449
0.0004108852
0.0003882504
0.0003646336
0
0
0
0
0
0
0
0
0
0
0.0004758696
0.0004557391
0.0004348206
0.0004130817
0.0003904233
0
0
0
0
0
0
0
0
0
0
0.0004980941
0.0004787365
0.0004586384
0.0004377722
0.0004160458
0
0
0
0
0
0
0
0
0
0
0.0005193852
0.0005007513
0.000481419
0.0004613644
0.0004405015
0
0
0
0
0
0
0
0
0
0
0.0005394044
0.0005214362
0.0005028065
0.0004834943
0.0004634188
0
0
0
0
0
0
0
0
0
0
0.0005580937
0.0005407352
0.0005227475
0.000504112
0.0004847524
0
0
0
0
0
0
0
0
0
0
0.0005755122
0.0005587123
0.0005413116
0.0005232937
0.0005045859
0
0
0
0
0
0
0
0
0
0
0.000162412
0.0001298904
0.0001006518
0
0
0
0
0
0
0
0
0
0
0.0001926825
0.0001609112
0.0001281117
9.834253e-05
0
0
0
0
0
0
0
0
0
0
0.0002205362
0.0001899928
0.0001579194
0.0001247034
9.394631e-05
0
0
0
0
0
0
0
0
0
0
0.000246199
0.0002168443
0.0001859724
0.0001535209
0.0001196963
0
0
0
0
0
0
0
0
0
0
0.0002701169
0.0002418471
0.0002121488
0.0001809024
0.0001479457
0
0
0
0
0
0
0
0
0
0
0.0002930556
0.000265798
0.000237203
0.0002071585
0.0001754646
0
0
0
0
0
0
0
0
0
0
0.0003162394
0.0002899778
0.0002624706
0.0002336203
0.0002032411
0
0
0
0
0
0
0
0
0
0
0.0003396051
0.0003143182
0.0002878718
0.0002601831
0.0002310844
0
0
0
0
0
0
0
0
0
0
0.0003628535
0.000338507
0.0003130789
0.0002864991
0.0002586166
0
0
0
0
0
0
0
0
0
0
0.0003857731
0.0003623262
0.0003378678
0.0003123382
0.0002856003
0
0
0
0
0
0
0
0
0
0
0.0004082774
0.0003856895
0.0003621529
0.0003376165
0.0003119548
0
0
0
0
0
0
0
0
0
0
0.0004303698
0.0004086035
0.0003859451
0.0003623507
0.0003377046
0
0
0
0
0
0
0
0
0
0
0.0004521275
0.0004311511
0.0004093341
0.0003866386
0.0003629573
0
0
0
0
0
0
0
0
0
0
0.0004737016
0.0004534911
0.0004324876
0.0004106581
0.0003879027
0
0
0
0
0
0
0
0
0
0
0.0004952568
0.0004757962
0.0004555874
0.000434602
0.0004127467
0
0
0
0
0
0
0
0
0
0
0.0005167517
0.0004980247
0.0004785932
0.0004584325
0.0004374557
0
0
0
0
0
0
0
0
0
0
0.0005373577
0.0005193192
0.0005006148
0.0004812232
0.0004610629
0
0
0
0
0
0
0
0
0
0
0.0005567448
0.0005393409
0.0005213051
0.0005026188
0.0004832049
0
0
0
0
0
0
0
0
0
0
0.000574854
0.0005580324
0.0005406088
0.0005225667
0.000503833
0
0
0
0
0
0
0
0
0
0
0.0005917401
0.0005754528
0.0005585899
0.0005411368
0.0005230238
0
0
0
0
0
0
0
0
0
0
0.0001939789
0.0001622979
0.0001296492
0.0001002864
0
0
0
0
0
0
0
0
0
0
0.0002229739
0.0001925738
0.0001606824
0.0001277677
9.782664e-05
0
0
0
0
0
0
0
0
0
0
0.0002496036
0.0002204318
0.0001897735
0.0001575927
0.0001242108
0
0
0
0
0
0
0
0
0
0
0.0002741631
0.0002460979
0.0002166324
0.0001856587
0.0001530471
0
0
0
0
0
0
0
0
0
0
0.0002970822
0.0002700181
0.0002416403
0.000211844
0.0001804412
0
0
0
0
0
0
0
0
0
0
0.0003190894
0.0002929581
0.0002655944
0.0002369037
0.0002067053
0
0
0
0
0
0
0
0
0
0
0.0003413557
0.0003161453
0.0002897816
0.0002621833
0.0002331844
0
0
0
0
0
0
0
0
0
0
0.0003638206
0.0003395147
0.0003141303
0.0002875977
0.0002597664
0
0
0
0
0
0
0
0
0
0
0.0003861963
0.0003627667
0.0003383268
0.0003128168
0.0002861
0
0
0
0
0
0
0
0
0
0
0.0004082774
0.0003856895
0.0003621529
0.0003376165
0.0003119548
0
0
0
0
0
0
0
0
0
0
0.0004299781
0.0004081966
0.0003855223
0.000361911
0.0003372469
0
0
0
0
0
0
0
0
0
0
0.0004512993
0.0004302916
0.0004084418
0.0003857115
0.0003619935
0
0
0
0
0
0
0
0
0
0
0.0004723132
0.0004520516
0.0004309943
0.0004091079
0.0003862923
0
0
0
0
0
0
0
0
0
0
0.0004931642
0.0004736279
0.0004533389
0.0004322682
0.0004103221
0
0
0
0
0
0
0
0
0
0
0.0005140104
0.0004951857
0.0004756494
0.0004553761
0.0004342779
0
0
0
0
0
0
0
0
0
0
0.0005348114
0.0005166845
0.000497886
0.000478394
0.0004581261
0
0
0
0
0
0
0
0
0
0
0.0005547645
0.0005372936
0.0005191869
0.0005004253
0.0004809312
0
0
0
0
0
0
0
0
0
0
0.000573548
0.0005566832
0.0005392138
0.0005211233
0.0005023383
0
0
0
0
0
0
0
0
0
0
0.0005911025
0.0005747945
0.0005579098
0.0005404335
0.0005222961
0
0
0
0
0
0
0
0
0
0
0.0006074788
0.0005916824
0.000575334
0.0005584204
0.000540875
0
0
0
0
0
0
0
0
0
0
0.0002241992
0.0001938706
0.00016207
0.0001293069
9.977375e-05
0
0
0
0
0
0
0
0
0
0
0.0002519186
0.0002228703
0.0001923563
0.0001603588
0.00012728
0
0
0
0
0
0
0
0
0
0
0.0002774067
0.0002495038
0.0002202226
0.0001894643
0.0001571255
0
0
0
0
0
0
0
0
0
0
0.0003009459
0.0002740663
0.0002458952
0.0002163341
0.0001852071
0
0
0
0
0
0
0
0
0
0
0.0003229422
0.0002969874
0.0002698199
0.0002413496
0.0002114031
0
0
0
0
0
0
0
0
0
0
0.0003440864
0.0003189957
0.0002927628
0.0002653084
0.0002364697
0
0
0
0
0
0
0
0
0
0
0.0003655002
0.0003412651
0.0003159567
0.0002895064
0.000261765
0
0
0
0
0
0
0
0
0
0
0.0003871252
0.0003637335
0.0003393339
0.0003138672
0.0002871971
0
0
0
0
0
0
0
0
0
0
0.0004086844
0.0003861126
0.0003625931
0.0003380749
0.0003124326
0
0
0
0
0
0
0
0
0
0
0.0004299781
0.0004081966
0.0003855223
0.000361911
0.0003372469
0
0
0
0
0
0
0
0
0
0
0.000450922
0.0004299
0.0004080353
0.0003852892
0.0003615544
0
0
0
0
0
0
0
0
0
0
0.0004715147
0.0004512236
0.0004301354
0.0004082165
0.0003853666
0
0
0
0
0
0
0
0
0
0
0.0004918244
0.0004722397
0.0004519
0.0004307759
0.0004087733
0
0
0
0
0
0
0
0
0
0
0.0005119891
0.0004930928
0.0004734806
0.000453127
0.0004319434
0
0
0
0
0
0
0
0
0
0
0.0005321611
0.0005139414
0.0004950436
0.000475445
0.0004550625
0
0
0
0
0
0
0
0
0
0
0.000552301
0.0005347461
0.00051655
0.0004976932
0.0004780973
0
0
0
0
0
0
0
0
0
0
0.0005716309
0.0005547023
0.0005371654
0.0005190034
0.0005001423
0
0
0
0
0
0
0
0
0
0
0.0005898375
0.0005734882
0.0005565599
0.0005390376
0.0005208514
0
0
0
0
0
0
0
0
0
0
0.0006068609
0.0005910447
0.0005746755
0.0005577398
0.0005401711
0
0
0
0
0
0
0
0
0
0
0.0006227483
0.0006074227
0.0005915671
0.0005751696
0.0005581663
0
0
0
0
0
0
0
0
0
0
0.0002530826
0.000224096
0.000193654
0.0001617479
0.0001288216
0
0
0
0
0
0
0
0
0
0
0.0002796126
0.0002518195
0.0002226628
0.0001920497
0.0001598956
0
0
0
0
0
0
0
0
0
0
0.0003040442
0.0002773111
0.0002493037
0.0002199283
0.0001890185
0
0
0
0
0
0
0
0
0
0
0.0003266395
0.0003008529
0.000273872
0.0002456105
0.0002159019
0
0
0
0
0
0
0
0
0
0
0.0003477794
0.0003228511
0.0002967971
0.0002695419
0.000240927
0
0
0
0
0
0
0
0
0
0
0.0003681206
0.0003439962
0.0003188079
0.0002924887
0.0002648917
0
0
0
0
0
0
0
0
0
0
0.0003887388
0.0003654129
0.0003410836
0.0003156926
0.0002891043
0
0
0
0
0
0
0
0
0
0
0.0004095775
0.0003870412
0.0003635593
0.000339081
0.0003134816
0
0
0
0
0
0
0
0
0
0
0.0004303698
0.0004086035
0.0003859451
0.0003623507
0.0003377046
0
0
0
0
0
0
0
0
0
0
0.000450922
0.0004299
0.0004080353
0.0003852892
0.0003615544
0
0
0
0
0
0
0
0
0
0
0.000471151
0.0004508465
0.0004297441
0.0004078104
0.000384945
0
0
0
0
0
0
0
0
0
0
0.0004910539
0.0004714415
0.0004510726
0.0004299178
0.0004078831
0
0
0
0
0
0
0
0
0
0
0.0005106953
0.0004917532
0.000472093
0.000451689
0.0004304523
0
0
0
0
0
0
0
0
0
0
0.0005302077
0.0005119199
0.0004929502
0.0004732757
0.0004528126
0
0
0
0
0
0
0
0
0
0
0.0005497374
0.0005320942
0.0005138037
0.0004948458
0.0004751414
0
0
0
0
0
0
0
0
0
0
0.0005692465
0.0005522377
0.0005346158
0.0005163633
0.0004974057
0
0
0
0
0
0
0
0
0
0
0.0005879808
0.0005715705
0.0005545778
0.0005369875
0.000518729
0
0
0
0
0
0
0
0
0
0
0.0006056351
0.0005897794
0.0005733686
0.0005563891
0.0005387739
0
0
0
0
0
0
0
0
0
0
0.0006221493
0.0006068047
0.0005909291
0.0005745106
0.0005574851
0
0
0
0
0
0
0
0
0
0
0.0006375674
0.0006226938
0.0006073107
0.0005914075
0.0005749229
0
0
0
0
0
0
0
0
0
0
0.0002807221
0.0002529839
0.0002238892
0.0001933487
0.0001612866
0
0
0
0
0
0
0
0
0
0
0.0003061516
0.0002795177
0.0002516208
0.0002223707
0.0001916074
0
0
0
0
0
0
0
0
0
0
0.0003296052
0.0003039523
0.0002771191
0.0002490225
0.0002195013
0
0
0
0
0
0
0
0
0
0
0.0003513238
0.0003265501
0.0003006663
0.0002735995
0.0002451959
0
0
0
0
0
0
0
0
0
0
0.0003716658
0.0003476917
0.0003226681
0.0002965306
0.0002691359
0
0
0
0
0
0
0
0
0
0
0.0003912566
0.0003680337
0.0003438155
0.0003185449
0.000292088
0
0
0
0
0
0
0
0
0
0
0.0004111295
0.0003886546
0.000365238
0.0003408297
0.0003153054
0
0
0
0
0
0
0
0
0
0
0.0004312295
0.0004094964
0.0003868731
0.0003633159
0.0003387093
0
0
0
0
0
0
0
0
0
0
0.0004512993
0.0004302916
0.0004084418
0.0003857115
0.0003619935
0
0
0
0
0
0
0
0
0
0
0.000471151
0.0004508465
0.0004297441
0.0004078104
0.000384945
0
0
0
0
0
0
0
0
0
0
0.0004907031
0.0004710779
0.0004506957
0.000429527
0.0004074777
0
0
0
0
0
0
0
0
0
0
0.0005099515
0.000490983
0.0004712953
0.0004508624
0.0004295955
0
0
0
0
0
0
0
0
0
0
0.0005289575
0.0005106263
0.0004916111
0.000471889
0.0004513759
0
0
0
0
0
0
0
0
0
0
0.0005478484
0.0005301405
0.0005117818
0.0004927519
0.0004729713
0
0
0
0
0
0
0
0
0
0
0.0005667654
0.0005496725
0.0005319607
0.0005136122
0.0004945517
0
0
0
0
0
0
0
0
0
0
0.0005856717
0.000569185
0.0005521113
0.0005344349
0.0005160846
0
0
0
0
0
0
0
0
0
0
0.0006038359
0.0005879221
0.0005714498
0.0005544054
0.0005367214
0
0
0
0
0
0
0
0
0
0
0.0006209609
0.0006055786
0.0005896632
0.0005732029
0.0005561331
0
0
0
0
0
0
0
0
0
0
0.0006369864
0.0006220946
0.0006066925
0.0005907692
0.0005742634
0
0
0
0
0
0
0
0
0
0
0.0006519531
0.0006375143
0.000622585
0.0006071558
0.0005911679
0
0
0
0
0
0
0
0
0
0
0.0003072119
0.0002806275
0.0002527859
0.0002235983
0.000192908
0
0
0
0
0
0
0
0
0
0
0.0003316228
0.0003060604
0.000279327
0.0002513418
0.000221947
0
0
0
0
0
0
0
0
0
0
0.0003541676
0.0003295169
0.0003037678
0.0002768499
0.0002486127
0
0
0
0
0
0
0
0
0
0
0.0003750687
0.0003512377
0.0003263706
0.000300405
0.0002732009
0
0
0
0
0
0
0
0
0
0
0.0003946643
0.0003715812
0.0003475155
0.0003224122
0.00029614
0
0
0
0
0
0
0
0
0
0
0.0004135515
0.0003911727
0.0003678595
0.0003435625
0.000318159
0
0
0
0
0
0
0
0
0
0
0.0004327236
0.0004110481
0.0003884859
0.0003649936
0.0003404566
0
0
0
0
0
0
0
0
0
0
0.0004521275
0.0004311511
0.0004093341
0.0003866386
0.0003629573
0
0
0
0
0
0
0
0
0
0
0.0004715147
0.0004512236
0.0004301354
0.0004082165
0.0003853666
0
0
0
0
0
0
0
0
0
0
0.0004907031
0.0004710779
0.0004506957
0.000429527
0.0004074777
0
0
0
0
0
0
0
0
0
0
0.0005096128
0.0004906322
0.000470932
0.0004504859
0.0004292053
0
0
0
0
0
0
0
0
0
0
0.000528239
0.0005098828
0.0004908415
0.000471092
0.0004505505
0
0
0
0
0
0
0
0
0
0
0.0005466399
0.0005288906
0.0005104887
0.0004914137
0.0004715858
0
0
0
0
0
0
0
0
0
0
0.0005649379
0.0005477833
0.0005300066
0.0005115898
0.000492457
0
0
0
0
0
0
0
0
0
0
0.0005832694
0.0005667024
0.000549543
0.0005317753
0.0005133271
0
0
0
0
0
0
0
0
0
0
0.0006015989
0.000585612
0.0005690623
0.0005519359
0.0005341646
0
0
0
0
0
0
0
0
0
0
0.0006192169
0.0006037789
0.0005878048
0.0005712825
0.0005541472
0
0
0
0
0
0
0
0
0
0
0.0006358339
0.000620906
0.0006054658
0.0005895024
0.0005729544
0
0
0
0
0
0
0
0
0
0
0.0006513894
0.0006369332
0.0006219856
0.0006065372
0.000590529
0
0
0
0
0
0
0
0
0
0
0.0006659216
0.0006519015
0.0006374086
0.0006224345
0.000606923
0
0
0
0
0
0
0
0
0
0
0.0003326381
0.000307121
0.0002804375
0.0002525079
0.000223176
0
0
0
0
0
0
0
0
0
0
0.0003561025
0.0003315351
0.0003058772
0.0002790598
0.0002509348
0
0
0
0
0
0
0
0
0
0
0.0003777996
0.0003540824
0.0003293393
0.0003035095
0.0002764558
0
0
0
0
0
0
0
0
0
0
0.0003979356
0.0003749857
0.0003510648
0.0003261195
0.0003000213
0
0
0
0
0
0
0
0
0
0
0.0004168307
0.0003945827
0.0003714114
0.0003472693
0.0003220359
0
0
0
0
0
0
0
0
0
0
0.0004350558
0.0004134704
0.0003910047
0.000367616
0.0003431906
0
0
0
0
0
0
0
0
0
0
0.0004535672
0.0004326449
0.0004108852
0.0003882504
0.0003646336
0
0
0
0
0
0
0
0
0
0
0.0004723132
0.0004520516
0.0004309943
0.0004091079
0.0003862923
0
0
0
0
0
0
0
0
0
0
0.0004910539
0.0004714415
0.0004510726
0.0004299178
0.0004078831
0
0
0
0
0
0
0
0
0
0
0.0005096128
0.0004906322
0.000470932
0.0004504859
0.0004292053
0
0
0
0
0
0
0
0
0
0
0.0005279119
0.0005095442
0.000490491
0.0004707291
0.0004501746
0
0
0
0
0
0
0
0
0
0
0.0005459454
0.0005281723
0.0005097456
0.0004906448
0.0004707901
0
0
0
0
0
0
0
0
0
0
0.0005637689
0.0005465749
0.0005287572
0.0005102976
0.0004911201
0
0
0
0
0
0
0
0
0
0
0.0005815004
0.0005648746
0.0005476534
0.0005298207
0.000511304
0
0
0
0
0
0
0
0
0
0
0.0005992718
0.0005832082
0.0005665768
0.0005493633
0.0005314988
0
0
0
0
0
0
0
0
0
0
0.0006170487
0.0006015408
0.0005854929
0.0005688923
0.0005516737
0
0
0
0
0
0
0
0
0
0
0.0006341426
0.0006191614
0.000603665
0.0005876426
0.0005710319
0
0
0
0
0
0
0
0
0
0
0.0006502713
0.0006357804
0.0006207963
0.0006053097
0.0005892611
0
0
0
0
0
0
0
0
0
0
0.0006653745
0.0006513377
0.0006368272
0.0006218348
0.0006063039
0
0
0
0
0
0
0
0
0
0
0.0006794871
0.0006658714
0.0006517987
0.0006372624
0.0006222084
0
0
0
0
0
0
0
0
0
0
0.0003570763
0.0003325506
0.0003069383
0.0002801711
0.0002521023
0
0
0
0
0
0
0
0
0
0
0.000379658
0.0003560179
0.0003313587
0.0003056206
0.0002786683
0
0
0
0
0
0
0
0
0
0
0.0004005615
0.0003777175
0.0003539114
0.000329091
0.00030313
0
0
0
0
0
0
0
0
0
0
0.000419979
0.0003978554
0.0003748189
0.0003508232
0.0003257498
0
0
0
0
0
0
0
0
0
0
0.0004382145
0.0004167518
0.0003944188
0.0003711743
0.0003469064
0
0
0
0
0
0
0
0
0
0
0.0004558149
0.0004349774
0.0004133081
0.00039077
0.000367257
0
0
0
0
0
0
0
0
0
0
0.0004737016
0.0004534911
0.0004324876
0.0004106581
0.0003879027
0
0
0
0
0
0
0
0
0
0
0.0004918244
0.0004722397
0.0004519
0.0004307759
0.0004087733
0
0
0
0
0
0
0
0
0
0
0.0005099515
0.000490983
0.0004712953
0.0004508624
0.0004295955
0
0
0
0
0
0
0
0
0
0
0.0005279119
0.0005095442
0.000490491
0.0004707291
0.0004501746
0
0
0
0
0
0
0
0
0
0
0.0005456292
0.0005278453
0.0005094073
0.0004902947
0.0004704278
0
0
0
0
0
0
0
0
0
0
0.0005630973
0.0005458807
0.0005280394
0.0005095553
0.0004903523
0
0
0
0
0
0
0
0
0
0
0.0005803692
0.0005637058
0.0005464456
0.0005285721
0.000510013
0
0
0
0
0
0
0
0
0
0
0.0005975588
0.000581439
0.0005647487
0.0005474732
0.0005295436
0
0
0
0
0
0
0
0
0
0
0.0006147936
0.0005992123
0.0005830863
0.0005664025
0.0005490951
0
0
0
0
0
0
0
0
0
0
0.0006320404
0.0006169923
0.0006014252
0.0005853279
0.0005686378
0
0
0
0
0
0
0
0
0
0
0.0006486307
0.0006340887
0.0006190508
0.0006035075
0.0005873992
0
0
0
0
0
0
0
0
0
0
0.0006642894
0.0006502193
0.0006356739
0.0006206448
0.0006050753
0
0
0
0
0
0
0
0
0
0
0.0006789559
0.0006653242
0.0006512347
0.0006366807
0.0006216081
0
0
0
0
0
0
0
0
0
0
0.0006926621
0.0006794382
0.0006657714
0.0006516567
0.0006370426
0
0
0
0
0
0
0
0
0
0
0.0003805934
0.000356992
0.0003323748
0.0003066826
0.0002797809
0
0
0
0
0
0
0
0
0
0
0.0004023486
0.0003795764
0.0003558479
0.000331112
0.0003052436
0
0
0
0
0
0
0
0
0
0
0.0004225067
0.0004004822
0.0003775524
0.0003536724
0.0003287252
0
0
0
0
0
0
0
0
0
0
0.0004412475
0.0004199015
0.0003976944
0.0003745861
0.0003504665
0
0
0
0
0
0
0
0
0
0
0.0004588603
0.0004381382
0.0004165935
0.0003941902
0.000370824
0
0
0
0
0
0
0
0
0
0
0.0004758696
0.0004557391
0.0004348206
0.0004130817
0.0003904233
0
0
0
0
0
0
0
0
0
0
0.0004931642
0.0004736279
0.0004533389
0.0004322682
0.0004103221
0
0
0
0
0
0
0
0
0
0
0.0005106953
0.0004917532
0.000472093
0.000451689
0.0004304523
0
0
0
0
0
0
0
0
0
0
0.000528239
0.0005098828
0.0004908415
0.000471092
0.0004505505
0
0
0
0
0
0
0
0
0
0
0.0005456292
0.0005278453
0.0005094073
0.0004902947
0.0004704278
0
0
0
0
0
0
0
0
0
0
0.0005627916
0.0005455646
0.0005277126
0.0005092173
0.0004900028
0
0
0
0
0
0
0
0
0
0
0.0005797195
0.0005630345
0.0005457518
0.000527855
0.0005092718
0
0
0
0
0
0
0
0
0
0
0.0005964636
0.0005803079
0.0005635803
0.0005462661
0.0005282961
0
0
0
0
0
0
0
0
0
0
0.0006131341
0.0005974991
0.0005813167
0.0005645739
0.0005472044
0
0
0
0
0
0
0
0
0
0
0.0006298542
0.0006147358
0.000599094
0.0005829172
0.0005661422
0
0
0
0
0
0
0
0
0
0
0.0006465916
0.0006319855
0.0006168799
0.000601265
0.0005850808
0
0
0
0
0
0
0
0
0
0
0.0006626973
0.0006485782
0.0006339812
0.0006188979
0.0006032711
0
0
0
0
0
0
0
0
0
0
0.0006779025
0.0006642388
0.0006501158
0.0006355267
0.000620417
0
0
0
0
0
0
0
0
0
0
0.0006921463
0.0006789069
0.000665224
0.0006510923
0.0006364604
0
0
0
0
0
0
0
0
0
0
0.0007054562
0.0006926145
0.0006793409
0.0006656334
0.000651443
0
0
0
0
0
0
0
0
0
0
0.0004032483
0.0003805121
0.0003568225
0.0003321289
0.0003063067
0
0
0
0
0
0
0
0
0
0
0.0004242272
0.0004022698
0.0003794124
0.0003556105
0.0003307485
0
0
0
0
0
0
0
0
0
0
0.0004436831
0.00042243
0.0004003228
0.0003773222
0.0003533194
0
0
0
0
0
0
0
0
0
0
0.0004617848
0.0004411726
0.000419746
0.00039747
0.0003742417
0
0
0
0
0
0
0
0
0
0
0.000478808
0.0004587864
0.0004379852
0.0004163729
0.0003938518
0
0
0
0
0
0
0
0
0
0
0.0004952568
0.0004757962
0.0004555874
0.000434602
0.0004127467
0
0
0
0
0
0
0
0
0
0
0.0005119891
0.0004930928
0.0004734806
0.000453127
0.0004319434
0
0
0
0
0
0
0
0
0
0
0.0005289575
0.0005106263
0.0004916111
0.000471889
0.0004513759
0
0
0
0
0
0
0
0
0
0
0.0005459454
0.0005281723
0.0005097456
0.0004906448
0.0004707901
0
0
0
0
0
0
0
0
0
0
0.0005627916
0.0005455646
0.0005277126
0.0005092173
0.0004900028
0
0
0
0
0
0
0
0
0
0
0.0005794238
0.0005627289
0.000545436
0.0005275286
0.0005089344
0
0
0
0
0
0
0
0
0
0
0.0005958348
0.0005796584
0.0005629094
0.000545573
0.0005275801
0
0
0
0
0
0
0
0
0
0
0.0006120734
0.0005964041
0.0005801862
0.0005634063
0.0005459985
0
0
0
0
0
0
0
0
0
0
0.0006282459
0.0006130761
0.0005973804
0.0005811472
0.0005643131
0
0
0
0
0
0
0
0
0
0
0.0006444715
0.000629798
0.0006146208
0.0005989299
0.0005826645
0
0
0
0
0
0
0
0
0
0
0.0006607189
0.0006465383
0.0006318763
0.0006167244
0.0006010251
0
0
0
0
0
0
0
0
0
0
0.000676357
0.0006626463
0.0006484737
0.0006338326
0.0006186682
0
0
0
0
0
0
0
0
0
0
0.0006911233
0.0006778532
0.0006641381
0.0006499727
0.0006353053
0
0
0
0
0
0
0
0
0
0
0.0007049551
0.0006920986
0.0006788095
0.0006650856
0.0006508781
0
0
0
0
0
0
0
0
0
0.0007178756
0.0007054098
0.0006925199
0.0006792067
0.0006654255
0
0
0
0
0
0
0
0
0
0
0.0004250935
0.0004031698
0.0003803485
0.0003565858
0.0003317664
0
0
0
0
0
0
0
0
0
0
0.0004453412
0.000424151
0.0004021114
0.0003791835
0.0003552596
0
0
0
0
0
0
0
0
0
0
0.0004641337
0.000443609
0.0004222761
0.0004001007
0.0003769812
0
0
0
0
0
0
0
0
0
0
0.0004816301
0.0004617122
0.0004410222
0.0004195293
0.0003971372
0
0
0
0
0
0
0
0
0
0
0.0004980941
0.0004787365
0.0004586384
0.0004377722
0.0004160458
0
0
0
0
0
0
0
0
0
0
0.0005140104
0.0004951857
0.0004756494
0.0004553761
0.0004342779
0
0
0
0
0
0
0
0
0
0
0.0005302077
0.0005119199
0.0004929502
0.0004732757
0.0004528126
0
0
0
0
0
0
0
0
0
0
0.0005466399
0.0005288906
0.0005104887
0.0004914137
0.0004715858
0
0
0
0
0
0
0
0
0
0
0.0005630973
0.0005458807
0.0005280394
0.0005095553
0.0004903523
0
0
0
0
0
0
0
0
0
0
0.0005794238
0.0005627289
0.000545436
0.0005275286
0.0005089344
0
0
0
0
0
0
0
0
0
0
0.0005955487
0.0005793628
0.0005626041
0.0005452576
0.0005272543
0
0
0
0
0
0
0
0
0
0
0.0006114645
0.0005957755
0.0005795371
0.0005627361
0.0005453064
0
0
0
0
0
0
0
0
0
0
0.0006272182
0.0006120156
0.0005962859
0.0005800174
0.0005631466
0
0
0
0
0
0
0
0
0
0
0.0006429123
0.0006281895
0.0006129608
0.0005972159
0.000580894
0
0
0
0
0
0
0
0
0
0
0.0006586621
0.0006444168
0.0006296863
0.0006144615
0.0005986845
0
0
0
0
0
0
0
0
0
0
0.0006744368
0.000660667
0.0006464321
0.0006317253
0.0006164913
0
0
0
0
0
0
0
0
0
0
0.0006896227
0.0006763073
0.0006625447
0.0006483294
0.0006336094
0
0
0
0
0
0
0
0
0
0
0.0007039615
0.0006910754
0.0006777553
0.0006639991
0.0006497575
0
0
0
0
0
0
0
0
0
0.0007173888
0.0007049087
0.0006920038
0.0006786749
0.0006648773
0
0
0
0
0
0
0
0
0.0007299193
0.0007178305
0.0007053177
0.0006923893
0.0006790045
0
0
0
0
0
0
0
0
0
0
0.0004461761
0.0004250176
0.0004030118
0.0003801204
0.0003562359
0
0
0
0
0
0
0
0
0
0
0.0004657329
0.0004452674
0.000423998
0.0004018906
0.0003788446
0
0
0
0
0
0
0
0
0
0
0.0004838972
0.0004640619
0.00044346
0.0004220616
0.0003997712
0
0
0
0
0
0
0
0
0
0
0.0005008194
0.0004815599
0.0004615667
0.0004408129
0.0004192075
0
0
0
0
0
0
0
0
0
0
0.0005167517
0.0004980247
0.0004785932
0.0004584325
0.0004374557
0
0
0
0
0
0
0
0
0
0
0.0005321611
0.0005139414
0.0004950436
0.000475445
0.0004550625
0
0
0
0
0
0
0
0
0
0
0.0005478484
0.0005301405
0.0005117818
0.0004927519
0.0004729713
0
0
0
0
0
0
0
0
0
0
0.0005637689
0.0005465749
0.0005287572
0.0005102976
0.0004911201
0
0
0
0
0
0
0
0
0
0
0.0005797195
0.0005630345
0.0005457518
0.000527855
0.0005092718
0
0
0
0
0
0
0
0
0
0
0.0005955487
0.0005793628
0.0005626041
0.0005452576
0.0005272543
0
0
0
0
0
0
0
0
0
0
0.0006111875
0.0005954894
0.0005792417
0.0005624312
0.0005449915
0
0
0
0
0
0
0
0
0
0
0.0006266284
0.0006114069
0.0005956577
0.000579369
0.0005624774
0
0
0
0
0
0
0
0
0
0
0.0006419162
0.000627162
0.0006119007
0.0005961221
0.0005797653
0
0
0
0
0
0
0
0
0
0
0.00065715
0.0006428574
0.0006280775
0.0006128011
0.0005969701
0
0
0
0
0
0
0
0
0
0
0.0006724409
0.0006586089
0.0006443082
0.0006295315
0.0006142232
0
0
0
0
0
0
0
0
0
0
0.0006877585
0.0006743863
0.0006605638
0.0006462854
0.0006314988
0
0
0
0
0
0
0
0
0
0
0.000702504
0.0006895743
0.0006762085
0.0006624044
0.0006481124
0
0
0
0
0
0
0
0
0
0.0007164235
0.0007039148
0.0006909801
0.0006776201
0.0006637898
0
0
0
0
0
0
0
0
0.0007294462
0.0007173435
0.0007048164
0.0006918729
0.0006784723
0
0
0
0
0
0
0
0.0007415776
0.0007298753
0.0007177408
0.0007051907
0.0006921926
0
0
0
0
0
0
0
0
0
0
0.0004665383
0.0004461026
0.0004248649
0.0004027917
0.0003797824
0
0
0
0
0
0
0
0
0
0
0.0004854409
0.0004656615
0.0004451194
0.0004237848
0.000401563
0
0
0
0
0
0
0
0
0
0
0.0005030091
0.0004838277
0.0004639178
0.0004432528
0.0004217429
0
0
0
0
0
0
0
0
0
0
0.0005193852
0.0005007513
0.000481419
0.0004613644
0.0004405015
0
0
0
0
0
0
0
0
0
0
0.0005348114
0.0005166845
0.000497886
0.000478394
0.0004581261
0
0
0
0
0
0
0
0
0
0
0.0005497374
0.0005320942
0.0005138037
0.0004948458
0.0004751414
0
0
0
0
0
0
0
0
0
0
0.0005649379
0.0005477833
0.0005300066
0.0005115898
0.000492457
0
0
0
0
0
0
0
0
0
0
0.0005803692
0.0005637058
0.0005464456
0.0005285721
0.000510013
0
0
0
0
0
0
0
0
0
0
0.0005958348
0.0005796584
0.0005629094
0.000545573
0.0005275801
0
0
0
0
0
0
0
0
0
0
0.0006111875
0.0005954894
0.0005792417
0.0005624312
0.0005449915
0
0
0
0
0
0
0
0
0
0
0.0006263602
0.0006111299
0.0005953718
0.000579074
0.0005621729
0
0
0
0
0
0
0
0
0
0
0.0006413448
0.0006265724
0.0006112924
0.0005954945
0.0005791178
0
0
0
0
0
0
0
0
0
0
0.0006561843
0.0006418615
0.0006270504
0.0006117417
0.0005958773
0
0
0
0
0
0
0
0
0
0
0.000670974
0.0006570966
0.0006427485
0.0006279224
0.0006125623
0
0
0
0
0
0
0
0
0
0
0.000685821
0.0006723891
0.0006585034
0.0006441579
0.0006293
0
0
0
0
0
0
0
0
0
0
0.0007006937
0.0006877093
0.000674286
0.0006604212
0.0006460652
0
0
0
0
0
0
0
0
0
0.0007150076
0.0007024569
0.0006894782
0.0006760721
0.0006621934
0
0
0
0
0
0
0
0
0.0007285083
0.000716378
0.0007038221
0.0006908486
0.0006774166
0
0
0
0
0
0
0
0.0007411179
0.0007294021
0.0007172537
0.0007046891
0.0006916758
0
0
0
0
0
0
0.0007528214
0.0007415347
0.000729788
0.0007176172
0.0007049993
0
0
0
0
0
0
0
0
0
0
0.0004862184
0.0004664671
0.0004459549
0.0004246523
0.0004024649
0
0
0
0
0
0
0
0
0
0
0.0005045002
0.0004853717
0.0004655182
0.0004449134
0.0004234678
0
0
0
0
0
0
0
0
0
0
0.0005215016
0.0005029416
0.0004836881
0.0004637174
0.0004429444
0
0
0
0
0
0
0
0
0
0
0.0005373577
0.0005193192
0.0005006148
0.0004812232
0.0004610629
0
0
0
0
0
0
0
0
0
0
0.000552301
0.0005347461
0.00051655
0.0004976932
0.0004780973
0
0
0
0
0
0
0
0
0
0
0.0005667654
0.0005496725
0.0005319607
0.0005136122
0.0004945517
0
0
0
0
0
0
0
0
0
0
0.0005815004
0.0005648746
0.0005476534
0.0005298207
0.000511304
0
0
0
0
0
0
0
0
0
0
0.0005964636
0.0005803079
0.0005635803
0.0005462661
0.0005282961
0
0
0
0
0
0
0
0
0
0
0.0006114645
0.0005957755
0.0005795371
0.0005627361
0.0005453064
0
0
0
0
0
0
0
0
0
0
0.0006263602
0.0006111299
0.0005953718
0.000579074
0.0005621729
0
0
0
0
0
0
0
0
0
0
0.0006410848
0.0006263042
0.0006110157
0.000595209
0.0005788233
0
0
0
0
0
0
0
0
0
0
0.0006556304
0.0006412902
0.0006264612
0.0006111341
0.0005952507
0
0
0
0
0
0
0
0
0
0
0.0006700374
0.0006561311
0.0006417531
0.000626896
0.0006115039
0
0
0
0
0
0
0
0
0
0
0.0006843975
0.000670922
0.0006569908
0.0006425979
0.0006276904
0
0
0
0
0
0
0
0
0
0
0.0006988125
0.0006857707
0.0006722865
0.0006583573
0.0006439328
0
0
0
0
0
0
0
0
0
0.0007132492
0.0007006458
0.0006876117
0.0006741473
0.0006602071
0
0
0
0
0
0
0
0
0.0007271327
0.0007149617
0.0007023634
0.0006893455
0.0006758669
0
0
0
0
0
0
0
0.0007402065
0.0007284639
0.0007162877
0.0007036941
0.0006906506
0
0
0
0
0
0
0.0007523747
0.000741075
0.0007293147
0.0007171298
0.0007044972
0
0
0
0
0
0.0007635954
0.0007527795
0.0007414497
0.0007296677
0.0007174309
0
0
0
0
0
0
0
0
0
0
0.0005052513
0.0004861495
0.0004663242
0.0004457495
0.0004243362
0
0
0
0
0
0
0
0
0
0
0.0005229429
0.0005044331
0.000485233
0.000465319
0.0004446066
0
0
0
0
0
0
0
0
0
0
0.0005394044
0.0005214362
0.0005028065
0.0004834943
0.0004634188
0
0
0
0
0
0
0
0
0
0
0.0005547645
0.0005372936
0.0005191869
0.0005004253
0.0004809312
0
0
0
0
0
0
0
0
0
0
0.0005692465
0.0005522377
0.0005346158
0.0005163633
0.0004974057
0
0
0
0
0
0
0
0
0
0
0.0005832694
0.0005667024
0.000549543
0.0005317753
0.0005133271
0
0
0
0
0
0
0
0
0
0
0.0005975588
0.000581439
0.0005647487
0.0005474732
0.0005295436
0
0
0
0
0
0
0
0
0
0
0.0006120734
0.0005964041
0.0005801862
0.0005634063
0.0005459985
0
0
0
0
0
0
0
0
0
0
0.0006266284
0.0006114069
0.0005956577
0.000579369
0.0005624774
0
0
0
0
0
0
0
0
0
0
0.0006410848
0.0006263042
0.0006110157
0.000595209
0.0005788233
0
0
0
0
0
0
0
0
0
0
0.0006553785
0.0006410304
0.0006261932
0.0006108577
0.0005949656
0
0
0
0
0
0
0
0
0
0
0.0006695003
0.0006555773
0.0006411822
0.0006263074
0.0006108972
0
0
0
0
0
0
0
0
0
0
0.0006834889
0.0006699856
0.0006560256
0.0006416031
0.0006266649
0
0
0
0
0
0
0
0
0
0
0.0006974308
0.000684347
0.0006708191
0.0006568443
0.0006423724
0
0
0
0
0
0
0
0
0
0.0007114223
0.0006987635
0.0006856708
0.0006721445
0.0006581385
0
0
0
0
0
0
0
0
0.0007254245
0.0007132025
0.0007005508
0.0006874769
0.0006739391
0
0
0
0
0
0
0
0.00073887
0.0007270879
0.0007148707
0.0007022343
0.0006891459
0
0
0
0
0
0
0.0007514893
0.0007401633
0.000728376
0.0007161632
0.0007035014
0
0
0
0
0
0.0007631617
0.0007523328
0.0007409897
0.0007291941
0.0007169431
0
0
0
0
0.0007737894
0.0007635546
0.0007526967
0.0007413325
0.0007294863
0
0
0
0
0
0
0
0
0
0
0.000523669
0.0005051845
0.0004860111
0.0004661255
0.0004454435
0
0
0
0
0
0
0
0
0
0
0.0005407983
0.0005228778
0.0005042987
0.0004850402
0.0004650219
0
0
0
0
0
0
0
0
0
0
0.0005567448
0.0005393409
0.0005213051
0.0005026188
0.0004832049
0
0
0
0
0
0
0
0
0
0
0.0005716309
0.0005547023
0.0005371654
0.0005190034
0.0005001423
0
0
0
0
0
0
0
0
0
0
0.0005856717
0.000569185
0.0005521113
0.0005344349
0.0005160846
0
0
0
0
0
0
0
0
0
0
0.0005992718
0.0005832082
0.0005665768
0.0005493633
0.0005314988
0
0
0
0
0
0
0
0
0
0
0.0006131341
0.0005974991
0.0005813167
0.0005645739
0.0005472044
0
0
0
0
0
0
0
0
0
0
0.0006272182
0.0006120156
0.0005962859
0.0005800174
0.0005631466
0
0
0
0
0
0
0
0
0
0
0.0006413448
0.0006265724
0.0006112924
0.0005954945
0.0005791178
0
0
0
0
0
0
0
0
0
0
0.0006553785
0.0006410304
0.0006261932
0.0006108577
0.0005949656
0
0
0
0
0
0
0
0
0
0
0.0006692561
0.0006553255
0.0006409225
0.0006260397
0.0006106212
0
0
0
0
0
0
0
0
0
0
0.0006829681
0.0006694487
0.0006554722
0.0006410328
0.0006260772
0
0
0
0
0
0
0
0
0
0
0.0006965492
0.0006834385
0.000669883
0.0006558798
0.0006413785
0
0
0
0
0
0
0
0
0
0.0007100809
0.0006973816
0.0006842468
0.0006706767
0.0006566251
0
0
0
0
0
0
0
0
0.0007236501
0.0007113745
0.0006986663
0.0006855327
0.0006719317
0
0
0
0
0
0
0
0.0007372105
0.000725379
0.0007131101
0.0007004196
0.0006872743
0
0
0
0
0
0
0.000750191
0.0007388264
0.0007269993
0.0007147451
0.00070204
0
0
0
0
0
0.0007623019
0.0007514472
0.0007400777
0.0007282549
0.0007159756
0
0
0
0
0.0007733688
0.0007631208
0.0007522498
0.0007408723
0.0007290123
0
0
0
0.0007832133
0.0007737496
0.0007634738
0.0007525826
0.0007411558
0
0
0
0
0
0
0
0
0
0
0.0005415007
0.0005236041
0.0005050504
0.0004858188
0.0004658292
0
0
0
0
0
0
0
0
0
0
0.0005580937
0.0005407352
0.0005227475
0.000504112
0.0004847524
0
0
0
0
0
0
0
0
0
0
0.000573548
0.0005566832
0.0005392138
0.0005211233
0.0005023383
0
0
0
0
0
0
0
0
0
0
0.0005879808
0.0005715705
0.0005545778
0.0005369875
0.000518729
0
0
0
0
0
0
0
0
0
0
0.0006015989
0.000585612
0.0005690623
0.0005519359
0.0005341646
0
0
0
0
0
0
0
0
0
0
0.0006147936
0.0005992123
0.0005830863
0.0005664025
0.0005490951
0
0
0
0
0
0
0
0
0
0
0.0006282459
0.0006130761
0.0005973804
0.0005811472
0.0005643131
0
0
0
0
0
0
0
0
0
0
0.0006419162
0.000627162
0.0006119007
0.0005961221
0.0005797653
0
0
0
0
0
0
0
0
0
0
0.0006556304
0.0006412902
0.0006264612
0.0006111341
0.0005952507
0
0
0
0
0
0
0
0
0
0
0.0006692561
0.0006553255
0.0006409225
0.0006260397
0.0006106212
0
0
0
0
0
0
0
0
0
0
0.0006827313
0.0006692046
0.0006552206
0.0006407734
0.00062581
0
0
0
0
0
0
0
0
0
0
0.000696044
0.0006829178
0.0006693465
0.0006553271
0.000640809
0
0
0
0
0
0
0
0
0
0.0007092253
0.0006965001
0.0006833388
0.0006697413
0.0006556615
0
0
0
0
0
0
0
0
0.0007223477
0.000710033
0.0006972841
0.0006841084
0.0006704635
0
0
0
0
0
0
0
0.000735487
0.0007236035
0.0007112799
0.000698532
0.0006853257
0
0
0
0
0
0
0.0007485792
0.0007371662
0.000725289
0.0007129825
0.0007002225
0
0
0
0
0
0.0007610414
0.0007501485
0.00073874
0.0007268771
0.000714556
0
0
0
0
0.000772535
0.0007622608
0.0007513637
0.0007399597
0.0007280722
0
0
0
0.0007828063
0.0007733289
0.0007630398
0.0007521354
0.0007406952
0
0
0.0007915189
0.0007831743
0.0007736708
0.0007633625
0.0007524104
0
0
0
0
0
0
0
0
0
0
0.0005587734
0.0005414377
0.0005234741
0.0005048642
0.0004855317
0
0
0
0
0
0
0
0
0
0
0.000574854
0.0005580324
0.0005406088
0.0005225667
0.000503833
0
0
0
0
0
0
0
0
0
0
0.0005898375
0.0005734882
0.0005565599
0.0005390376
0.0005208514
0
0
0
0
0
0
0
0
0
0
0.0006038359
0.0005879221
0.0005714498
0.0005544054
0.0005367214
0
0
0
0
0
0
0
0
0
0
0.0006170487
0.0006015408
0.0005854929
0.0005688923
0.0005516737
0
0
0
0
0
0
0
0
0
0
0.0006298542
0.0006147358
0.000599094
0.0005829172
0.0005661422
0
0
0
0
0
0
0
0
0
0
0.0006429123
0.0006281895
0.0006129608
0.0005972159
0.000580894
0
0
0
0
0
0
0
0
0
0
0.0006561843
0.0006418615
0.0006270504
0.0006117417
0.0005958773
0
0
0
0
0
0
0
0
0
0
0.0006695003
0.0006555773
0.0006411822
0.0006263074
0.0006108972
0
0
0
0
0
0
0
0
0
0
0.0006827313
0.0006692046
0.0006552206
0.0006407734
0.00062581
0
0
0
0
0
0
0
0
0
0
0.0006958143
0.0006826811
0.0006691026
0.0006550757
0.0006405501
0
0
0
0
0
0
0
0
0
0.0007087351
0.000695995
0.0006828184
0.0006692054
0.0006551095
0
0
0
0
0
0
0
0
0.0007215171
0.0007091774
0.000696403
0.000683201
0.000669529
0
0
0
0
0
0
0
0.0007342225
0.0007223009
0.0007099381
0.0006971495
0.000683901
0
0
0
0
0
0
0.0007469055
0.0007354416
0.0007235114
0.0007111492
0.0006983305
0
0
0
0
0
0.0007594767
0.000748536
0.0007370785
0.0007251648
0.0007127906
0
0
0
0
0.0007713126
0.0007609999
0.0007500643
0.000738621
0.0007266929
0
0
0
0.0007819995
0.0007724949
0.0007621795
0.0007512488
0.0007397818
0
0
0.0007911268
0.0007827672
0.0007732499
0.0007629283
0.0007519629
0
0.0007981212
0.0007914808
0.0007830973
0.0007735622
0.0007631946
0
0
0
0
0
0
0
0
0
0
0.0005755122
0.0005587123
0.0005413116
0.0005232937
0.0005045859
0
0
0
0
0
0
0
0
0
0
0.0005911025
0.0005747945
0.0005579098
0.0005404335
0.0005222961
0
0
0
0
0
0
0
0
0
0
0.0006056351
0.0005897794
0.0005733686
0.0005563891
0.0005387739
0
0
0
0
0
0
0
0
0
0
0.0006192169
0.0006037789
0.0005878048
0.0005712825
0.0005541472
0
0
0
0
0
0
0
0
0
0
0.0006320404
0.0006169923
0.0006014252
0.0005853279
0.0005686378
0
0
0
0
0
0
0
0
0
0
0.0006444715
0.000629798
0.0006146208
0.0005989299
0.0005826645
0
0
0
0
0
0
0
0
0
0
0.00065715
0.0006428574
0.0006280775
0.0006128011
0.0005969701
0
0
0
0
0
0
0
0
0
0
0.0006700374
0.0006561311
0.0006417531
0.000626896
0.0006115039
0
0
0
0
0
0
0
0
0
0
0.0006829681
0.0006694487
0.0006554722
0.0006410328
0.0006260772
0
0
0
0
0
0
0
0
0
0
0.0006958143
0.0006826811
0.0006691026
0.0006550757
0.0006405501
0
0
0
0
0
0
0
0
0
0.0007085123
0.0006957654
0.0006825819
0.0006689618
0.0006548586
0
0
0
0
0
0
0
0
0.0007210415
0.0007086874
0.0006958983
0.0006826812
0.0006689938
0
0
0
0
0
0
0
0.0007334164
0.0007214705
0.000709083
0.000696269
0.0006829944
0
0
0
0
0
0
0.0007456779
0.0007341769
0.0007222086
0.0007098071
0.0006969477
0
0
0
0
0
0.0007578522
0.0007468612
0.0007353519
0.0007233842
0.0007109532
0
0
0
0
0.0007697955
0.0007594345
0.0007484505
0.0007369576
0.000724978
0
0
0
0.0007808167
0.0007712721
0.0007609178
0.0007499484
0.0007384417
0
0
0.0007903495
0.0007819602
0.0007724155
0.0007620674
0.0007510755
0
0.0007977458
0.0007910885
0.00078269
0.0007731411
0.0007627601
0.0008020388
0.0007980836
0.0007914054
0.0007829913
0.0007733984
0
0
0
0
0
0
0
0
0
0
0.0005917401
0.0005754528
0.0005585899
0.0005411368
0.0005230238
0
0
0
0
0
0
0
0
0
0
0.0006068609
0.0005910447
0.0005746755
0.0005577398
0.0005401711
0
0
0
0
0
0
0
0
0
0
0.0006209609
0.0006055786
0.0005896632
0.0005732029
0.0005561331
0
0
0
0
0
0
0
0
0
0
0.0006341426
0.0006191614
0.000603665
0.0005876426
0.0005710319
0
0
0
0
0
0
0
0
0
0
0.0006465916
0.0006319855
0.0006168799
0.000601265
0.0005850808
0
0
0
0
0
0
0
0
0
0
0.0006586621
0.0006444168
0.0006296863
0.0006144615
0.0005986845
0
0
0
0
0
0
0
0
0
0
0.000670974
0.0006570966
0.0006427485
0.0006279224
0.0006125623
0
0
0
0
0
0
0
0
0
0
0.0006834889
0.0006699856
0.0006560256
0.0006416031
0.0006266649
0
0
0
0
0
0
0
0
0
0
0.000696044
0.0006829178
0.0006693465
0.0006553271
0.000640809
0
0
0
0
0
0
0
0
0
0.0007085123
0.0006957654
0.0006825819
0.0006689618
0.0006548586
0
0
0
0
0
0
0
0
0.0007208254
0.0007084647
0.0006956689
0.000682445
0.0006687506
0
0
0
0
0
0
0
0.0007329549
0.000720995
0.0007085932
0.0006957648
0.0006824754
0
0
0
0
0
0
0.0007448958
0.0007333709
0.0007213785
0.0007089526
0.000696068
0
0
0
0
0
0.0007566613
0.0007456335
0.000734087
0.0007220811
0.0007096107
0
0
0
0
0.0007682207
0.000757809
0.0007467738
0.0007352281
0.0007231933
0
0
0
0.0007793491
0.0007697543
0.0007593512
0.0007483327
0.0007367756
0
0
0.0007892101
0.0007807771
0.000771192
0.0007608048
0.0007497736
0
0.0007970019
0.0007903111
0.0007818827
0.0007723062
0.0007618984
0.0008016805
0.0007977082
0.000791013
0.0007825838
0.000772977
0.0008020017
0.0007980095
0.0007913016
0.0007828312
0
0
0
0
0
0
0
0
0
0
0.0006074788
0.0005916824
0.000575334
0.0005584204
0.000540875
0
0
0
0
0
0
0
0
0
0
0.0006221493
0.0006068047
0.0005909291
0.0005745106
0.0005574851
0
0
0
0
0
0
0
0
0
0
0.0006358339
0.000620906
0.0006054658
0.0005895024
0.0005729544
0
0
0
0
0
0
0
0
0
0
0.0006486307
0.0006340887
0.0006190508
0.0006035075
0.0005873992
0
0
0
0
0
0
0
0
0
0
0.0006607189
0.0006465383
0.0006318763
0.0006167244
0.0006010251
0
0
0
0
0
0
0
0
0
0
0.0006724409
0.0006586089
0.0006443082
0.0006295315
0.0006142232
0
0
0
0
0
0
0
0
0
0
0.0006843975
0.000670922
0.0006569908
0.0006425979
0.0006276904
0
0
0
0
0
0
0
0
0
0
0.0006965492
0.0006834385
0.000669883
0.0006558798
0.0006413785
0
0
0
0
0
0
0
0
0
0.0007087351
0.000695995
0.0006828184
0.0006692054
0.0006551095
0
0
0
0
0
0
0
0
0.0007208254
0.0007084647
0.0006956689
0.000682445
0.0006687506
0
0
0
0
0
0
0
0.0007327453
0.000720779
0.0007083707
0.0006955357
0.0006822396
0
0
0
0
0
0
0.0007444482
0.0007329096
0.0007209034
0.0007084634
0.0006955646
0
0
0
0
0
0.0007559029
0.0007448515
0.0007332813
0.0007212516
0.000708757
0
0
0
0
0.0007670669
0.000756618
0.0007455459
0.0007339628
0.0007218899
0
0
0
0.0007778261
0.0007681786
0.0007577238
0.0007466532
0.0007350422
0
0
0.0007877965
0.0007793089
0.000769673
0.0007592364
0.0007481555
0
0.0007959116
0.0007891713
0.0007806989
0.0007710818
0.0007606344
0.0008009706
0.0007969641
0.0007902351
0.0007817759
0.0007721414
0.0008016433
0.0007976339
0.000790909
0.0007824234
0.0008019284
0.0007979075
0.0007911449
0
0
0
0
0
0
0
0
0
0
0.0006227483
0.0006074227
0.0005915671
0.0005751696
0.0005581663
0
0
0
0
0
0
0
0
0
0
0.0006369864
0.0006220946
0.0006066925
0.0005907692
0.0005742634
0
0
0
0
0
0
0
0
0
0
0.0006502713
0.0006357804
0.0006207963
0.0006053097
0.0005892611
0
0
0
0
0
0
0
0
0
0
0.0006626973
0.0006485782
0.0006339812
0.0006188979
0.0006032711
0
0
0
0
0
0
0
0
0
0
0.0006744368
0.000660667
0.0006464321
0.0006317253
0.0006164913
0
0
0
0
0
0
0
0
0
0
0.000685821
0.0006723891
0.0006585034
0.0006441579
0.0006293
0
0
0
0
0
0
0
0
0
0
0.0006974308
0.000684347
0.0006708191
0.0006568443
0.0006423724
0
0
0
0
0
0
0
0
0
0.0007092253
0.0006965001
0.0006833388
0.0006697413
0.0006556615
0
0
0
0
0
0
0
0
0.0007210415
0.0007086874
0.0006958983
0.0006826812
0.0006689938
0
0
0
0
0
0
0
0.0007327453
0.000720779
0.0007083707
0.0006955357
0.0006822396
0
0
0
0
0
0
0.000744245
0.0007327001
0.0007206875
0.0007082411
0.0006953358
0
0
0
0
0
0.0007554692
0.000744404
0.0007328203
0.000720777
0.0007082685
0
0
0
0
0.0007663326
0.0007558597
0.0007447642
0.0007331578
0.0007210612
0
0
0
0.000776711
0.0007670246
0.0007565325
0.000745425
0.0007337766
0
0
0.00078633
0.0007777849
0.0007680955
0.0007576063
0.0007464721
0
0.0007945593
0.0007877571
0.0007792295
0.0007695611
0.0007590636
0.0007999306
0.0007958734
0.0007890947
0.0007805912
0.0007709156
0.0008009333
0.0007968895
0.0007901306
0.0007816148
0.0008015699
0.0007975317
0.0007907519
0.0008018277
0.0007977535
0
0
0
0
0
0
0
0
0
0
0.0006375674
0.0006226938
0.0006073107
0.0005914075
0.0005749229
0
0
0
0
0
0
0
0
0
0
0.0006513894
0.0006369332
0.0006219856
0.0006065372
0.000590529
0
0
0
0
0
0
0
0
0
0
0.0006642894
0.0006502193
0.0006356739
0.0006206448
0.0006050753
0
0
0
0
0
0
0
0
0
0
0.000676357
0.0006626463
0.0006484737
0.0006338326
0.0006186682
0
0
0
0
0
0
0
0
0
0
0.0006877585
0.0006743863
0.0006605638
0.0006462854
0.0006314988
0
0
0
0
0
0
0
0
0
0
0.0006988125
0.0006857707
0.0006722865
0.0006583573
0.0006439328
0
0
0
0
0
0
0
0
0
0.0007100809
0.0006973816
0.0006842468
0.0006706767
0.0006566251
0
0
0
0
0
0
0
0
0.0007215171
0.0007091774
0.000696403
0.000683201
0.000669529
0
0
0
0
0
0
0
0.0007329549
0.000720995
0.0007085932
0.0006957648
0.0006824754
0
0
0
0
0
0
0.000744245
0.0007327001
0.0007206875
0.0007082411
0.0006953358
0
0
0
0
0
0.0007552723
0.0007442009
0.000732611
0.0007205614
0.0007080466
0
0
0
0
0.000765913
0.0007554261
0.0007443171
0.0007326972
0.0007205872
0
0
0
0.0007760021
0.0007662905
0.0007557746
0.0007446438
0.0007329723
0
0
0.0007852576
0.0007766697
0.0007669413
0.0007564147
0.0007452436
0
0.0007931569
0.0007862897
0.0007777037
0.0007679808
0.0007574297
0.0007986419
0.0007945206
0.0007876794
0.0007791201
0.0007693925
0.0007998929
0.0007957982
0.0007889893
0.0007804288
0.0008008596
0.0007967868
0.0007899729
0.000801469
0.0007973774
0.0008016755
0
0
0
0
0
0
0
0
0
0
0.0006519531
0.0006375143
0.000622585
0.0006071558
0.0005911679
0
0
0
0
0
0
0
0
0
0
0.0006653745
0.0006513377
0.0006368272
0.0006218348
0.0006063039
0
0
0
0
0
0
0
0
0
0
0.0006779025
0.0006642388
0.0006501158
0.0006355267
0.000620417
0
0
0
0
0
0
0
0
0
0
0.0006896227
0.0006763073
0.0006625447
0.0006483294
0.0006336094
0
0
0
0
0
0
0
0
0
0
0.0007006937
0.0006877093
0.000674286
0.0006604212
0.0006460652
0
0
0
0
0
0
0
0
0
0.0007114223
0.0006987635
0.0006856708
0.0006721445
0.0006581385
0
0
0
0
0
0
0
0
0.0007223477
0.000710033
0.0006972841
0.0006841084
0.0006704635
0
0
0
0
0
0
0
0.0007334164
0.0007214705
0.000709083
0.000696269
0.0006829944
0
0
0
0
0
0
0.0007444482
0.0007329096
0.0007209034
0.0007084634
0.0006955646
0
0
0
0
0
0.0007552723
0.0007442009
0.000732611
0.0007205614
0.0007080466
0
0
0
0
0.0007657226
0.0007552293
0.0007441141
0.0007324881
0.000720372
0
0
0
0.0007755974
0.0007658709
0.0007553412
0.0007441972
0.0007325125
0
0
0.0007845767
0.0007759608
0.0007662074
0.0007556573
0.0007444632
0
0.0007921333
0.0007852171
0.0007765883
0.0007668264
0.0007562379
0.0007973064
0.0007931173
0.0007862102
0.0007775917
0.0007678086
0.0007986036
0.0007944442
0.0007875724
0.0007789554
0.0007998186
0.0007956946
0.0007888304
0.0008007581
0.0007966318
0.0008013165
0
0
0
0
0
0
0
0
0
0
0.0006659216
0.0006519015
0.0006374086
0.0006224345
0.000606923
0
0
0
0
0
0
0
0
0
0
0.0006789559
0.0006653242
0.0006512347
0.0006366807
0.0006216081
0
0
0
0
0
0
0
0
0
0
0.0006911233
0.0006778532
0.0006641381
0.0006499727
0.0006353053
0
0
0
0
0
0
0
0
0
0
0.000702504
0.0006895743
0.0006762085
0.0006624044
0.0006481124
0
0
0
0
0
0
0
0
0
0.0007132492
0.0007006458
0.0006876117
0.0006741473
0.0006602071
0
0
0
0
0
0
0
0
0.0007236501
0.0007113745
0.0006986663
0.0006855327
0.0006719317
0
0
0
0
0
0
0
0.0007342225
0.0007223009
0.0007099381
0.0006971495
0.000683901
0
0
0
0
0
0
0.0007448958
0.0007333709
0.0007213785
0.0007089526
0.000696068
0
0
0
0
0
0.0007554692
0.000744404
0.0007328203
0.000720777
0.0007082685
0
0
0
0
0.0007657226
0.0007552293
0.0007441141
0.0007324881
0.000720372
0
0
0
0.0007754139
0.0007656806
0.0007551446
0.0007439944
0.0007323037
0
0
0.0007841886
0.0007755562
0.0007657882
0.0007552244
0.0007440172
0
0.0007914849
0.0007845363
0.0007758797
0.000766093
0.0007554811
0.0007963345
0.0007920935
0.0007851374
0.0007764761
0.0007666539
0.0007972674
0.0007930393
0.0007861007
0.0007774235
0.0007985283
0.0007943391
0.0007874112
0.0007997164
0.0007955384
0.0008006051
0
0
0
0
0
0
0
0
0
0
0.0006794871
0.0006658714
0.0006517987
0.0006372624
0.0006222084
0
0
0
0
0
0
0
0
0
0
0.0006921463
0.0006789069
0.000665224
0.0006510923
0.0006364604
0
0
0
0
0
0
0
0
0
0
0.0007039615
0.0006910754
0.0006777553
0.0006639991
0.0006497575
0
0
0
0
0
0
0
0
0
0.0007150076
0.0007024569
0.0006894782
0.0006760721
0.0006621934
0
0
0
0
0
0
0
0
0.0007254245
0.0007132025
0.0007005508
0.0006874769
0.0006739391
0
0
0
0
0
0
0
0.000735487
0.0007236035
0.0007112799
0.000698532
0.0006853257
0
0
0
0
0
0
0.0007456779
0.0007341769
0.0007222086
0.0007098071
0.0006969477
0
0
0
0
0
0.0007559029
0.0007448515
0.0007332813
0.0007212516
0.000708757
0
0
0
0
0.000765913
0.0007554261
0.0007443171
0.0007326972
0.0007205872
0
0
0
0.0007754139
0.0007656806
0.0007551446
0.0007439944
0.0007323037
0
0
0.0007840129
0.0007753728
0.000765598
0.000755028
0.0007438148
0
0.0007911164
0.0007841483
0.0007754754
0.0007656742
0.0007550489
0.000795721
0.0007914452
0.0007844569
0.000775768
0.0007659212
0.0007962952
0.0007920153
0.0007850277
0.0007763076
0.0007971904
0.0007929318
0.0007859362
0.0007984245
0.0007941808
0.0007995621
0
0
0
0
0
0
0
0
0
0
0.0006926621
0.0006794382
0.0006657714
0.0006516567
0.0006370426
0
0
0
0
0
0
0
0
0
0
0.0007049551
0.0006920986
0.0006788095
0.0006650856
0.0006508781
0
0
0
0
0
0
0
0
0
0.0007164235
0.0007039148
0.0006909801
0.0006776201
0.0006637898
0
0
0
0
0
0
0
0
0.0007271327
0.0007149617
0.0007023634
0.0006893455
0.0006758669
0
0
0
0
0
0
0
0.0007372105
0.000725379
0.0007131101
0.0007004196
0.0006872743
0
0
0
0
0
0
0.0007469055
0.0007354416
0.0007235114
0.0007111492
0.0006983305
0
0
0
0
0
0.0007566613
0.0007456335
0.000734087
0.0007220811
0.0007096107
0
0
0
0
0.0007663326
0.0007558597
0.0007447642
0.0007331578
0.0007210612
0
0
0
0.0007755974
0.0007658709
0.0007553412
0.0007441972
0.0007325125
0
0
0.0007840129
0.0007753728
0.000765598
0.000755028
0.0007438148
0
0.00079095
0.0007839727
0.0007752921
0.0007654843
0.0007548528
0.000795374
0.0007910769
0.0007840693
0.0007753641
0.0007655031
0.0007956819
0.0007913673
0.0007843477
0.0007756002
0.0007962181
0.0007919076
0.0007848629
0.0007970844
0.0007927702
0.0007982682
0
0
0
0
0
0
0
0
0
0
0.0007054562
0.0006926145
0.0006793409
0.0006656334
0.000651443
0
0
0
0
0
0
0
0
0
0.0007173888
0.0007049087
0.0006920038
0.0006786749
0.0006648773
0
0
0
0
0
0
0
0
0.0007285083
0.000716378
0.0007038221
0.0006908486
0.0006774166
0
0
0
0
0
0
0
0.00073887
0.0007270879
0.0007148707
0.0007022343
0.0006891459
0
0
0
0
0
0
0.0007485792
0.0007371662
0.000725289
0.0007129825
0.0007002225
0
0
0
0
0
0.0007578522
0.0007468612
0.0007353519
0.0007233842
0.0007109532
0
0
0
0
0.0007670669
0.000756618
0.0007455459
0.0007339628
0.0007218899
0
0
0
0.0007760021
0.0007662905
0.0007557746
0.0007446438
0.0007329723
0
0
0.0007841886
0.0007755562
0.0007657882
0.0007552244
0.0007440172
0
0.00079095
0.0007839727
0.0007752921
0.0007654843
0.0007548528
0.0007952178
0.0007909105
0.0007838938
0.0007751811
0.0007653135
0.000795335
0.0007909992
0.0007839604
0.0007751969
0.0007956051
0.00079126
0.0007841835
0.0007961119
0.0007917457
0.0007969251
0
0
0
0
0
0
0
0
0
0.0007178756
0.0007054098
0.0006925199
0.0006792067
0.0006654255
0
0
0
0
0
0
0
0
0.0007294462
0.0007173435
0.0007048164
0.0006918729
0.0006784723
0
0
0
0
0
0
0
0.0007402065
0.0007284639
0.0007162877
0.0007036941
0.0006906506
0
0
0
0
0
0
0.000750191
0.0007388264
0.0007269993
0.0007147451
0.00070204
0
0
0
0
0
0.0007594767
0.000748536
0.0007370785
0.0007251648
0.0007127906
0
0
0
0
0.0007682207
0.000757809
0.0007467738
0.0007352281
0.0007231933
0
0
0
0.000776711
0.0007670246
0.0007565325
0.000745425
0.0007337766
0
0
0.0007845767
0.0007759608
0.0007662074
0.0007556573
0.0007444632
0
0.0007911164
0.0007841483
0.0007754754
0.0007656742
0.0007550489
0.0007952178
0.0007909105
0.0007838938
0.0007751811
0.0007653135
0.0007951788
0.0007908329
0.0007837852
0.0007750142
0.0007952584
0.0007908923
0.0007837968
0.0007954993
0.0007910988
0.0007959524
0
0
0
0
0
0
0
0
0.0007299193
0.0007178305
0.0007053177
0.0006923893
0.0006790045
0
0
0
0
0
0
0
0.0007411179
0.0007294021
0.0007172537
0.0007046891
0.0006916758
0
0
0
0
0
0
0.0007514893
0.0007401633
0.000728376
0.0007161632
0.0007035014
0
0
0
0
0
0.0007610414
0.0007501485
0.00073874
0.0007268771
0.000714556
0
0
0
0
0.0007697955
0.0007594345
0.0007484505
0.0007369576
0.000724978
0
0
0
0.0007778261
0.0007681786
0.0007577238
0.0007466532
0.0007350422
0
0
0.0007852576
0.0007766697
0.0007669413
0.0007564147
0.0007452436
0
0.0007914849
0.0007845363
0.0007758797
0.000766093
0.0007554811
0.000795374
0.0007910769
0.0007840693
0.0007753641
0.0007655031
0.0007951788
0.0007908329
0.0007837852
0.0007750142
0.0007951024
0.0007907263
0.0007836219
0.0007951531
0.0007907317
0.0007953404
0
0
0
0
0
0
0
0.0007415776
0.0007298753
0.0007177408
0.0007051907
0.0006921926
0
0
0
0
0
0
0.0007523747
0.000741075
0.0007293147
0.0007171298
0.0007044972
0
0
0
0
0
0.0007623019
0.0007514472
0.0007400777
0.0007282549
0.0007159756
0
0
0
0
0.0007713126
0.0007609999
0.0007500643
0.000738621
0.0007266929
0
0
0
0.0007793491
0.0007697543
0.0007593512
0.0007483327
0.0007367756
0
0
0.00078633
0.0007777849
0.0007680955
0.0007576063
0.0007464721
0
0.0007921333
0.0007852171
0.0007765883
0.0007668264
0.0007562379
0.000795721
0.0007914452
0.0007844569
0.000775768
0.0007659212
0.000795335
0.0007909992
0.0007839604
0.0007751969
0.0007951024
0.0007907263
0.0007836219
0.0007949973
0.0007905659
0.0007949947
0
0
0
0
0
0
0.0007528214
0.0007415347
0.000729788
0.0007176172
0.0007049993
0
0
0
0
0
0.0007631617
0.0007523328
0.0007409897
0.0007291941
0.0007169431
0
0
0
0
0.000772535
0.0007622608
0.0007513637
0.0007399597
0.0007280722
0
0
0
0.0007808167
0.0007712721
0.0007609178
0.0007499484
0.0007384417
0
0
0.0007877965
0.0007793089
0.0007696731
0.0007592364
0.0007481555
0
0.0007931569
0.0007862897
0.0007777037
0.0007679808
0.0007574297
0.0007963345
0.0007920935
0.0007851374
0.0007764761
0.0007666539
0.0007956819
0.0007913673
0.0007843477
0.0007756002
0.0007952584
0.0007908923
0.0007837968
0.0007949973
0.0007905659
0.0007948392
0
0
0
0
0
0.0007635954
0.0007527795
0.0007414497
0.0007296677
0.0007174309
0
0
0
0
0.0007733688
0.0007631208
0.0007522498
0.0007408723
0.0007290123
0
0
0
0.0007819995
0.0007724949
0.0007621795
0.0007512488
0.0007397818
0
0
0.0007892101
0.0007807771
0.000771192
0.0007608048
0.0007497736
0
0.0007945593
0.0007877571
0.0007792295
0.0007695611
0.0007590636
0.0007973064
0.0007931173
0.0007862102
0.0007775917
0.0007678086
0.0007962952
0.0007920153
0.0007850277
0.0007763076
0.0007956051
0.00079126
0.0007841835
0.0007951531
0.0007907317
0.0007948392
0
0
0
0
0.0007737894
0.0007635546
0.0007526967
0.0007413325
0.0007294863
0
0
0
0.0007828063
0.0007733289
0.0007630398
0.0007521354
0.0007406952
0
0
0.0007903495
0.0007819602
0.0007724155
0.0007620674
0.0007510755
0
0.0007959116
0.0007891713
0.0007806989
0.0007710818
0.0007606344
0.0007986419
0.0007945206
0.0007876794
0.0007791201
0.0007693925
0.0007972674
0.0007930393
0.0007861007
0.0007774235
0.0007962181
0.0007919076
0.0007848629
0.0007954993
0.0007910988
0.0007949947
0
0
0
0.0007832133
0.0007737496
0.0007634738
0.0007525826
0.0007411558
0
0
0.0007911268
0.0007827672
0.0007732499
0.0007629283
0.0007519629
0
0.0007970019
0.0007903111
0.0007818827
0.0007723062
0.0007618984
0.0007999306
0.0007958734
0.0007890947
0.0007805912
0.0007709156
0.0007986036
0.0007944442
0.0007875724
0.0007789554
0.0007971904
0.0007929318
0.0007859362
0.0007961119
0.0007917457
0.0007953404
0
0
0.0007915189
0.0007831743
0.0007736708
0.0007633625
0.0007524104
0
0.0007977458
0.0007910885
0.00078269
0.0007731411
0.0007627601
0.0008009706
0.0007969641
0.0007902351
0.0007817759
0.0007721414
0.0007998929
0.0007957982
0.0007889893
0.0007804288
0.0007985283
0.0007943391
0.0007874112
0.0007970844
0.0007927702
0.0007959524
0
0.0007981212
0.0007914808
0.0007830973
0.0007735622
0.0007631946
0.0008016805
0.0007977082
0.000791013
0.0007825838
0.000772977
0.0008009333
0.0007968895
0.0007901306
0.0007816148
0.0007998186
0.0007956946
0.0007888304
0.0007984245
0.0007941808
0.0007969251
0.0008020388
0.0007980836
0.0007914054
0.0007829913
0.0007733984
0.0008016433
0.0007976339
0.000790909
0.0007824234
0.0008008596
0.0007967868
0.0007899729
0.0007997164
0.0007955384
0.0007982682
0.0008020017
0.0007980095
0.0007913016
0.0007828312
0.0008015699
0.0007975317
0.0007907519
0.0008007581
0.0007966318
0.0007995621
0.0008019284
0.0007979075
0.0007911449
0.000801469
0.0007973774
0.0008006051
0.0008018277
0.0007977535
0.0008013165
0.0008016755
)
;

boundaryField
{
    cathodeSides
    {
        type            zeroGradient;
    }
    electrolyteSides
    {
        type            zeroGradient;
    }
    anodeSides
    {
        type            zeroGradient;
    }
    phiI_to_phiI0
    {
        type            zeroGradient;
    }
}


// ************************************************************************* //
