/*--------------------------------*- C++ -*----------------------------------*\
| =========                 |                                                 |
| \\      /  F ield         | OpenFOAM: The Open Source CFD Toolbox           |
|  \\    /   O peration     | Version:  2306                                  |
|   \\  /    A nd           | Website:  www.openfoam.com                      |
|    \\/     M anipulation  |                                                 |
\*---------------------------------------------------------------------------*/
FoamFile
{
    version     2.0;
    format      ascii;
    arch        "LSB;label=32;scalar=64";
    class       volScalarField;
    location    "1.2/air";
    object      j;
}
// * * * * * * * * * * * * * * * * * * * * * * * * * * * * * * * * * * * * * //

dimensions      [0 -3 0 0 0 1 0];

internalField   nonuniform List<scalar> 
16000
(
0
0
0
0
0
0
0
0
0
0
0
0
0
0
0
0
0
0
0
0
0
0
0
0
0
0
0
0
0
0
0
0
0
0
0
0
0
0
0
0
0
0
0
0
0
0
0
0
0
0
0
0
0
0
0
0
0
0
0
0
0
0
0
0
0
0
0
0
0
0
0
0
0
0
0
0
0
0
0
0
0
0
0
0
0
0
0
0
0
0
0
0
0
0
0
0
0
0
0
0
0
0
0
0
0
0
0
0
0
0
0
0
0
0
0
0
0
0
0
0
0
0
0
0
0
0
0
0
0
0
0
0
0
0
0
0
0
0
0
0
0
0
0
0
0
0
0
0
0
0
0
0
0
0
0
0
0
0
0
0
0
0
0
0
0
0
0
0
0
0
0
0
0
0
0
0
0
0
0
0
0
0
0
0
0
0
0
0
0
0
0
0
0
0
0
0
0
0
0
0
0
0
0
0
0
0
0
0
0
0
0
0
0
0
0
0
0
0
0
0
0
0
0
0
0
0
0
0
0
0
0
0
0
0
0
0
0
0
0
0
0
0
0
0
0
0
0
0
0
0
0
0
0
0
0
0
0
0
0
0
0
0
0
0
0
0
0
0
0
0
0
0
0
0
0
0
0
0
0
0
0
0
0
0
0
0
0
0
0
0
0
0
0
0
0
0
0
0
0
0
0
0
0
0
0
0
0
0
0
0
0
0
0
0
0
0
0
0
0
0
0
0
0
0
0
0
0
0
0
0
0
0
0
0
0
0
0
0
0
0
0
0
0
0
0
0
0
0
0
0
0
0
0
0
0
0
0
0
0
0
0
0
0
0
0
0
0
0
0
0
0
0
0
0
0
0
0
0
0
0
0
0
0
0
0
0
0
0
0
0
0
0
0
0
0
0
0
0
0
0
0
0
0
0
0
0
0
0
0
0
0
0
0
0
0
0
0
0
0
0
0
0
0
0
0
0
0
0
0
0
0
0
0
0
0
0
0
0
0
0
0
0
0
0
0
0
0
0
0
0
0
0
0
0
0
0
0
0
0
0
0
0
0
0
0
0
0
0
0
0
0
0
0
0
0
0
0
0
0
0
0
0
0
0
0
0
0
0
0
0
0
0
0
0
0
0
0
0
0
0
0
0
0
0
0
0
0
0
0
0
0
0
0
0
0
0
0
0
0
0
0
0
0
0
0
0
0
0
0
0
0
0
0
0
0
0
0
0
0
0
0
0
0
0
0
0
0
0
0
0
0
0
0
0
0
0
0
0
0
0
0
0
0
0
0
0
0
0
0
0
0
0
0
0
0
0
0
0
0
0
0
0
0
0
0
0
0
0
0
0
0
0
0
0
0
0
0
0
0
0
0
0
0
0
0
0
0
0
0
0
0
0
0
0
0
0
0
0
0
0
0
0
0
0
0
0
0
0
0
0
0
0
0
0
0
0
0
0
0
0
0
0
0
0
0
0
0
0
0
0
0
0
0
0
0
0
0
0
0
0
0
0
0
0
0
0
0
0
0
0
0
0
0
0
0
0
0
0
0
0
0
0
0
0
0
0
0
0
0
0
0
0
0
0
0
0
0
0
0
0
0
0
0
0
0
0
0
0
0
0
0
0
0
0
0
0
0
0
0
0
0
0
0
0
0
0
0
0
0
0
0
0
0
0
0
0
0
0
0
0
0
0
0
0
0
0
0
0
0
0
0
0
0
0
0
0
0
0
0
0
0
0
0
0
0
0
0
0
0
0
0
0
0
0
0
0
0
0
0
0
0
0
0
0
0
0
0
0
0
0
0
0
0
0
0
0
0
0
0
0
0
0
0
0
0
0
0
0
0
0
0
0
0
0
0
0
0
0
0
0
0
0
0
0
0
0
0
0
0
0
0
0
0
0
0
0
0
0
0
0
0
0
0
0
0
0
0
0
0
0
0
0
0
0
0
0
0
0
0
0
0
0
0
0
0
0
0
0
0
0
0
0
0
0
0
0
0
0
0
0
0
0
0
0
0
0
0
0
0
0
0
0
0
0
0
0
0
0
0
0
0
0
0
0
0
0
0
0
0
0
0
0
0
0
0
0
0
0
0
0
0
0
0
0
0
0
0
0
0
0
0
0
0
0
0
0
0
0
0
0
0
0
0
0
0
0
0
0
0
0
0
0
0
0
0
0
0
0
0
0
0
0
0
0
0
0
0
0
0
0
0
0
0
0
0
0
0
0
0
0
0
0
0
0
0
0
0
0
0
8.076334e+08
0
0
0
0
0
0
0
0
0
0
0
0
0
0
0
0
0
0
0
0
0
0
0
0
0
0
0
0
0
0
0
0
0
0
0
0
0
0
0
0
0
0
0
0
0
0
0
0
0
0
0
0
0
0
0
0
0
0
0
0
0
0
0
0
0
0
0
0
0
0
0
0
0
0
0
0
0
0
0
0
0
0
0
0
0
0
0
0
0
0
0
0
0
0
0
0
0
0
0
0
0
0
0
0
0
0
0
0
0
0
0
0
0
0
0
0
0
0
0
0
0
0
0
0
0
0
0
0
0
0
0
0
0
0
0
0
0
0
0
0
0
0
0
0
0
0
0
0
0
0
0
0
0
0
0
0
0
0
0
0
0
0
8.147762e+08
0
0
0
0
0
0
0
0
0
0
7.406916e+08
8.136161e+08
0
0
0
0
0
0
0
0
0
0
0
0
0
0
0
0
0
0
0
0
0
0
0
0
0
0
0
0
0
0
0
0
0
0
0
0
0
0
0
0
0
0
0
0
0
0
0
0
0
0
0
0
0
0
0
0
0
0
0
0
0
0
0
0
0
0
0
0
0
0
0
0
0
0
0
0
0
0
0
0
0
0
0
0
0
0
0
0
0
0
0
0
0
0
0
0
0
0
0
0
0
0
0
0
0
0
0
0
0
0
0
0
0
0
0
0
0
0
0
0
0
0
0
0
0
0
0
0
0
0
0
0
0
0
0
0
0
0
0
0
0
0
0
0
0
0
0
0
0
0
0
0
0
0
0
0
0
0
0
0
0
0
0
0
8.291483e+08
0
0
0
0
0
0
0
0
0
0
7.453596e+08
8.208783e+08
0
0
0
0
0
0
0
0
0
0
6.843068e+08
7.459453e+08
8.294418e+08
0
0
0
0
0
0
0
0
0
0
0
0
0
0
0
0
0
0
0
0
0
0
0
0
0
0
0
0
0
0
0
0
0
0
0
0
0
0
0
0
0
0
0
0
0
0
0
0
0
0
0
0
0
0
0
0
0
0
0
0
0
0
0
0
0
0
0
0
0
0
0
0
0
0
0
0
0
0
0
0
0
0
0
0
0
0
0
0
0
0
0
0
0
0
0
0
0
0
0
0
0
0
0
0
0
0
0
0
0
0
0
0
0
0
0
0
0
0
0
0
0
0
0
0
0
0
0
0
0
0
0
0
0
0
0
0
0
0
0
0
0
0
0
0
0
0
0
0
0
0
0
0
0
0
0
0
0
0
0
0
0
0
0
0
0
8.506264e+08
0
0
0
0
0
0
0
0
0
0
7.545203e+08
8.35489e+08
0
0
0
0
0
0
0
0
0
0
6.878933e+08
7.506946e+08
8.369905e+08
0
0
0
0
0
0
0
0
0
0
6.391117e+08
6.890192e+08
7.597117e+08
8.555973e+08
0
0
0
0
0
0
0
0
0
0
0
0
0
0
0
0
0
0
0
0
0
0
0
0
0
0
0
0
0
0
0
0
0
0
0
0
0
0
0
0
0
0
0
0
0
0
0
0
0
0
0
0
0
0
0
0
0
0
0
0
0
0
0
0
0
0
0
0
0
0
0
0
0
0
0
0
0
0
0
0
0
0
0
0
0
0
0
0
0
0
0
0
0
0
0
0
0
0
0
0
0
0
0
0
0
0
0
0
0
0
0
0
0
0
0
0
0
0
0
0
0
0
0
0
0
0
0
0
0
0
0
0
0
0
0
0
0
0
0
0
0
0
0
0
0
0
0
0
0
0
0
0
0
0
0
0
0
0
0
0
0
0
0
0
0
8.781963e+08
0
0
0
0
0
0
0
0
0
0
7.675558e+08
8.573123e+08
0
0
0
0
0
0
0
0
0
0
6.948566e+08
7.600175e+08
8.521806e+08
0
0
0
0
0
0
0
0
0
0
6.420606e+08
6.926684e+08
7.646483e+08
8.636133e+08
0
0
0
0
0
0
0
0
0
0
6.015383e+08
6.434202e+08
7.012182e+08
7.823697e+08
8.930602e+08
0
0
0
0
0
0
0
0
0
0
0
0
0
0
0
0
0
0
0
0
0
0
0
0
0
0
0
0
0
0
0
0
0
0
0
0
0
0
0
0
0
0
0
0
0
0
0
0
0
0
0
0
0
0
0
0
0
0
0
0
0
0
0
0
0
0
0
0
0
0
0
0
0
0
0
0
0
0
0
0
0
0
0
0
0
0
0
0
0
0
0
0
0
0
0
0
0
0
0
0
0
0
0
0
0
0
0
0
0
0
0
0
0
0
0
0
0
0
0
0
0
0
0
0
0
0
0
0
0
0
0
0
0
0
0
0
0
0
0
0
0
0
0
0
0
0
0
0
0
0
0
0
0
0
0
0
0
0
0
0
0
0
0
0
0
9.079961e+08
0
0
0
0
0
0
0
0
0
0
7.829482e+08
8.85277e+08
0
0
0
0
0
0
0
0
0
0
7.045523e+08
7.73292e+08
8.748704e+08
0
0
0
0
0
0
0
0
0
0
6.477512e+08
6.997565e+08
7.743442e+08
8.79752e+08
0
0
0
0
0
0
0
0
0
0
6.04053e+08
6.464204e+08
7.050093e+08
7.876075e+08
9.017509e+08
0
0
0
0
0
0
0
0
0
0
5.692111e+08
6.055247e+08
6.544461e+08
7.212066e+08
8.146864e+08
0
0
0
0
0
0
0
0
0
0
0
0
0
0
0
0
0
0
0
0
0
0
0
0
0
0
0
0
0
0
0
0
0
0
0
0
0
0
0
0
0
0
0
0
0
0
0
0
0
0
0
0
0
0
0
0
0
0
0
0
0
0
0
0
0
0
0
0
0
0
0
0
0
0
0
0
0
0
0
0
0
0
0
0
0
0
0
0
0
0
0
0
0
0
0
0
0
0
0
0
0
0
0
0
0
0
0
0
0
0
0
0
0
0
0
0
0
0
0
0
0
0
0
0
0
0
0
0
0
0
0
0
0
0
0
0
0
0
0
0
0
0
0
0
0
0
0
0
0
0
0
0
0
0
0
9.315896e+08
0
0
0
0
0
0
0
0
0
0
0
0
0
0
0
0
0
0
0
0
7.975601e+08
9.153848e+08
0
0
0
0
0
0
0
0
0
0
7.155487e+08
7.889862e+08
9.039223e+08
0
0
0
0
0
0
0
0
0
0
6.555758e+08
7.096362e+08
7.881655e+08
9.038739e+08
0
0
0
0
0
0
0
0
0
0
6.088869e+08
6.522127e+08
7.123782e+08
7.979029e+08
9.192617e+08
0
0
0
0
0
0
0
0
0
0
5.714041e+08
6.080827e+08
6.575612e+08
7.252242e+08
8.203541e+08
0
0
0
0
0
0
0
0
0
0
5.408291e+08
5.729262e+08
6.156221e+08
6.724397e+08
7.49602e+08
0
0
0
0
0
0
0
0
0
0
0
0
0
0
0
0
0
0
0
0
0
0
0
0
0
0
0
0
0
0
0
0
0
0
0
0
0
0
0
0
0
0
0
0
0
0
0
0
0
0
0
0
0
0
0
0
0
0
0
0
0
0
0
0
0
0
0
0
0
0
0
0
0
0
0
0
0
0
0
0
0
0
0
0
0
0
0
0
0
0
0
0
0
0
0
0
0
0
0
0
0
0
0
0
0
0
0
0
0
0
0
0
0
0
0
0
0
0
0
0
0
0
0
0
0
0
0
0
0
0
0
0
0
0
0
0
0
0
0
0
0
0
0
0
0
9.473863e+08
0
0
0
0
0
0
0
0
0
0
0
0
0
0
0
0
0
0
0
0
8.076138e+08
9.391443e+08
0
0
0
0
0
0
0
0
0
0
0
0
0
0
0
0
0
0
0
0
7.252265e+08
8.039174e+08
9.351152e+08
0
0
0
0
0
0
0
0
0
0
6.642397e+08
7.208699e+08
8.045389e+08
9.347632e+08
0
0
0
0
0
0
0
0
0
0
6.154809e+08
6.60187e+08
7.226658e+08
8.12602e+08
9.454659e+08
0
0
0
0
0
0
0
0
0
0
5.756083e+08
6.130023e+08
6.635799e+08
7.330405e+08
8.315055e+08
0
0
0
0
0
0
0
0
0
0
5.42773e+08
5.751565e+08
6.182766e+08
6.757373e+08
7.539408e+08
0
0
0
0
0
0
0
0
0
0
5.155127e+08
5.443097e+08
5.822527e+08
6.320423e+08
6.979149e+08
0
0
0
0
0
0
0
0
0
0
0
0
0
0
0
0
0
0
0
0
0
0
0
0
0
0
0
0
0
0
0
0
0
0
0
0
0
0
0
0
0
0
0
0
0
0
0
0
0
0
0
0
0
0
0
0
0
0
0
0
0
0
0
0
0
0
0
0
0
0
0
0
0
0
0
0
0
0
0
0
0
0
0
0
0
0
0
0
0
0
0
0
0
0
0
0
0
0
0
0
0
0
0
0
0
0
0
0
0
0
0
0
0
0
0
0
0
0
0
0
0
0
0
0
0
0
0
0
0
0
0
0
0
0
0
9.567078e+08
0
0
0
0
0
0
0
0
0
0
0
0
0
0
0
0
0
0
0
0
8.135729e+08
9.54991e+08
0
0
0
0
0
0
0
0
0
0
0
0
0
0
0
0
0
0
0
0
7.310607e+08
8.141976e+08
9.596661e+08
0
0
0
0
0
0
0
0
0
0
0
0
0
0
0
0
0
0
0
0
6.715019e+08
7.308154e+08
8.20166e+08
9.678799e+08
0
0
0
0
0
0
0
0
0
0
6.226715e+08
6.690451e+08
7.344028e+08
8.300621e+08
9.790564e+08
0
0
0
0
0
0
0
0
0
0
5.813123e+08
6.19722e+08
6.718811e+08
7.43975e+08
8.474581e+08
0
0
0
0
0
0
0
0
0
0
5.464924e+08
5.794344e+08
6.233858e+08
6.821148e+08
7.62391e+08
0
0
0
0
0
0
0
0
0
0
5.17256e+08
5.462862e+08
5.845659e+08
6.348496e+08
7.014699e+08
0
0
0
0
0
0
0
0
0
0
4.926907e+08
5.187865e+08
5.529796e+08
5.973728e+08
6.55223e+08
0
0
0
0
0
0
0
0
0
0
0
0
0
0
0
0
0
0
0
0
0
0
0
0
0
0
0
0
0
0
0
0
0
0
0
0
0
0
0
0
0
0
0
0
0
0
0
0
0
0
0
0
0
0
0
0
0
0
0
0
0
0
0
0
0
0
0
0
0
0
0
0
0
0
0
0
0
0
0
0
0
0
0
0
0
0
0
0
0
0
0
0
0
0
0
0
0
0
0
0
0
0
0
0
0
0
0
0
0
0
0
0
0
0
0
0
0
0
0
0
0
0
0
0
0
9.609863e+08
0
0
0
0
0
0
0
0
0
0
0
0
0
0
0
0
0
0
0
0
8.167915e+08
9.643094e+08
0
0
0
0
0
0
0
0
0
0
0
0
0
0
0
0
0
0
0
0
7.33928e+08
8.2027e+08
9.759887e+08
0
0
0
0
0
0
0
0
0
0
0
0
0
0
0
0
0
0
0
0
6.754382e+08
7.368535e+08
8.309392e+08
9.938952e+08
0
0
0
0
0
0
0
0
0
0
0
0
0
0
0
0
0
0
0
0
6.285068e+08
6.765317e+08
7.448671e+08
8.467917e+08
1.015061e+09
0
0
0
0
0
0
0
0
0
0
5.874683e+08
6.270756e+08
6.811408e+08
7.565006e+08
8.664677e+08
0
0
0
0
0
0
0
0
0
0
5.515194e+08
5.852462e+08
6.303782e+08
6.909314e+08
7.742407e+08
0
0
0
0
0
0
0
0
0
0
5.205866e+08
5.500701e+08
5.890064e+08
6.402583e+08
7.083534e+08
0
0
0
0
0
0
0
0
0
0
4.942685e+08
5.205587e+08
5.550286e+08
5.998168e+08
6.582449e+08
0
0
0
0
0
0
0
0
0
0
4.719351e+08
4.957801e+08
5.268857e+08
5.669973e+08
6.186649e+08
0
0
0
0
0
0
0
0
0
0
0
0
0
0
0
0
0
0
0
0
0
0
0
0
0
0
0
0
0
0
0
0
0
0
0
0
0
0
0
0
0
0
0
0
0
0
0
0
0
0
0
0
0
0
0
0
0
0
0
0
0
0
0
0
0
0
0
0
0
0
0
0
0
0
0
0
0
0
0
0
0
0
0
0
0
0
0
0
0
0
0
0
0
0
0
0
0
0
0
0
0
0
0
0
0
0
0
0
0
0
0
0
0
0
9.609863e+08
0
0
0
0
0
0
0
0
0
0
0
0
0
0
0
0
0
0
0
0
8.18195e+08
9.685763e+08
0
0
0
0
0
0
0
0
0
0
0
0
0
0
0
0
0
0
0
0
7.351609e+08
8.235308e+08
9.855594e+08
0
0
0
0
0
0
0
0
0
0
0
0
0
0
0
0
0
0
0
0
6.770055e+08
7.398355e+08
8.372885e+08
1.01115e+09
0
0
0
0
0
0
0
0
0
0
0
0
0
0
0
0
0
0
0
0
6.314158e+08
6.806442e+08
7.512713e+08
8.583463e+08
1.043314e+09
0
0
0
0
0
0
0
0
0
0
0
0
0
0
0
0
0
0
0
0
5.923525e+08
6.331008e+08
6.89042e+08
7.677538e+08
8.84764e+08
0
0
0
0
0
0
0
0
0
0
5.569049e+08
5.915413e+08
6.380654e+08
7.008137e+08
7.878753e+08
0
0
0
0
0
0
0
0
0
0
5.25075e+08
5.551909e+08
5.950513e+08
6.47679e+08
7.178946e+08
0
0
0
0
0
0
0
0
0
0
4.972794e+08
5.239462e+08
5.589542e+08
6.045135e+08
6.640745e+08
0
0
0
0
0
0
0
0
0
0
4.733734e+08
4.973837e+08
5.287219e+08
5.691604e+08
6.212924e+08
0
0
0
0
0
0
0
0
0
0
4.529342e+08
4.748582e+08
5.033767e+08
5.399493e+08
5.86694e+08
0
0
0
0
0
0
0
0
0
0
0
0
0
0
0
0
0
0
0
0
0
0
0
0
0
0
0
0
0
0
0
0
0
0
0
0
0
0
0
0
0
0
0
0
0
0
0
0
0
0
0
0
0
0
0
0
0
0
0
0
0
0
0
0
0
0
0
0
0
0
0
0
0
0
0
0
0
0
0
0
0
0
0
0
0
0
0
0
0
0
0
0
0
0
0
0
0
0
0
0
0
0
9.567078e+08
0
0
0
0
0
0
0
0
0
0
0
0
0
0
0
0
0
0
0
0
8.18195e+08
9.685763e+08
0
0
0
0
0
0
0
0
0
0
0
0
0
0
0
0
0
0
0
0
7.355967e+08
8.249453e+08
9.899333e+08
0
0
0
0
0
0
0
0
0
0
0
0
0
0
0
0
0
0
0
0
6.774387e+08
7.411214e+08
8.406832e+08
1.021245e+09
0
0
0
0
0
0
0
0
0
0
0
0
0
0
0
0
0
0
0
0
6.323403e+08
6.823151e+08
7.544573e+08
8.651481e+08
1.062022e+09
0
0
0
0
0
0
0
0
0
0
0
0
0
0
0
0
0
0
0
0
5.946298e+08
6.361609e+08
6.934468e+08
7.746998e+08
8.974282e+08
0
0
0
0
0
0
0
0
0
0
0
0
0
0
0
0
0
0
0
0
5.61109e+08
5.965878e+08
6.444343e+08
7.093331e+08
8.002228e+08
0
0
0
0
0
0
0
0
0
0
5.29857e+08
5.606969e+08
6.016303e+08
6.558806e+08
7.28646e+08
0
0
0
0
0
0
0
0
0
0
5.013277e+08
5.285173e+08
5.642777e+08
6.109236e+08
6.720951e+08
0
0
0
0
0
0
0
0
0
0
4.761154e+08
5.004453e+08
5.322346e+08
5.73309e+08
6.26348e+08
0
0
0
0
0
0
0
0
0
0
4.542533e+08
4.763198e+08
5.050375e+08
5.418862e+08
5.890166e+08
0
0
0
0
0
0
0
0
0
0
4.354423e+08
4.557065e+08
4.820074e+08
5.156037e+08
5.582701e+08
0
0
0
0
0
0
0
0
0
0
0
0
0
0
0
0
0
0
0
0
0
0
0
0
0
0
0
0
0
0
0
0
0
0
0
0
0
0
0
0
0
0
0
0
0
0
0
0
0
0
0
0
0
0
0
0
0
0
0
0
0
0
0
0
0
0
0
0
0
0
0
0
0
0
0
0
0
0
0
0
0
0
0
0
0
0
0
0
0
9.473863e+08
0
0
0
0
0
0
0
0
0
0
0
0
0
0
0
0
0
0
0
0
8.167915e+08
9.643094e+08
0
0
0
0
0
0
0
0
0
0
0
0
0
0
0
0
0
0
0
0
7.355967e+08
8.249453e+08
9.899333e+08
0
0
0
0
0
0
0
0
0
0
0
0
0
0
0
0
0
0
0
0
6.774935e+08
7.415766e+08
8.421498e+08
1.025852e+09
0
0
0
0
0
0
0
0
0
0
0
0
0
0
0
0
0
0
0
0
6.324077e+08
6.827998e+08
7.558409e+08
8.68774e+08
1.072952e+09
0
0
0
0
0
0
0
0
0
0
0
0
0
0
0
0
0
0
0
0
5.951973e+08
6.371762e+08
6.952805e+08
7.781858e+08
9.048811e+08
0
0
0
0
0
0
0
0
0
0
0
0
0
0
0
0
0
0
0
0
5.629658e+08
5.989954e+08
6.477368e+08
7.141558e+08
8.079088e+08
0
0
0
0
0
0
0
0
0
0
0
0
0
0
0
0
0
0
0
0
5.335438e+08
5.650413e+08
6.069685e+08
6.627576e+08
7.380117e+08
0
0
0
0
0
0
0
0
0
0
5.056222e+08
5.334049e+08
5.700298e+08
6.179393e+08
6.810113e+08
0
0
0
0
0
0
0
0
0
0
4.797953e+08
5.045671e+08
5.369842e+08
5.789497e+08
6.33268e+08
0
0
0
0
0
0
0
0
0
0
4.567656e+08
4.791074e+08
5.082107e+08
5.455956e+08
5.93477e+08
0
0
0
0
0
0
0
0
0
0
4.36658e+08
4.570467e+08
4.835205e+08
5.173543e+08
5.603476e+08
0
0
0
0
0
0
0
0
0
0
4.19267e+08
4.380771e+08
4.624544e+08
4.934925e+08
5.327217e+08
0
0
0
0
0
0
0
0
0
0
0
0
0
0
0
0
0
0
0
0
0
0
0
0
0
0
0
0
0
0
0
0
0
0
0
0
0
0
0
0
0
0
0
0
0
0
0
0
0
0
0
0
0
0
0
0
0
0
0
0
0
0
0
0
0
0
0
0
0
0
0
0
0
0
0
9.315896e+08
0
0
0
0
0
0
0
0
0
0
0
0
0
0
0
0
0
0
0
0
8.135729e+08
9.54991e+08
0
0
0
0
0
0
0
0
0
0
0
0
0
0
0
0
0
0
0
0
7.351609e+08
8.235308e+08
9.855594e+08
0
0
0
0
0
0
0
0
0
0
0
0
0
0
0
0
0
0
0
0
6.774935e+08
7.415766e+08
8.421498e+08
1.025852e+09
0
0
0
0
0
0
0
0
0
0
0
0
0
0
0
0
0
0
0
0
6.322967e+08
6.828748e+08
7.563338e+08
8.703358e+08
1.077936e+09
0
0
0
0
0
0
0
0
0
0
0
0
0
0
0
0
0
0
0
0
5.950817e+08
6.372897e+08
6.958432e+08
7.797149e+08
9.088474e+08
0
0
0
0
0
0
0
0
0
0
0
0
0
0
0
0
0
0
0
0
5.633192e+08
5.996417e+08
6.488867e+08
7.162158e+08
8.118029e+08
0
0
0
0
0
0
0
0
0
0
0
0
0
0
0
0
0
0
0
0
5.350989e+08
5.67011e+08
6.095814e+08
6.664002e+08
7.433931e+08
0
0
0
0
0
0
0
0
0
0
0
0
0
0
0
0
0
0
0
0
5.089001e+08
5.372139e+08
5.746261e+08
6.237068e+08
6.885787e+08
0
0
0
0
0
0
0
0
0
0
4.836849e+08
5.089549e+08
5.420878e+08
5.850798e+08
6.408885e+08
0
0
0
0
0
0
0
0
0
0
4.601319e+08
4.828531e+08
5.124915e+08
5.506244e+08
5.995597e+08
0
0
0
0
0
0
0
0
0
0
4.389713e+08
4.596002e+08
4.864084e+08
5.207027e+08
5.643314e+08
0
0
0
0
0
0
0
0
0
0
4.203922e+08
4.39312e+08
4.638412e+08
4.950863e+08
5.345975e+08
0
0
0
0
0
0
0
0
0
0
4.042523e+08
4.217757e+08
4.444623e+08
4.73276e+08
5.09547e+08
0
0
0
0
0
0
0
0
0
0
0
0
0
0
0
0
0
0
0
0
0
0
0
0
0
0
0
0
0
0
0
0
0
0
0
0
0
0
0
0
0
0
0
0
0
0
0
0
0
0
0
0
0
0
0
0
0
0
0
0
9.079961e+08
0
0
0
0
0
0
0
0
0
0
0
0
0
0
0
0
0
0
0
0
8.076138e+08
9.391443e+08
0
0
0
0
0
0
0
0
0
0
0
0
0
0
0
0
0
0
0
0
7.33928e+08
8.2027e+08
9.759887e+08
0
0
0
0
0
0
0
0
0
0
0
0
0
0
0
0
0
0
0
0
6.774387e+08
7.411214e+08
8.406832e+08
1.021245e+09
0
0
0
0
0
0
0
0
0
0
0
0
0
0
0
0
0
0
0
0
6.322967e+08
6.828748e+08
7.563338e+08
8.703358e+08
1.077936e+09
0
0
0
0
0
0
0
0
0
0
0
0
0
0
0
0
0
0
0
0
5.948943e+08
6.371973e+08
6.959485e+08
7.802649e+08
9.105525e+08
0
0
0
0
0
0
0
0
0
0
0
0
0
0
0
0
0
0
0
0
5.631078e+08
5.995666e+08
6.490646e+08
7.168851e+08
8.135305e+08
0
0
0
0
0
0
0
0
0
0
0
0
0
0
0
0
0
0
0
0
5.353137e+08
5.674331e+08
6.103415e+08
6.677318e+08
7.457503e+08
0
0
0
0
0
0
0
0
0
0
0
0
0
0
0
0
0
0
0
0
5.102283e+08
5.38868e+08
5.76773e+08
6.266055e+08
6.926706e+08
0
0
0
0
0
0
0
0
0
0
0
0
0
0
0
0
0
0
0
0
4.86629e+08
5.123405e+08
5.461173e+08
5.900464e+08
6.472372e+08
0
0
0
0
0
0
0
0
0
0
4.636793e+08
4.868259e+08
5.170709e+08
5.560599e+08
6.062123e+08
0
0
0
0
0
0
0
0
0
0
4.42067e+08
4.63026e+08
4.902967e+08
5.252318e+08
5.697486e+08
0
0
0
0
0
0
0
0
0
0
4.225315e+08
4.416628e+08
4.664854e+08
4.981315e+08
5.381899e+08
0
0
0
0
0
0
0
0
0
0
4.052975e+08
4.229185e+08
4.457396e+08
4.747358e+08
5.112531e+08
0
0
0
0
0
0
0
0
0
0
3.902689e+08
4.06645e+08
4.278315e+08
4.546864e+08
4.883821e+08
0
0
0
0
0
0
0
0
0
0
0
0
0
0
0
0
0
0
0
0
0
0
0
0
0
0
0
0
0
0
0
0
0
0
0
0
0
0
0
0
0
0
0
0
8.781963e+08
0
0
0
0
0
0
0
0
0
0
0
0
0
0
0
0
0
0
0
0
7.975601e+08
9.153848e+08
0
0
0
0
0
0
0
0
0
0
0
0
0
0
0
0
0
0
0
0
7.310607e+08
8.141976e+08
9.596661e+08
0
0
0
0
0
0
0
0
0
0
0
0
0
0
0
0
0
0
0
0
6.770055e+08
7.398355e+08
8.372885e+08
1.01115e+09
0
0
0
0
0
0
0
0
0
0
0
0
0
0
0
0
0
0
0
0
6.324077e+08
6.827998e+08
7.558409e+08
8.68774e+08
1.072952e+09
0
0
0
0
0
0
0
0
0
0
0
0
0
0
0
0
0
0
0
0
5.948943e+08
6.371973e+08
6.959485e+08
7.802649e+08
9.105525e+08
0
0
0
0
0
0
0
0
0
0
0
0
0
0
0
0
0
0
0
0
5.628852e+08
5.993956e+08
6.489972e+08
7.170312e+08
8.141591e+08
0
0
0
0
0
0
0
0
0
0
0
0
0
0
0
0
0
0
0
0
5.350497e+08
5.672571e+08
6.103208e+08
6.679941e+08
7.46558e+08
0
0
0
0
0
0
0
0
0
0
0
0
0
0
0
0
0
0
0
0
5.103486e+08
5.39143e+08
5.77293e+08
6.27517e+08
6.942363e+08
0
0
0
0
0
0
0
0
0
0
0
0
0
0
0
0
0
0
0
0
4.877794e+08
5.137561e+08
5.479262e+08
5.924386e+08
6.505106e+08
0
0
0
0
0
0
0
0
0
0
0
0
0
0
0
0
0
0
0
0
4.663447e+08
4.898655e+08
5.206514e+08
5.604133e+08
6.116789e+08
0
0
0
0
0
0
0
0
0
0
4.453205e+08
4.66648e+08
4.94441e+08
5.301057e+08
5.75642e+08
0
0
0
0
0
0
0
0
0
0
4.253908e+08
4.448123e+08
4.700399e+08
5.022425e+08
5.43064e+08
0
0
0
0
0
0
0
0
0
0
4.07283e+08
4.25092e+08
4.481729e+08
4.775222e+08
5.145171e+08
0
0
0
0
0
0
0
0
0
0
3.912429e+08
4.077064e+08
4.29013e+08
4.560301e+08
4.899432e+08
0
0
0
0
0
0
0
0
0
0
3.772106e+08
3.925545e+08
4.124e+08
4.375142e+08
4.689402e+08
0
0
0
0
0
0
0
0
0
0
0
0
0
0
0
0
0
0
0
0
0
0
0
0
0
0
0
0
0
0
0
0
0
0
0
0
0
8.506264e+08
0
0
0
0
0
0
0
0
0
0
7.829482e+08
8.85277e+08
0
0
0
0
0
0
0
0
0
0
0
0
0
0
0
0
0
0
0
0
7.252265e+08
8.039174e+08
9.351152e+08
0
0
0
0
0
0
0
0
0
0
0
0
0
0
0
0
0
0
0
0
6.754382e+08
7.368535e+08
8.309392e+08
9.938952e+08
0
0
0
0
0
0
0
0
0
0
0
0
0
0
0
0
0
0
0
0
6.323403e+08
6.823151e+08
7.544573e+08
8.651481e+08
1.062022e+09
0
0
0
0
0
0
0
0
0
0
0
0
0
0
0
0
0
0
0
0
5.950817e+08
6.372897e+08
6.958432e+08
7.797149e+08
9.088474e+08
0
0
0
0
0
0
0
0
0
0
0
0
0
0
0
0
0
0
0
0
5.628852e+08
5.993956e+08
6.489972e+08
7.170312e+08
8.141591e+08
0
0
0
0
0
0
0
0
0
0
0
0
0
0
0
0
0
0
0
0
5.348117e+08
5.670489e+08
6.101709e+08
6.679583e+08
7.467565e+08
0
0
0
0
0
0
0
0
0
0
0
0
0
0
0
0
0
0
0
0
5.100558e+08
5.389101e+08
5.771636e+08
6.275656e+08
6.946044e+08
0
0
0
0
0
0
0
0
0
0
0
0
0
0
0
0
0
0
0
0
4.878322e+08
5.139296e+08
5.482866e+08
5.930879e+08
6.516148e+08
0
0
0
0
0
0
0
0
0
0
0
0
0
0
0
0
0
0
0
0
4.673519e+08
4.910937e+08
5.222038e+08
5.624362e+08
6.143917e+08
0
0
0
0
0
0
0
0
0
0
0
0
0
0
0
0
0
0
0
0
4.477489e+08
4.693988e+08
4.976545e+08
5.339729e+08
5.804324e+08
0
0
0
0
0
0
0
0
0
0
4.283888e+08
4.481332e+08
4.738165e+08
5.066504e+08
5.483439e+08
0
0
0
0
0
0
0
0
0
0
4.099341e+08
4.280003e+08
4.514394e+08
4.812778e+08
5.189372e+08
0
0
0
0
0
0
0
0
0
0
3.930916e+08
4.097233e+08
4.312619e+08
4.585927e+08
4.929273e+08
0
0
0
0
0
0
0
0
0
0
3.781208e+08
3.935434e+08
4.134969e+08
4.387564e+08
4.70376e+08
0
0
0
0
0
0
0
0
0
0
3.649853e+08
3.79397e+08
3.980338e+08
4.215898e+08
4.509976e+08
0
0
0
0
0
0
0
0
0
0
0
0
0
0
0
0
0
0
0
0
0
0
0
0
0
0
0
0
0
8.291483e+08
0
0
0
0
0
0
0
0
0
0
7.675558e+08
8.573123e+08
0
0
0
0
0
0
0
0
0
0
7.155487e+08
7.889862e+08
9.039223e+08
0
0
0
0
0
0
0
0
0
0
0
0
0
0
0
0
0
0
0
0
6.715019e+08
7.308154e+08
8.20166e+08
9.678799e+08
0
0
0
0
0
0
0
0
0
0
0
0
0
0
0
0
0
0
0
0
6.314158e+08
6.806442e+08
7.512713e+08
8.583463e+08
1.043314e+09
0
0
0
0
0
0
0
0
0
0
0
0
0
0
0
0
0
0
0
0
5.951973e+08
6.371762e+08
6.952805e+08
7.781858e+08
9.048811e+08
0
0
0
0
0
0
0
0
0
0
0
0
0
0
0
0
0
0
0
0
5.631078e+08
5.995666e+08
6.490646e+08
7.168851e+08
8.135305e+08
0
0
0
0
0
0
0
0
0
0
0
0
0
0
0
0
0
0
0
0
5.348117e+08
5.670489e+08
6.101709e+08
6.679583e+08
7.467565e+08
0
0
0
0
0
0
0
0
0
0
0
0
0
0
0
0
0
0
0
0
5.098125e+08
5.386848e+08
5.769735e+08
6.274416e+08
6.946077e+08
0
0
0
0
0
0
0
0
0
0
0
0
0
0
0
0
0
0
0
0
4.875239e+08
5.136642e+08
5.480943e+08
5.930173e+08
6.517492e+08
0
0
0
0
0
0
0
0
0
0
0
0
0
0
0
0
0
0
0
0
4.673553e+08
4.911939e+08
5.224527e+08
5.629089e+08
6.152046e+08
0
0
0
0
0
0
0
0
0
0
0
0
0
0
0
0
0
0
0
0
4.48638e+08
4.704757e+08
4.990045e+08
5.357143e+08
5.827342e+08
0
0
0
0
0
0
0
0
0
0
0
0
0
0
0
0
0
0
0
0
4.30613e+08
4.506384e+08
4.767235e+08
5.101199e+08
5.525975e+08
0
0
0
0
0
0
0
0
0
0
4.127078e+08
4.310595e+08
4.549003e+08
4.852921e+08
5.237082e+08
0
0
0
0
0
0
0
0
0
0
3.955578e+08
4.124192e+08
4.34277e+08
4.620418e+08
4.969617e+08
0
0
0
0
0
0
0
0
0
0
3.798471e+08
3.95421e+08
4.15583e+08
4.411234e+08
4.731181e+08
0
0
0
0
0
0
0
0
0
0
3.658382e+08
3.80321e+08
3.990554e+08
4.227424e+08
4.523239e+08
0
0
0
0
0
0
0
0
0
0
3.535177e+08
3.670798e+08
3.846226e+08
4.067728e+08
4.343732e+08
0
0
0
0
0
0
0
0
0
0
0
0
0
0
0
0
0
0
0
0
8.147762e+08
0
0
0
0
0
0
0
0
0
0
7.545203e+08
8.35489e+08
0
0
0
0
0
0
0
0
0
0
7.045523e+08
7.73292e+08
8.748704e+08
0
0
0
0
0
0
0
0
0
0
6.642397e+08
7.208699e+08
8.045389e+08
9.347632e+08
0
0
0
0
0
0
0
0
0
0
0
0
0
0
0
0
0
0
0
0
6.285068e+08
6.765317e+08
7.448671e+08
8.467917e+08
1.015061e+09
0
0
0
0
0
0
0
0
0
0
0
0
0
0
0
0
0
0
0
0
5.946298e+08
6.361609e+08
6.934468e+08
7.746998e+08
8.974282e+08
0
0
0
0
0
0
0
0
0
0
0
0
0
0
0
0
0
0
0
0
5.633192e+08
5.996417e+08
6.488867e+08
7.162158e+08
8.118029e+08
0
0
0
0
0
0
0
0
0
0
0
0
0
0
0
0
0
0
0
0
5.350497e+08
5.672571e+08
6.103208e+08
6.679941e+08
7.46558e+08
0
0
0
0
0
0
0
0
0
0
0
0
0
0
0
0
0
0
0
0
5.098125e+08
5.386848e+08
5.769735e+08
6.274416e+08
6.946077e+08
0
0
0
0
0
0
0
0
0
0
0
0
0
0
0
0
0
0
0
0
4.872807e+08
5.134321e+08
5.478846e+08
5.928489e+08
6.516561e+08
0
0
0
0
0
0
0
0
0
0
0
0
0
0
0
0
0
0
0
0
4.670396e+08
4.9091e+08
5.22223e+08
5.627674e+08
6.152058e+08
0
0
0
0
0
0
0
0
0
0
0
0
0
0
0
0
0
0
0
0
4.486041e+08
4.705215e+08
4.991719e+08
5.360621e+08
5.833485e+08
0
0
0
0
0
0
0
0
0
0
0
0
0
0
0
0
0
0
0
0
4.314032e+08
4.515904e+08
4.7791e+08
5.116385e+08
5.545849e+08
0
0
0
0
0
0
0
0
0
0
0
0
0
0
0
0
0
0
0
0
4.14754e+08
4.333533e+08
4.575469e+08
4.884295e+08
5.275226e+08
0
0
0
0
0
0
0
0
0
0
3.981329e+08
4.152486e+08
4.374638e+08
4.657183e+08
5.013032e+08
0
0
0
0
0
0
0
0
0
0
3.821478e+08
3.979283e+08
4.183768e+08
4.443053e+08
4.768202e+08
0
0
0
0
0
0
0
0
0
0
3.674543e+08
3.82074e+08
4.009968e+08
4.249368e+08
4.548547e+08
0
0
0
0
0
0
0
0
0
0
3.543187e+08
3.679454e+08
3.855769e+08
4.078457e+08
4.356029e+08
0
0
0
0
0
0
0
0
0
0
3.4274e+08
3.555265e+08
3.720712e+08
3.929478e+08
4.189172e+08
0
0
0
0
0
0
0
0
0
0
8.076334e+08
0
0
0
0
0
0
0
0
0
0
7.453596e+08
8.208783e+08
0
0
0
0
0
0
0
0
0
0
6.948566e+08
7.600175e+08
8.521806e+08
0
0
0
0
0
0
0
0
0
0
6.555758e+08
7.096362e+08
7.881655e+08
9.038739e+08
0
0
0
0
0
0
0
0
0
0
6.226715e+08
6.690451e+08
7.344028e+08
8.300621e+08
9.790564e+08
0
0
0
0
0
0
0
0
0
0
0
0
0
0
0
0
0
0
0
0
5.923525e+08
6.331008e+08
6.89042e+08
7.677538e+08
8.84764e+08
0
0
0
0
0
0
0
0
0
0
0
0
0
0
0
0
0
0
0
0
5.629658e+08
5.989954e+08
6.477368e+08
7.141558e+08
8.079088e+08
0
0
0
0
0
0
0
0
0
0
0
0
0
0
0
0
0
0
0
0
5.353137e+08
5.674331e+08
6.103415e+08
6.677318e+08
7.457503e+08
0
0
0
0
0
0
0
0
0
0
0
0
0
0
0
0
0
0
0
0
5.100558e+08
5.389101e+08
5.771636e+08
6.275656e+08
6.946044e+08
0
0
0
0
0
0
0
0
0
0
0
0
0
0
0
0
0
0
0
0
4.872807e+08
5.134321e+08
5.478846e+08
5.928489e+08
6.516561e+08
0
0
0
0
0
0
0
0
0
0
0
0
0
0
0
0
0
0
0
0
4.667996e+08
4.906768e+08
5.220046e+08
5.625764e+08
6.150631e+08
0
0
0
0
0
0
0
0
0
0
0
0
0
0
0
0
0
0
0
0
4.482863e+08
4.702278e+08
4.989197e+08
5.35877e+08
5.832687e+08
0
0
0
0
0
0
0
0
0
0
0
0
0
0
0
0
0
0
0
0
4.313409e+08
4.515949e+08
4.780161e+08
5.118939e+08
5.550571e+08
0
0
0
0
0
0
0
0
0
0
0
0
0
0
0
0
0
0
0
0
4.1546e+08
4.342005e+08
4.585979e+08
4.897674e+08
5.292603e+08
0
0
0
0
0
0
0
0
0
0
0
0
0
0
0
0
0
0
0
0
4.000225e+08
4.173581e+08
4.398861e+08
4.685734e+08
5.047508e+08
0
0
0
0
0
0
0
0
0
0
3.845458e+08
4.005545e+08
4.213231e+08
4.476886e+08
4.807934e+08
0
0
0
0
0
0
0
0
0
0
3.696064e+08
3.844126e+08
4.035942e+08
4.278835e+08
4.582674e+08
0
0
0
0
0
0
0
0
0
0
3.55835e+08
3.695862e+08
3.873887e+08
4.098868e+08
4.379475e+08
0
0
0
0
0
0
0
0
0
0
3.434938e+08
3.563392e+08
3.729649e+08
3.939495e+08
4.200611e+08
0
0
0
0
0
0
0
0
0
0
3.325941e+08
3.446689e+08
3.603012e+08
3.800152e+08
4.045066e+08
0
0
0
0
0
0
0
0
0
0
7.406916e+08
8.136161e+08
0
0
0
0
0
0
0
0
0
0
6.878933e+08
7.506946e+08
8.369905e+08
0
0
0
0
0
0
0
0
0
0
6.477512e+08
6.997565e+08
7.743442e+08
8.79752e+08
0
0
0
0
0
0
0
0
0
0
6.154809e+08
6.60187e+08
7.226658e+08
8.12602e+08
9.454659e+08
0
0
0
0
0
0
0
0
0
0
5.874683e+08
6.270756e+08
6.811408e+08
7.565006e+08
8.664677e+08
0
0
0
0
0
0
0
0
0
0
0
0
0
0
0
0
0
0
0
0
5.61109e+08
5.965878e+08
6.444343e+08
7.093331e+08
8.002228e+08
0
0
0
0
0
0
0
0
0
0
0
0
0
0
0
0
0
0
0
0
5.350989e+08
5.67011e+08
6.095814e+08
6.664002e+08
7.433931e+08
0
0
0
0
0
0
0
0
0
0
0
0
0
0
0
0
0
0
0
0
5.103486e+08
5.39143e+08
5.77293e+08
6.27517e+08
6.942363e+08
0
0
0
0
0
0
0
0
0
0
0
0
0
0
0
0
0
0
0
0
4.875239e+08
5.136642e+08
5.480943e+08
5.930173e+08
6.517492e+08
0
0
0
0
0
0
0
0
0
0
0
0
0
0
0
0
0
0
0
0
4.667996e+08
4.906768e+08
5.220046e+08
5.625764e+08
6.150631e+08
0
0
0
0
0
0
0
0
0
0
0
0
0
0
0
0
0
0
0
0
4.480512e+08
4.699967e+08
4.986987e+08
5.356749e+08
5.830996e+08
0
0
0
0
0
0
0
0
0
0
0
0
0
0
0
0
0
0
0
0
4.310242e+08
4.512968e+08
4.777508e+08
5.116813e+08
5.54926e+08
0
0
0
0
0
0
0
0
0
0
0
0
0
0
0
0
0
0
0
0
4.153757e+08
4.341731e+08
4.586569e+08
4.899526e+08
5.296263e+08
0
0
0
0
0
0
0
0
0
0
0
0
0
0
0
0
0
0
0
0
4.006561e+08
4.181161e+08
4.408234e+08
4.697616e+08
5.062856e+08
0
0
0
0
0
0
0
0
0
0
0
0
0
0
0
0
0
0
0
0
3.862964e+08
4.025019e+08
4.235499e+08
4.503007e+08
4.839294e+08
0
0
0
0
0
0
0
0
0
0
3.718457e+08
3.868576e+08
4.063277e+08
4.310098e+08
4.619211e+08
0
0
0
0
0
0
0
0
0
0
3.578526e+08
3.717733e+08
3.898106e+08
4.126249e+08
4.411057e+08
0
0
0
0
0
0
0
0
0
0
3.449193e+08
3.578785e+08
3.746603e+08
3.958535e+08
4.222404e+08
0
0
0
0
0
0
0
0
0
0
3.333048e+08
3.454337e+08
3.611401e+08
3.809528e+08
4.055739e+08
0
0
0
0
0
0
0
0
0
0
3.230302e+08
3.344484e+08
3.492426e+08
3.67893e+08
3.910354e+08
0
0
0
0
0
0
0
0
0
0
6.843068e+08
7.459453e+08
8.294418e+08
0
0
0
0
0
0
0
0
0
0
6.420606e+08
6.926684e+08
7.646483e+08
8.636133e+08
0
0
0
0
0
0
0
0
0
0
6.088869e+08
6.522127e+08
7.123782e+08
7.979029e+08
9.192617e+08
0
0
0
0
0
0
0
0
0
0
5.813123e+08
6.19722e+08
6.718811e+08
7.43975e+08
8.474581e+08
0
0
0
0
0
0
0
0
0
0
5.569049e+08
5.915413e+08
6.380654e+08
7.008137e+08
7.878753e+08
0
0
0
0
0
0
0
0
0
0
0
0
0
0
0
0
0
0
0
0
5.335438e+08
5.650413e+08
6.069685e+08
6.627576e+08
7.380117e+08
0
0
0
0
0
0
0
0
0
0
0
0
0
0
0
0
0
0
0
0
5.102283e+08
5.38868e+08
5.76773e+08
6.266055e+08
6.926706e+08
0
0
0
0
0
0
0
0
0
0
0
0
0
0
0
0
0
0
0
0
4.878322e+08
5.139296e+08
5.482866e+08
5.930879e+08
6.516148e+08
0
0
0
0
0
0
0
0
0
0
0
0
0
0
0
0
0
0
0
0
4.670396e+08
4.9091e+08
5.22223e+08
5.627674e+08
6.152058e+08
0
0
0
0
0
0
0
0
0
0
0
0
0
0
0
0
0
0
0
0
4.480512e+08
4.699967e+08
4.986987e+08
5.356749e+08
5.830996e+08
0
0
0
0
0
0
0
0
0
0
0
0
0
0
0
0
0
0
0
0
4.307951e+08
4.510698e+08
4.775306e+08
5.114747e+08
5.54743e+08
0
0
0
0
0
0
0
0
0
0
0
0
0
0
0
0
0
0
0
0
4.150624e+08
4.338743e+08
4.583845e+08
4.897227e+08
5.294616e+08
0
0
0
0
0
0
0
0
0
0
0
0
0
0
0
0
0
0
0
0
4.005548e+08
4.180637e+08
4.408455e+08
4.69892e+08
5.065699e+08
0
0
0
0
0
0
0
0
0
0
0
0
0
0
0
0
0
0
0
0
3.868672e+08
4.031833e+08
4.243904e+08
4.513628e+08
4.852956e+08
0
0
0
0
0
0
0
0
0
0
0
0
0
0
0
0
0
0
0
0
3.734723e+08
3.886612e+08
4.083828e+08
4.334103e+08
4.64789e+08
0
0
0
0
0
0
0
0
0
0
3.599486e+08
3.740559e+08
3.923545e+08
4.15524e+08
4.444795e+08
0
0
0
0
0
0
0
0
0
0
3.46815e+08
3.599287e+08
3.769245e+08
3.984053e+08
4.25173e+08
0
0
0
0
0
0
0
0
0
0
3.346477e+08
3.468806e+08
3.627301e+08
3.827336e+08
4.076054e+08
0
0
0
0
0
0
0
0
0
0
3.237016e+08
3.351694e+08
3.500317e+08
3.687727e+08
3.920338e+08
0
0
0
0
0
0
0
0
0
0
3.140034e+08
3.248147e+08
3.38835e+08
3.56508e+08
3.784164e+08
0
0
0
0
0
0
0
0
0
0
6.391117e+08
6.890192e+08
7.597117e+08
8.555973e+08
0
0
0
0
0
0
0
0
0
0
6.04053e+08
6.464204e+08
7.050093e+08
7.876075e+08
9.017509e+08
0
0
0
0
0
0
0
0
0
0
5.756083e+08
6.130023e+08
6.635799e+08
7.330405e+08
8.315055e+08
0
0
0
0
0
0
0
0
0
0
5.515194e+08
5.852462e+08
6.303782e+08
6.909314e+08
7.742407e+08
0
0
0
0
0
0
0
0
0
0
5.29857e+08
5.606969e+08
6.016303e+08
6.558806e+08
7.28646e+08
0
0
0
0
0
0
0
0
0
0
0
0
0
0
0
0
0
0
0
0
5.089001e+08
5.372139e+08
5.746261e+08
6.237068e+08
6.885787e+08
0
0
0
0
0
0
0
0
0
0
0
0
0
0
0
0
0
0
0
0
4.877794e+08
5.137561e+08
5.479262e+08
5.924386e+08
6.505106e+08
0
0
0
0
0
0
0
0
0
0
0
0
0
0
0
0
0
0
0
0
4.673553e+08
4.911939e+08
5.224527e+08
5.629089e+08
6.152046e+08
0
0
0
0
0
0
0
0
0
0
0
0
0
0
0
0
0
0
0
0
4.482863e+08
4.702278e+08
4.989197e+08
5.35877e+08
5.832687e+08
0
0
0
0
0
0
0
0
0
0
0
0
0
0
0
0
0
0
0
0
4.307951e+08
4.510698e+08
4.775306e+08
5.114747e+08
5.54743e+08
0
0
0
0
0
0
0
0
0
0
0
0
0
0
0
0
0
0
0
0
4.148397e+08
4.336524e+08
4.581673e+08
4.895155e+08
5.292718e+08
0
0
0
0
0
0
0
0
0
0
0
0
0
0
0
0
0
0
0
0
4.002463e+08
4.177667e+08
4.405701e+08
4.696516e+08
5.063829e+08
0
0
0
0
0
0
0
0
0
0
0
0
0
0
0
0
0
0
0
0
3.867525e+08
4.031112e+08
4.243833e+08
4.5145e+08
4.855156e+08
0
0
0
0
0
0
0
0
0
0
0
0
0
0
0
0
0
0
0
0
3.739881e+08
3.892759e+08
4.091399e+08
4.343649e+08
4.66013e+08
0
0
0
0
0
0
0
0
0
0
0
0
0
0
0
0
0
0
0
0
3.614638e+08
3.757314e+08
3.942575e+08
4.177387e+08
4.471139e+08
0
0
0
0
0
0
0
0
0
0
3.487811e+08
3.620647e+08
3.792987e+08
4.01102e+08
4.282996e+08
0
0
0
0
0
0
0
0
0
0
3.364321e+08
3.488065e+08
3.648518e+08
3.851182e+08
4.103367e+08
0
0
0
0
0
0
0
0
0
0
3.249688e+08
3.365322e+08
3.515258e+08
3.70442e+08
3.939327e+08
0
0
0
0
0
0
0
0
0
0
3.146387e+08
3.254957e+08
3.395788e+08
3.573352e+08
3.793526e+08
0
0
0
0
0
0
0
0
0
0
3.054738e+08
3.157225e+08
3.29027e+08
3.457975e+08
3.665718e+08
0
0
0
0
0
0
0
0
0
0
6.015383e+08
6.434202e+08
7.012182e+08
7.823697e+08
8.930602e+08
0
0
0
0
0
0
0
0
0
0
5.714041e+08
6.080827e+08
6.575612e+08
7.252242e+08
8.203542e+08
0
0
0
0
0
0
0
0
0
0
5.464924e+08
5.794344e+08
6.233858e+08
6.821148e+08
7.62391e+08
0
0
0
0
0
0
0
0
0
0
5.25075e+08
5.551909e+08
5.950513e+08
6.47679e+08
7.178946e+08
0
0
0
0
0
0
0
0
0
0
5.056222e+08
5.334049e+08
5.700298e+08
6.179393e+08
6.810113e+08
0
0
0
0
0
0
0
0
0
0
0
0
0
0
0
0
0
0
0
0
4.86629e+08
5.123405e+08
5.461173e+08
5.900464e+08
6.472372e+08
0
0
0
0
0
0
0
0
0
0
0
0
0
0
0
0
0
0
0
0
4.673519e+08
4.910937e+08
5.222038e+08
5.624362e+08
6.143917e+08
0
0
0
0
0
0
0
0
0
0
0
0
0
0
0
0
0
0
0
0
4.486041e+08
4.705215e+08
4.991719e+08
5.360621e+08
5.833485e+08
0
0
0
0
0
0
0
0
0
0
0
0
0
0
0
0
0
0
0
0
4.310242e+08
4.512968e+08
4.777508e+08
5.116813e+08
5.54926e+08
0
0
0
0
0
0
0
0
0
0
0
0
0
0
0
0
0
0
0
0
4.148397e+08
4.336524e+08
4.581673e+08
4.895155e+08
5.292718e+08
0
0
0
0
0
0
0
0
0
0
0
0
0
0
0
0
0
0
0
0
4.000303e+08
4.175507e+08
4.403572e+08
4.694461e+08
5.061907e+08
0
0
0
0
0
0
0
0
0
0
0
0
0
0
0
0
0
0
0
0
3.864497e+08
4.028176e+08
4.241076e+08
4.512036e+08
4.853139e+08
0
0
0
0
0
0
0
0
0
0
0
0
0
0
0
0
0
0
0
0
3.738629e+08
3.891881e+08
4.091094e+08
4.344172e+08
4.661817e+08
0
0
0
0
0
0
0
0
0
0
0
0
0
0
0
0
0
0
0
0
3.619311e+08
3.762878e+08
3.949419e+08
4.186006e+08
4.482166e+08
0
0
0
0
0
0
0
0
0
0
0
0
0
0
0
0
0
0
0
0
3.501958e+08
3.636251e+08
3.81066e+08
4.03152e+08
4.307292e+08
0
0
0
0
0
0
0
0
0
0
3.382801e+08
3.508098e+08
3.670728e+08
3.876337e+08
4.132433e+08
0
0
0
0
0
0
0
0
0
0
3.266516e+08
3.383448e+08
3.535184e+08
3.726756e+08
3.964836e+08
0
0
0
0
0
0
0
0
0
0
3.158365e+08
3.267815e+08
3.409857e+08
3.589033e+08
3.811316e+08
0
0
0
0
0
0
0
0
0
0
3.060759e+08
3.163668e+08
3.297293e+08
3.465768e+08
3.674515e+08
0
0
0
0
0
0
0
0
0
0
2.974057e+08
3.071314e+08
3.19772e+08
3.357074e+08
3.554349e+08
0
0
0
0
0
0
0
0
0
0
5.692111e+08
6.055247e+08
6.544461e+08
7.212066e+08
8.146864e+08
0
0
0
0
0
0
0
0
0
0
5.42773e+08
5.751565e+08
6.182766e+08
6.757373e+08
7.539408e+08
0
0
0
0
0
0
0
0
0
0
5.205866e+08
5.500701e+08
5.890064e+08
6.402583e+08
7.083534e+08
0
0
0
0
0
0
0
0
0
0
5.013277e+08
5.285173e+08
5.642777e+08
6.109236e+08
6.720951e+08
0
0
0
0
0
0
0
0
0
0
4.836849e+08
5.089549e+08
5.420878e+08
5.850798e+08
6.408885e+08
0
0
0
0
0
0
0
0
0
0
0
0
0
0
0
0
0
0
0
0
4.663447e+08
4.898655e+08
5.206514e+08
5.604133e+08
6.116789e+08
0
0
0
0
0
0
0
0
0
0
0
0
0
0
0
0
0
0
0
0
4.48638e+08
4.704757e+08
4.990045e+08
5.357143e+08
5.827342e+08
0
0
0
0
0
0
0
0
0
0
0
0
0
0
0
0
0
0
0
0
4.313409e+08
4.515949e+08
4.780161e+08
5.118939e+08
5.550571e+08
0
0
0
0
0
0
0
0
0
0
0
0
0
0
0
0
0
0
0
0
4.150624e+08
4.338743e+08
4.583845e+08
4.897227e+08
5.294616e+08
0
0
0
0
0
0
0
0
0
0
0
0
0
0
0
0
0
0
0
0
4.000303e+08
4.175507e+08
4.403572e+08
4.694461e+08
5.061907e+08
0
0
0
0
0
0
0
0
0
0
0
0
0
0
0
0
0
0
0
0
3.862404e+08
4.026077e+08
4.238997e+08
4.510013e+08
4.851219e+08
0
0
0
0
0
0
0
0
0
0
0
0
0
0
0
0
0
0
0
0
3.735665e+08
3.888991e+08
4.088354e+08
4.341682e+08
4.659705e+08
0
0
0
0
0
0
0
0
0
0
0
0
0
0
0
0
0
0
0
0
3.617977e+08
3.761875e+08
3.948925e+08
4.186247e+08
4.483435e+08
0
0
0
0
0
0
0
0
0
0
0
0
0
0
0
0
0
0
0
0
3.506201e+08
3.641301e+08
3.81687e+08
4.039332e+08
4.317271e+08
0
0
0
0
0
0
0
0
0
0
0
0
0
0
0
0
0
0
0
0
3.396036e+08
3.522665e+08
3.687184e+08
3.895372e+08
4.154916e+08
0
0
0
0
0
0
0
0
0
0
3.283918e+08
3.402274e+08
3.556008e+08
3.750279e+08
3.991934e+08
0
0
0
0
0
0
0
0
0
0
3.174261e+08
3.284906e+08
3.428605e+08
3.61e+08
3.835196e+08
0
0
0
0
0
0
0
0
0
0
3.072097e+08
3.17582e+08
3.310564e+08
3.480528e+08
3.691219e+08
0
0
0
0
0
0
0
0
0
0
2.979772e+08
3.07742e+08
3.204363e+08
3.36443e+08
3.562633e+08
0
0
0
0
0
0
0
0
0
0
2.897697e+08
2.990056e+08
3.110287e+08
3.261895e+08
3.449486e+08
0
0
0
0
0
0
0
0
0
0
5.408291e+08
5.729262e+08
6.156221e+08
6.724397e+08
7.49602e+08
0
0
0
0
0
0
0
0
0
0
5.17256e+08
5.462862e+08
5.845659e+08
6.348496e+08
7.014699e+08
0
0
0
0
0
0
0
0
0
0
4.972794e+08
5.239462e+08
5.589542e+08
6.045135e+08
6.640745e+08
0
0
0
0
0
0
0
0
0
0
4.797953e+08
5.045671e+08
5.369842e+08
5.789497e+08
6.33268e+08
0
0
0
0
0
0
0
0
0
0
4.636793e+08
4.868259e+08
5.170709e+08
5.560599e+08
6.062123e+08
0
0
0
0
0
0
0
0
0
0
0
0
0
0
0
0
0
0
0
0
4.477489e+08
4.693988e+08
4.976545e+08
5.339729e+08
5.804324e+08
0
0
0
0
0
0
0
0
0
0
0
0
0
0
0
0
0
0
0
0
4.314032e+08
4.515904e+08
4.7791e+08
5.116385e+08
5.545849e+08
0
0
0
0
0
0
0
0
0
0
0
0
0
0
0
0
0
0
0
0
4.153757e+08
4.341731e+08
4.586569e+08
4.899526e+08
5.296263e+08
0
0
0
0
0
0
0
0
0
0
0
0
0
0
0
0
0
0
0
0
4.002463e+08
4.177667e+08
4.405701e+08
4.696516e+08
5.063829e+08
0
0
0
0
0
0
0
0
0
0
0
0
0
0
0
0
0
0
0
0
3.862404e+08
4.026077e+08
4.238997e+08
4.510013e+08
4.851219e+08
0
0
0
0
0
0
0
0
0
0
0
0
0
0
0
0
0
0
0
0
3.733639e+08
3.886955e+08
4.08633e+08
4.3397e+08
4.657805e+08
0
0
0
0
0
0
0
0
0
0
0
0
0
0
0
0
0
0
0
0
3.615079e+08
3.759039e+08
3.946216e+08
4.183752e+08
4.481266e+08
0
0
0
0
0
0
0
0
0
0
0
0
0
0
0
0
0
0
0
0
3.504802e+08
3.640198e+08
3.816222e+08
4.039342e+08
4.318197e+08
0
0
0
0
0
0
0
0
0
0
0
0
0
0
0
0
0
0
0
0
3.399894e+08
3.527258e+08
3.692833e+08
3.902477e+08
4.163982e+08
0
0
0
0
0
0
0
0
0
0
0
0
0
0
0
0
0
0
0
3.296323e+08
3.415899e+08
3.571367e+08
3.767999e+08
4.012803e+08
0
0
0
0
0
0
0
0
0
0
3.190676e+08
3.302631e+08
3.448169e+08
3.632047e+08
3.860523e+08
0
0
0
0
0
0
0
0
0
0
3.087135e+08
3.191962e+08
3.328237e+08
3.500248e+08
3.713623e+08
0
0
0
0
0
0
0
0
0
0
2.990521e+08
3.088922e+08
3.216902e+08
3.378348e+08
3.578347e+08
0
0
0
0
0
0
0
0
0
0
2.903129e+08
2.995851e+08
3.11658e+08
3.26885e+08
3.457301e+08
0
0
0
0
0
0
0
0
0
0
2.825355e+08
2.913153e+08
3.027602e+08
3.172005e+08
3.350615e+08
0
0
0
0
0
0
0
0
0
0
5.155127e+08
5.443097e+08
5.822527e+08
6.320423e+08
6.979149e+08
0
0
0
0
0
0
0
0
0
0
4.942685e+08
5.205587e+08
5.550286e+08
5.998168e+08
6.582449e+08
0
0
0
0
0
0
0
0
0
0
4.761154e+08
5.004453e+08
5.322346e+08
5.73309e+08
6.26348e+08
0
0
0
0
0
0
0
0
0
0
4.601319e+08
4.828531e+08
5.124915e+08
5.506244e+08
5.995597e+08
0
0
0
0
0
0
0
0
0
0
4.453205e+08
4.66648e+08
4.94441e+08
5.301057e+08
5.75642e+08
0
0
0
0
0
0
0
0
0
0
0
0
0
0
0
0
0
0
0
0
4.30613e+08
4.506384e+08
4.767235e+08
5.101199e+08
5.525975e+08
0
0
0
0
0
0
0
0
0
0
0
0
0
0
0
0
0
0
0
0
4.1546e+08
4.342005e+08
4.585979e+08
4.897674e+08
5.292603e+08
0
0
0
0
0
0
0
0
0
0
0
0
0
0
0
0
0
0
0
0
4.005548e+08
4.180637e+08
4.408455e+08
4.69892e+08
5.065699e+08
0
0
0
0
0
0
0
0
0
0
0
0
0
0
0
0
0
0
0
0
3.864497e+08
4.028176e+08
4.241076e+08
4.512036e+08
4.853139e+08
0
0
0
0
0
0
0
0
0
0
0
0
0
0
0
0
0
0
0
0
3.733639e+08
3.886955e+08
4.08633e+08
4.3397e+08
4.657805e+08
0
0
0
0
0
0
0
0
0
0
0
0
0
0
0
0
0
0
0
0
3.613119e+08
3.757065e+08
3.944249e+08
4.181817e+08
4.479396e+08
0
0
0
0
0
0
0
0
0
0
0
0
0
0
0
0
0
0
0
0
3.501973e+08
3.637419e+08
3.813553e+08
4.036858e+08
4.315998e+08
0
0
0
0
0
0
0
0
0
0
0
0
0
0
0
0
0
0
0
0
3.398444e+08
3.526074e+08
3.692061e+08
3.902297e+08
4.164623e+08
0
0
0
0
0
0
0
0
0
0
0
0
0
0
0
0
0
0
0
3.299836e+08
3.420085e+08
3.576518e+08
3.77448e+08
4.021069e+08
0
0
0
0
0
0
0
0
0
0
0
0
0
0
0
0
0
0
3.202325e+08
3.315401e+08
3.462533e+08
3.648582e+08
3.879944e+08
0
0
0
0
0
0
0
0
0
0
3.102644e+08
3.208679e+08
3.346652e+08
3.520953e+08
3.737349e+08
0
0
0
0
0
0
0
0
0
0
3.004768e+08
3.104191e+08
3.23359e+08
3.396931e+08
3.599409e+08
0
0
0
0
0
0
0
0
0
0
2.913332e+08
3.006753e+08
3.128446e+08
3.281996e+08
3.472111e+08
0
0
0
0
0
0
0
0
0
0
2.830525e+08
2.91866e+08
3.033574e+08
3.178592e+08
3.358001e+08
0
0
0
0
0
0
0
0
0
0
2.756785e+08
2.8403e+08
2.949361e+08
3.087021e+08
3.257279e+08
0
0
0
0
0
0
0
0
0
0
4.926907e+08
5.187865e+08
5.529796e+08
5.973728e+08
6.55223e+08
0
0
0
0
0
0
0
0
0
0
4.733734e+08
4.973837e+08
5.287219e+08
5.691604e+08
6.212924e+08
0
0
0
0
0
0
0
0
0
0
4.567656e+08
4.791074e+08
5.082107e+08
5.455956e+08
5.93477e+08
0
0
0
0
0
0
0
0
0
0
4.42067e+08
4.63026e+08
4.902967e+08
5.252318e+08
5.697486e+08
0
0
0
0
0
0
0
0
0
0
4.283888e+08
4.481332e+08
4.738165e+08
5.066504e+08
5.483439e+08
0
0
0
0
0
0
0
0
0
0
0
0
0
0
0
0
0
0
0
0
4.14754e+08
4.333533e+08
4.575469e+08
4.884295e+08
5.275226e+08
0
0
0
0
0
0
0
0
0
0
0
0
0
0
0
0
0
0
0
0
4.006561e+08
4.181161e+08
4.408234e+08
4.697616e+08
5.062856e+08
0
0
0
0
0
0
0
0
0
0
0
0
0
0
0
0
0
0
0
0
3.867525e+08
4.031112e+08
4.243833e+08
4.5145e+08
4.855156e+08
0
0
0
0
0
0
0
0
0
0
0
0
0
0
0
0
0
0
0
0
3.735665e+08
3.888991e+08
4.088354e+08
4.341682e+08
4.659705e+08
0
0
0
0
0
0
0
0
0
0
0
0
0
0
0
0
0
0
0
0
3.613119e+08
3.757065e+08
3.944249e+08
4.181817e+08
4.479396e+08
0
0
0
0
0
0
0
0
0
0
0
0
0
0
0
0
0
0
0
0
3.500076e+08
3.635508e+08
3.811643e+08
4.034973e+08
4.314166e+08
0
0
0
0
0
0
0
0
0
0
0
0
0
0
0
0
0
0
0
0
3.395684e+08
3.523356e+08
3.689438e+08
3.899837e+08
4.162413e+08
0
0
0
0
0
0
0
0
0
0
0
0
0
0
0
0
0
0
0
3.298347e+08
3.418837e+08
3.575643e+08
3.77414e+08
4.021472e+08
0
0
0
0
0
0
0
0
0
0
0
0
0
0
0
0
0
0
3.205527e+08
3.319221e+08
3.46724e+08
3.654508e+08
3.887502e+08
0
0
0
0
0
0
0
0
0
0
0
0
0
0
0
0
0
3.113599e+08
3.220669e+08
3.360113e+08
3.536416e+08
3.755468e+08
0
0
0
0
0
0
0
0
0
0
3.019442e+08
3.119982e+08
3.250954e+08
3.416413e+08
3.621681e+08
0
0
0
0
0
0
0
0
0
0
2.926848e+08
3.021218e+08
3.144228e+08
3.299537e+08
3.491949e+08
0
0
0
0
0
0
0
0
0
0
2.840222e+08
2.929008e+08
3.044819e+08
3.191028e+08
3.371983e+08
0
0
0
0
0
0
0
0
0
0
2.761712e+08
2.845541e+08
2.955035e+08
3.093269e+08
3.264271e+08
0
0
0
0
0
0
0
0
0
0
2.691736e+08
2.771248e+08
2.87525e+08
3.006625e+08
3.169073e+08
0
0
0
0
0
0
0
0
0
0
4.719351e+08
4.957801e+08
5.268857e+08
5.669973e+08
6.186649e+08
0
0
0
0
0
0
0
0
0
0
4.542533e+08
4.763198e+08
5.050375e+08
5.418862e+08
5.890166e+08
0
0
0
0
0
0
0
0
0
0
4.389713e+08
4.596002e+08
4.864084e+08
5.207027e+08
5.643314e+08
0
0
0
0
0
0
0
0
0
0
4.253908e+08
4.448123e+08
4.700399e+08
5.022425e+08
5.43064e+08
0
0
0
0
0
0
0
0
0
0
4.127078e+08
4.310595e+08
4.549003e+08
4.852921e+08
5.237082e+08
0
0
0
0
0
0
0
0
0
0
0
0
0
0
0
0
0
0
0
0
4.000225e+08
4.173581e+08
4.398861e+08
4.685734e+08
5.047508e+08
0
0
0
0
0
0
0
0
0
0
0
0
0
0
0
0
0
0
0
0
3.868672e+08
4.031833e+08
4.243904e+08
4.513628e+08
4.852956e+08
0
0
0
0
0
0
0
0
0
0
0
0
0
0
0
0
0
0
0
0
3.738629e+08
3.891881e+08
4.091094e+08
4.344172e+08
4.661817e+08
0
0
0
0
0
0
0
0
0
0
0
0
0
0
0
0
0
0
0
0
3.615079e+08
3.759039e+08
3.946216e+08
4.183752e+08
4.481266e+08
0
0
0
0
0
0
0
0
0
0
0
0
0
0
0
0
0
0
0
0
3.500076e+08
3.635508e+08
3.811643e+08
4.034973e+08
4.314166e+08
0
0
0
0
0
0
0
0
0
0
0
0
0
0
0
0
0
0
0
0
3.39385e+08
3.521505e+08
3.687586e+08
3.898003e+08
4.160623e+08
0
0
0
0
0
0
0
0
0
0
0
0
0
0
0
0
0
0
0
3.295656e+08
3.416181e+08
3.57307e+08
3.771712e+08
4.019265e+08
0
0
0
0
0
0
0
0
0
0
0
0
0
0
0
0
0
0
3.204008e+08
3.317921e+08
3.46628e+08
3.654037e+08
3.887706e+08
0
0
0
0
0
0
0
0
0
0
0
0
0
0
0
0
0
3.11652e+08
3.22416e+08
3.364422e+08
3.541846e+08
3.762397e+08
0
0
0
0
0
0
0
0
0
0
0
0
0
0
0
0
3.02976e+08
3.131258e+08
3.263592e+08
3.430902e+08
3.638622e+08
0
0
0
0
0
0
0
0
0
0
2.940751e+08
3.036158e+08
3.160627e+08
3.317901e+08
3.512897e+08
0
0
0
0
0
0
0
0
0
0
2.853061e+08
2.942729e+08
3.059766e+08
3.207611e+08
3.3907e+08
0
0
0
0
0
0
0
0
0
0
2.770939e+08
2.855375e+08
2.965706e+08
3.10505e+08
3.277493e+08
0
0
0
0
0
0
0
0
0
0
2.696437e+08
2.776241e+08
2.880649e+08
3.012559e+08
3.175703e+08
0
0
0
0
0
0
0
0
0
0
2.630027e+08
2.705743e+08
2.805015e+08
2.930491e+08
3.085661e+08
0
0
0
0
0
0
0
0
0
0
4.529342e+08
4.748582e+08
5.033767e+08
5.399493e+08
5.86694e+08
0
0
0
0
0
0
0
0
0
0
4.36658e+08
4.570467e+08
4.835205e+08
5.173543e+08
5.603476e+08
0
0
0
0
0
0
0
0
0
0
4.225315e+08
4.416628e+08
4.664854e+08
4.981315e+08
5.381899e+08
0
0
0
0
0
0
0
0
0
0
4.099341e+08
4.280003e+08
4.514394e+08
4.812778e+08
5.189372e+08
0
0
0
0
0
0
0
0
0
0
3.981329e+08
4.152486e+08
4.374638e+08
4.657183e+08
5.013032e+08
0
0
0
0
0
0
0
0
0
0
0
0
0
0
0
0
0
0
0
0
3.862964e+08
4.025019e+08
4.235499e+08
4.503007e+08
4.839294e+08
0
0
0
0
0
0
0
0
0
0
0
0
0
0
0
0
0
0
0
0
3.739881e+08
3.892759e+08
4.091399e+08
4.343649e+08
4.66013e+08
0
0
0
0
0
0
0
0
0
0
0
0
0
0
0
0
0
0
0
0
3.617977e+08
3.761876e+08
3.948925e+08
4.186247e+08
4.483435e+08
0
0
0
0
0
0
0
0
0
0
0
0
0
0
0
0
0
0
0
0
3.501973e+08
3.637419e+08
3.813553e+08
4.036858e+08
4.315998e+08
0
0
0
0
0
0
0
0
0
0
0
0
0
0
0
0
0
0
0
0
3.39385e+08
3.521505e+08
3.687586e+08
3.898003e+08
4.160623e+08
0
0
0
0
0
0
0
0
0
0
0
0
0
0
0
0
0
0
0
3.29388e+08
3.414388e+08
3.571274e+08
3.769931e+08
4.01752e+08
0
0
0
0
0
0
0
0
0
0
0
0
0
0
0
0
0
0
3.201384e+08
3.315327e+08
3.46376e+08
3.651645e+08
3.885513e+08
0
0
0
0
0
0
0
0
0
0
0
0
0
0
0
0
0
3.114978e+08
3.222819e+08
3.363392e+08
3.541263e+08
3.762431e+08
0
0
0
0
0
0
0
0
0
0
0
0
0
0
0
0
3.032427e+08
3.134451e+08
3.267541e+08
3.435887e+08
3.644988e+08
0
0
0
0
0
0
0
0
0
0
0
0
0
0
0
2.950481e+08
3.046778e+08
3.172511e+08
3.331503e+08
3.528769e+08
0
0
0
0
0
0
0
0
0
0
2.866248e+08
2.956882e+08
3.075277e+08
3.22495e+08
3.410439e+08
0
0
0
0
0
0
0
0
0
0
2.783149e+08
2.868406e+08
2.979881e+08
3.120752e+08
3.295181e+08
0
0
0
0
0
0
0
0
0
0
2.705227e+08
2.785598e+08
2.890788e+08
3.023736e+08
3.188224e+08
0
0
0
0
0
0
0
0
0
0
2.634518e+08
2.710507e+08
2.810158e+08
2.936136e+08
3.091956e+08
0
0
0
0
0
0
0
0
0
0
2.571433e+08
2.643604e+08
2.738396e+08
2.858355e+08
3.006699e+08
0
0
0
0
0
0
0
0
0
0
4.354423e+08
4.557065e+08
4.820074e+08
5.156037e+08
5.582701e+08
0
0
0
0
0
0
0
0
0
0
4.203922e+08
4.39312e+08
4.638412e+08
4.950863e+08
5.345975e+08
0
0
0
0
0
0
0
0
0
0
4.07283e+08
4.25092e+08
4.481729e+08
4.775222e+08
5.145171e+08
0
0
0
0
0
0
0
0
0
0
3.955578e+08
4.124192e+08
4.34277e+08
4.620418e+08
4.969617e+08
0
0
0
0
0
0
0
0
0
0
3.845458e+08
4.005545e+08
4.213231e+08
4.476886e+08
4.807934e+08
0
0
0
0
0
0
0
0
0
0
0
0
0
0
0
0
0
0
0
0
3.734723e+08
3.886612e+08
4.083828e+08
4.334103e+08
4.64789e+08
0
0
0
0
0
0
0
0
0
0
0
0
0
0
0
0
0
0
0
0
3.619311e+08
3.762878e+08
3.949419e+08
4.186006e+08
4.482166e+08
0
0
0
0
0
0
0
0
0
0
0
0
0
0
0
0
0
0
0
0
3.504802e+08
3.640198e+08
3.816222e+08
4.039342e+08
4.318197e+08
0
0
0
0
0
0
0
0
0
0
0
0
0
0
0
0
0
0
0
0
3.395684e+08
3.523356e+08
3.689438e+08
3.899837e+08
4.162413e+08
0
0
0
0
0
0
0
0
0
0
0
0
0
0
0
0
0
0
0
3.29388e+08
3.414388e+08
3.571274e+08
3.769931e+08
4.01752e+08
0
0
0
0
0
0
0
0
0
0
0
0
0
0
0
0
0
0
3.199665e+08
3.313591e+08
3.462019e+08
3.649915e+08
3.883814e+08
0
0
0
0
0
0
0
0
0
0
0
0
0
0
0
0
0
3.11242e+08
3.220287e+08
3.360925e+08
3.538912e+08
3.760259e+08
0
0
0
0
0
0
0
0
0
0
0
0
0
0
0
0
3.030869e+08
3.133077e+08
3.266454e+08
3.435211e+08
3.644878e+08
0
0
0
0
0
0
0
0
0
0
0
0
0
0
0
2.952915e+08
3.049701e+08
3.176135e+08
3.336087e+08
3.53463e+08
0
0
0
0
0
0
0
0
0
0
0
0
0
0
2.875435e+08
2.966897e+08
3.08647e+08
3.237739e+08
3.425337e+08
0
0
0
0
0
0
0
0
0
0
2.795675e+08
2.881829e+08
2.994573e+08
3.137148e+08
3.313811e+08
0
0
0
0
0
0
0
0
0
0
2.716852e+08
2.79799e+08
2.904248e+08
3.038623e+08
3.204966e+08
0
0
0
0
0
0
0
0
0
0
2.642903e+08
2.71942e+08
2.819804e+08
2.946753e+08
3.10383e+08
0
0
0
0
0
0
0
0
0
0
2.575727e+08
2.648156e+08
2.743302e+08
2.863732e+08
3.012684e+08
0
0
0
0
0
0
0
0
0
2.515882e+08
2.584603e+08
2.675208e+08
2.789948e+08
2.931907e+08
0
0
0
0
0
0
0
0
0
0
4.19267e+08
4.380771e+08
4.624544e+08
4.934925e+08
5.327217e+08
0
0
0
0
0
0
0
0
0
0
4.052975e+08
4.229185e+08
4.457396e+08
4.747358e+08
5.112531e+08
0
0
0
0
0
0
0
0
0
0
3.930916e+08
4.097233e+08
4.312619e+08
4.585927e+08
4.929273e+08
0
0
0
0
0
0
0
0
0
0
3.821478e+08
3.979283e+08
4.183768e+08
4.443053e+08
4.768202e+08
0
0
0
0
0
0
0
0
0
0
3.718457e+08
3.868576e+08
4.063277e+08
4.310098e+08
4.619211e+08
0
0
0
0
0
0
0
0
0
0
0
0
0
0
0
0
0
0
0
0
3.614638e+08
3.757314e+08
3.942575e+08
4.177387e+08
4.471139e+08
0
0
0
0
0
0
0
0
0
0
0
0
0
0
0
0
0
0
0
0
3.506201e+08
3.641301e+08
3.81687e+08
4.039332e+08
4.317271e+08
0
0
0
0
0
0
0
0
0
0
0
0
0
0
0
0
0
0
0
0
3.398444e+08
3.526074e+08
3.692061e+08
3.902297e+08
4.164623e+08
0
0
0
0
0
0
0
0
0
0
0
0
0
0
0
0
0
0
0
3.295656e+08
3.416181e+08
3.57307e+08
3.771712e+08
4.019265e+08
0
0
0
0
0
0
0
0
0
0
0
0
0
0
0
0
0
0
3.199665e+08
3.313591e+08
3.462019e+08
3.649915e+08
3.883814e+08
0
0
0
0
0
0
0
0
0
0
0
0
0
0
0
0
0
3.110755e+08
3.218605e+08
3.359238e+08
3.537234e+08
3.758606e+08
0
0
0
0
0
0
0
0
0
0
0
0
0
0
0
0
3.028376e+08
3.130605e+08
3.264042e+08
3.432904e+08
3.642732e+08
0
0
0
0
0
0
0
0
0
0
0
0
0
0
0
2.951345e+08
3.048302e+08
3.175e+08
3.335332e+08
3.534397e+08
0
0
0
0
0
0
0
0
0
0
0
0
0
0
2.877655e+08
2.969573e+08
3.0898e+08
3.241961e+08
3.430743e+08
0
0
0
0
0
0
0
0
0
0
0
0
0
2.80436e+08
2.891285e+08
3.005129e+08
3.149194e+08
3.327818e+08
0
0
0
0
0
0
0
0
0
0
2.728762e+08
2.810738e+08
2.918181e+08
3.054149e+08
3.222577e+08
0
0
0
0
0
0
0
0
0
0
2.653986e+08
2.731217e+08
2.832601e+08
2.960885e+08
3.119698e+08
0
0
0
0
0
0
0
0
0
0
2.583732e+08
2.656657e+08
2.752488e+08
2.873829e+08
3.023959e+08
0
0
0
0
0
0
0
0
0
2.519996e+08
2.588955e+08
2.679894e+08
2.795075e+08
2.937605e+08
0
0
0
0
0
0
0
0
2.46315e+08
2.528668e+08
2.615216e+08
2.725075e+08
2.861002e+08
0
0
0
0
0
0
0
0
0
0
4.042523e+08
4.217757e+08
4.444623e+08
4.73276e+08
5.09547e+08
0
0
0
0
0
0
0
0
0
0
3.912429e+08
4.077064e+08
4.29013e+08
4.560301e+08
4.899432e+08
0
0
0
0
0
0
0
0
0
0
3.798471e+08
3.95421e+08
4.15583e+08
4.411234e+08
4.731181e+08
0
0
0
0
0
0
0
0
0
0
3.696064e+08
3.844126e+08
4.035942e+08
4.278835e+08
4.582674e+08
0
0
0
0
0
0
0
0
0
0
3.599486e+08
3.740559e+08
3.923545e+08
4.15524e+08
4.444795e+08
0
0
0
0
0
0
0
0
0
0
0
0
0
0
0
0
0
0
0
0
3.501958e+08
3.636251e+08
3.81066e+08
4.03152e+08
4.307292e+08
0
0
0
0
0
0
0
0
0
0
0
0
0
0
0
0
0
0
0
0
3.399894e+08
3.527258e+08
3.692833e+08
3.902477e+08
4.163982e+08
0
0
0
0
0
0
0
0
0
0
0
0
0
0
0
0
0
0
0
3.298347e+08
3.418837e+08
3.575643e+08
3.77414e+08
4.021472e+08
0
0
0
0
0
0
0
0
0
0
0
0
0
0
0
0
0
0
3.201385e+08
3.315327e+08
3.46376e+08
3.651645e+08
3.885513e+08
0
0
0
0
0
0
0
0
0
0
0
0
0
0
0
0
0
3.110755e+08
3.218605e+08
3.359238e+08
3.537234e+08
3.758606e+08
0
0
0
0
0
0
0
0
0
0
0
0
0
0
0
0
3.026763e+08
3.128975e+08
3.262406e+08
3.431275e+08
3.641126e+08
0
0
0
0
0
0
0
0
0
0
0
0
0
0
0
2.948913e+08
3.04589e+08
3.172642e+08
3.333069e+08
3.532282e+08
0
0
0
0
0
0
0
0
0
0
0
0
0
0
2.876074e+08
2.968153e+08
3.088626e+08
3.241139e+08
3.430404e+08
0
0
0
0
0
0
0
0
0
0
0
0
0
2.806384e+08
2.893734e+08
3.008189e+08
3.153087e+08
3.332813e+08
0
0
0
0
0
0
0
0
0
0
0
0
2.736981e+08
2.819678e+08
2.928147e+08
3.06551e+08
3.235769e+08
0
0
0
0
0
0
0
0
0
0
2.665328e+08
2.743338e+08
2.845831e+08
2.975606e+08
3.136369e+08
0
0
0
0
0
0
0
0
0
0
2.594306e+08
2.667903e+08
2.76467e+08
2.887263e+08
3.039018e+08
0
0
0
0
0
0
0
0
0
2.52765e+08
2.59707e+08
2.688655e+08
2.80469e+08
2.948326e+08
0
0
0
0
0
0
0
0
2.467092e+08
2.532837e+08
2.619696e+08
2.729971e+08
2.866434e+08
0
0
0
0
0
0
0
2.413307e+08
2.475572e+08
2.558347e+08
2.663495e+08
2.79378e+08
0
0
0
0
0
0
0
0
0
0
3.902689e+08
4.06645e+08
4.278315e+08
4.546864e+08
4.883821e+08
0
0
0
0
0
0
0
0
0
0
3.781208e+08
3.935434e+08
4.134969e+08
4.387564e+08
4.70376e+08
0
0
0
0
0
0
0
0
0
0
3.674543e+08
3.82074e+08
4.009968e+08
4.249368e+08
4.548547e+08
0
0
0
0
0
0
0
0
0
0
3.578526e+08
3.717734e+08
3.898106e+08
4.126249e+08
4.411057e+08
0
0
0
0
0
0
0
0
0
0
3.487811e+08
3.620647e+08
3.792987e+08
4.01102e+08
4.282996e+08
0
0
0
0
0
0
0
0
0
0
0
0
0
0
0
0
0
0
0
0
3.396036e+08
3.522665e+08
3.687184e+08
3.895372e+08
4.154916e+08
0
0
0
0
0
0
0
0
0
0
0
0
0
0
0
0
0
0
0
3.299836e+08
3.420085e+08
3.576518e+08
3.77448e+08
4.021069e+08
0
0
0
0
0
0
0
0
0
0
0
0
0
0
0
0
0
0
3.204008e+08
3.317921e+08
3.46628e+08
3.654037e+08
3.887706e+08
0
0
0
0
0
0
0
0
0
0
0
0
0
0
0
0
0
3.11242e+08
3.220287e+08
3.360925e+08
3.538913e+08
3.760259e+08
0
0
0
0
0
0
0
0
0
0
0
0
0
0
0
0
3.026763e+08
3.128975e+08
3.262406e+08
3.431275e+08
3.641126e+08
0
0
0
0
0
0
0
0
0
0
0
0
0
0
0
2.947349e+08
3.04431e+08
3.171055e+08
3.331488e+08
3.53072e+08
0
0
0
0
0
0
0
0
0
0
0
0
0
0
2.8737e+08
2.965798e+08
3.086322e+08
3.238921e+08
3.428322e+08
0
0
0
0
0
0
0
0
0
0
0
0
0
2.804798e+08
2.892296e+08
3.006982e+08
3.152208e+08
3.332381e+08
0
0
0
0
0
0
0
0
0
0
0
0
2.738826e+08
2.82192e+08
2.93096e+08
3.069102e+08
3.240389e+08
0
0
0
0
0
0
0
0
0
0
0
2.673119e+08
2.751798e+08
2.855255e+08
2.986333e+08
3.148811e+08
0
0
0
0
0
0
0
0
0
0
2.605114e+08
2.679445e+08
2.777247e+08
2.901239e+08
3.05482e+08
0
0
0
0
0
0
0
0
0
2.537755e+08
2.607799e+08
2.700266e+08
2.817473e+08
2.962636e+08
0
0
0
0
0
0
0
0
2.474413e+08
2.540595e+08
2.628057e+08
2.739139e+08
2.876639e+08
0
0
0
0
0
0
0
2.417093e+08
2.479567e+08
2.562637e+08
2.668174e+08
2.798965e+08
0
0
0
0
0
0
2.366119e+08
2.425387e+08
2.504368e+08
2.60513e+08
2.729984e+08
0
0
0
0
0
0
0
0
0
0
3.772106e+08
3.925545e+08
4.124e+08
4.375142e+08
4.689402e+08
0
0
0
0
0
0
0
0
0
0
3.658382e+08
3.80321e+08
3.990554e+08
4.227424e+08
4.523239e+08
0
0
0
0
0
0
0
0
0
0
3.55835e+08
3.695862e+08
3.873887e+08
4.098868e+08
4.379475e+08
0
0
0
0
0
0
0
0
0
0
3.46815e+08
3.599287e+08
3.769245e+08
3.984053e+08
4.25173e+08
0
0
0
0
0
0
0
0
0
0
3.382801e+08
3.508098e+08
3.670728e+08
3.876338e+08
4.132433e+08
0
0
0
0
0
0
0
0
0
0
0
0
0
0
0
0
0
0
0
3.296323e+08
3.4159e+08
3.571367e+08
3.767999e+08
4.012803e+08
0
0
0
0
0
0
0
0
0
0
0
0
0
0
0
0
0
0
3.205527e+08
3.319221e+08
3.46724e+08
3.654508e+08
3.887502e+08
0
0
0
0
0
0
0
0
0
0
0
0
0
0
0
0
0
3.114978e+08
3.222819e+08
3.363392e+08
3.541263e+08
3.762431e+08
0
0
0
0
0
0
0
0
0
0
0
0
0
0
0
0
3.028376e+08
3.130605e+08
3.264042e+08
3.432904e+08
3.642732e+08
0
0
0
0
0
0
0
0
0
0
0
0
0
0
0
2.947349e+08
3.04431e+08
3.171055e+08
3.331488e+08
3.53072e+08
0
0
0
0
0
0
0
0
0
0
0
0
0
0
2.872183e+08
2.964266e+08
3.084783e+08
3.237386e+08
3.426805e+08
0
0
0
0
0
0
0
0
0
0
0
0
0
2.802482e+08
2.889996e+08
3.004729e+08
3.150036e+08
3.330334e+08
0
0
0
0
0
0
0
0
0
0
0
0
2.737238e+08
2.82047e+08
2.929725e+08
3.068173e+08
3.239879e+08
0
0
0
0
0
0
0
0
0
0
0
2.674801e+08
2.753851e+08
2.857842e+08
2.989649e+08
3.153089e+08
0
0
0
0
0
0
0
0
0
0
2.6125e+08
2.687465e+08
2.786167e+08
2.911382e+08
3.066569e+08
0
0
0
0
0
0
0
0
0
2.54807e+08
2.618796e+08
2.71224e+08
2.830757e+08
2.977635e+08
0
0
0
0
0
0
0
0
2.484072e+08
2.550848e+08
2.639133e+08
2.751322e+08
2.890253e+08
0
0
0
0
0
0
0
2.424108e+08
2.486987e+08
2.570631e+08
2.676923e+08
2.808693e+08
0
0
0
0
0
0
2.369752e+08
2.429222e+08
2.508478e+08
2.609611e+08
2.734939e+08
0
0
0
0
0
2.322012e+08
2.377872e+08
2.453352e+08
2.549737e+08
2.669536e+08
0
0
0
0
0
0
0
0
0
0
3.649853e+08
3.79397e+08
3.980338e+08
4.215898e+08
4.509976e+08
0
0
0
0
0
0
0
0
0
0
3.543187e+08
3.679454e+08
3.855769e+08
4.078457e+08
4.356029e+08
0
0
0
0
0
0
0
0
0
0
3.449193e+08
3.578785e+08
3.746603e+08
3.958535e+08
4.222404e+08
0
0
0
0
0
0
0
0
0
0
3.364321e+08
3.488065e+08
3.648518e+08
3.851182e+08
4.103367e+08
0
0
0
0
0
0
0
0
0
0
3.283918e+08
3.402274e+08
3.556008e+08
3.750279e+08
3.991934e+08
0
0
0
0
0
0
0
0
0
0
0
0
0
0
0
0
0
0
3.202325e+08
3.315401e+08
3.462534e+08
3.648582e+08
3.879944e+08
0
0
0
0
0
0
0
0
0
0
0
0
0
0
0
0
0
3.11652e+08
3.22416e+08
3.364422e+08
3.541846e+08
3.762397e+08
0
0
0
0
0
0
0
0
0
0
0
0
0
0
0
0
3.03087e+08
3.133077e+08
3.266454e+08
3.435211e+08
3.644878e+08
0
0
0
0
0
0
0
0
0
0
0
0
0
0
0
2.948913e+08
3.04589e+08
3.172642e+08
3.33307e+08
3.532282e+08
0
0
0
0
0
0
0
0
0
0
0
0
0
0
2.872183e+08
2.964266e+08
3.084783e+08
3.237386e+08
3.426805e+08
0
0
0
0
0
0
0
0
0
0
0
0
0
2.801009e+08
2.888508e+08
3.003235e+08
3.148546e+08
3.328859e+08
0
0
0
0
0
0
0
0
0
0
0
0
2.734978e+08
2.818224e+08
2.927521e+08
3.066046e+08
3.237868e+08
0
0
0
0
0
0
0
0
0
0
0
2.673213e+08
2.752393e+08
2.856584e+08
2.988677e+08
3.152509e+08
0
0
0
0
0
0
0
0
0
0
2.614027e+08
2.689345e+08
2.788547e+08
2.914446e+08
3.070534e+08
0
0
0
0
0
0
0
0
0
2.555087e+08
2.626401e+08
2.720697e+08
2.84036e+08
2.988746e+08
0
0
0
0
0
0
0
0
2.493917e+08
2.561344e+08
2.650541e+08
2.763968e+08
2.904506e+08
0
0
0
0
0
0
0
2.433359e+08
2.496785e+08
2.581213e+08
2.688542e+08
2.821664e+08
0
0
0
0
0
0
2.376472e+08
2.436332e+08
2.516122e+08
2.617972e+08
2.744219e+08
0
0
0
0
0
2.325512e+08
2.381553e+08
2.457298e+08
2.554029e+08
2.674278e+08
0
0
0
0
2.280708e+08
2.333463e+08
2.405052e+08
2.497394e+08
2.612174e+08
0
0
0
0
0
0
0
0
0
0
3.535177e+08
3.670798e+08
3.846226e+08
4.067728e+08
4.343732e+08
0
0
0
0
0
0
0
0
0
0
3.434938e+08
3.563393e+08
3.729649e+08
3.939495e+08
4.200611e+08
0
0
0
0
0
0
0
0
0
0
3.346477e+08
3.468806e+08
3.627301e+08
3.827336e+08
4.076054e+08
0
0
0
0
0
0
0
0
0
0
3.266516e+08
3.383448e+08
3.535184e+08
3.726756e+08
3.964836e+08
0
0
0
0
0
0
0
0
0
0
3.190676e+08
3.302631e+08
3.448169e+08
3.632047e+08
3.860523e+08
0
0
0
0
0
0
0
0
0
0
0
0
0
0
0
0
0
3.113599e+08
3.220669e+08
3.360113e+08
3.536416e+08
3.755468e+08
0
0
0
0
0
0
0
0
0
0
0
0
0
0
0
0
3.032427e+08
3.134451e+08
3.267541e+08
3.435887e+08
3.644988e+08
0
0
0
0
0
0
0
0
0
0
0
0
0
0
0
2.951345e+08
3.048302e+08
3.175e+08
3.335332e+08
3.534397e+08
0
0
0
0
0
0
0
0
0
0
0
0
0
0
2.8737e+08
2.965798e+08
3.086322e+08
3.238921e+08
3.428322e+08
0
0
0
0
0
0
0
0
0
0
0
0
0
2.801009e+08
2.888508e+08
3.003235e+08
3.148546e+08
3.328859e+08
0
0
0
0
0
0
0
0
0
0
0
0
2.733548e+08
2.81678e+08
2.92607e+08
3.064599e+08
3.236435e+08
0
0
0
0
0
0
0
0
0
0
0
2.671005e+08
2.7502e+08
2.85443e+08
2.986592e+08
3.150534e+08
0
0
0
0
0
0
0
0
0
0
2.612437e+08
2.687881e+08
2.787272e+08
2.913438e+08
3.069891e+08
0
0
0
0
0
0
0
0
0
2.556473e+08
2.628117e+08
2.722889e+08
2.843193e+08
2.992424e+08
0
0
0
0
0
0
0
0
2.500576e+08
2.568568e+08
2.658562e+08
2.773073e+08
2.915025e+08
0
0
0
0
0
0
0
2.442779e+08
2.506802e+08
2.592101e+08
2.700588e+08
2.83523e+08
0
0
0
0
0
0
2.385326e+08
2.445717e+08
2.526235e+08
2.629072e+08
2.756587e+08
0
0
0
0
0
2.331972e+08
2.388364e+08
2.464622e+08
2.562024e+08
2.683146e+08
0
0
0
0
2.284072e+08
2.337009e+08
2.408839e+08
2.501513e+08
2.616715e+08
0
0
0
2.243426e+08
2.291872e+08
2.359912e+08
2.447838e+08
2.557983e+08
0
0
0
0
0
0
0
0
0
0
3.4274e+08
3.555265e+08
3.720712e+08
3.929478e+08
4.189171e+08
0
0
0
0
0
0
0
0
0
0
3.333049e+08
3.454337e+08
3.611401e+08
3.809528e+08
4.055739e+08
0
0
0
0
0
0
0
0
0
0
3.249688e+08
3.365322e+08
3.515258e+08
3.70442e+08
3.939327e+08
0
0
0
0
0
0
0
0
0
0
3.174261e+08
3.284906e+08
3.428605e+08
3.61e+08
3.835196e+08
0
0
0
0
0
0
0
0
0
0
3.102644e+08
3.208679e+08
3.346652e+08
3.520953e+08
3.737349e+08
0
0
0
0
0
0
0
0
0
0
0
0
0
0
0
0
3.02976e+08
3.131258e+08
3.263592e+08
3.430902e+08
3.638622e+08
0
0
0
0
0
0
0
0
0
0
0
0
0
0
0
2.952915e+08
3.049701e+08
3.176135e+08
3.336087e+08
3.53463e+08
0
0
0
0
0
0
0
0
0
0
0
0
0
0
2.876074e+08
2.968153e+08
3.088626e+08
3.241139e+08
3.430404e+08
0
0
0
0
0
0
0
0
0
0
0
0
0
2.802482e+08
2.889996e+08
3.004729e+08
3.150036e+08
3.330334e+08
0
0
0
0
0
0
0
0
0
0
0
0
2.733548e+08
2.81678e+08
2.92607e+08
3.064599e+08
3.236435e+08
0
0
0
0
0
0
0
0
0
0
0
2.669615e+08
2.748797e+08
2.85302e+08
2.985185e+08
3.14914e+08
0
0
0
0
0
0
0
0
0
0
2.610277e+08
2.685737e+08
2.785165e+08
2.911397e+08
3.06795e+08
0
0
0
0
0
0
0
0
0
2.554885e+08
2.626645e+08
2.721599e+08
2.842155e+08
2.991728e+08
0
0
0
0
0
0
0
0
2.501824e+08
2.570136e+08
2.660575e+08
2.775695e+08
2.918441e+08
0
0
0
0
0
0
0
2.44912e+08
2.513661e+08
2.599722e+08
2.709225e+08
2.845206e+08
0
0
0
0
0
0
2.394324e+08
2.4553e+08
2.536626e+08
2.640567e+08
2.769508e+08
0
0
0
0
0
2.34048e+08
2.397345e+08
2.474308e+08
2.57263e+08
2.694959e+08
0
0
0
0
2.290263e+08
2.343555e+08
2.415853e+08
2.509172e+08
2.625193e+08
0
0
0
2.246682e+08
2.295278e+08
2.363559e+08
2.451791e+08
2.56234e+08
0
0
2.209922e+08
2.254331e+08
2.317632e+08
2.401532e+08
2.50668e+08
0
0
0
0
0
0
0
0
0
0
3.325941e+08
3.446689e+08
3.603012e+08
3.800152e+08
4.045066e+08
0
0
0
0
0
0
0
0
0
0
3.237016e+08
3.351694e+08
3.500317e+08
3.687727e+08
3.920338e+08
0
0
0
0
0
0
0
0
0
0
3.158365e+08
3.267815e+08
3.409857e+08
3.589033e+08
3.811316e+08
0
0
0
0
0
0
0
0
0
0
3.087135e+08
3.191962e+08
3.328237e+08
3.500248e+08
3.713623e+08
0
0
0
0
0
0
0
0
0
0
3.019442e+08
3.119982e+08
3.250954e+08
3.416413e+08
3.621681e+08
0
0
0
0
0
0
0
0
0
0
0
0
0
0
0
2.950482e+08
3.046778e+08
3.172511e+08
3.331503e+08
3.528769e+08
0
0
0
0
0
0
0
0
0
0
0
0
0
0
2.877655e+08
2.969573e+08
3.0898e+08
3.241961e+08
3.430743e+08
0
0
0
0
0
0
0
0
0
0
0
0
0
2.804798e+08
2.892296e+08
3.006982e+08
3.152208e+08
3.332381e+08
0
0
0
0
0
0
0
0
0
0
0
0
2.734978e+08
2.818224e+08
2.927521e+08
3.066046e+08
3.237868e+08
0
0
0
0
0
0
0
0
0
0
0
2.669615e+08
2.748797e+08
2.85302e+08
2.985185e+08
3.14914e+08
0
0
0
0
0
0
0
0
0
0
2.608923e+08
2.684373e+08
2.783796e+08
2.910029e+08
3.066595e+08
0
0
0
0
0
0
0
0
0
2.552772e+08
2.624547e+08
2.719538e+08
2.840156e+08
2.989824e+08
0
0
0
0
0
0
0
0
2.500232e+08
2.568661e+08
2.65927e+08
2.774631e+08
2.9177e+08
0
0
0
0
0
0
0
2.450249e+08
2.515082e+08
2.601573e+08
2.711648e+08
2.848382e+08
0
0
0
0
0
0
2.400342e+08
2.461832e+08
2.543862e+08
2.648776e+08
2.778973e+08
0
0
0
0
0
2.349118e+08
2.4065e+08
2.484247e+08
2.583599e+08
2.707287e+08
0
0
0
0
2.298407e+08
2.352185e+08
2.425121e+08
2.519329e+08
2.636478e+08
0
0
0
2.252665e+08
2.301553e+08
2.370302e+08
2.459125e+08
2.570461e+08
0
0
2.21305e+08
2.257629e+08
2.321135e+08
2.405338e+08
2.510861e+08
0
2.183553e+08
2.220585e+08
2.279472e+08
2.358152e+08
2.458752e+08
0
0
0
0
0
0
0
0
0
0
3.230302e+08
3.344484e+08
3.492426e+08
3.67893e+08
3.910354e+08
0
0
0
0
0
0
0
0
0
0
3.146387e+08
3.254957e+08
3.395788e+08
3.573352e+08
3.793526e+08
0
0
0
0
0
0
0
0
0
0
3.072097e+08
3.17582e+08
3.310564e+08
3.480528e+08
3.691219e+08
0
0
0
0
0
0
0
0
0
0
3.004768e+08
3.104191e+08
3.23359e+08
3.396931e+08
3.599409e+08
0
0
0
0
0
0
0
0
0
0
2.940751e+08
3.036158e+08
3.160627e+08
3.317902e+08
3.512897e+08
0
0
0
0
0
0
0
0
0
0
0
0
0
0
2.875435e+08
2.966897e+08
3.08647e+08
3.23774e+08
3.425337e+08
0
0
0
0
0
0
0
0
0
0
0
0
0
2.806383e+08
2.893734e+08
3.008189e+08
3.153087e+08
3.332813e+08
0
0
0
0
0
0
0
0
0
0
0
0
2.737238e+08
2.82047e+08
2.929725e+08
3.068173e+08
3.239879e+08
0
0
0
0
0
0
0
0
0
0
0
2.671005e+08
2.7502e+08
2.854429e+08
2.986592e+08
3.150534e+08
0
0
0
0
0
0
0
0
0
0
2.608923e+08
2.684373e+08
2.783796e+08
2.910029e+08
3.066595e+08
0
0
0
0
0
0
0
0
0
2.551454e+08
2.623218e+08
2.718206e+08
2.838827e+08
2.988505e+08
0
0
0
0
0
0
0
0
2.498161e+08
2.566607e+08
2.65725e+08
2.772673e+08
2.915831e+08
0
0
0
0
0
0
0
2.448663e+08
2.5136e+08
2.600258e+08
2.710558e+08
2.8476e+08
0
0
0
0
0
0
2.401341e+08
2.463129e+08
2.545555e+08
2.651018e+08
2.781922e+08
0
0
0
0
0
2.354869e+08
2.4127e+08
2.491141e+08
2.591395e+08
2.716284e+08
0
0
0
0
2.306653e+08
2.360973e+08
2.434617e+08
2.529822e+08
2.648241e+08
0
0
0
2.260531e+08
2.309813e+08
2.379206e+08
2.468843e+08
2.581265e+08
0
0
2.218781e+08
2.263692e+08
2.327597e+08
2.412387e+08
2.518635e+08
0
2.186613e+08
2.223753e+08
2.282864e+08
2.361808e+08
2.462777e+08
2.164323e+08
2.194023e+08
2.245152e+08
2.319006e+08
2.413845e+08
0
0
0
0
0
0
0
0
0
0
3.140035e+08
3.248147e+08
3.388351e+08
3.56508e+08
3.784164e+08
0
0
0
0
0
0
0
0
0
0
3.060759e+08
3.163668e+08
3.297293e+08
3.465768e+08
3.674515e+08
0
0
0
0
0
0
0
0
0
0
2.990521e+08
3.088922e+08
3.216902e+08
3.378348e+08
3.578347e+08
0
0
0
0
0
0
0
0
0
0
2.926848e+08
3.021218e+08
3.144228e+08
3.299537e+08
3.491949e+08
0
0
0
0
0
0
0
0
0
0
2.866248e+08
2.956882e+08
3.075277e+08
3.22495e+08
3.410439e+08
0
0
0
0
0
0
0
0
0
0
0
0
0
2.804359e+08
2.891285e+08
3.005129e+08
3.149194e+08
3.327818e+08
0
0
0
0
0
0
0
0
0
0
0
0
2.738826e+08
2.82192e+08
2.93096e+08
3.069102e+08
3.240389e+08
0
0
0
0
0
0
0
0
0
0
0
2.673213e+08
2.752393e+08
2.856584e+08
2.988677e+08
3.152509e+08
0
0
0
0
0
0
0
0
0
0
2.610277e+08
2.685737e+08
2.785166e+08
2.911397e+08
3.06795e+08
0
0
0
0
0
0
0
0
0
2.551454e+08
2.623218e+08
2.718206e+08
2.838827e+08
2.988505e+08
0
0
0
0
0
0
0
0
2.496875e+08
2.565313e+08
2.655952e+08
2.771379e+08
2.914548e+08
0
0
0
0
0
0
0
2.446634e+08
2.511585e+08
2.59828e+08
2.708637e+08
2.845766e+08
0
0
0
0
0
0
2.399746e+08
2.461647e+08
2.544224e+08
2.649909e+08
2.781101e+08
0
0
0
0
0
2.355771e+08
2.413861e+08
2.492698e+08
2.593462e+08
2.719029e+08
0
0
0
0
2.312092e+08
2.3669e+08
2.441163e+08
2.537251e+08
2.656789e+08
0
0
0
2.268494e+08
2.318203e+08
2.388322e+08
2.478867e+08
2.592517e+08
0
0
2.226299e+08
2.271671e+08
2.336121e+08
2.421723e+08
2.528972e+08
0
2.192214e+08
2.22956e+08
2.289107e+08
2.368563e+08
2.470249e+08
2.167218e+08
2.197122e+08
2.24841e+08
2.322544e+08
2.417711e+08
2.174627e+08
2.218136e+08
2.283775e+08
2.37333e+08
0
0
0
0
0
0
0
0
0
0
3.054738e+08
3.157225e+08
3.29027e+08
3.457975e+08
3.665718e+08
0
0
0
0
0
0
0
0
0
0
2.979772e+08
3.07742e+08
3.204363e+08
3.36443e+08
3.562634e+08
0
0
0
0
0
0
0
0
0
0
2.913332e+08
3.006753e+08
3.128446e+08
3.281996e+08
3.472111e+08
0
0
0
0
0
0
0
0
0
0
2.853061e+08
2.942729e+08
3.059766e+08
3.207611e+08
3.3907e+08
0
0
0
0
0
0
0
0
0
0
2.795674e+08
2.881829e+08
2.994573e+08
3.137148e+08
3.313811e+08
0
0
0
0
0
0
0
0
0
0
0
0
2.736981e+08
2.819677e+08
2.928147e+08
3.06551e+08
3.235769e+08
0
0
0
0
0
0
0
0
0
0
0
2.674801e+08
2.753851e+08
2.857842e+08
2.989649e+08
3.153089e+08
0
0
0
0
0
0
0
0
0
0
2.612437e+08
2.687881e+08
2.787272e+08
2.913438e+08
3.069891e+08
0
0
0
0
0
0
0
0
0
2.552772e+08
2.624547e+08
2.719538e+08
2.840156e+08
2.989823e+08
0
0
0
0
0
0
0
0
2.496875e+08
2.565313e+08
2.655952e+08
2.771379e+08
2.914548e+08
0
0
0
0
0
0
0
2.445381e+08
2.510322e+08
2.597015e+08
2.707375e+08
2.844516e+08
0
0
0
0
0
0
2.397749e+08
2.459673e+08
2.542282e+08
2.648024e+08
2.779297e+08
0
0
0
0
0
2.354182e+08
2.412366e+08
2.491362e+08
2.592328e+08
2.718175e+08
0
0
0
0
2.312854e+08
2.367957e+08
2.442573e+08
2.539165e+08
2.659334e+08
0
0
0
2.273727e+08
2.323811e+08
2.394581e+08
2.485925e+08
2.600665e+08
0
0
2.233873e+08
2.279772e+08
2.344823e+08
2.431345e+08
2.53972e+08
0
2.199568e+08
2.237187e+08
2.297341e+08
2.377499e+08
2.480178e+08
2.172489e+08
2.202798e+08
2.254391e+08
2.329072e+08
2.42487e+08
2.177559e+08
2.221324e+08
2.287174e+08
2.377071e+08
2.198364e+08
2.256039e+08
2.336837e+08
0
0
0
0
0
0
0
0
0
0
2.974057e+08
3.071314e+08
3.19772e+08
3.357074e+08
3.554349e+08
0
0
0
0
0
0
0
0
0
0
2.903129e+08
2.995851e+08
3.11658e+08
3.26885e+08
3.457301e+08
0
0
0
0
0
0
0
0
0
0
2.840222e+08
2.929008e+08
3.044819e+08
3.191028e+08
3.371983e+08
0
0
0
0
0
0
0
0
0
0
2.783148e+08
2.868406e+08
2.979881e+08
3.120752e+08
3.295181e+08
0
0
0
0
0
0
0
0
0
0
2.728761e+08
2.810738e+08
2.918181e+08
3.054149e+08
3.222577e+08
0
0
0
0
0
0
0
0
0
0
0
2.673119e+08
2.751798e+08
2.855254e+08
2.986333e+08
3.148811e+08
0
0
0
0
0
0
0
0
0
0
2.614027e+08
2.689345e+08
2.788547e+08
2.914446e+08
3.070534e+08
0
0
0
0
0
0
0
0
0
2.554885e+08
2.626645e+08
2.721599e+08
2.842155e+08
2.991728e+08
0
0
0
0
0
0
0
0
2.498161e+08
2.566607e+08
2.65725e+08
2.772673e+08
2.915831e+08
0
0
0
0
0
0
0
2.445381e+08
2.510322e+08
2.597015e+08
2.707375e+08
2.844516e+08
0
0
0
0
0
0
2.396521e+08
2.458442e+08
2.541047e+08
2.646795e+08
2.778078e+08
0
0
0
0
0
2.352225e+08
2.410422e+08
2.489458e+08
2.590475e+08
2.716404e+08
0
0
0
0
2.311236e+08
2.366466e+08
2.441218e+08
2.538018e+08
2.658444e+08
0
0
0
2.274418e+08
2.324723e+08
2.395879e+08
2.487677e+08
2.603038e+08
0
0
2.238772e+08
2.285169e+08
2.35075e+08
2.438097e+08
2.547466e+08
0
2.206987e+08
2.244893e+08
2.305744e+08
2.386687e+08
2.490496e+08
2.179359e+08
2.210257e+08
2.262261e+08
2.337703e+08
2.434374e+08
2.182901e+08
2.227169e+08
2.293427e+08
2.383988e+08
2.201379e+08
2.259365e+08
2.34043e+08
2.235674e+08
2.308105e+08
0
0
0
0
0
0
0
0
0
0
2.897697e+08
2.990056e+08
3.110287e+08
3.261895e+08
3.449486e+08
0
0
0
0
0
0
0
0
0
0
2.830525e+08
2.91866e+08
3.033574e+08
3.178592e+08
3.358001e+08
0
0
0
0
0
0
0
0
0
0
2.770938e+08
2.855375e+08
2.965706e+08
3.10505e+08
3.277493e+08
0
0
0
0
0
0
0
0
0
0
2.71685e+08
2.797989e+08
2.904248e+08
3.038623e+08
3.204966e+08
0
0
0
0
0
0
0
0
0
0
2.665328e+08
2.743337e+08
2.845831e+08
2.975606e+08
3.136369e+08
0
0
0
0
0
0
0
0
0
0
2.612501e+08
2.687465e+08
2.786166e+08
2.911382e+08
3.066569e+08
0
0
0
0
0
0
0
0
0
2.556473e+08
2.628117e+08
2.722889e+08
2.843192e+08
2.992424e+08
0
0
0
0
0
0
0
0
2.500232e+08
2.568661e+08
2.65927e+08
2.774632e+08
2.9177e+08
0
0
0
0
0
0
0
2.446634e+08
2.511585e+08
2.59828e+08
2.708637e+08
2.845766e+08
0
0
0
0
0
0
2.396521e+08
2.458442e+08
2.541047e+08
2.646795e+08
2.778078e+08
0
0
0
0
0
2.351026e+08
2.409216e+08
2.488254e+08
2.589274e+08
2.715214e+08
0
0
0
0
2.309293e+08
2.36456e+08
2.439342e+08
2.536201e+08
2.656699e+08
0
0
0
2.27281e+08
2.323199e+08
2.394523e+08
2.486502e+08
2.602125e+08
0
0
2.239281e+08
2.286005e+08
2.351892e+08
2.439724e+08
2.549655e+08
0
2.211797e+08
2.24995e+08
2.31145e+08
2.393085e+08
2.497907e+08
2.186179e+08
2.217806e+08
2.270257e+08
2.346575e+08
2.444227e+08
2.189871e+08
2.234866e+08
2.301678e+08
2.393168e+08
2.206881e+08
2.265476e+08
2.347056e+08
2.23882e+08
2.311619e+08
2.286923e+08
0
0
0
0
0
0
0
0
0
0
2.825355e+08
2.913154e+08
3.027602e+08
3.172005e+08
3.350615e+08
0
0
0
0
0
0
0
0
0
0
2.76171e+08
2.845541e+08
2.955035e+08
3.093269e+08
3.264271e+08
0
0
0
0
0
0
0
0
0
0
2.705225e+08
2.785597e+08
2.890788e+08
3.023736e+08
3.188224e+08
0
0
0
0
0
0
0
0
0
0
2.653987e+08
2.731216e+08
2.832601e+08
2.960885e+08
3.119698e+08
0
0
0
0
0
0
0
0
0
0
2.605114e+08
2.679445e+08
2.777246e+08
2.901238e+08
3.05482e+08
0
0
0
0
0
0
0
0
0
2.555087e+08
2.626401e+08
2.720697e+08
2.840359e+08
2.988745e+08
0
0
0
0
0
0
0
0
2.501824e+08
2.570136e+08
2.660575e+08
2.775695e+08
2.918441e+08
0
0
0
0
0
0
0
2.448663e+08
2.5136e+08
2.600258e+08
2.710558e+08
2.8476e+08
0
0
0
0
0
0
2.397749e+08
2.459673e+08
2.542282e+08
2.648024e+08
2.779297e+08
0
0
0
0
0
2.351026e+08
2.409216e+08
2.488254e+08
2.589274e+08
2.715214e+08
0
0
0
0
2.308109e+08
2.363382e+08
2.438162e+08
2.535029e+08
2.655537e+08
0
0
0
2.270902e+08
2.321305e+08
2.392681e+08
2.484708e+08
2.60041e+08
0
0
2.237601e+08
2.28449e+08
2.350498e+08
2.438542e+08
2.548704e+08
0
2.212288e+08
2.2506e+08
2.312509e+08
2.394542e+08
2.499955e+08
2.190382e+08
2.22277e+08
2.275609e+08
2.352737e+08
2.451256e+08
2.196815e+08
2.242698e+08
2.310123e+08
2.402683e+08
2.214076e+08
2.273546e+08
2.355833e+08
2.244574e+08
2.318096e+08
2.290249e+08
0
0
0
0
0
0
0
0
0
0
2.756784e+08
2.8403e+08
2.949361e+08
3.087021e+08
3.257279e+08
0
0
0
0
0
0
0
0
0
0
2.696435e+08
2.77624e+08
2.880649e+08
3.012559e+08
3.175703e+08
0
0
0
0
0
0
0
0
0
0
2.642904e+08
2.719419e+08
2.819802e+08
2.946753e+08
3.10383e+08
0
0
0
0
0
0
0
0
0
0
2.594307e+08
2.667903e+08
2.764669e+08
2.887262e+08
3.039018e+08
0
0
0
0
0
0
0
0
0
2.54807e+08
2.618797e+08
2.71224e+08
2.830757e+08
2.977635e+08
0
0
0
0
0
0
0
0
2.500576e+08
2.568568e+08
2.658562e+08
2.773073e+08
2.915025e+08
0
0
0
0
0
0
0
2.450249e+08
2.515082e+08
2.601574e+08
2.711648e+08
2.848382e+08
0
0
0
0
0
0
2.399745e+08
2.461647e+08
2.544224e+08
2.649909e+08
2.781101e+08
0
0
0
0
0
2.352225e+08
2.410422e+08
2.489458e+08
2.590475e+08
2.716404e+08
0
0
0
0
2.308109e+08
2.363382e+08
2.438162e+08
2.535029e+08
2.655537e+08
0
0
0
2.269744e+08
2.320142e+08
2.391529e+08
2.483559e+08
2.599276e+08
0
0
2.235672e+08
2.28263e+08
2.348667e+08
2.43678e+08
2.547009e+08
0
2.210631e+08
2.249008e+08
2.31112e+08
2.393315e+08
2.498988e+08
2.190455e+08
2.223399e+08
2.276474e+08
2.354102e+08
2.453115e+08
2.201166e+08
2.247953e+08
2.315912e+08
2.409455e+08
2.221287e+08
2.281818e+08
2.364892e+08
2.252121e+08
2.32668e+08
2.296348e+08
0
0
0
0
0
0
0
0
0
0
2.691734e+08
2.771246e+08
2.87525e+08
3.006625e+08
3.169073e+08
0
0
0
0
0
0
0
0
0
0
2.634519e+08
2.710506e+08
2.810157e+08
2.936136e+08
3.091956e+08
0
0
0
0
0
0
0
0
0
0
2.583733e+08
2.656658e+08
2.752487e+08
2.873828e+08
3.023959e+08
0
0
0
0
0
0
0
0
0
2.537755e+08
2.6078e+08
2.700266e+08
2.817472e+08
2.962635e+08
0
0
0
0
0
0
0
0
2.493917e+08
2.561344e+08
2.650542e+08
2.763968e+08
2.904506e+08
0
0
0
0
0
0
0
2.44912e+08
2.513661e+08
2.599722e+08
2.709225e+08
2.845206e+08
0
0
0
0
0
0
2.401341e+08
2.463129e+08
2.545555e+08
2.651018e+08
2.781923e+08
0
0
0
0
0
2.354182e+08
2.412366e+08
2.491362e+08
2.592328e+08
2.718175e+08
0
0
0
0
2.309293e+08
2.36456e+08
2.439342e+08
2.536201e+08
2.656699e+08
0
0
0
2.269744e+08
2.320142e+08
2.391529e+08
2.483559e+08
2.599276e+08
0
0
2.23451e+08
2.281491e+08
2.347528e+08
2.435657e+08
2.545895e+08
0
2.208735e+08
2.247126e+08
2.309321e+08
2.391559e+08
2.497322e+08
2.188542e+08
2.22183e+08
2.275004e+08
2.352875e+08
2.452093e+08
2.201371e+08
2.248793e+08
2.317069e+08
2.41121e+08
2.225913e+08
2.287501e+08
2.371266e+08
2.259746e+08
2.335555e+08
2.304381e+08
0
0
0
0
0
0
0
0
0
0
2.630028e+08
2.705741e+08
2.805013e+08
2.930491e+08
3.085661e+08
0
0
0
0
0
0
0
0
0
0
2.575728e+08
2.648157e+08
2.7433e+08
2.86373e+08
3.012684e+08
0
0
0
0
0
0
0
0
0
2.52765e+08
2.597071e+08
2.688655e+08
2.804688e+08
2.948325e+08
0
0
0
0
0
0
0
0
2.484072e+08
2.550848e+08
2.639134e+08
2.751322e+08
2.890252e+08
0
0
0
0
0
0
0
2.442779e+08
2.506803e+08
2.592101e+08
2.700589e+08
2.83523e+08
0
0
0
0
0
0
2.400342e+08
2.461832e+08
2.543862e+08
2.648776e+08
2.778973e+08
0
0
0
0
0
2.355771e+08
2.41386e+08
2.492698e+08
2.593462e+08
2.719029e+08
0
0
0
0
2.311236e+08
2.366466e+08
2.441218e+08
2.538018e+08
2.658445e+08
0
0
0
2.270902e+08
2.321305e+08
2.392681e+08
2.484708e+08
2.60041e+08
0
0
2.23451e+08
2.281491e+08
2.347528e+08
2.435657e+08
2.545895e+08
0
2.207596e+08
2.245983e+08
2.308207e+08
2.390449e+08
2.496233e+08
2.1865e+08
2.21998e+08
2.273179e+08
2.35115e+08
2.450429e+08
2.199542e+08
2.247343e+08
2.315753e+08
2.410182e+08
2.226317e+08
2.288629e+08
2.372794e+08
2.264774e+08
2.341811e+08
2.312572e+08
0
0
0
0
0
0
0
0
0
0
2.571434e+08
2.643606e+08
2.738394e+08
2.858354e+08
3.006699e+08
0
0
0
0
0
0
0
0
0
2.519996e+08
2.588956e+08
2.679895e+08
2.795073e+08
2.937604e+08
0
0
0
0
0
0
0
0
2.474413e+08
2.540595e+08
2.628058e+08
2.73914e+08
2.876637e+08
0
0
0
0
0
0
0
2.43336e+08
2.496786e+08
2.581213e+08
2.688543e+08
2.821665e+08
0
0
0
0
0
0
2.394324e+08
2.4553e+08
2.536626e+08
2.640567e+08
2.769509e+08
0
0
0
0
0
2.354869e+08
2.4127e+08
2.491141e+08
2.591396e+08
2.716284e+08
0
0
0
0
2.312854e+08
2.367957e+08
2.442573e+08
2.539165e+08
2.659334e+08
0
0
0
2.27281e+08
2.323199e+08
2.394523e+08
2.486502e+08
2.602125e+08
0
0
2.235672e+08
2.28263e+08
2.348667e+08
2.43678e+08
2.547009e+08
0
2.207596e+08
2.245983e+08
2.308207e+08
2.390449e+08
2.496233e+08
2.185292e+08
2.21886e+08
2.272059e+08
2.350064e+08
2.449351e+08
2.197544e+08
2.245552e+08
2.313999e+08
2.408546e+08
2.224599e+08
2.287331e+08
2.371668e+08
2.265446e+08
2.343305e+08
2.318137e+08
0
0
0
0
0
0
0
0
0
2.515882e+08
2.584604e+08
2.675209e+08
2.789946e+08
2.931905e+08
0
0
0
0
0
0
0
0
2.467093e+08
2.532837e+08
2.619697e+08
2.729973e+08
2.866432e+08
0
0
0
0
0
0
0
2.424108e+08
2.486987e+08
2.570631e+08
2.676923e+08
2.808694e+08
0
0
0
0
0
0
2.385326e+08
2.445717e+08
2.526236e+08
2.629072e+08
2.756588e+08
0
0
0
0
0
2.349118e+08
2.4065e+08
2.484248e+08
2.583599e+08
2.707287e+08
0
0
0
0
2.312092e+08
2.3669e+08
2.441163e+08
2.537251e+08
2.656789e+08
0
0
0
2.274418e+08
2.324723e+08
2.395879e+08
2.487677e+08
2.603038e+08
0
0
2.237601e+08
2.28449e+08
2.350498e+08
2.438542e+08
2.548704e+08
0
2.208735e+08
2.247126e+08
2.309321e+08
2.391559e+08
2.497322e+08
2.185292e+08
2.21886e+08
2.272059e+08
2.350064e+08
2.449351e+08
2.196354e+08
2.244454e+08
2.312905e+08
2.407492e+08
2.222653e+08
2.28561e+08
2.369997e+08
2.263868e+08
2.342195e+08
2.319147e+08
0
0
0
0
0
0
0
0
2.46315e+08
2.528668e+08
2.615217e+08
2.725077e+08
2.861e+08
0
0
0
0
0
0
0
2.417093e+08
2.479567e+08
2.562637e+08
2.668175e+08
2.798967e+08
0
0
0
0
0
0
2.376472e+08
2.436333e+08
2.516123e+08
2.617972e+08
2.74422e+08
0
0
0
0
0
2.340479e+08
2.397345e+08
2.474308e+08
2.57263e+08
2.694959e+08
0
0
0
0
2.306653e+08
2.360973e+08
2.434617e+08
2.529822e+08
2.648241e+08
0
0
0
2.273727e+08
2.323811e+08
2.394581e+08
2.485925e+08
2.600665e+08
0
0
2.239281e+08
2.286005e+08
2.351892e+08
2.439724e+08
2.549655e+08
0
2.210631e+08
2.249008e+08
2.31112e+08
2.393315e+08
2.498988e+08
2.1865e+08
2.21998e+08
2.273179e+08
2.35115e+08
2.450429e+08
2.196354e+08
2.244454e+08
2.312905e+08
2.407492e+08
2.221484e+08
2.284538e+08
2.368934e+08
2.261985e+08
2.340557e+08
2.317739e+08
0
0
0
0
0
0
0
2.413308e+08
2.475573e+08
2.558347e+08
2.663496e+08
2.793781e+08
0
0
0
0
0
0
2.369752e+08
2.429222e+08
2.508478e+08
2.609611e+08
2.73494e+08
0
0
0
0
0
2.331972e+08
2.388364e+08
2.464623e+08
2.562024e+08
2.683146e+08
0
0
0
0
2.298407e+08
2.352185e+08
2.425121e+08
2.519329e+08
2.636478e+08
0
0
0
2.268494e+08
2.318203e+08
2.388322e+08
2.478867e+08
2.592517e+08
0
0
2.238772e+08
2.285169e+08
2.35075e+08
2.438097e+08
2.547466e+08
0
2.212288e+08
2.2506e+08
2.312509e+08
2.394542e+08
2.499955e+08
2.188542e+08
2.22183e+08
2.275004e+08
2.352875e+08
2.452093e+08
2.197544e+08
2.245552e+08
2.313999e+08
2.408546e+08
2.221484e+08
2.284538e+08
2.368934e+08
2.260839e+08
2.339516e+08
2.315929e+08
0
0
0
0
0
0
2.366119e+08
2.425387e+08
2.504368e+08
2.60513e+08
2.729985e+08
0
0
0
0
0
2.325512e+08
2.381553e+08
2.457298e+08
2.554029e+08
2.674278e+08
0
0
0
0
2.290263e+08
2.343555e+08
2.415853e+08
2.509173e+08
2.625193e+08
0
0
0
2.260531e+08
2.309813e+08
2.379206e+08
2.468843e+08
2.581266e+08
0
0
2.233872e+08
2.279772e+08
2.344823e+08
2.431345e+08
2.53972e+08
0
2.211797e+08
2.24995e+08
2.31145e+08
2.393085e+08
2.497907e+08
2.190455e+08
2.223399e+08
2.276474e+08
2.354102e+08
2.453115e+08
2.199542e+08
2.247343e+08
2.315753e+08
2.410182e+08
2.222653e+08
2.28561e+08
2.369997e+08
2.260839e+08
2.339516e+08
2.314809e+08
0
0
0
0
0
2.322012e+08
2.377872e+08
2.453353e+08
2.549738e+08
2.669535e+08
0
0
0
0
2.284072e+08
2.337008e+08
2.408839e+08
2.501513e+08
2.616716e+08
0
0
0
2.252665e+08
2.301553e+08
2.370302e+08
2.459125e+08
2.570461e+08
0
0
2.226299e+08
2.271671e+08
2.336121e+08
2.421723e+08
2.528972e+08
0
2.206987e+08
2.244893e+08
2.305744e+08
2.386687e+08
2.490496e+08
2.190382e+08
2.22277e+08
2.275609e+08
2.352737e+08
2.451256e+08
2.201371e+08
2.248793e+08
2.317069e+08
2.41121e+08
2.224599e+08
2.287331e+08
2.371668e+08
2.261985e+08
2.340557e+08
2.314809e+08
0
0
0
0
2.280708e+08
2.333463e+08
2.405052e+08
2.497394e+08
2.612174e+08
0
0
0
2.246682e+08
2.295278e+08
2.363559e+08
2.451791e+08
2.56234e+08
0
0
2.218781e+08
2.263692e+08
2.327597e+08
2.412387e+08
2.518635e+08
0
2.199568e+08
2.237187e+08
2.297341e+08
2.377499e+08
2.480178e+08
2.186179e+08
2.217806e+08
2.270256e+08
2.346575e+08
2.444227e+08
2.201166e+08
2.247953e+08
2.315912e+08
2.409455e+08
2.226317e+08
2.288629e+08
2.372794e+08
2.263868e+08
2.342195e+08
2.315929e+08
0
0
0
2.243426e+08
2.291872e+08
2.359912e+08
2.447838e+08
2.557983e+08
0
0
2.21305e+08
2.257629e+08
2.321135e+08
2.405338e+08
2.510861e+08
0
2.192214e+08
2.22956e+08
2.289107e+08
2.368563e+08
2.470248e+08
2.179359e+08
2.210257e+08
2.262261e+08
2.337703e+08
2.434374e+08
2.196815e+08
2.242698e+08
2.310123e+08
2.402683e+08
2.225913e+08
2.287501e+08
2.371266e+08
2.265446e+08
2.343305e+08
2.317739e+08
0
0
2.209922e+08
2.254331e+08
2.317632e+08
2.401532e+08
2.50668e+08
0
2.186613e+08
2.223753e+08
2.282864e+08
2.361808e+08
2.462777e+08
2.172489e+08
2.202798e+08
2.254391e+08
2.329071e+08
2.42487e+08
2.189871e+08
2.234866e+08
2.301678e+08
2.393168e+08
2.221287e+08
2.281818e+08
2.364892e+08
2.264774e+08
2.341811e+08
2.319147e+08
0
2.183553e+08
2.220585e+08
2.279472e+08
2.358152e+08
2.458752e+08
2.167218e+08
2.197122e+08
2.24841e+08
2.322544e+08
2.417711e+08
2.182901e+08
2.227169e+08
2.293427e+08
2.383988e+08
2.214076e+08
2.273546e+08
2.355833e+08
2.259746e+08
2.335555e+08
2.318137e+08
2.164323e+08
2.194023e+08
2.245152e+08
2.319006e+08
2.413845e+08
2.177559e+08
2.221324e+08
2.287174e+08
2.377071e+08
2.206881e+08
2.265476e+08
2.347056e+08
2.252121e+08
2.32668e+08
2.312572e+08
2.174627e+08
2.218136e+08
2.283775e+08
2.37333e+08
2.201379e+08
2.259365e+08
2.34043e+08
2.244574e+08
2.318096e+08
2.304381e+08
2.198364e+08
2.256039e+08
2.336837e+08
2.23882e+08
2.311619e+08
2.296348e+08
2.235674e+08
2.308105e+08
2.290249e+08
2.286923e+08
)
;

boundaryField
{
    airInlet
    {
        type            calculated;
        value           uniform 0;
    }
    airOutlet
    {
        type            calculated;
        value           uniform 0;
    }
    cathodeSides
    {
        type            calculated;
        value           uniform 0;
    }
    air_to_interconnect
    {
        type            calculated;
        value           uniform 0;
    }
    air_to_electrolyte
    {
        type            calculated;
        value           uniform 0;
    }
}


// ************************************************************************* //
