/*--------------------------------*- C++ -*----------------------------------*\
| =========                 |                                                 |
| \\      /  F ield         | OpenFOAM: The Open Source CFD Toolbox           |
|  \\    /   O peration     | Version:  2306                                  |
|   \\  /    A nd           | Website:  www.openfoam.com                      |
|    \\/     M anipulation  |                                                 |
\*---------------------------------------------------------------------------*/
FoamFile
{
    version     2.0;
    format      ascii;
    arch        "LSB;label=32;scalar=64";
    class       volScalarField;
    location    "0.6/phiI";
    object      act;
}
// * * * * * * * * * * * * * * * * * * * * * * * * * * * * * * * * * * * * * //

dimensions      [0 0 0 0 0 0 0];

internalField   nonuniform List<scalar> 
12000
(
0
0
0
0
0
0
0
0
0
0
0
0
0
0
0
0
0
0
0
0
0
0
0
0
0
0
0
0
0
0
0
0
0
0
0
0
0
0
0
0
0
0
0
0
0
0
0
0
0
0
0
0
0
0
0
0
0
0
0
0
0
0
0
0
0
0
0
0
0
0
0
0
0
0
0
0
0
0
0
0
0
0
0
0
0
0
0
0
0
0
0
0
0
0
0
0
0
0
0
0
0
0
0
0
0
0
0
0
0
0
0
0
0
0
0
0
0
0
0
0
0
0
0
0
0
0
0
0
0
0
0
0
0
0
0
0
0
0
0
0
0
0
0
0
0
0
0
0
0
0
0
0
0
0
0
0
0
0
0
0
0
0
0
0
0
0
0
0
0
0
0
0
0
0
0
0
0
0
0
0
0
0
0
0
0
0
0
0
0
0
0
0
0
0
0
0
0
0
0
0
0
0
0
0
0
0
0
0
0
0
0
0
0
0
0
0
0
0
0
0
0
0
0
0
0
0
0
0
0
0
0
0
0
0
0
0
0
0
0
0
0
0
0
0
0
0
0
0
0
0
0
0
0
0
0
0
0
0
0
0
0
0
0
0
0
0
0
0
0
0
0
0
0
0
0
0
0
0
0
0
0
0
0
0
0
0.0001218985
0
0
0
0
0
0
0
0
0
0
0
0
0
0
0
0
0
0
0
0
0
0
0
0
0
0
0
0
0
0
0
0
0
0
0
0
0
0
0
0
0
0
0
0
0
0
0
0
0
0
0
0
0
0
0
0
0
0
0
0
0
0
0
0
0
0.0001196269
0
0
0
0
0
0
0
0
0
0
0.0001576962
0.0001217463
0
0
0
0
0
0
0
0
0
0
0
0
0
0
0
0
0
0
0
0
0
0
0
0
0
0
0
0
0
0
0
0
0
0
0
0
0
0
0
0
0
0
0
0
0
0
0
0
0
0
0
0
0
0
0
0
0
0
0
0
0
0
0
0
0
0.0001151011
0
0
0
0
0
0
0
0
0
0
0.0001559374
0.0001194738
0
0
0
0
0
0
0
0
0
0
0.0001976831
0.0001575536
0.000121442
0
0
0
0
0
0
0
0
0
0
0
0
0
0
0
0
0
0
0
0
0
0
0
0
0
0
0
0
0
0
0
0
0
0
0
0
0
0
0
0
0
0
0
0
0
0
0
0
0
0
0
0
0
0
0
0
0
0
0
0
0
0
0
0
0
0.0001084456
0
0
0
0
0
0
0
0
0
0
0.0001524379
0.0001149462
0
0
0
0
0
0
0
0
0
0
0.0001961195
0.0001557941
0.0001191678
0
0
0
0
0
0
0
0
0
0
0.0002364404
0.0001975491
0.0001572674
0.000121011
0
0
0
0
0
0
0
0
0
0
0
0
0
0
0
0
0
0
0
0
0
0
0
0
0
0
0
0
0
0
0
0
0
0
0
0
0
0
0
0
0
0
0
0
0
0
0
0
0
0
0
0
0
0
0
0
0
0
0
0
0
0
0
0
0
0.0001001475
0
0
0
0
0
0
0
0
0
0
0.0001472965
0.0001082877
0
0
0
0
0
0
0
0
0
0
0.0001930089
0.0001522933
0.0001146368
0
0
0
0
0
0
0
0
0
0
0.000234994
0.0001959849
0.0001555067
0.0001187344
0
0
0
0
0
0
0
0
0
0
0.0002733201
0.0002363136
0.0001972799
0.0001568642
0.0001203952
0
0
0
0
0
0
0
0
0
0
0
0
0
0
0
0
0
0
0
0
0
0
0
0
0
0
0
0
0
0
0
0
0
0
0
0
0
0
0
0
0
0
0
0
0
0
0
0
0
0
0
0
0
0
0
0
0
0
0
0
0
0
0
0
0
9.15577e-05
0
0
0
0
0
0
0
0
0
0
0.0001408892
9.998466e-05
0
0
0
0
0
0
0
0
0
0
0.000188436
0.0001471495
0.0001079724
0
0
0
0
0
0
0
0
0
0
0.0002321181
0.0001928731
0.0001520034
0.0001141981
0
0
0
0
0
0
0
0
0
0
0.0002719658
0.0002348667
0.0001957147
0.0001551018
0.0001181158
0
0
0
0
0
0
0
0
0
0
0.0003083607
0.0002731994
0.0002360589
0.0001969023
0.0001562811
0
0
0
0
0
0
0
0
0
0
0
0
0
0
0
0
0
0
0
0
0
0
0
0
0
0
0
0
0
0
0
0
0
0
0
0
0
0
0
0
0
0
0
0
0
0
0
0
0
0
0
0
0
0
0
0
0
0
0
0
0
0
0
0
0
8.527224e-05
0
0
0
0
0
0
0
0
0
0
0.0001342291
9.138814e-05
0
0
0
0
0
0
0
0
0
0
0.000182736
0.0001407384
9.965943e-05
0
0
0
0
0
0
0
0
0
0
0.0002278923
0.0001882982
0.0001468553
0.0001075247
0
0
0
0
0
0
0
0
0
0
0.0002692747
0.0002319897
0.0001926007
0.0001515948
0.0001135732
0
0
0
0
0
0
0
0
0
0
0.0003070855
0.0002718447
0.0002346111
0.0001953356
0.0001545165
0
0
0
0
0
0
0
0
0
0
0.0003417008
0.0003082454
0.0002729574
0.000235703
0.0001963504
0
0
0
0
0
0
0
0
0
0
0
0
0
0
0
0
0
0
0
0
0
0
0
0
0
0
0
0
0
0
0
0
0
0
0
0
0
0
0
0
0
0
0
0
0
0
0
0
0
0
0
0
0
0
0
0
0
0
0
0
0
0
0
0
0
8.132353e-05
0
0
0
0
0
0
0
0
0
0
0.0001293076
8.510108e-05
0
0
0
0
0
0
0
0
0
0
0.0001768051
0.0001340729
9.104917e-05
0
0
0
0
0
0
0
0
0
0
0.0002226293
0.0001825946
0.0001404371
9.919667e-05
0
0
0
0
0
0
0
0
0
0
0.0002653221
0.0002277619
0.000188022
0.0001464404
0.0001068889
0
0
0
0
0
0
0
0
0
0
0.0003045528
0.0002691525
0.0002317322
0.0001922185
0.000151005
0
0
0
0
0
0
0
0
0
0
0.0003404957
0.0003069698
0.0002716018
0.0002342539
0.0001947819
0
0
0
0
0
0
0
0
0
0
0.0003734766
0.0003415904
0.0003080148
0.0002726203
0.0002351789
0
0
0
0
0
0
0
0
0
0
0
0
0
0
0
0
0
0
0
0
0
0
0
0
0
0
0
0
0
0
0
0
0
0
0
0
0
0
0
0
0
0
0
0
0
0
0
0
0
0
0
0
0
0
0
0
0
0
0
0
0
0
0
0
0
7.909177e-05
0
0
0
0
0
0
0
0
0
0
0.0001261663
8.115281e-05
0
0
0
0
0
0
0
0
0
0
0.0001724313
0.0001291501
8.475833e-05
0
0
0
0
0
0
0
0
0
0
0.0002171562
0.0001766587
0.0001337616
9.056522e-05
0
0
0
0
0
0
0
0
0
0
0.0002604039
0.0002224956
0.0001823121
0.0001400116
9.854219e-05
0
0
0
0
0
0
0
0
0
0
0.0003008344
0.0002651982
0.000227501
0.0001876345
0.0001458427
0
0
0
0
0
0
0
0
0
0
0.000338103
0.0003044361
0.0002689079
0.0002313722
0.0001916608
0
0
0
0
0
0
0
0
0
0
0.0003723345
0.0003403848
0.0003067384
0.0002712636
0.000233728
0
0
0
0
0
0
0
0
0
0
0.0004038099
0.0003733705
0.0003413699
0.0003076945
0.0002721211
0
0
0
0
0
0
0
0
0
0
0
0
0
0
0
0
0
0
0
0
0
0
0
0
0
0
0
0
0
0
0
0
0
0
0
0
0
0
0
0
0
0
0
0
0
0
0
0
0
0
0
0
0
0
0
0
0
0
0
0
0
0
0
0
0
7.808962e-05
0
0
0
0
0
0
0
0
0
0
0.0001243637
7.892172e-05
0
0
0
0
0
0
0
0
0
0
0.000169642
0.0001260092
8.081038e-05
0
0
0
0
0
0
0
0
0
0
0.0002131295
0.0001722833
0.0001288364
8.426801e-05
0
0
0
0
0
0
0
0
0
0
0.0002552924
0.0002170177
0.0001763671
0.0001333213
8.98841e-05
0
0
0
0
0
0
0
0
0
0
0.0002962109
0.0002602768
0.0002222288
0.0001819155
0.0001394006
0
0
0
0
0
0
0
0
0
0
0.0003345915
0.0003007161
0.0002649504
0.0002271362
0.0001870699
0
0
0
0
0
0
0
0
0
0
0.0003700677
0.0003379912
0.000304203
0.0002685672
0.0002308428
0
0
0
0
0
0
0
0
0
0
0.0004027252
0.000372228
0.0003401637
0.000306417
0.0002707628
0
0
0
0
0
0
0
0
0
0
0.0004328074
0.0004037078
0.0003731595
0.0003410648
0.000307218
0
0
0
0
0
0
0
0
0
0
0
0
0
0
0
0
0
0
0
0
0
0
0
0
0
0
0
0
0
0
0
0
0
0
0
0
0
0
0
0
0
0
0
0
0
0
0
0
0
0
0
0
0
0
0
0
0
0
0
0
0
0
0
0
7.808962e-05
0
0
0
0
0
0
0
0
0
0
0.0001235447
7.791995e-05
0
0
0
0
0
0
0
0
0
0
0.0001680432
0.0001242072
7.858017e-05
0
0
0
0
0
0
0
0
0
0
0.0002105656
0.000169494
0.0001256962
8.031989e-05
0
0
0
0
0
0
0
0
0
0
0.0002515386
0.0002129893
0.0001719896
0.0001283925
8.357983e-05
0
0
0
0
0
0
0
0
0
0
0.0002914083
0.0002551607
0.0002167425
0.0001759575
0.0001326914
0
0
0
0
0
0
0
0
0
0
0.000330228
0.0002960896
0.0002600236
0.0002218559
0.0001813392
0
0
0
0
0
0
0
0
0
0
0.0003667421
0.0003344782
0.0003004801
0.0002646054
0.0002266005
0
0
0
0
0
0
0
0
0
0
0.0004005728
0.0003699604
0.0003377686
0.0003038794
0.0002680631
0
0
0
0
0
0
0
0
0
0
0.0004317752
0.0004026227
0.0003720164
0.0003398575
0.0003059391
0
0
0
0
0
0
0
0
0
0
0.0004605628
0.0004327089
0.0004035055
0.0003728681
0.0003406092
0
0
0
0
0
0
0
0
0
0
0
0
0
0
0
0
0
0
0
0
0
0
0
0
0
0
0
0
0
0
0
0
0
0
0
0
0
0
0
0
0
0
0
0
0
0
0
0
0
0
0
0
0
0
0
0
0
0
0
0
0
0
7.909177e-05
0
0
0
0
0
0
0
0
0
0
0.0001235447
7.791995e-05
0
0
0
0
0
0
0
0
0
0
0.0001673171
0.0001233886
7.757892e-05
0
0
0
0
0
0
0
0
0
0
0.0002090987
0.0001678956
0.0001238953
7.809055e-05
0
0
0
0
0
0
0
0
0
0
0.0002491513
0.0002104253
0.0001692007
0.0001252531
7.963243e-05
0
0
0
0
0
0
0
0
0
0
0.0002878866
0.0002514052
0.0002127119
0.0001715768
0.0001277586
0
0
0
0
0
0
0
0
0
0
0.0003256976
0.0002912826
0.0002548996
0.0002163576
0.0001753646
0
0
0
0
0
0
0
0
0
0
0.000362612
0.0003301118
0.0002958485
0.000259671
0.0002213095
0
0
0
0
0
0
0
0
0
0
0.0003974161
0.0003666334
0.0003342528
0.0003001524
0.0002640955
0
0
0
0
0
0
0
0
0
0
0.0004297276
0.0004004696
0.0003697473
0.0003374603
0.0003033984
0
0
0
0
0
0
0
0
0
0
0.0004595791
0.0004316764
0.0004024197
0.0003717241
0.0003394007
0
0
0
0
0
0
0
0
0
0
0.000487159
0.0004604678
0.0004325147
0.0004032267
0.000372432
0
0
0
0
0
0
0
0
0
0
0
0
0
0
0
0
0
0
0
0
0
0
0
0
0
0
0
0
0
0
0
0
0
0
0
0
0
0
0
0
0
0
0
0
0
0
0
0
0
0
0
0
0
0
0
0
0
0
0
8.132353e-05
0
0
0
0
0
0
0
0
0
0
0.0001243637
7.892172e-05
0
0
0
0
0
0
0
0
0
0
0.0001673171
0.0001233886
7.757892e-05
0
0
0
0
0
0
0
0
0
0
0.0002084332
0.0001671697
0.0001230772
7.708987e-05
0
0
0
0
0
0
0
0
0
0
0.0002477873
0.0002089586
0.0001676031
0.0001234535
7.740481e-05
0
0
0
0
0
0
0
0
0
0
0.0002856491
0.0002490178
0.0002101482
0.0001687888
0.0001246209
0
0
0
0
0
0
0
0
0
0
0.0003223797
0.0002877593
0.0002511421
0.0002123242
0.0001709804
0
0
0
0
0
0
0
0
0
0
0.0003583259
0.0003255773
0.0002910341
0.0002545359
0.0002157958
0
0
0
0
0
0
0
0
0
0
0.0003934978
0.0003625005
0.0003298817
0.0002955139
0.0002591512
0
0
0
0
0
0
0
0
0
0
0.0004267256
0.0003973115
0.0003664177
0.0003339408
0.0002996661
0
0
0
0
0
0
0
0
0
0
0.0004576282
0.0004296281
0.0004002653
0.0003694531
0.0003370006
0
0
0
0
0
0
0
0
0
0
0.0004862201
0.0004594837
0.0004314815
0.0004021401
0.0003712867
0
0
0
0
0
0
0
0
0
0
0.0005126694
0.0004870672
0.0004602811
0.0004322476
0.0004028087
0
0
0
0
0
0
0
0
0
0
0
0
0
0
0
0
0
0
0
0
0
0
0
0
0
0
0
0
0
0
0
0
0
0
0
0
0
0
0
0
0
0
0
0
0
0
0
0
0
0
0
0
0
0
0
8.527224e-05
0
0
0
0
0
0
0
0
0
0
0.0001261663
8.115281e-05
0
0
0
0
0
0
0
0
0
0
0.0001680432
0.0001242072
7.858017e-05
0
0
0
0
0
0
0
0
0
0
0.0002084332
0.0001671697
0.0001230772
7.708987e-05
0
0
0
0
0
0
0
0
0
0
0.0002471689
0.0002082932
0.0001668777
0.0001226362
7.64051e-05
0
0
0
0
0
0
0
0
0
0
0.000284372
0.0002476538
0.0002086821
0.0001671923
0.0001228234
0
0
0
0
0
0
0
0
0
0
0.0003202735
0.0002855216
0.0002487548
0.0002097612
0.0001681938
0
0
0
0
0
0
0
0
0
0
0.0003551906
0.000322258
0.0002875089
0.0002507758
0.0002117592
0
0
0
0
0
0
0
0
0
0
0.0003894334
0.0003582105
0.0003253402
0.0002906892
0.0002540018
0
0
0
0
0
0
0
0
0
0
0.0004230012
0.0003933906
0.0003622804
0.0003295632
0.0002950183
0
0
0
0
0
0
0
0
0
0
0.0004547687
0.0004266248
0.0003971048
0.00036612
0.0003334761
0
0
0
0
0
0
0
0
0
0
0.0004843587
0.0004575322
0.000429432
0.0003999839
0.000369013
0
0
0
0
0
0
0
0
0
0
0.0005117723
0.000486128
0.0004592965
0.0004312137
0.000401721
0
0
0
0
0
0
0
0
0
0
0.00053716
0.0005125806
0.0004868875
0.000460025
0.0004318465
0
0
0
0
0
0
0
0
0
0
0
0
0
0
0
0
0
0
0
0
0
0
0
0
0
0
0
0
0
0
0
0
0
0
0
0
0
0
0
0
0
0
0
0
0
0
0
0
0
0
9.15577e-05
0
0
0
0
0
0
0
0
0
0
0.0001293076
8.510108e-05
0
0
0
0
0
0
0
0
0
0
0.000169642
0.0001260092
8.081038e-05
0
0
0
0
0
0
0
0
0
0
0.0002090987
0.0001678956
0.0001238953
7.809055e-05
0
0
0
0
0
0
0
0
0
0
0.0002471689
0.0002082932
0.0001668777
0.0001226362
7.64051e-05
0
0
0
0
0
0
0
0
0
0
0.0002837934
0.0002470356
0.0002080171
0.0001664676
0.0001220072
0
0
0
0
0
0
0
0
0
0
0.0003190724
0.0002842445
0.0002473914
0.0002082961
0.0001665992
0
0
0
0
0
0
0
0
0
0
0.0003532019
0.0003201515
0.0002852713
0.0002483891
0.0002091975
0
0
0
0
0
0
0
0
0
0
0.0003864637
0.0003550738
0.000322019
0.0002871615
0.0002502387
0
0
0
0
0
0
0
0
0
0
0.0004191398
0.0003893226
0.0003579838
0.000325012
0.0002901801
0
0
0
0
0
0
0
0
0
0
0.0004512228
0.000422898
0.0003931797
0.0003619765
0.0003290898
0
0
0
0
0
0
0
0
0
0
0.0004816312
0.0004546714
0.0004264264
0.0003968201
0.0003656752
0
0
0
0
0
0
0
0
0
0
0.0005099941
0.000484266
0.0004573437
0.0004291625
0.0003995622
0
0
0
0
0
0
0
0
0
0
0.0005363019
0.0005116832
0.0004859478
0.0004590396
0.0004308115
0
0
0
0
0
0
0
0
0
0
0.0005606903
0.0005370741
0.0005124076
0.0004866416
0.0004596398
0
0
0
0
0
0
0
0
0
0
0
0
0
0
0
0
0
0
0
0
0
0
0
0
0
0
0
0
0
0
0
0
0
0
0
0
0
0
0
0
0
0
0
0
0.0001001475
0
0
0
0
0
0
0
0
0
0
0.0001342291
9.138814e-05
0
0
0
0
0
0
0
0
0
0
0.0001724313
0.0001291501
8.475833e-05
0
0
0
0
0
0
0
0
0
0
0.0002105656
0.000169494
0.0001256962
8.031989e-05
0
0
0
0
0
0
0
0
0
0
0.0002477873
0.0002089586
0.0001676031
0.0001234535
7.740481e-05
0
0
0
0
0
0
0
0
0
0
0.0002837934
0.0002470356
0.0002080171
0.0001664676
0.0001220072
0
0
0
0
0
0
0
0
0
0
0.0003185284
0.000283666
0.0002467734
0.0002076317
0.0001658755
0
0
0
0
0
0
0
0
0
0
0.0003520687
0.0003189504
0.0002839947
0.0002470267
0.0002077341
0
0
0
0
0
0
0
0
0
0
0.0003845815
0.0003530849
0.0003199127
0.0002849245
0.0002478532
0
0
0
0
0
0
0
0
0
0
0.0004163215
0.0003863515
0.0003548454
0.0003216886
0.0002866497
0
0
0
0
0
0
0
0
0
0
0.0004475484
0.0004190331
0.0003891055
0.0003576709
0.000324526
0
0
0
0
0
0
0
0
0
0
0.0004782507
0.0004511233
0.0004226956
0.0003928893
0.0003615237
0
0
0
0
0
0
0
0
0
0
0.0005073893
0.0004815372
0.0004544808
0.0004261538
0.000396394
0
0
0
0
0
0
0
0
0
0
0.0005346014
0.0005099045
0.0004840847
0.0004570852
0.000428758
0
0
0
0
0
0
0
0
0
0
0.0005598687
0.0005362157
0.0005115097
0.0004857012
0.0004586534
0
0
0
0
0
0
0
0
0
0
0.0005833139
0.0005606071
0.0005369073
0.0005121712
0.0004862713
0
0
0
0
0
0
0
0
0
0
0
0
0
0
0
0
0
0
0
0
0
0
0
0
0
0
0
0
0
0
0
0
0
0
0
0
0
0.0001084456
0
0
0
0
0
0
0
0
0
0
0.0001408892
9.998466e-05
0
0
0
0
0
0
0
0
0
0
0.0001768051
0.0001340729
9.104917e-05
0
0
0
0
0
0
0
0
0
0
0.0002131295
0.0001722833
0.0001288364
8.426801e-05
0
0
0
0
0
0
0
0
0
0
0.0002491513
0.0002104253
0.0001692007
0.0001252531
7.963243e-05
0
0
0
0
0
0
0
0
0
0
0.000284372
0.0002476538
0.0002086821
0.0001671923
0.0001228234
0
0
0
0
0
0
0
0
0
0
0.0003185284
0.000283666
0.0002467734
0.0002076317
0.0001658755
0
0
0
0
0
0
0
0
0
0
0.0003515557
0.0003184065
0.0002834164
0.0002464092
0.0002070706
0
0
0
0
0
0
0
0
0
0
0.0003835099
0.0003519517
0.000318712
0.0002836488
0.0002464923
0
0
0
0
0
0
0
0
0
0
0.0004145368
0.0003844691
0.0003528566
0.0003195829
0.0002844139
0
0
0
0
0
0
0
0
0
0
0.0004448695
0.0004162135
0.0003861328
0.0003545304
0.0003212001
0
0
0
0
0
0
0
0
0
0
0.0004747495
0.0004474456
0.0004188249
0.0003888065
0.0003572061
0
0
0
0
0
0
0
0
0
0
0.0005041626
0.0004781546
0.0004509289
0.0004224176
0.0003924555
0
0
0
0
0
0
0
0
0
0
0.0005321112
0.0005072985
0.0004813539
0.0004542194
0.0004257451
0
0
0
0
0
0
0
0
0
0
0.0005582409
0.0005345147
0.0005097299
0.0004838365
0.0004566967
0
0
0
0
0
0
0
0
0
0
0.0005825266
0.0005597853
0.0005360485
0.0005112727
0.00048533
0
0
0
0
0
0
0
0
0
0
0.0006050798
0.0005832333
0.0005604463
0.00053668
0.0005118151
0
0
0
0
0
0
0
0
0
0
0
0
0
0
0
0
0
0
0
0
0
0
0
0
0
0
0
0
0
0.0001151011
0
0
0
0
0
0
0
0
0
0
0.0001472965
0.0001082877
0
0
0
0
0
0
0
0
0
0
0.000182736
0.0001407384
9.965943e-05
0
0
0
0
0
0
0
0
0
0
0.0002171562
0.0001766587
0.0001337616
9.056522e-05
0
0
0
0
0
0
0
0
0
0
0.0002515386
0.0002129893
0.0001719896
0.0001283925
8.357983e-05
0
0
0
0
0
0
0
0
0
0
0.0002856491
0.0002490178
0.0002101482
0.0001687888
0.0001246209
0
0
0
0
0
0
0
0
0
0
0.0003190724
0.0002842445
0.0002473914
0.0002082961
0.0001665992
0
0
0
0
0
0
0
0
0
0
0.0003515557
0.0003184065
0.0002834164
0.0002464092
0.0002070706
0
0
0
0
0
0
0
0
0
0
0.0003830251
0.0003514388
0.0003181684
0.000283071
0.0002458757
0
0
0
0
0
0
0
0
0
0
0.0004135216
0.0003833975
0.0003517239
0.000318383
0.0002831396
0
0
0
0
0
0
0
0
0
0
0.0004431746
0.0004144286
0.0003842505
0.0003525422
0.0003190954
0
0
0
0
0
0
0
0
0
0
0.0004721996
0.0004447655
0.0004160038
0.0003858319
0.0003540633
0
0
0
0
0
0
0
0
0
0
0.0005008224
0.0004746502
0.0004472457
0.0004185388
0.0003883615
0
0
0
0
0
0
0
0
0
0
0.0005290279
0.0005040697
0.0004779677
0.0004506624
0.0004220016
0
0
0
0
0
0
0
0
0
0
0.0005558579
0.0005320233
0.000507122
0.000481103
0.000453827
0
0
0
0
0
0
0
0
0
0
0.0005809671
0.0005581569
0.0005343464
0.0005094914
0.0004834632
0
0
0
0
0
0
0
0
0
0
0.0006043247
0.0005824457
0.000559624
0.0005358205
0.0005109156
0
0
0
0
0
0
0
0
0
0
0.0006260327
0.0006050017
0.0005830781
0.0005602274
0.0005363372
0
0
0
0
0
0
0
0
0
0
0
0
0
0
0
0
0
0
0
0
0.0001196269
0
0
0
0
0
0
0
0
0
0
0.0001524379
0.0001149462
0
0
0
0
0
0
0
0
0
0
0.000188436
0.0001471495
0.0001079724
0
0
0
0
0
0
0
0
0
0
0.0002226293
0.0001825946
0.0001404371
9.919667e-05
0
0
0
0
0
0
0
0
0
0
0.0002552924
0.0002170177
0.0001763671
0.0001333213
8.98841e-05
0
0
0
0
0
0
0
0
0
0
0.0002878866
0.0002514052
0.0002127119
0.0001715768
0.0001277586
0
0
0
0
0
0
0
0
0
0
0.0003202735
0.0002855216
0.0002487548
0.0002097612
0.0001681938
0
0
0
0
0
0
0
0
0
0
0.0003520687
0.0003189504
0.0002839947
0.0002470267
0.0002077341
0
0
0
0
0
0
0
0
0
0
0.0003830251
0.0003514388
0.0003181684
0.000283071
0.0002458757
0
0
0
0
0
0
0
0
0
0
0.0004130625
0.0003829127
0.0003512112
0.0003178398
0.0002825625
0
0
0
0
0
0
0
0
0
0
0.0004422113
0.0004134134
0.0003831793
0.0003514102
0.0003178969
0
0
0
0
0
0
0
0
0
0
0.0004705878
0.0004430704
0.0004142191
0.0003839502
0.0003520761
0
0
0
0
0
0
0
0
0
0
0.0004983924
0.0004720992
0.0004445641
0.0004157159
0.0003853847
0
0
0
0
0
0
0
0
0
0
0.0005258379
0.0005007265
0.000474458
0.0004469715
0.0004181122
0
0
0
0
0
0
0
0
0
0
0.0005529088
0.0005289381
0.0005038898
0.0004777119
0.0004502631
0
0
0
0
0
0
0
0
0
0
0.0005786846
0.0005557728
0.0005318532
0.0005068809
0.0004807259
0
0
0
0
0
0
0
0
0
0
0.0006028294
0.0005808857
0.0005579947
0.0005341171
0.0005091323
0
0
0
0
0
0
0
0
0
0
0.000625308
0.0006042464
0.0005822901
0.0005594045
0.0005354768
0
0
0
0
0
0
0
0
0
0
0.0006462134
0.000625957
0.0006048519
0.0005828673
0.0005598972
0
0
0
0
0
0
0
0
0
0
0.0001218985
0
0
0
0
0
0
0
0
0
0
0.0001559374
0.0001194738
0
0
0
0
0
0
0
0
0
0
0.0001930089
0.0001522933
0.0001146368
0
0
0
0
0
0
0
0
0
0
0.0002278923
0.0001882982
0.0001468553
0.0001075247
0
0
0
0
0
0
0
0
0
0
0.0002604039
0.0002224956
0.0001823121
0.0001400116
9.854219e-05
0
0
0
0
0
0
0
0
0
0
0.0002914083
0.0002551607
0.0002167425
0.0001759575
0.0001326914
0
0
0
0
0
0
0
0
0
0
0.0003223797
0.0002877593
0.0002511421
0.0002123242
0.0001709804
0
0
0
0
0
0
0
0
0
0
0.0003532019
0.0003201515
0.0002852713
0.0002483891
0.0002091975
0
0
0
0
0
0
0
0
0
0
0.0003835099
0.0003519517
0.000318712
0.0002836488
0.0002464923
0
0
0
0
0
0
0
0
0
0
0.0004130625
0.0003829127
0.0003512112
0.0003178398
0.0002825625
0
0
0
0
0
0
0
0
0
0
0.0004417759
0.0004129543
0.0003826948
0.000350898
0.0003173544
0
0
0
0
0
0
0
0
0
0
0.0004696727
0.0004421071
0.0004132042
0.0003828798
0.0003509454
0
0
0
0
0
0
0
0
0
0
0.0004968581
0.0004704873
0.0004428692
0.0004139318
0.0003835041
0
0
0
0
0
0
0
0
0
0
0.0005235199
0.0004982956
0.0004719057
0.0004442884
0.0004152873
0
0
0
0
0
0
0
0
0
0
0.0005498595
0.0005257453
0.0005005416
0.000474195
0.0004465622
0
0
0
0
0
0
0
0
0
0
0.0005758615
0.0005528219
0.0005287647
0.0005036441
0.0004773283
0
0
0
0
0
0
0
0
0
0
0.0006006417
0.0005786022
0.0005556088
0.0005316214
0.0005065183
0
0
0
0
0
0
0
0
0
0
0.0006238733
0.0006027506
0.0005807291
0.0005577739
0.0005337715
0
0
0
0
0
0
0
0
0
0
0.0006455174
0.000625232
0.0006040961
0.0005820787
0.0005590735
0
0
0
0
0
0
0
0
0
0
0.0006656593
0.0006461399
0.0006258122
0.0006046486
0.0005825491
0
0
0
0
0
0
0
0
0
0
0.0001576962
0.0001217463
0
0
0
0
0
0
0
0
0
0
0.0001961195
0.0001557941
0.0001191678
0
0
0
0
0
0
0
0
0
0
0.0002321181
0.0001928731
0.0001520034
0.0001141981
0
0
0
0
0
0
0
0
0
0
0.0002653221
0.0002277619
0.000188022
0.0001464404
0.0001068889
0
0
0
0
0
0
0
0
0
0
0.0002962109
0.0002602768
0.0002222288
0.0001819155
0.0001394006
0
0
0
0
0
0
0
0
0
0
0.0003256976
0.0002912826
0.0002548996
0.0002163576
0.0001753646
0
0
0
0
0
0
0
0
0
0
0.0003551906
0.000322258
0.0002875089
0.0002507758
0.0002117592
0
0
0
0
0
0
0
0
0
0
0.0003845815
0.0003530849
0.0003199127
0.0002849245
0.0002478532
0
0
0
0
0
0
0
0
0
0
0.0004135216
0.0003833975
0.0003517239
0.000318383
0.0002831396
0
0
0
0
0
0
0
0
0
0
0.0004417759
0.0004129543
0.0003826948
0.000350898
0.0003173544
0
0
0
0
0
0
0
0
0
0
0.0004692593
0.0004416718
0.0004127454
0.0003823956
0.0003504339
0
0
0
0
0
0
0
0
0
0
0.0004959877
0.0004695722
0.0004419063
0.0004129177
0.0003824348
0
0
0
0
0
0
0
0
0
0
0.0005220577
0.000496761
0.000470294
0.000442594
0.0004135042
0
0
0
0
0
0
0
0
0
0
0.0005476462
0.0005234263
0.0004981094
0.0004716412
0.0004438771
0
0
0
0
0
0
0
0
0
0
0.0005729442
0.0005497699
0.0005255672
0.000500289
0.0004738019
0
0
0
0
0
0
0
0
0
0
0.000597937
0.0005757773
0.0005526548
0.0005285284
0.0005032753
0
0
0
0
0
0
0
0
0
0
0.0006217747
0.0006005618
0.000578444
0.0005553856
0.0005312724
0
0
0
0
0
0
0
0
0
0
0.0006441398
0.0006237968
0.0006025994
0.0005805165
0.0005574411
0
0
0
0
0
0
0
0
0
0
0.0006649905
0.0006454437
0.0006250869
0.0006038923
0.0005817597
0
0
0
0
0
0
0
0
0
0
0.000684405
0.000665588
0.000646
0.0006256161
0.0006043418
0
0
0
0
0
0
0
0
0
0
0.0001976831
0.0001575536
0.000121442
0
0
0
0
0
0
0
0
0
0
0.000234994
0.0001959849
0.0001555067
0.0001187344
0
0
0
0
0
0
0
0
0
0
0.0002692747
0.0002319897
0.0001926007
0.0001515948
0.0001135732
0
0
0
0
0
0
0
0
0
0
0.0003008344
0.0002651982
0.000227501
0.0001876345
0.0001458427
0
0
0
0
0
0
0
0
0
0
0.000330228
0.0002960896
0.0002600236
0.0002218559
0.0001813392
0
0
0
0
0
0
0
0
0
0
0.0003583259
0.0003255773
0.0002910341
0.0002545359
0.0002157958
0
0
0
0
0
0
0
0
0
0
0.0003864637
0.0003550738
0.000322019
0.0002871615
0.0002502387
0
0
0
0
0
0
0
0
0
0
0.0004145368
0.0003844691
0.0003528566
0.0003195829
0.0002844139
0
0
0
0
0
0
0
0
0
0
0.0004422113
0.0004134134
0.0003831793
0.0003514102
0.0003178969
0
0
0
0
0
0
0
0
0
0
0.0004692593
0.0004416718
0.0004127454
0.0003823956
0.0003504339
0
0
0
0
0
0
0
0
0
0
0.0004955947
0.0004691588
0.0004414712
0.0004124592
0.0003819513
0
0
0
0
0
0
0
0
0
0
0.0005212291
0.0004958906
0.0004693792
0.0004416318
0.0004124912
0
0
0
0
0
0
0
0
0
0
0.0005462516
0.000521964
0.000496575
0.00047003
0.0004421838
0
0
0
0
0
0
0
0
0
0
0.0005708293
0.0005475557
0.000523247
0.0004978554
0.0004712463
0
0
0
0
0
0
0
0
0
0
0.000595144
0.0005728575
0.0005495983
0.0005253244
0.0004999111
0
0
0
0
0
0
0
0
0
0
0.0006191818
0.0005978555
0.0005756161
0.0005524274
0.0005281736
0
0
0
0
0
0
0
0
0
0
0.0006421255
0.0006216973
0.000600409
0.000578229
0.0005550496
0
0
0
0
0
0
0
0
0
0
0.000663667
0.0006440656
0.0006236508
0.0006023944
0.0005801957
0
0
0
0
0
0
0
0
0
0
0.000683762
0.000664919
0.0006453034
0.0006248903
0.0006035847
0
0
0
0
0
0
0
0
0
0
0.0007024827
0.0006843358
0.0006654527
0.0006458107
0.0006253202
0
0
0
0
0
0
0
0
0
0
0.0002364404
0.0001975491
0.0001572674
0.000121011
0
0
0
0
0
0
0
0
0
0
0.0002719658
0.0002348667
0.0001957147
0.0001551018
0.0001181158
0
0
0
0
0
0
0
0
0
0
0.0003045528
0.0002691525
0.0002317322
0.0001922185
0.000151005
0
0
0
0
0
0
0
0
0
0
0.0003345915
0.0003007161
0.0002649504
0.0002271362
0.0001870699
0
0
0
0
0
0
0
0
0
0
0.000362612
0.0003301118
0.0002958485
0.000259671
0.0002213095
0
0
0
0
0
0
0
0
0
0
0.0003894334
0.0003582105
0.0003253402
0.0002906892
0.0002540018
0
0
0
0
0
0
0
0
0
0
0.0004163215
0.0003863515
0.0003548454
0.0003216886
0.0002866497
0
0
0
0
0
0
0
0
0
0
0.0004431746
0.0004144286
0.0003842505
0.0003525422
0.0003190954
0
0
0
0
0
0
0
0
0
0
0.0004696727
0.0004421071
0.0004132042
0.0003828798
0.0003509454
0
0
0
0
0
0
0
0
0
0
0.0004955947
0.0004691588
0.0004414712
0.0004124592
0.0003819513
0
0
0
0
0
0
0
0
0
0
0.0005208553
0.0004954977
0.0004689661
0.0004411971
0.0004120334
0
0
0
0
0
0
0
0
0
0
0.0005454621
0.0005211354
0.000495705
0.0004691159
0.0004412227
0
0
0
0
0
0
0
0
0
0
0.0005694981
0.0005461609
0.0005217849
0.0004963216
0.000469636
0
0
0
0
0
0
0
0
0
0
0.0005931215
0.0005707416
0.0005473829
0.0005230029
0.0004974759
0
0
0
0
0
0
0
0
0
0
0.0006165058
0.0005950599
0.000572692
0.0005493647
0.0005249609
0
0
0
0
0
0
0
0
0
0
0.000639638
0.0006191027
0.0005976999
0.0005753971
0.0005520857
0
0
0
0
0
0
0
0
0
0
0.0006617324
0.0006420504
0.0006215497
0.0006002018
0.0005779052
0
0
0
0
0
0
0
0
0
0
0.0006824897
0.000663595
0.0006439245
0.000623453
0.0006020852
0
0
0
0
0
0
0
0
0
0
0.0007018641
0.0006836925
0.0006647833
0.0006451137
0.0006245936
0
0
0
0
0
0
0
0
0
0
0.0007199224
0.0007024155
0.0006842049
0.00066527
0.0006455251
0
0
0
0
0
0
0
0
0
0
0.0002733201
0.0002363136
0.0001972799
0.0001568642
0.0001203952
0
0
0
0
0
0
0
0
0
0
0.0003070855
0.0002718447
0.0002346111
0.0001953356
0.0001545165
0
0
0
0
0
0
0
0
0
0
0.000338103
0.0003044361
0.0002689079
0.0002313722
0.0001916608
0
0
0
0
0
0
0
0
0
0
0.0003667421
0.0003344782
0.0003004801
0.0002646054
0.0002266005
0
0
0
0
0
0
0
0
0
0
0.0003934978
0.0003625005
0.0003298817
0.0002955139
0.0002591512
0
0
0
0
0
0
0
0
0
0
0.0004191398
0.0003893226
0.0003579838
0.000325012
0.0002901801
0
0
0
0
0
0
0
0
0
0
0.0004448695
0.0004162135
0.0003861328
0.0003545304
0.0003212001
0
0
0
0
0
0
0
0
0
0
0.0004705878
0.0004430704
0.0004142191
0.0003839502
0.0003520761
0
0
0
0
0
0
0
0
0
0
0.0004959877
0.0004695722
0.0004419063
0.0004129177
0.0003824348
0
0
0
0
0
0
0
0
0
0
0.0005208553
0.0004954977
0.0004689661
0.0004411971
0.0004120334
0
0
0
0
0
0
0
0
0
0
0.0005451062
0.0005207616
0.0004953123
0.0004687031
0.0004407885
0
0
0
0
0
0
0
0
0
0
0.0005687454
0.0005453715
0.0005209566
0.0004954522
0.000468723
0
0
0
0
0
0
0
0
0
0
0.00059185
0.0005694103
0.0005459884
0.0005215413
0.0004959429
0
0
0
0
0
0
0
0
0
0
0.0006145704
0.0005930366
0.0005705751
0.0005471481
0.0005226379
0
0
0
0
0
0
0
0
0
0
0.0006370726
0.0006164243
0.0005949002
0.000572467
0.0005490147
0
0
0
0
0
0
0
0
0
0
0.0006593447
0.0006395613
0.0006189524
0.0005974888
0.000575068
0
0
0
0
0
0
0
0
0
0
0.0006806307
0.0006616595
0.0006419078
0.0006213499
0.0005998897
0
0
0
0
0
0
0
0
0
0
0.0007006405
0.0006824198
0.0006634585
0.0006437337
0.0006231547
0
0
0
0
0
0
0
0
0
0
0.0007193271
0.0007017967
0.0006835613
0.0006646001
0.0006448273
0
0
0
0
0
0
0
0
0
0
0.0007367518
0.0007198571
0.0007022888
0.0006840284
0.0006649941
0
0
0
0
0
0
0
0
0
0
0.0003083607
0.0002731994
0.0002360589
0.0001969023
0.0001562811
0
0
0
0
0
0
0
0
0
0
0.0003404957
0.0003069698
0.0002716018
0.0002342539
0.0001947819
0
0
0
0
0
0
0
0
0
0
0.0003700677
0.0003379912
0.000304203
0.0002685672
0.0002308428
0
0
0
0
0
0
0
0
0
0
0.0003974161
0.0003666334
0.0003342528
0.0003001524
0.0002640955
0
0
0
0
0
0
0
0
0
0
0.0004230012
0.0003933906
0.0003622804
0.0003295632
0.0002950183
0
0
0
0
0
0
0
0
0
0
0.0004475484
0.0004190331
0.0003891055
0.0003576709
0.000324526
0
0
0
0
0
0
0
0
0
0
0.0004721996
0.0004447655
0.0004160038
0.0003858319
0.0003540633
0
0
0
0
0
0
0
0
0
0
0.0004968581
0.0004704873
0.0004428692
0.0004139318
0.0003835041
0
0
0
0
0
0
0
0
0
0
0.0005212291
0.0004958906
0.0004693792
0.0004416318
0.0004124912
0
0
0
0
0
0
0
0
0
0
0.0005451062
0.0005207616
0.0004953123
0.0004687031
0.0004407885
0
0
0
0
0
0
0
0
0
0
0.0005684063
0.0005450156
0.000520583
0.0004950599
0.0004683108
0
0
0
0
0
0
0
0
0
0
0.0005911319
0.0005686576
0.0005451993
0.0005207137
0.0004950746
0
0
0
0
0
0
0
0
0
0
0.0006133552
0.000591765
0.0005692439
0.000545754
0.0005211771
0
0
0
0
0
0
0
0
0
0
0.0006352195
0.0006144882
0.0005928759
0.000570349
0.0005467967
0
0
0
0
0
0
0
0
0
0
0.0006568839
0.0006369936
0.0006162701
0.0005946835
0.00057213
0
0
0
0
0
0
0
0
0
0
0.0006783376
0.0006592703
0.0006394161
0.0006187489
0.0005971715
0
0
0
0
0
0
0
0
0
0
0.0006988532
0.00068056
0.0006615216
0.0006417149
0.0006210487
0
0
0
0
0
0
0
0
0
0
0.0007181497
0.0007005727
0.0006822878
0.0006632743
0.0006434458
0
0
0
0
0
0
0
0
0
0
0.0007361785
0.0007192616
0.0007016697
0.0006833843
0.0006643236
0
0
0
0
0
0
0
0
0
0
0.0007529966
0.0007366883
0.0007197345
0.0007021182
0.000683762
0
0
0
0
0
0
0
0
0
0
0.0003417008
0.0003082454
0.0002729574
0.000235703
0.0001963504
0
0
0
0
0
0
0
0
0
0
0.0003723345
0.0003403848
0.0003067384
0.0002712636
0.000233728
0
0
0
0
0
0
0
0
0
0
0.0004005728
0.0003699604
0.0003377686
0.0003038794
0.0002680631
0
0
0
0
0
0
0
0
0
0
0.0004267256
0.0003973115
0.0003664177
0.0003339408
0.0002996661
0
0
0
0
0
0
0
0
0
0
0.0004512228
0.000422898
0.0003931797
0.0003619765
0.0003290898
0
0
0
0
0
0
0
0
0
0
0.0004747495
0.0004474456
0.0004188249
0.0003888065
0.0003572061
0
0
0
0
0
0
0
0
0
0
0.0004983924
0.0004720992
0.0004445641
0.0004157159
0.0003853847
0
0
0
0
0
0
0
0
0
0
0.0005220577
0.000496761
0.000470294
0.000442594
0.0004135042
0
0
0
0
0
0
0
0
0
0
0.0005454621
0.0005211354
0.000495705
0.0004691159
0.0004412227
0
0
0
0
0
0
0
0
0
0
0.0005684063
0.0005450156
0.000520583
0.0004950599
0.0004683108
0
0
0
0
0
0
0
0
0
0
0.0005908086
0.0005683186
0.0005448436
0.0005203404
0.0004946828
0
0
0
0
0
0
0
0
0
0
0.0006126697
0.0005910469
0.0005684916
0.0005449655
0.0005203505
0
0
0
0
0
0
0
0
0
0
0.0006340575
0.0006132729
0.0005916045
0.0005690184
0.0005454036
0
0
0
0
0
0
0
0
0
0
0.0006551087
0.0006351398
0.000614333
0.0005926581
0.0005700106
0
0
0
0
0
0
0
0
0
0
0.000675976
0.0006568073
0.0006368446
0.0006160612
0.0005943587
0
0
0
0
0
0
0
0
0
0
0.0006966499
0.0006782653
0.0006591299
0.0006392197
0.0006184428
0
0
0
0
0
0
0
0
0
0
0.0007164306
0.0006987845
0.0006804265
0.0006613354
0.0006414243
0
0
0
0
0
0
0
0
0
0
0.0007350451
0.0007180838
0.0007004449
0.0006821098
0.0006629963
0
0
0
0
0
0
0
0
0
0
0.0007524444
0.0007361149
0.0007191386
0.0007014987
0.0006831173
0
0
0
0
0
0
0
0
0
0
0.0007686801
0.000752935
0.0007365695
0.0007195695
0.0007018608
0
0
0
0
0
0
0
0
0
0
0.0003734766
0.0003415904
0.0003080148
0.0002726203
0.0002351789
0
0
0
0
0
0
0
0
0
0
0.0004027252
0.000372228
0.0003401637
0.000306417
0.0002707628
0
0
0
0
0
0
0
0
0
0
0.0004297276
0.0004004696
0.0003697473
0.0003374603
0.0003033984
0
0
0
0
0
0
0
0
0
0
0.0004547687
0.0004266248
0.0003971048
0.00036612
0.0003334761
0
0
0
0
0
0
0
0
0
0
0.0004782507
0.0004511233
0.0004226956
0.0003928893
0.0003615237
0
0
0
0
0
0
0
0
0
0
0.0005008224
0.0004746502
0.0004472457
0.0004185388
0.0003883615
0
0
0
0
0
0
0
0
0
0
0.0005235199
0.0004982956
0.0004719057
0.0004442884
0.0004152873
0
0
0
0
0
0
0
0
0
0
0.0005462516
0.000521964
0.000496575
0.00047003
0.0004421838
0
0
0
0
0
0
0
0
0
0
0.0005687454
0.0005453715
0.0005209566
0.0004954522
0.000468723
0
0
0
0
0
0
0
0
0
0
0.0005908086
0.0005683186
0.0005448436
0.0005203404
0.0004946828
0
0
0
0
0
0
0
0
0
0
0.0006123613
0.0005907236
0.0005681527
0.0005446102
0.0005199778
0
0
0
0
0
0
0
0
0
0
0.0006334028
0.0006125873
0.0005908866
0.0005682666
0.000544616
0
0
0
0
0
0
0
0
0
0
0.000653997
0.0006339777
0.0006131178
0.0005913871
0.0005686808
0
0
0
0
0
0
0
0
0
0
0.0006742746
0.0006550314
0.0006349899
0.000614123
0.0005923319
0
0
0
0
0
0
0
0
0
0
0.0006943824
0.0006759017
0.0006566633
0.0006366431
0.0006157479
0
0
0
0
0
0
0
0
0
0
0.0007143125
0.0006965797
0.0006781295
0.0006589403
0.0006389244
0
0
0
0
0
0
0
0
0
0
0.0007333908
0.0007163638
0.0006986554
0.0006802467
0.0006610549
0
0
0
0
0
0
0
0
0
0
0.0007513529
0.0007349811
0.0007179601
0.0007002729
0.0006818414
0
0
0
0
0
0
0
0
0
0
0.0007681479
0.0007523826
0.0007359958
0.0007189733
0.0007012406
0
0
0
0
0
0
0
0
0
0
0.000783823
0.0007686201
0.0007528199
0.00073641
0.0007193207
0
0
0
0
0
0
0
0
0
0
0.0004038099
0.0003733705
0.0003413699
0.0003076945
0.0002721211
0
0
0
0
0
0
0
0
0
0
0.0004317752
0.0004026227
0.0003720164
0.0003398575
0.0003059391
0
0
0
0
0
0
0
0
0
0
0.0004576282
0.0004296281
0.0004002653
0.0003694531
0.0003370006
0
0
0
0
0
0
0
0
0
0
0.0004816312
0.0004546714
0.0004264264
0.0003968201
0.0003656752
0
0
0
0
0
0
0
0
0
0
0.0005041626
0.0004781546
0.0004509289
0.0004224176
0.0003924555
0
0
0
0
0
0
0
0
0
0
0.0005258379
0.0005007265
0.000474458
0.0004469715
0.0004181122
0
0
0
0
0
0
0
0
0
0
0.0005476462
0.0005234263
0.0004981094
0.0004716412
0.0004438771
0
0
0
0
0
0
0
0
0
0
0.0005694981
0.0005461609
0.0005217849
0.0004963216
0.000469636
0
0
0
0
0
0
0
0
0
0
0.0005911319
0.0005686576
0.0005451993
0.0005207137
0.0004950746
0
0
0
0
0
0
0
0
0
0
0.0006123613
0.0005907236
0.0005681527
0.0005446102
0.0005199778
0
0
0
0
0
0
0
0
0
0
0.0006331086
0.000612279
0.0005905636
0.000567928
0.0005442611
0
0
0
0
0
0
0
0
0
0
0.0006533715
0.000633323
0.0006124326
0.0005906699
0.0005679299
0
0
0
0
0
0
0
0
0
0
0.0006732106
0.0006539196
0.0006338279
0.0006129083
0.0005910618
0
0
0
0
0
0
0
0
0
0
0.0006927511
0.0006741996
0.0006548865
0.0006347873
0.0006138085
0
0
0
0
0
0
0
0
0
0
0.0007121345
0.0006943103
0.0006757623
0.0006564687
0.0006363408
0
0
0
0
0
0
0
0
0
0
0.0007313538
0.0007142443
0.0006964483
0.0006779464
0.0006586552
0
0
0
0
0
0
0
0
0
0
0.0007497603
0.0007333259
0.0007162388
0.0006984816
0.0006799757
0
0
0
0
0
0
0
0
0
0
0.0007670962
0.0007512906
0.0007348613
0.0007177938
0.0007000135
0
0
0
0
0
0
0
0
0
0
0.0007833099
0.0007680877
0.0007522672
0.0007358359
0.0007187238
0
0
0
0
0
0
0
0
0
0
0.000798444
0.0007837646
0.0007685085
0.0007526655
0.0007361693
0
0
0
0
0
0
0
0
0
0
0.0004328074
0.0004037078
0.0003731595
0.0003410648
0.000307218
0
0
0
0
0
0
0
0
0
0
0.0004595791
0.0004316764
0.0004024197
0.0003717241
0.0003394007
0
0
0
0
0
0
0
0
0
0
0.0004843587
0.0004575322
0.000429432
0.0003999839
0.000369013
0
0
0
0
0
0
0
0
0
0
0.0005073893
0.0004815372
0.0004544808
0.0004261538
0.000396394
0
0
0
0
0
0
0
0
0
0
0.0005290279
0.0005040697
0.0004779677
0.0004506624
0.0004220016
0
0
0
0
0
0
0
0
0
0
0.0005498595
0.0005257453
0.0005005416
0.000474195
0.0004465622
0
0
0
0
0
0
0
0
0
0
0.0005708293
0.0005475557
0.000523247
0.0004978554
0.0004712463
0
0
0
0
0
0
0
0
0
0
0.00059185
0.0005694103
0.0005459884
0.0005215413
0.0004959429
0
0
0
0
0
0
0
0
0
0
0.0006126697
0.0005910469
0.0005684916
0.0005449655
0.0005203505
0
0
0
0
0
0
0
0
0
0
0.0006331086
0.000612279
0.0005905636
0.000567928
0.0005442611
0
0
0
0
0
0
0
0
0
0
0.0006530906
0.0006330288
0.0006121245
0.0005903471
0.0005675918
0
0
0
0
0
0
0
0
0
0
0.0006726127
0.0006532941
0.0006331735
0.0006122236
0.0005903454
0
0
0
0
0
0
0
0
0
0
0.0006917324
0.0006731355
0.0006537748
0.0006336258
0.0006125947
0
0
0
0
0
0
0
0
0
0
0.0007105697
0.0006926783
0.0006740594
0.000654691
0.000634484
0
0
0
0
0
0
0
0
0
0
0.0007292609
0.0007120644
0.0006941755
0.0006755745
0.000656177
0
0
0
0
0
0
0
0
0
0
0.0007478004
0.0007312876
0.000714117
0.0006962713
0.000677671
0
0
0
0
0
0
0
0
0
0
0.0007655624
0.0007496972
0.0007332049
0.0007160708
0.0006982198
0
0
0
0
0
0
0
0
0
0
0.0007822963
0.0007670357
0.0007511745
0.0007347004
0.000717543
0
0
0
0
0
0
0
0
0
0
0.0007979492
0.0007832514
0.0007679759
0.0007521124
0.0007355946
0
0
0
0
0
0
0
0
0
0
0.0008125587
0.0007983872
0.0007836565
0.0007683591
0.0007524327
0
0
0
0
0
0
0
0
0
0
0.0004605628
0.0004327089
0.0004035055
0.0003728681
0.0003406092
0
0
0
0
0
0
0
0
0
0
0.0004862201
0.0004594837
0.0004314815
0.0004021401
0.0003712867
0
0
0
0
0
0
0
0
0
0
0.0005099941
0.000484266
0.0004573437
0.0004291625
0.0003995622
0
0
0
0
0
0
0
0
0
0
0.0005321112
0.0005072985
0.0004813539
0.0004542194
0.0004257451
0
0
0
0
0
0
0
0
0
0
0.0005529088
0.0005289381
0.0005038898
0.0004777119
0.0004502631
0
0
0
0
0
0
0
0
0
0
0.0005729442
0.0005497699
0.0005255672
0.000500289
0.0004738019
0
0
0
0
0
0
0
0
0
0
0.0005931215
0.0005707416
0.0005473829
0.0005230029
0.0004974758
0
0
0
0
0
0
0
0
0
0
0.0006133552
0.000591765
0.0005692439
0.000545754
0.0005211771
0
0
0
0
0
0
0
0
0
0
0.0006334028
0.0006125873
0.0005908866
0.0005682666
0.000544616
0
0
0
0
0
0
0
0
0
0
0.0006530906
0.0006330288
0.0006121245
0.0005903471
0.0005675918
0
0
0
0
0
0
0
0
0
0
0.0006723445
0.0006530132
0.0006328795
0.0006119158
0.0005900231
0
0
0
0
0
0
0
0
0
0
0.0006911608
0.0006725376
0.0006531496
0.0006329719
0.0006119108
0
0
0
0
0
0
0
0
0
0
0.0007095941
0.0006916595
0.0006729955
0.0006535798
0.0006333232
0
0
0
0
0
0
0
0
0
0
0.0007277595
0.000710499
0.0006925427
0.0006738706
0.0006543982
0
0
0
0
0
0
0
0
0
0
0.0007457885
0.0007291928
0.0007119339
0.0006939939
0.0006752927
0
0
0
0
0
0
0
0
0
0
0.0007636761
0.000747736
0.0007311643
0.000713946
0.0006960052
0
0
0
0
0
0
0
0
0
0
0.0007808186
0.000765501
0.0007495799
0.0007330424
0.0007158176
0
0
0
0
0
0
0
0
0
0
0.000796972
0.0007822374
0.0007669231
0.0007510189
0.0007344579
0
0
0
0
0
0
0
0
0
0
0.0008120814
0.0007978923
0.000783143
0.0007678261
0.000751879
0
0
0
0
0
0
0
0
0
0
0.0008261784
0.0008125035
0.0007982823
0.0007835118
0.0007681338
0
0
0
0
0
0
0
0
0
0
0.000487159
0.0004604678
0.0004325147
0.0004032267
0.000372432
0
0
0
0
0
0
0
0
0
0
0.0005117723
0.000486128
0.0004592965
0.0004312137
0.000401721
0
0
0
0
0
0
0
0
0
0
0.0005346014
0.0005099045
0.0004840847
0.0004570852
0.000428758
0
0
0
0
0
0
0
0
0
0
0.0005558579
0.0005320233
0.000507122
0.000481103
0.000453827
0
0
0
0
0
0
0
0
0
0
0.0005758615
0.0005528219
0.0005287647
0.0005036441
0.0004773283
0
0
0
0
0
0
0
0
0
0
0.000595144
0.0005728575
0.0005495982
0.0005253244
0.0004999111
0
0
0
0
0
0
0
0
0
0
0.0006145704
0.0005930366
0.0005705751
0.0005471481
0.0005226379
0
0
0
0
0
0
0
0
0
0
0.0006340575
0.0006132729
0.0005916045
0.0005690184
0.0005454036
0
0
0
0
0
0
0
0
0
0
0.0006533715
0.000633323
0.0006124326
0.0005906699
0.0005679299
0
0
0
0
0
0
0
0
0
0
0.0006723445
0.0006530132
0.0006328795
0.0006119158
0.0005900231
0
0
0
0
0
0
0
0
0
0
0.0006909046
0.0006722694
0.0006528689
0.0006326782
0.0006116034
0
0
0
0
0
0
0
0
0
0
0.0007090475
0.0006910879
0.0006723979
0.000652955
0.0006326701
0
0
0
0
0
0
0
0
0
0
0.0007268248
0.0007095232
0.000691524
0.0006728071
0.0006532877
0
0
0
0
0
0
0
0
0
0
0.0007443474
0.0007276907
0.0007103677
0.0006923603
0.0006735879
0
0
0
0
0
0
0
0
0
0
0.0007617414
0.0007457223
0.0007290664
0.0007117584
0.0006937218
0
0
0
0
0
0
0
0
0
0
0.0007790025
0.0007636135
0.0007476166
0.0007309989
0.0007136888
0
0
0
0
0
0
0
0
0
0
0.0007955478
0.0007807589
0.0007653873
0.0007494226
0.0007327976
0
0
0
0
0
0
0
0
0
0
0.0008111389
0.0007969146
0.0007821283
0.0007667725
0.0007507842
0
0
0
0
0
0
0
0
0
0
0.0008257178
0.000812026
0.0007977871
0.0007829979
0.0007676002
0
0
0
0
0
0
0
0
0
0.0008393089
0.0008261246
0.0008124017
0.0007981422
0.0007832936
0
0
0
0
0
0
0
0
0
0
0.0005126694
0.0004870672
0.0004602811
0.0004322476
0.0004028087
0
0
0
0
0
0
0
0
0
0
0.0005363019
0.0005116832
0.0004859478
0.0004590396
0.0004308115
0
0
0
0
0
0
0
0
0
0
0.0005582409
0.0005345147
0.0005097299
0.0004838365
0.0004566967
0
0
0
0
0
0
0
0
0
0
0.0005786846
0.0005557728
0.0005318532
0.0005068809
0.0004807259
0
0
0
0
0
0
0
0
0
0
0.000597937
0.0005757773
0.0005526548
0.0005285284
0.0005032752
0
0
0
0
0
0
0
0
0
0
0.0006165058
0.0005950599
0.0005726919
0.0005493647
0.0005249609
0
0
0
0
0
0
0
0
0
0
0.0006352195
0.0006144882
0.0005928759
0.000570349
0.0005467967
0
0
0
0
0
0
0
0
0
0
0.000653997
0.0006339777
0.0006131178
0.0005913871
0.0005686808
0
0
0
0
0
0
0
0
0
0
0.0006726127
0.0006532941
0.0006331735
0.0006122236
0.0005903454
0
0
0
0
0
0
0
0
0
0
0.0006909046
0.0006722694
0.0006528689
0.0006326782
0.0006116034
0
0
0
0
0
0
0
0
0
0
0.0007088027
0.0006908317
0.0006721298
0.0006526746
0.0006323768
0
0
0
0
0
0
0
0
0
0
0.000726302
0.0007089766
0.0006909527
0.00067221
0.0006526637
0
0
0
0
0
0
0
0
0
0
0.0007434517
0.000726756
0.0007093921
0.000691342
0.000672525
0
0
0
0
0
0
0
0
0
0
0.0007603577
0.0007442805
0.0007275636
0.0007101914
0.0006920871
0
0
0
0
0
0
0
0
0
0
0.0007771414
0.000761677
0.0007455999
0.0007288967
0.0007114954
0
0
0
0
0
0
0
0
0
0
0.0007937987
0.0007789415
0.0007634977
0.0007474565
0.0007307501
0
0
0
0
0
0
0
0
0
0
0.0008097659
0.0007954897
0.0007806486
0.0007652351
0.0007491858
0
0
0
0
0
0
0
0
0
0
0.0008248085
0.0008110831
0.0007968088
0.0007819824
0.0007665454
0
0
0
0
0
0
0
0
0
0.0008388643
0.0008256638
0.0008119239
0.0007976466
0.0007827792
0
0
0
0
0
0
0
0
0.0008519467
0.0008392565
0.0008260258
0.0008122658
0.0007979309
0
0
0
0
0
0
0
0
0
0
0.00053716
0.0005125806
0.0004868875
0.000460025
0.0004318465
0
0
0
0
0
0
0
0
0
0
0.0005598687
0.0005362157
0.0005115097
0.0004857012
0.0004586534
0
0
0
0
0
0
0
0
0
0
0.0005809671
0.0005581569
0.0005343464
0.0005094914
0.0004834632
0
0
0
0
0
0
0
0
0
0
0.0006006416
0.0005786022
0.0005556088
0.0005316214
0.0005065182
0
0
0
0
0
0
0
0
0
0
0.0006191818
0.0005978555
0.0005756161
0.0005524274
0.0005281736
0
0
0
0
0
0
0
0
0
0
0.0006370726
0.0006164243
0.0005949002
0.000572467
0.0005490147
0
0
0
0
0
0
0
0
0
0
0.0006551087
0.0006351398
0.000614333
0.0005926581
0.0005700106
0
0
0
0
0
0
0
0
0
0
0.0006732106
0.0006539196
0.0006338279
0.0006129083
0.0005910618
0
0
0
0
0
0
0
0
0
0
0.0006911608
0.0006725376
0.0006531496
0.0006329719
0.0006119108
0
0
0
0
0
0
0
0
0
0
0.0007088027
0.0006908317
0.0006721298
0.0006526746
0.0006323768
0
0
0
0
0
0
0
0
0
0
0.0007260681
0.0007087319
0.0006906966
0.0006719422
0.0006523837
0
0
0
0
0
0
0
0
0
0
0.0007429515
0.0007262331
0.0007088457
0.0006907711
0.0006719287
0
0
0
0
0
0
0
0
0
0
0.0007594992
0.0007433847
0.000726629
0.0007092162
0.0006910695
0
0
0
0
0
0
0
0
0
0
0.0007758126
0.0007602927
0.0007441574
0.0007273931
0.0007099274
0
0
0
0
0
0
0
0
0
0
0.000792008
0.0007770788
0.0007615584
0.0007454357
0.0007286424
0
0
0
0
0
0
0
0
0
0
0.0008080809
0.0007937394
0.0007788293
0.0007633427
0.0007472159
0
0
0
0
0
0
0
0
0
0
0.0008234846
0.0008097094
0.0007953828
0.0007805012
0.0007650059
0
0
0
0
0
0
0
0
0
0.000837987
0.0008247542
0.0008109804
0.0007966675
0.0007817626
0
0
0
0
0
0
0
0
0.0008515175
0.0008388118
0.0008255648
0.0008117877
0.0007974348
0
0
0
0
0
0
0
0.0008640759
0.0008518956
0.0008391605
0.0008258941
0.0008120612
0
0
0
0
0
0
0
0
0
0
0.0005606903
0.0005370741
0.0005124076
0.0004866416
0.0004596398
0
0
0
0
0
0
0
0
0
0
0.0005825265
0.0005597852
0.0005360485
0.0005112727
0.00048533
0
0
0
0
0
0
0
0
0
0
0.0006028294
0.0005808857
0.0005579947
0.0005341171
0.0005091323
0
0
0
0
0
0
0
0
0
0
0.0006217747
0.0006005618
0.000578444
0.0005553856
0.0005312724
0
0
0
0
0
0
0
0
0
0
0.000639638
0.0006191027
0.0005976999
0.0005753971
0.0005520857
0
0
0
0
0
0
0
0
0
0
0.0006568839
0.0006369937
0.0006162701
0.0005946835
0.00057213
0
0
0
0
0
0
0
0
0
0
0.0006742746
0.0006550314
0.0006349899
0.000614123
0.0005923319
0
0
0
0
0
0
0
0
0
0
0.0006917324
0.0006731355
0.0006537748
0.0006336258
0.0006125947
0
0
0
0
0
0
0
0
0
0
0.0007090475
0.0006910879
0.0006723979
0.000652955
0.0006326701
0
0
0
0
0
0
0
0
0
0
0.0007260681
0.0007087319
0.0006906966
0.0006719422
0.0006523837
0
0
0
0
0
0
0
0
0
0
0.000742728
0.0007259993
0.0007086011
0.0006905153
0.0006716613
0
0
0
0
0
0
0
0
0
0
0.0007590206
0.0007428845
0.0007261063
0.0007086702
0.0006904993
0
0
0
0
0
0
0
0
0
0
0.0007749896
0.0007594341
0.0007432617
0.0007264588
0.0007089528
0
0
0
0
0
0
0
0
0
0
0.0007907316
0.0007757494
0.0007601733
0.0007439924
0.0007271378
0
0
0
0
0
0
0
0
0
0
0.0008063576
0.0007919471
0.0007769638
0.0007613994
0.0007451896
0
0
0
0
0
0
0
0
0
0
0.000821861
0.0008080232
0.0007936305
0.0007786792
0.0007631099
0
0
0
0
0
0
0
0
0
0.00083671
0.0008234296
0.0008096056
0.0007952399
0.0007802793
0
0
0
0
0
0
0
0
0.0008506708
0.000837934
0.0008246545
0.0008108434
0.0007964546
0
0
0
0
0
0
0
0.0008636616
0.0008514663
0.0008387156
0.0008254327
0.0008115826
0
0
0
0
0
0
0.0008756593
0.0008640262
0.0008518025
0.0008390328
0.0008256957
0
0
0
0
0
0
0
0
0
0
0.0005833139
0.0005606071
0.0005369073
0.0005121712
0.0004862713
0
0
0
0
0
0
0
0
0
0
0.0006043247
0.0005824457
0.000559624
0.0005358205
0.0005109156
0
0
0
0
0
0
0
0
0
0
0.0006238733
0.0006027506
0.0005807291
0.0005577739
0.0005337715
0
0
0
0
0
0
0
0
0
0
0.0006421255
0.0006216973
0.000600409
0.000578229
0.0005550496
0
0
0
0
0
0
0
0
0
0
0.0006593447
0.0006395613
0.0006189524
0.0005974888
0.000575068
0
0
0
0
0
0
0
0
0
0
0.000675976
0.0006568074
0.0006368446
0.0006160612
0.0005943587
0
0
0
0
0
0
0
0
0
0
0.0006927511
0.0006741996
0.0006548865
0.0006347873
0.0006138085
0
0
0
0
0
0
0
0
0
0
0.0007095941
0.0006916595
0.0006729955
0.0006535798
0.0006333232
0
0
0
0
0
0
0
0
0
0
0.000726302
0.0007089766
0.0006909527
0.00067221
0.0006526637
0
0
0
0
0
0
0
0
0
0
0.000742728
0.0007259993
0.0007086011
0.0006905153
0.0006716613
0
0
0
0
0
0
0
0
0
0
0.000758807
0.0007426611
0.0007258727
0.0007084259
0.0006902439
0
0
0
0
0
0
0
0
0
0
0.0007745316
0.0007589555
0.0007427617
0.0007259366
0.0007084075
0
0
0
0
0
0
0
0
0
0
0.0007899425
0.0007749263
0.0007593149
0.0007430971
0.0007262042
0
0
0
0
0
0
0
0
0
0
0.0008051312
0.00079067
0.0007756336
0.0007600137
0.0007437455
0
0
0
0
0
0
0
0
0
0
0.000820202
0.0008062983
0.0007918355
0.0007768099
0.0007611613
0
0
0
0
0
0
0
0
0
0.0008351452
0.0008218048
0.0008079176
0.0007934851
0.0007784538
0
0
0
0
0
0
0
0
0.0008494391
0.0008366564
0.0008233288
0.0008094672
0.000795025
0
0
0
0
0
0
0
0.0008628445
0.0008506193
0.0008378372
0.0008245217
0.0008106372
0
0
0
0
0
0
0.0008752594
0.0008636117
0.0008513729
0.0008385875
0.0008252339
0
0
0
0
0
0.0008866291
0.0008756108
0.0008639356
0.0008516785
0.0008388405
0
0
0
0
0
0
0
0
0
0
0.0006050798
0.0005832333
0.0005604463
0.00053668
0.0005118151
0
0
0
0
0
0
0
0
0
0
0.000625308
0.0006042464
0.0005822901
0.0005594045
0.0005354768
0
0
0
0
0
0
0
0
0
0
0.0006441398
0.0006237968
0.0006025994
0.0005805164
0.0005574411
0
0
0
0
0
0
0
0
0
0
0.0006617324
0.0006420504
0.0006215497
0.0006002018
0.0005779052
0
0
0
0
0
0
0
0
0
0
0.0006783376
0.0006592703
0.0006394161
0.0006187489
0.0005971715
0
0
0
0
0
0
0
0
0
0
0.0006943824
0.0006759017
0.0006566633
0.0006366431
0.0006157479
0
0
0
0
0
0
0
0
0
0
0.0007105697
0.0006926783
0.0006740594
0.000654691
0.000634484
0
0
0
0
0
0
0
0
0
0
0.0007268248
0.0007095232
0.000691524
0.0006728071
0.0006532877
0
0
0
0
0
0
0
0
0
0
0.0007429515
0.0007262331
0.0007088457
0.0006907711
0.0006719287
0
0
0
0
0
0
0
0
0
0
0.000758807
0.0007426611
0.0007258727
0.0007084259
0.0006902439
0
0
0
0
0
0
0
0
0
0
0.0007743275
0.0007587419
0.0007425384
0.0007257031
0.0007081635
0
0
0
0
0
0
0
0
0
0
0.0007895042
0.0007744683
0.0007588364
0.0007425975
0.0007256826
0
0
0
0
0
0
0
0
0
0
0.0008043746
0.0007898809
0.0007748106
0.0007591555
0.0007428507
0
0
0
0
0
0
0
0
0
0
0.0008190236
0.0008050713
0.0007905578
0.000775479
0.0007597747
0
0
0
0
0
0
0
0
0
0.000833548
0.0008201443
0.00080619
0.0007916864
0.0007765794
0
0
0
0
0
0
0
0
0.0008479308
0.0008350904
0.0008217022
0.0008077766
0.0007932668
0
0
0
0
0
0
0
0.0008616563
0.0008493868
0.0008365586
0.0008231946
0.000809259
0
0
0
0
0
0
0.000874471
0.0008627942
0.0008505253
0.0008377084
0.0008243218
0
0
0
0
0
0.0008862434
0.0008752108
0.0008635209
0.0008512486
0.0008383947
0
0
0
0
0.0008968635
0.0008865818
0.0008755227
0.0008638153
0.000851492
0
0
0
0
0
0
0
0
0
0
0.0006260327
0.0006050017
0.0005830781
0.0005602274
0.0005363372
0
0
0
0
0
0
0
0
0
0
0.0006455174
0.0006252321
0.0006040961
0.0005820787
0.0005590735
0
0
0
0
0
0
0
0
0
0
0.000663667
0.0006440656
0.0006236508
0.0006023944
0.0005801957
0
0
0
0
0
0
0
0
0
0
0.0006806307
0.0006616595
0.0006419078
0.0006213499
0.0005998897
0
0
0
0
0
0
0
0
0
0
0.0006966499
0.0006782654
0.0006591299
0.0006392197
0.0006184428
0
0
0
0
0
0
0
0
0
0
0.0007121345
0.0006943103
0.0006757623
0.0006564687
0.0006363409
0
0
0
0
0
0
0
0
0
0
0.0007277595
0.000710499
0.0006925427
0.0006738706
0.0006543982
0
0
0
0
0
0
0
0
0
0
0.0007434517
0.000726756
0.0007093921
0.000691342
0.000672525
0
0
0
0
0
0
0
0
0
0
0.0007590206
0.0007428845
0.0007261063
0.0007086702
0.0006904993
0
0
0
0
0
0
0
0
0
0
0.0007743275
0.0007587419
0.0007425384
0.0007257031
0.0007081635
0
0
0
0
0
0
0
0
0
0
0.0007893092
0.0007742642
0.000758623
0.0007423744
0.0007254495
0
0
0
0
0
0
0
0
0
0
0.0008039552
0.0007894426
0.0007743528
0.0007586774
0.0007423518
0
0
0
0
0
0
0
0
0
0
0.0008182982
0.0008043146
0.0007897687
0.0007746563
0.0007589171
0
0
0
0
0
0
0
0
0
0.0008324157
0.0008189653
0.0008049624
0.000790408
0.0007752477
0
0
0
0
0
0
0
0
0.000846393
0.0008334918
0.0008200392
0.0008060455
0.0007914632
0
0
0
0
0
0
0
0.0008602026
0.0008478774
0.0008349908
0.0008215655
0.0008075651
0
0
0
0
0
0
0.0008733251
0.0008616054
0.0008492918
0.0008364284
0.0008229928
0
0
0
0
0
0.000885483
0.0008744219
0.0008627029
0.0008504002
0.0008375146
0
0
0
0
0.0008964917
0.0008861959
0.0008751225
0.0008634003
0.0008510617
0
0
0
0.0009061632
0.0008968173
0.0008864961
0.0008754058
0.0008636343
0
0
0
0
0
0
0
0
0
0
0.0006462134
0.000625957
0.0006048518
0.0005828672
0.0005598972
0
0
0
0
0
0
0
0
0
0
0.0006649905
0.0006454437
0.0006250869
0.0006038923
0.0005817597
0
0
0
0
0
0
0
0
0
0
0.0006824897
0.000663595
0.0006439245
0.000623453
0.0006020852
0
0
0
0
0
0
0
0
0
0
0.0006988533
0.00068056
0.0006615216
0.000641715
0.0006210488
0
0
0
0
0
0
0
0
0
0
0.0007143125
0.0006965797
0.0006781295
0.0006589403
0.0006389244
0
0
0
0
0
0
0
0
0
0
0.0007292609
0.0007120644
0.0006941755
0.0006755745
0.000656177
0
0
0
0
0
0
0
0
0
0
0.0007443474
0.0007276907
0.0007103677
0.0006923603
0.0006735879
0
0
0
0
0
0
0
0
0
0
0.0007594992
0.0007433847
0.000726629
0.0007092162
0.0006910695
0
0
0
0
0
0
0
0
0
0
0.0007745316
0.0007589555
0.0007427617
0.0007259366
0.0007084075
0
0
0
0
0
0
0
0
0
0
0.0007893092
0.0007742642
0.000758623
0.0007423744
0.0007254495
0
0
0
0
0
0
0
0
0
0
0.0008037688
0.0007892475
0.0007741488
0.0007584642
0.000742129
0
0
0
0
0
0
0
0
0
0
0.0008178969
0.0008038952
0.0007893306
0.0007741988
0.0007584396
0
0
0
0
0
0
0
0
0
0.0008317201
0.0008182397
0.0008042058
0.0007896192
0.0007744255
0
0
0
0
0
0
0
0
0.0008453049
0.0008323588
0.0008188596
0.0008048172
0.000790184
0
0
0
0
0
0
0
0.0008587221
0.0008463382
0.0008333897
0.0008198991
0.0008058293
0
0
0
0
0
0
0.0008719242
0.0008601506
0.0008477807
0.0008348583
0.0008213606
0
0
0
0
0
0.0008843784
0.0008732754
0.000861513
0.0008491655
0.0008362327
0
0
0
0
0.0008957591
0.0008854351
0.0008743331
0.0008625815
0.0008502123
0
0
0
0.0009058056
0.0008964453
0.00088611
0.0008750053
0.0008632188
0
0
0.0009141916
0.000906118
0.0008967338
0.0008863825
0.0008752301
0
0
0
0
0
0
0
0
0
0
0.0006656593
0.0006461399
0.0006258122
0.0006046486
0.0005825491
0
0
0
0
0
0
0
0
0
0
0.000683762
0.000664919
0.0006453034
0.0006248903
0.0006035847
0
0
0
0
0
0
0
0
0
0
0.0007006405
0.0006824198
0.0006634585
0.0006437337
0.0006231547
0
0
0
0
0
0
0
0
0
0
0.0007164306
0.0006987845
0.0006804266
0.0006613355
0.0006414244
0
0
0
0
0
0
0
0
0
0
0.0007313538
0.0007142443
0.0006964483
0.0006779464
0.0006586552
0
0
0
0
0
0
0
0
0
0
0.0007457885
0.0007291928
0.0007119339
0.0006939939
0.0006752927
0
0
0
0
0
0
0
0
0
0
0.0007603577
0.0007442805
0.0007275636
0.0007101914
0.0006920871
0
0
0
0
0
0
0
0
0
0
0.0007749896
0.0007594341
0.0007432617
0.0007264588
0.0007089528
0
0
0
0
0
0
0
0
0
0
0.0007895042
0.0007744683
0.0007588364
0.0007425975
0.0007256826
0
0
0
0
0
0
0
0
0
0
0.0008037688
0.0007892475
0.0007741488
0.0007584642
0.000742129
0
0
0
0
0
0
0
0
0
0
0.0008177188
0.0008037088
0.0007891356
0.000773995
0.0007582267
0
0
0
0
0
0
0
0
0
0.0008313361
0.0008178384
0.0008037865
0.0007891814
0.0007739686
0
0
0
0
0
0
0
0
0.000844638
0.0008316631
0.0008181341
0.0008040608
0.0007893957
0
0
0
0
0
0
0
0.0008576767
0.0008452495
0.0008322562
0.0008187188
0.0008046002
0
0
0
0
0
0
0.0008704993
0.0008586686
0.000846239
0.0008332538
0.0008196895
0
0
0
0
0
0.0008830292
0.0008718735
0.0008600565
0.000847652
0.0008346595
0
0
0
0
0.0008946954
0.0008843299
0.0008731855
0.0008613903
0.0008489757
0
0
0
0.000905101
0.0008957123
0.0008853487
0.0008742152
0.0008623991
0
0
0.0009138486
0.0009057602
0.0008963616
0.000885996
0.0008748291
0
0.0009204214
0.0009141473
0.0009060365
0.0008966232
0.0008862117
0
0
0
0
0
0
0
0
0
0
0.000684405
0.000665588
0.000646
0.0006256161
0.0006043418
0
0
0
0
0
0
0
0
0
0
0.0007018641
0.0006836926
0.0006647833
0.0006451137
0.0006245936
0
0
0
0
0
0
0
0
0
0
0.0007181497
0.0007005727
0.0006822878
0.0006632743
0.0006434458
0
0
0
0
0
0
0
0
0
0
0.0007333908
0.0007163638
0.0006986554
0.0006802467
0.0006610549
0
0
0
0
0
0
0
0
0
0
0.0007478004
0.0007312876
0.000714117
0.0006962713
0.000677671
0
0
0
0
0
0
0
0
0
0
0.0007617414
0.0007457223
0.0007290664
0.0007117584
0.0006937218
0
0
0
0
0
0
0
0
0
0
0.0007758126
0.0007602927
0.0007441574
0.0007273931
0.0007099274
0
0
0
0
0
0
0
0
0
0
0.0007899425
0.0007749263
0.0007593149
0.0007430971
0.0007262042
0
0
0
0
0
0
0
0
0
0
0.0008039552
0.0007894426
0.0007743528
0.0007586774
0.0007423518
0
0
0
0
0
0
0
0
0
0
0.0008177188
0.0008037088
0.0007891356
0.000773995
0.0007582267
0
0
0
0
0
0
0
0
0
0.000831166
0.0008176603
0.0008036002
0.0007889867
0.0007737651
0
0
0
0
0
0
0
0
0.0008442708
0.0008312791
0.0008177329
0.0008036419
0.0007889585
0
0
0
0
0
0
0
0.0008570376
0.0008445825
0.0008315605
0.0008179936
0.0008038443
0
0
0
0
0
0
0.0008694953
0.0008576227
0.0008451498
0.0008321196
0.0008185085
0
0
0
0
0
0.0008816586
0.0008704471
0.0008585723
0.0008461072
0.0008330507
0
0
0
0
0.0008933974
0.0008829797
0.000871782
0.0008599316
0.0008474593
0
0
0
0.0009040787
0.000894648
0.0008842424
0.0008730664
0.0008612062
0
0
0.0009131732
0.0009050553
0.0008956281
0.000885234
0.0008740381
0
0.000920094
0.0009138042
0.0009056785
0.0008962507
0.0008858248
0.0009240209
0.0009203778
0.0009140676
0.0009059287
0.0008964571
0
0
0
0
0
0
0
0
0
0
0.0007024827
0.0006843358
0.0006654527
0.0006458108
0.0006253202
0
0
0
0
0
0
0
0
0
0
0.0007193271
0.0007017967
0.0006835613
0.0006646001
0.0006448273
0
0
0
0
0
0
0
0
0
0
0.0007350452
0.0007180838
0.0007004449
0.0006821099
0.0006629963
0
0
0
0
0
0
0
0
0
0
0.0007497603
0.0007333259
0.0007162388
0.0006984816
0.0006799757
0
0
0
0
0
0
0
0
0
0
0.0007636761
0.000747736
0.0007311643
0.000713946
0.0006960053
0
0
0
0
0
0
0
0
0
0
0.0007771414
0.000761677
0.0007455999
0.0007288967
0.0007114954
0
0
0
0
0
0
0
0
0
0
0.0007907316
0.0007757494
0.0007601733
0.0007439924
0.0007271378
0
0
0
0
0
0
0
0
0
0
0.0008043746
0.0007898809
0.0007748106
0.0007591555
0.0007428507
0
0
0
0
0
0
0
0
0
0
0.0008178969
0.0008038952
0.0007893306
0.0007741988
0.0007584396
0
0
0
0
0
0
0
0
0
0.000831166
0.0008176603
0.0008036002
0.0007889867
0.0007737651
0
0
0
0
0
0
0
0
0.0008441084
0.000831109
0.0008175549
0.0008034558
0.000788764
0
0
0
0
0
0
0
0.0008566866
0.0008442153
0.0008311766
0.0008175927
0.0008034259
0
0
0
0
0
0
0.0008688832
0.0008569834
0.0008444828
0.0008314242
0.0008177837
0
0
0
0
0
0.0008806952
0.0008694427
0.0008575257
0.0008450173
0.0008319157
0
0
0
0
0.0008920805
0.0008816077
0.0008703534
0.0008584442
0.0008459101
0
0
0
0.0009028324
0.000893349
0.0008828906
0.0008716606
0.0008597445
0
0
0.0009121938
0.0009040323
0.0008945628
0.0008841266
0.0008728876
0
0.0009194494
0.0009131284
0.0009049731
0.0008955165
0.0008850619
0.0009237081
0.0009200502
0.0009137243
0.0009055704
0.0008960842
0.0009239779
0.0009202995
0.0009139622
0.0009057668
0
0
0
0
0
0
0
0
0
0
0.0007199224
0.0007024155
0.0006842049
0.00066527
0.0006455251
0
0
0
0
0
0
0
0
0
0
0.0007361785
0.0007192616
0.0007016697
0.0006833844
0.0006643236
0
0
0
0
0
0
0
0
0
0
0.0007513529
0.0007349811
0.0007179601
0.0007002729
0.0006818414
0
0
0
0
0
0
0
0
0
0
0.0007655624
0.0007496972
0.0007332049
0.0007160708
0.0006982198
0
0
0
0
0
0
0
0
0
0
0.0007790025
0.0007636135
0.0007476166
0.0007309989
0.0007136888
0
0
0
0
0
0
0
0
0
0
0.000792008
0.0007770788
0.0007615584
0.0007454357
0.0007286424
0
0
0
0
0
0
0
0
0
0
0.0008051312
0.00079067
0.0007756336
0.0007600137
0.0007437455
0
0
0
0
0
0
0
0
0
0
0.0008182982
0.0008043146
0.0007897687
0.0007746563
0.0007589171
0
0
0
0
0
0
0
0
0
0.0008313361
0.0008178384
0.0008037865
0.0007891814
0.0007739686
0
0
0
0
0
0
0
0
0.0008441084
0.000831109
0.0008175549
0.0008034558
0.000788764
0
0
0
0
0
0
0
0.0008565316
0.0008440528
0.0008310066
0.0008174148
0.0008032401
0
0
0
0
0
0
0.0008685479
0.0008566324
0.0008441157
0.0008310406
0.0008173833
0
0
0
0
0
0.0008801095
0.0008688304
0.0008568865
0.0008443505
0.0008312207
0
0
0
0
0.0008911574
0.0008806438
0.0008693483
0.0008573971
0.0008448195
0
0
0
0.0009015698
0.0008920307
0.0008815164
0.000870229
0.000858253
0
0
0.0009110012
0.000902785
0.0008932622
0.0008827726
0.000871479
0
0.0009185154
0.0009121484
0.0009039492
0.00089445
0.0008839528
0.0009230926
0.0009194054
0.000913048
0.0009048643
0.0008953491
0.0009236648
0.0009199717
0.0009136186
0.0009054081
0.0009239006
0.0009201961
0.000913804
0
0
0
0
0
0
0
0
0
0
0.0007367518
0.0007198571
0.0007022888
0.0006840284
0.0006649942
0
0
0
0
0
0
0
0
0
0
0.0007524444
0.0007361149
0.0007191386
0.0007014987
0.0006831173
0
0
0
0
0
0
0
0
0
0
0.0007670962
0.0007512906
0.0007348613
0.0007177938
0.0007000135
0
0
0
0
0
0
0
0
0
0
0.0007808186
0.000765501
0.0007495799
0.0007330424
0.0007158176
0
0
0
0
0
0
0
0
0
0
0.0007937987
0.0007789415
0.0007634977
0.0007474565
0.0007307502
0
0
0
0
0
0
0
0
0
0
0.0008063576
0.0007919471
0.0007769638
0.0007613994
0.0007451896
0
0
0
0
0
0
0
0
0
0
0.0008190236
0.0008050713
0.0007905578
0.000775479
0.0007597747
0
0
0
0
0
0
0
0
0
0.0008317201
0.0008182397
0.0008042058
0.0007896192
0.0007744255
0
0
0
0
0
0
0
0
0.0008442708
0.0008312791
0.0008177329
0.0008036419
0.0007889585
0
0
0
0
0
0
0
0.0008565316
0.0008440528
0.0008310066
0.0008174148
0.0008032401
0
0
0
0
0
0
0.0008684002
0.0008564774
0.0008439533
0.0008308708
0.0008172057
0
0
0
0
0
0.0008797898
0.000868495
0.0008565355
0.0008439837
0.0008308376
0
0
0
0
0.000890598
0.0008800579
0.0008687361
0.0008567581
0.0008441532
0
0
0
0.0009006874
0.0008911071
0.000880552
0.0008692234
0.0008572052
0
0
0.0009097948
0.0009015211
0.0008919419
0.0008813955
0.0008700434
0
0.0009173796
0.0009109548
0.0009027004
0.0008931474
0.0008825961
0.0009222015
0.0009184707
0.0009120671
0.0009038392
0.000894281
0.000923049
0.0009193264
0.0009129417
0.0009047011
0.0009235873
0.000919868
0.00091346
0.0009237985
0.0009200408
0
0
0
0
0
0
0
0
0
0
0.0007529966
0.0007366883
0.0007197345
0.0007021182
0.000683762
0
0
0
0
0
0
0
0
0
0
0.0007681479
0.0007523826
0.0007359958
0.0007189733
0.0007012406
0
0
0
0
0
0
0
0
0
0
0.0007822963
0.0007670357
0.0007511745
0.0007347004
0.000717543
0
0
0
0
0
0
0
0
0
0
0.0007955478
0.0007807589
0.0007653873
0.0007494226
0.0007327976
0
0
0
0
0
0
0
0
0
0
0.0008080809
0.0007937394
0.0007788293
0.0007633427
0.0007472159
0
0
0
0
0
0
0
0
0
0
0.000820202
0.0008062983
0.0007918355
0.0007768099
0.0007611613
0
0
0
0
0
0
0
0
0
0.0008324157
0.0008189653
0.0008049624
0.000790408
0.0007752477
0
0
0
0
0
0
0
0
0.000844638
0.0008316631
0.0008181341
0.0008040608
0.0007893957
0
0
0
0
0
0
0
0.0008566866
0.0008442153
0.0008311766
0.0008175927
0.0008034259
0
0
0
0
0
0
0.0008684002
0.0008564774
0.0008439533
0.0008308708
0.0008172057
0
0
0
0
0
0.0008796492
0.0008683473
0.0008563806
0.0008438215
0.000830668
0
0
0
0
0.0008902937
0.0008797381
0.0008684009
0.0008564074
0.0008437868
0
0
0
0.0009001548
0.0008905476
0.0008799661
0.0008686113
0.0008565665
0
0
0.0009089549
0.0009006382
0.0008910177
0.0008804304
0.000869037
0
0.0009162327
0.0009097472
0.0009014344
0.0008918242
0.0008812151
0.00092112
0.0009173339
0.000910872
0.0009025884
0.0008929756
0.0009221574
0.0009183908
0.0009119596
0.0009036744
0.000922971
0.000919222
0.0009127823
0.0009234849
0.0009197124
0.0009236452
0
0
0
0
0
0
0
0
0
0
0.0007686801
0.000752935
0.0007365695
0.0007195695
0.0007018608
0
0
0
0
0
0
0
0
0
0
0.0007833099
0.0007680877
0.0007522672
0.0007358359
0.0007187238
0
0
0
0
0
0
0
0
0
0
0.000796972
0.0007822374
0.0007669231
0.0007510189
0.0007344579
0
0
0
0
0
0
0
0
0
0
0.0008097659
0.0007954897
0.0007806486
0.0007652351
0.0007491858
0
0
0
0
0
0
0
0
0
0
0.000821861
0.0008080232
0.0007936305
0.0007786792
0.0007631099
0
0
0
0
0
0
0
0
0
0.000833548
0.0008201443
0.00080619
0.0007916864
0.0007765794
0
0
0
0
0
0
0
0
0.0008453049
0.0008323588
0.0008188596
0.0008048172
0.000790184
0
0
0
0
0
0
0
0.0008570376
0.0008445825
0.0008315605
0.0008179936
0.0008038443
0
0
0
0
0
0
0.0008685479
0.0008566324
0.0008441157
0.0008310406
0.0008173833
0
0
0
0
0
0.0008796492
0.0008683473
0.0008563806
0.0008438215
0.000830668
0
0
0
0
0.0008901602
0.0008795975
0.0008682532
0.0008562526
0.0008436248
0
0
0
0.0008998663
0.0008902432
0.0008796464
0.0008682763
0.0008562163
0
0
0.0009084503
0.0009001055
0.0008904581
0.0008798448
0.0008684253
0
0.000915438
0.0009089067
0.0009005509
0.0008908994
0.0008802493
0.0009200307
0.0009161858
0.0009096624
0.0009013196
0.0008916487
0.000921075
0.0009172526
0.0009107626
0.000902421
0.0009220786
0.0009182853
0.0009117987
0.000922868
0.0009190655
0.0009233313
0
0
0
0
0
0
0
0
0
0
0.000783823
0.0007686201
0.0007528199
0.00073641
0.0007193207
0
0
0
0
0
0
0
0
0
0
0.0007979492
0.0007832514
0.0007679759
0.0007521124
0.0007355946
0
0
0
0
0
0
0
0
0
0
0.0008111389
0.0007969146
0.0007821283
0.0007667725
0.0007507842
0
0
0
0
0
0
0
0
0
0
0.0008234846
0.0008097094
0.0007953828
0.0007805012
0.0007650059
0
0
0
0
0
0
0
0
0
0.0008351452
0.0008218048
0.0008079176
0.0007934851
0.0007784538
0
0
0
0
0
0
0
0
0.000846393
0.0008334918
0.0008200392
0.0008060455
0.0007914632
0
0
0
0
0
0
0
0.0008576767
0.0008452495
0.0008322562
0.0008187188
0.0008046002
0
0
0
0
0
0
0.0008688832
0.0008569834
0.0008444828
0.0008314242
0.0008177837
0
0
0
0
0
0.0008797898
0.000868495
0.0008565355
0.0008439837
0.0008308376
0
0
0
0
0.0008901602
0.0008795975
0.0008682532
0.0008562526
0.0008436248
0
0
0
0.0008997403
0.0008901097
0.0008795059
0.0008681288
0.0008560617
0
0
0.0009081785
0.0008998169
0.0008901538
0.0008795253
0.0008680908
0
0.0009149635
0.000908402
0.0009000182
0.00089034
0.0008796641
0.0009192804
0.0009153906
0.0009088214
0.0009004356
0.0008907232
0.0009199844
0.0009161026
0.0009095503
0.0009011486
0.0009209947
0.0009171452
0.0009105991
0.0009219745
0.0009181274
0.0009227136
0
0
0
0
0
0
0
0
0
0
0.000798444
0.0007837646
0.0007685085
0.0007526655
0.0007361693
0
0
0
0
0
0
0
0
0
0
0.0008120814
0.0007978923
0.000783143
0.0007678261
0.000751879
0
0
0
0
0
0
0
0
0
0
0.0008248085
0.0008110831
0.0007968088
0.0007819824
0.0007665454
0
0
0
0
0
0
0
0
0
0.00083671
0.0008234296
0.0008096056
0.0007952399
0.0007802793
0
0
0
0
0
0
0
0
0.0008479308
0.0008350904
0.0008217022
0.0008077766
0.0007932668
0
0
0
0
0
0
0
0.0008587221
0.0008463382
0.0008333897
0.0008198991
0.0008058293
0
0
0
0
0
0
0.0008694953
0.0008576227
0.0008451498
0.0008321196
0.0008185085
0
0
0
0
0
0.0008801095
0.0008688304
0.0008568865
0.0008443505
0.0008312207
0
0
0
0
0.0008902937
0.0008797381
0.0008684009
0.0008564074
0.0008437868
0
0
0
0.0008997403
0.0008901097
0.0008795059
0.0008681288
0.0008560617
0
0
0.0009080602
0.0008996908
0.0008900204
0.0008793849
0.0008679434
0
0.0009147098
0.00090813
0.0008997297
0.0008900359
0.0008793449
0.000918836
0.0009149159
0.0009083166
0.000899903
0.0008901642
0.0009192336
0.0009153068
0.0009087087
0.0009002639
0.0009199023
0.0009159926
0.0009093833
0.0009208888
0.0009169848
0.0009218186
0
0
0
0
0
0
0
0
0
0
0.0008125587
0.0007983872
0.0007836565
0.0007683591
0.0007524327
0
0
0
0
0
0
0
0
0
0
0.0008257178
0.000812026
0.0007977871
0.0007829979
0.0007676002
0
0
0
0
0
0
0
0
0
0.000837987
0.0008247542
0.0008109804
0.0007966675
0.0007817626
0
0
0
0
0
0
0
0
0.0008494391
0.0008366564
0.0008233288
0.0008094672
0.000795025
0
0
0
0
0
0
0
0.0008602026
0.0008478774
0.0008349908
0.0008215655
0.0008075651
0
0
0
0
0
0
0.0008704993
0.0008586686
0.000846239
0.0008332538
0.0008196895
0
0
0
0
0
0.0008806952
0.0008694427
0.0008575257
0.0008450173
0.0008319157
0
0
0
0
0.000890598
0.0008800579
0.0008687361
0.0008567581
0.0008441532
0
0
0
0.0008998663
0.0008902432
0.0008796464
0.0008682763
0.0008562163
0
0
0.0009080602
0.0008996908
0.0008900204
0.0008793849
0.0008679434
0
0.0009146
0.0009080117
0.0008996036
0.0008899027
0.0008792047
0.0009186008
0.0009146621
0.0009080447
0.0008996147
0.0008898605
0.000918789
0.0009148321
0.0009082041
0.0008997316
0.000919151
0.0009151963
0.0009085411
0.0009197939
0.0009158288
0.0009207306
0
0
0
0
0
0
0
0
0
0
0.0008261784
0.0008125035
0.0007982823
0.0007835118
0.0007681338
0
0
0
0
0
0
0
0
0
0.0008388643
0.0008256638
0.0008119239
0.0007976466
0.0007827792
0
0
0
0
0
0
0
0
0.0008506708
0.000837934
0.0008246545
0.0008108434
0.0007964546
0
0
0
0
0
0
0
0.0008616563
0.0008493868
0.0008365586
0.0008231946
0.000809259
0
0
0
0
0
0
0.0008719242
0.0008601506
0.0008477807
0.0008348583
0.0008213606
0
0
0
0
0
0.0008816586
0.0008704471
0.0008585723
0.0008461072
0.0008330507
0
0
0
0
0.0008911574
0.0008806438
0.0008693483
0.0008573971
0.0008448195
0
0
0
0.0009001548
0.0008905476
0.0008799661
0.0008686113
0.0008565665
0
0
0.0009081785
0.0008998169
0.0008901538
0.0008795253
0.0008680908
0
0.0009146
0.0009080117
0.0008996036
0.0008899027
0.0008792047
0.0009184999
0.0009145523
0.0009079265
0.0008994888
0.0008897274
0.0009185537
0.0009145783
0.0009079324
0.0008994437
0.0009187063
0.0009147217
0.0009080368
0.000919042
0.0009150319
0.0009196325
0
0
0
0
0
0
0
0
0
0.0008393089
0.0008261246
0.0008124017
0.0007981422
0.0007832936
0
0
0
0
0
0
0
0
0.0008515175
0.0008388118
0.0008255648
0.0008117877
0.0007974348
0
0
0
0
0
0
0
0.0008628445
0.0008506193
0.0008378372
0.0008245217
0.0008106372
0
0
0
0
0
0
0.0008733251
0.0008616054
0.0008492918
0.0008364284
0.0008229928
0
0
0
0
0
0.0008830292
0.0008718735
0.0008600565
0.000847652
0.0008346595
0
0
0
0
0.0008920805
0.0008816077
0.0008703534
0.0008584442
0.0008459101
0
0
0
0.0009006874
0.0008911071
0.000880552
0.0008692234
0.0008572052
0
0
0.0009084503
0.0009001055
0.0008904581
0.0008798448
0.0008684253
0
0.0009147098
0.00090813
0.0008997297
0.0008900359
0.0008793449
0.0009184999
0.0009145523
0.0009079265
0.0008994888
0.0008897274
0.0009184528
0.0009144686
0.0009078143
0.0008993179
0.0009184711
0.0009144681
0.0009077654
0.0009185975
0.0009145575
0.00091888
0
0
0
0
0
0
0
0
0.0008519467
0.0008392565
0.0008260258
0.0008122658
0.0007979309
0
0
0
0
0
0
0
0.0008636616
0.0008514663
0.0008387156
0.0008254327
0.0008115826
0
0
0
0
0
0
0.000874471
0.0008627942
0.0008505253
0.0008377084
0.0008243218
0
0
0
0
0
0.0008843784
0.0008732754
0.000861513
0.0008491655
0.0008362327
0
0
0
0
0.0008933974
0.0008829797
0.000871782
0.0008599316
0.0008474593
0
0
0
0.0009015698
0.0008920307
0.0008815164
0.000870229
0.000858253
0
0
0.0009089549
0.0009006382
0.0008910177
0.0008804304
0.000869037
0
0.0009149635
0.000908402
0.0009000182
0.00089034
0.0008796641
0.0009186008
0.0009146621
0.0009080447
0.0008996147
0.0008898605
0.0009184528
0.0009144686
0.0009078143
0.0008993179
0.0009183702
0.0009143584
0.0009076474
0.0009183624
0.0009143042
0.0009184358
0
0
0
0
0
0
0
0.0008640759
0.0008518956
0.0008391605
0.0008258941
0.0008120612
0
0
0
0
0
0
0.0008752594
0.0008636117
0.0008513729
0.0008385875
0.0008252339
0
0
0
0
0
0.000885483
0.0008744219
0.0008627029
0.0008504002
0.0008375146
0
0
0
0
0.0008946954
0.0008843299
0.0008731855
0.0008613903
0.0008489757
0
0
0
0.0009028324
0.000893349
0.0008828906
0.0008716606
0.0008597445
0
0
0.0009097948
0.0009015211
0.0008919419
0.0008813955
0.0008700434
0
0.000915438
0.0009089067
0.0009005509
0.0008908994
0.0008802493
0.000918836
0.0009149159
0.0009083166
0.000899903
0.0008901642
0.0009185537
0.0009145783
0.0009079324
0.0008994437
0.0009183702
0.0009143584
0.0009076474
0.0009182616
0.0009141947
0.000918201
0
0
0
0
0
0
0.0008756593
0.0008640262
0.0008518025
0.0008390328
0.0008256957
0
0
0
0
0
0.0008862434
0.0008752108
0.0008635209
0.0008512486
0.0008383947
0
0
0
0
0.0008957591
0.0008854351
0.0008743331
0.0008625815
0.0008502123
0
0
0
0.0009040787
0.000894648
0.0008842424
0.0008730664
0.0008612062
0
0
0.0009110012
0.000902785
0.0008932622
0.0008827726
0.000871479
0
0.0009162327
0.0009097472
0.0009014344
0.0008918242
0.0008812151
0.0009192804
0.0009153906
0.0009088214
0.0009004356
0.0008907232
0.000918789
0.0009148321
0.0009082041
0.0008997316
0.0009184711
0.0009144681
0.0009077654
0.0009182616
0.0009141947
0.0009181003
0
0
0
0
0
0.0008866291
0.0008756108
0.0008639356
0.0008516785
0.0008388405
0
0
0
0
0.0008964917
0.0008861959
0.0008751225
0.0008634003
0.0008510617
0
0
0
0.000905101
0.0008957123
0.0008853486
0.0008742152
0.0008623991
0
0
0.0009121938
0.0009040323
0.0008945628
0.0008841266
0.0008728876
0
0.0009173796
0.0009109548
0.0009027004
0.0008931474
0.0008825961
0.0009200307
0.0009161858
0.0009096624
0.0009013196
0.0008916487
0.0009192336
0.0009153068
0.0009087087
0.0009002639
0.0009187063
0.0009147217
0.0009080368
0.0009183624
0.0009143042
0.0009181003
0
0
0
0
0.0008968635
0.0008865818
0.0008755227
0.0008638153
0.000851492
0
0
0
0.0009058056
0.0008964453
0.00088611
0.0008750053
0.0008632188
0
0
0.0009131732
0.0009050553
0.0008956281
0.000885234
0.0008740381
0
0.0009185154
0.0009121484
0.0009039492
0.00089445
0.0008839528
0.00092112
0.0009173339
0.000910872
0.0009025884
0.0008929756
0.0009199844
0.0009161026
0.0009095503
0.0009011486
0.000919151
0.0009151963
0.0009085411
0.0009185975
0.0009145575
0.000918201
0
0
0
0.0009061632
0.0008968172
0.0008864961
0.0008754058
0.0008636343
0
0
0.0009138486
0.0009057602
0.0008963616
0.000885996
0.0008748291
0
0.0009194494
0.0009131284
0.0009049731
0.0008955165
0.0008850619
0.0009222015
0.0009184707
0.0009120671
0.0009038392
0.000894281
0.000921075
0.0009172526
0.0009107626
0.000902421
0.0009199023
0.0009159926
0.0009093833
0.000919042
0.0009150319
0.0009184358
0
0
0.0009141916
0.000906118
0.0008967338
0.0008863825
0.0008752301
0
0.000920094
0.0009138042
0.0009056785
0.0008962507
0.0008858248
0.0009230926
0.0009194054
0.000913048
0.0009048643
0.0008953491
0.0009221574
0.0009183908
0.0009119596
0.0009036744
0.0009209947
0.0009171452
0.0009105991
0.0009197939
0.0009158288
0.00091888
0
0.0009204214
0.0009141473
0.0009060365
0.0008966232
0.0008862117
0.0009237081
0.0009200502
0.0009137243
0.0009055704
0.0008960842
0.000923049
0.0009193264
0.0009129417
0.0009047011
0.0009220786
0.0009182853
0.0009117987
0.0009208888
0.0009169848
0.0009196325
0.0009240209
0.0009203778
0.0009140676
0.0009059287
0.0008964571
0.0009236648
0.0009199717
0.0009136186
0.0009054081
0.000922971
0.000919222
0.0009127823
0.0009219745
0.0009181274
0.0009207306
0.0009239779
0.0009202995
0.0009139622
0.0009057668
0.0009235873
0.000919868
0.00091346
0.000922868
0.0009190655
0.0009218186
0.0009239006
0.0009201961
0.000913804
0.0009234849
0.0009197124
0.0009227136
0.0009237985
0.0009200408
0.0009233313
0.0009236452
)
;

boundaryField
{
    cathodeSides
    {
        type            zeroGradient;
    }
    electrolyteSides
    {
        type            zeroGradient;
    }
    anodeSides
    {
        type            zeroGradient;
    }
    phiI_to_phiI0
    {
        type            zeroGradient;
    }
}


// ************************************************************************* //
