/*--------------------------------*- C++ -*----------------------------------*\
| =========                 |                                                 |
| \\      /  F ield         | OpenFOAM: The Open Source CFD Toolbox           |
|  \\    /   O peration     | Version:  2306                                  |
|   \\  /    A nd           | Website:  www.openfoam.com                      |
|    \\/     M anipulation  |                                                 |
\*---------------------------------------------------------------------------*/
FoamFile
{
    version     2.0;
    format      ascii;
    arch        "LSB;label=32;scalar=64";
    class       volScalarField;
    location    "0.9/fuel";
    object      j;
}
// * * * * * * * * * * * * * * * * * * * * * * * * * * * * * * * * * * * * * //

dimensions      [0 -3 0 0 0 1 0];

internalField   nonuniform List<scalar> 
16000
(
9.280615e+08
9.359798e+08
8.496354e+08
8.843943e+08
9.519236e+08
8.547991e+08
8.917103e+08
7.826596e+08
8.117267e+08
8.536322e+08
9.758993e+08
8.649369e+08
9.064305e+08
7.866094e+08
8.165217e+08
8.605496e+08
7.286971e+08
7.494316e+08
7.848008e+08
8.347551e+08
1.006984e+09
8.795254e+08
9.28545e+08
7.942734e+08
8.259304e+08
8.744648e+08
7.319295e+08
7.53115e+08
7.893458e+08
8.414535e+08
6.83797e+08
6.990839e+08
7.256873e+08
7.680509e+08
8.267506e+08
1.040354e+09
8.971836e+08
9.571855e+08
8.050752e+08
8.394605e+08
8.953677e+08
7.381544e+08
7.602584e+08
7.982618e+08
8.549325e+08
6.865413e+08
7.021087e+08
7.291873e+08
7.724514e+08
8.333871e+08
6.451864e+08
6.570815e+08
6.778321e+08
7.107762e+08
7.606753e+08
0
1.065118e+09
9.143755e+08
9.878929e+08
8.177031e+08
8.55825e+08
9.224461e+08
7.468106e+08
7.703208e+08
8.110811e+08
8.751961e+08
6.917984e+08
7.07931e+08
7.35973e+08
7.810845e+08
8.467528e+08
6.475701e+08
6.596569e+08
6.807125e+08
7.141669e+08
7.650238e+08
0
6.112912e+08
6.208779e+08
6.378473e+08
6.64402e+08
7.040556e+08
0
0
1.080357e+09
9.258515e+08
1.010586e+09
8.29333e+08
8.717423e+08
9.514959e+08
7.566967e+08
7.820758e+08
8.265853e+08
9.014897e+08
6.990381e+08
7.160229e+08
7.455293e+08
7.935013e+08
8.668782e+08
6.521186e+08
6.645883e+08
6.862552e+08
7.207406e+08
7.735586e+08
0
6.133974e+08
6.231208e+08
6.403047e+08
6.671949e+08
7.074026e+08
0
0
5.810378e+08
5.89028e+08
6.033322e+08
6.256377e+08
6.582639e+08
0
0
0
1.088748e+09
9.321249e+08
1.024495e+09
8.364907e+08
8.823325e+08
9.729023e+08
7.654518e+08
7.928916e+08
8.416662e+08
9.297676e+08
7.071648e+08
7.252575e+08
7.566908e+08
8.085303e+08
8.930691e+08
6.583359e+08
6.713759e+08
6.939564e+08
7.299995e+08
7.858437e+08
0
6.174042e+08
6.273985e+08
6.450084e+08
6.725688e+08
7.138932e+08
0
0
5.829223e+08
5.910143e+08
6.05476e+08
6.280227e+08
6.6102e+08
0
0
0
5.53723e+08
5.605435e+08
5.729248e+08
5.921567e+08
6.200068e+08
0
0
0
0
1.092426e+09
9.352203e+08
1.032131e+09
8.399273e+08
8.881032e+08
9.859927e+08
7.705052e+08
7.995276e+08
8.516705e+08
9.505753e+08
7.141488e+08
7.334267e+08
7.669568e+08
8.231643e+08
9.213551e+08
6.652207e+08
6.789889e+08
7.027421e+08
7.408175e+08
8.007355e+08
0
6.228485e+08
6.332423e+08
6.514804e+08
6.800356e+08
7.230392e+08
0
0
5.864987e+08
5.947911e+08
6.095633e+08
6.325872e+08
6.663239e+08
0
0
0
5.554261e+08
5.623244e+08
5.748264e+08
5.942393e+08
6.223604e+08
0
0
0
0
5.288257e+08
5.347777e+08
5.456936e+08
5.626409e+08
5.869705e+08
0
0
0
0
0
1.092426e+09
9.364707e+08
1.035471e+09
8.413421e+08
8.909429e+08
9.93168e+08
7.726406e+08
8.027027e+08
8.571098e+08
9.632928e+08
7.179701e+08
7.381265e+08
7.732352e+08
8.328487e+08
9.421696e+08
6.709949e+08
6.855228e+08
7.105085e+08
7.507704e+08
8.152643e+08
0
6.288112e+08
6.397079e+08
6.587362e+08
6.885546e+08
7.337344e+08
0
0
5.913342e+08
5.9992e+08
6.15145e+08
6.388675e+08
6.736953e+08
0
0
0
5.586519e+08
5.657026e+08
5.78441e+08
5.982093e+08
6.268654e+08
0
0
0
0
5.303771e+08
5.363902e+08
5.474011e+08
5.644899e+08
5.890261e+08
0
0
0
0
0
5.059644e+08
5.112509e+08
5.210294e+08
5.361897e+08
5.578468e+08
0
0
0
0
0
0
1.088748e+09
9.364707e+08
1.035471e+09
8.41812e+08
8.920877e+08
9.96304e+08
7.733203e+08
8.040046e+08
8.597832e+08
9.702663e+08
7.193897e+08
7.401035e+08
7.7623e+08
8.381083e+08
9.549078e+08
6.740103e+08
6.890849e+08
7.149601e+08
7.568378e+08
8.248613e+08
0
6.337113e+08
6.451222e+08
6.649569e+08
6.960832e+08
7.435827e+08
0
0
5.965812e+08
6.05532e+08
6.213173e+08
6.459075e+08
6.821097e+08
0
0
0
5.629954e+08
5.702674e+08
5.833477e+08
6.036303e+08
6.330647e+08
0
0
0
0
5.33311e+08
5.394432e+08
5.506389e+08
5.680039e+08
5.929449e+08
0
0
0
0
0
5.07387e+08
5.127224e+08
5.225776e+08
5.378514e+08
5.596724e+08
0
0
0
0
0
0
4.848417e+08
4.896118e+08
4.984802e+08
5.122148e+08
5.317444e+08
0
0
0
0
0
0
0
1.080357e+09
9.352203e+08
1.032131e+09
8.41812e+08
8.920877e+08
9.96304e+08
7.734589e+08
8.044351e+08
8.608605e+08
9.73316e+08
7.196886e+08
7.407273e+08
7.774546e+08
8.406947e+08
9.619082e+08
6.749891e+08
6.903995e+08
7.168239e+08
7.59725e+08
8.300736e+08
0
6.361664e+08
6.479379e+08
6.683339e+08
7.003815e+08
7.495675e+08
0
0
6.008186e+08
6.101358e+08
6.26479e+08
6.519393e+08
6.895468e+08
0
0
0
5.67671e+08
5.752157e+08
5.88713e+08
6.096235e+08
6.400159e+08
0
0
0
0
5.372472e+08
5.435513e+08
5.550124e+08
5.727734e+08
5.982967e+08
0
0
0
0
0
5.100742e+08
5.15504e+08
5.255077e+08
5.410019e+08
5.63142e+08
0
0
0
0
0
0
4.861536e+08
4.909634e+08
4.998949e+08
5.137228e+08
5.333856e+08
0
0
0
0
0
0
0
4.652271e+08
4.695865e+08
4.777154e+08
4.902804e+08
5.080815e+08
0
0
0
0
0
0
0
0
1.065118e+09
9.321249e+08
1.024495e+09
8.413421e+08
8.909429e+08
9.93168e+08
7.734589e+08
8.044351e+08
8.608605e+08
9.73316e+08
7.196629e+08
7.408517e+08
7.778586e+08
8.417382e+08
9.649758e+08
6.750691e+08
6.906699e+08
7.174074e+08
7.609043e+08
8.326425e+08
0
6.368564e+08
6.488432e+08
6.695715e+08
7.02173e+08
7.524102e+08
0
0
6.028628e+08
6.124317e+08
6.291505e+08
6.551984e+08
6.93775e+08
0
0
0
5.713898e+08
5.79204e+08
5.931076e+08
6.146305e+08
6.459694e+08
0
0
0
0
5.414549e+08
5.479689e+08
5.597498e+08
5.779871e+08
6.04214e+08
0
0
0
0
0
5.136679e+08
5.192335e+08
5.29449e+08
5.452567e+08
5.678516e+08
0
0
0
0
0
0
4.886292e+08
4.935154e+08
5.025681e+08
5.165763e+08
5.364972e+08
0
0
0
0
0
0
0
4.664426e+08
4.708349e+08
4.790164e+08
4.916593e+08
5.095714e+08
0
0
0
0
0
0
0
0
4.469356e+08
4.509626e+08
4.58477e+08
4.700673e+08
4.864278e+08
0
0
0
0
0
0
0
0
0
1.040354e+09
9.258515e+08
1.010586e+09
8.399273e+08
8.881032e+08
9.859927e+08
7.733203e+08
8.040046e+08
8.597832e+08
9.702663e+08
7.196629e+08
7.408517e+08
7.778586e+08
8.417382e+08
9.649758e+08
6.749542e+08
6.906413e+08
7.175213e+08
7.612933e+08
8.336818e+08
0
6.368033e+08
6.489093e+08
6.698197e+08
7.027301e+08
7.535718e+08
0
0
6.033527e+08
6.13068e+08
6.300004e+08
6.563841e+08
6.955297e+08
0
0
0
5.731222e+08
5.811179e+08
5.952873e+08
6.172081e+08
6.491699e+08
0
0
0
0
5.447565e+08
5.514749e+08
5.635615e+08
5.822523e+08
6.09154e+08
0
0
0
0
0
5.174859e+08
5.232159e+08
5.33684e+08
5.498638e+08
5.729999e+08
0
0
0
0
0
0
4.919306e+08
4.96926e+08
5.061508e+08
5.204138e+08
5.406997e+08
0
0
0
0
0
0
0
4.687345e+08
4.731896e+08
4.814719e+08
4.942648e+08
5.123906e+08
0
0
0
0
0
0
0
0
4.480665e+08
4.52121e+08
4.5968e+08
4.713365e+08
4.877907e+08
0
0
0
0
0
0
0
0
0
4.298145e+08
4.335699e+08
4.40565e+08
4.51327e+08
4.664687e+08
0
0
0
0
0
0
0
0
0
0
1.006984e+09
9.143755e+08
9.878929e+08
8.364907e+08
8.823325e+08
9.729023e+08
7.726406e+08
8.027027e+08
8.571098e+08
9.632928e+08
7.196886e+08
7.407273e+08
7.774546e+08
8.406947e+08
9.619082e+08
6.749542e+08
6.906413e+08
7.175213e+08
7.612933e+08
8.336818e+08
0
6.366382e+08
6.487971e+08
6.697883e+08
7.028373e+08
7.539559e+08
0
0
6.032148e+08
6.130093e+08
6.300545e+08
6.566163e+08
6.960726e+08
0
0
0
5.734682e+08
5.815675e+08
5.958823e+08
6.180193e+08
6.503257e+08
0
0
0
0
5.462448e+08
5.530986e+08
5.653796e+08
5.843552e+08
6.116825e+08
0
0
0
0
0
5.204454e+08
5.263335e+08
5.370385e+08
5.535653e+08
5.772075e+08
0
0
0
0
0
0
4.954189e+08
5.005454e+08
5.099732e+08
5.245354e+08
5.4525e+08
0
0
0
0
0
0
0
4.717834e+08
4.763278e+08
4.847523e+08
4.977558e+08
5.161821e+08
0
0
0
0
0
0
0
0
4.501976e+08
4.543042e+08
4.619483e+08
4.737315e+08
4.903656e+08
0
0
0
0
0
0
0
0
0
4.308705e+08
4.346491e+08
4.416824e+08
4.525014e+08
4.677234e+08
0
0
0
0
0
0
0
0
0
0
4.137358e+08
4.172673e+08
4.238192e+08
4.338669e+08
4.47959e+08
0
0
0
0
0
0
0
0
0
0
9.758993e+08
8.971836e+08
9.571855e+08
8.29333e+08
8.717423e+08
9.514959e+08
7.705052e+08
7.995276e+08
8.516705e+08
9.505753e+08
7.193897e+08
7.401035e+08
7.7623e+08
8.381083e+08
9.549078e+08
6.750691e+08
6.906699e+08
7.174074e+08
7.609043e+08
8.326425e+08
0
6.366382e+08
6.487971e+08
6.697883e+08
7.028373e+08
7.539559e+08
0
0
6.030205e+08
6.128496e+08
6.299433e+08
6.565822e+08
6.961758e+08
0
0
0
5.73275e+08
5.81429e+08
5.958177e+08
6.180635e+08
6.505468e+08
0
0
0
0
5.464843e+08
5.534137e+08
5.657975e+08
5.849203e+08
6.124693e+08
0
0
0
0
0
5.217388e+08
5.277297e+08
5.385818e+08
5.553195e+08
5.792689e+08
0
0
0
0
0
0
4.980934e+08
5.033441e+08
5.129594e+08
5.277951e+08
5.489017e+08
0
0
0
0
0
0
0
4.749889e+08
4.796396e+08
4.882304e+08
5.014787e+08
5.202539e+08
0
0
0
0
0
0
0
0
4.530262e+08
4.572066e+08
4.649701e+08
4.769303e+08
4.938159e+08
0
0
0
0
0
0
0
0
0
4.328597e+08
4.36682e+08
4.437879e+08
4.547155e+08
4.700911e+08
0
0
0
0
0
0
0
0
0
0
4.147252e+08
4.182764e+08
4.248614e+08
4.349586e+08
4.491204e+08
0
0
0
0
0
0
0
0
0
0
3.985937e+08
4.01937e+08
4.08107e+08
4.175329e+08
4.307092e+08
0
0
0
0
0
0
0
0
0
0
9.519236e+08
8.795254e+08
9.28545e+08
8.177031e+08
8.55825e+08
9.224461e+08
7.654518e+08
7.928916e+08
8.416662e+08
9.297676e+08
7.179701e+08
7.381265e+08
7.732352e+08
8.328487e+08
9.421696e+08
6.749891e+08
6.903995e+08
7.168239e+08
7.59725e+08
8.300736e+08
0
6.368033e+08
6.489093e+08
6.698197e+08
7.027301e+08
7.535718e+08
0
0
6.030205e+08
6.128496e+08
6.299433e+08
6.565822e+08
6.961758e+08
0
0
0
5.730639e+08
5.812415e+08
5.95661e+08
6.179518e+08
6.505099e+08
0
0
0
0
5.462542e+08
5.532229e+08
5.656568e+08
5.848495e+08
6.125049e+08
0
0
0
0
0
5.21898e+08
5.279451e+08
5.388722e+08
5.557137e+08
5.798139e+08
0
0
0
0
0
0
4.992285e+08
5.045586e+08
5.142872e+08
5.292841e+08
5.506203e+08
0
0
0
0
0
0
0
4.774223e+08
4.821723e+08
4.90914e+08
5.043821e+08
5.234701e+08
0
0
0
0
0
0
0
0
4.559869e+08
4.602544e+08
4.681562e+08
4.803203e+08
4.974949e+08
0
0
0
0
0
0
0
0
0
4.354947e+08
4.393785e+08
4.465857e+08
4.576643e+08
4.732537e+08
0
0
0
0
0
0
0
0
0
0
4.165884e+08
4.201765e+08
4.268239e+08
4.370151e+08
4.5131e+08
0
0
0
0
0
0
0
0
0
0
3.995233e+08
4.028836e+08
4.090824e+08
4.185517e+08
4.317891e+08
0
0
0
0
0
0
0
0
0
0
3.843007e+08
3.874812e+08
3.933171e+08
4.021971e+08
4.145675e+08
0
0
0
0
0
0
0
0
0
0
9.359798e+08
8.649369e+08
9.064305e+08
8.050752e+08
8.394605e+08
8.953677e+08
7.566967e+08
7.820758e+08
8.265853e+08
9.014897e+08
7.141488e+08
7.334267e+08
7.669568e+08
8.231643e+08
9.213551e+08
6.740103e+08
6.890849e+08
7.149601e+08
7.568378e+08
8.248613e+08
0
6.368564e+08
6.488432e+08
6.695715e+08
7.02173e+08
7.524102e+08
0
0
6.032148e+08
6.130093e+08
6.300545e+08
6.566163e+08
6.960726e+08
0
0
0
5.730639e+08
5.812415e+08
5.95661e+08
6.179518e+08
6.505099e+08
0
0
0
0
5.460339e+08
5.530193e+08
5.654734e+08
5.846936e+08
6.123913e+08
0
0
0
0
0
5.216435e+08
5.277193e+08
5.386815e+08
5.555693e+08
5.797364e+08
0
0
0
0
0
0
4.993261e+08
5.046986e+08
5.144828e+08
5.295554e+08
5.509978e+08
0
0
0
0
0
0
0
4.784268e+08
4.83239e+08
4.920695e+08
5.056634e+08
5.249285e+08
0
0
0
0
0
0
0
0
4.582142e+08
4.625619e+08
4.705872e+08
4.829312e+08
5.003601e+08
0
0
0
0
0
0
0
0
0
4.382415e+08
4.421973e+08
4.49521e+08
4.607719e+08
4.766047e+08
0
0
0
0
0
0
0
0
0
0
4.190521e+08
4.226918e+08
4.29426e+08
4.397473e+08
4.542262e+08
0
0
0
0
0
0
0
0
0
0
4.012737e+08
4.046656e+08
4.109185e+08
4.204699e+08
4.338235e+08
0
0
0
0
0
0
0
0
0
0
3.851764e+08
3.883717e+08
3.94233e+08
4.031513e+08
4.155756e+08
0
0
0
0
0
0
0
0
0
0
3.7078e+08
3.738193e+08
3.793576e+08
3.877526e+08
3.994081e+08
0
0
0
0
0
0
0
0
0
0
9.280615e+08
8.547991e+08
8.917103e+08
7.942734e+08
8.259304e+08
8.744648e+08
7.468106e+08
7.703208e+08
8.110811e+08
8.751961e+08
7.071648e+08
7.252575e+08
7.566908e+08
8.085303e+08
8.930691e+08
6.709949e+08
6.855228e+08
7.105085e+08
7.507704e+08
8.152643e+08
0
6.361664e+08
6.479379e+08
6.683339e+08
7.003815e+08
7.495675e+08
0
0
6.033527e+08
6.13068e+08
6.300004e+08
6.563841e+08
6.955297e+08
0
0
0
5.73275e+08
5.81429e+08
5.958177e+08
6.180635e+08
6.505468e+08
0
0
0
0
5.460339e+08
5.530193e+08
5.654734e+08
5.846936e+08
6.123913e+08
0
0
0
0
0
5.21419e+08
5.275068e+08
5.384825e+08
5.553875e+08
5.795793e+08
0
0
0
0
0
0
4.990561e+08
5.044497e+08
5.142587e+08
5.293627e+08
5.508483e+08
0
0
0
0
0
0
0
4.784767e+08
4.833214e+08
4.921936e+08
5.058435e+08
5.251857e+08
0
0
0
0
0
0
0
0
4.591096e+08
4.635066e+08
4.716026e+08
4.840464e+08
5.016148e+08
0
0
0
0
0
0
0
0
0
4.40291e+08
4.443121e+08
4.51738e+08
4.631385e+08
4.791818e+08
0
0
0
0
0
0
0
0
0
0
4.21611e+08
4.253105e+08
4.321435e+08
4.426121e+08
4.57299e+08
0
0
0
0
0
0
0
0
0
0
4.035846e+08
4.070204e+08
4.133481e+08
4.230126e+08
4.365263e+08
0
0
0
0
0
0
0
0
0
0
3.868255e+08
3.900478e+08
3.959567e+08
4.04947e+08
4.174737e+08
0
0
0
0
0
0
0
0
0
0
3.716069e+08
3.746591e+08
3.8022e+08
3.88649e+08
4.003525e+08
0
0
0
0
0
0
0
0
0
0
3.579659e+08
3.608803e+08
3.661527e+08
3.741108e+08
3.851259e+08
0
0
0
0
0
0
0
0
0
0
8.496354e+08
8.843943e+08
7.866094e+08
8.165217e+08
8.605496e+08
7.381544e+08
7.602584e+08
7.982618e+08
8.549325e+08
6.990381e+08
7.160229e+08
7.455293e+08
7.935013e+08
8.668782e+08
6.652207e+08
6.789889e+08
7.027421e+08
7.408175e+08
8.007355e+08
0
6.337113e+08
6.451222e+08
6.649569e+08
6.960832e+08
7.435827e+08
0
0
6.028628e+08
6.124317e+08
6.291505e+08
6.551984e+08
6.93775e+08
0
0
0
5.734682e+08
5.815675e+08
5.958823e+08
6.180194e+08
6.503257e+08
0
0
0
0
5.462542e+08
5.532229e+08
5.656568e+08
5.848495e+08
6.125049e+08
0
0
0
0
0
5.21419e+08
5.275068e+08
5.384825e+08
5.553875e+08
5.795793e+08
0
0
0
0
0
0
4.988307e+08
5.04233e+08
5.140511e+08
5.291658e+08
5.506657e+08
0
0
0
0
0
0
0
4.781973e+08
4.830577e+08
4.919474e+08
5.056186e+08
5.24989e+08
0
0
0
0
0
0
0
0
4.591224e+08
4.635443e+08
4.716721e+08
4.841577e+08
5.017829e+08
0
0
0
0
0
0
0
0
0
4.410946e+08
4.451548e+08
4.526376e+08
4.641186e+08
4.802736e+08
0
0
0
0
0
0
0
0
0
0
4.235062e+08
4.272588e+08
4.341772e+08
4.447717e+08
4.596356e+08
0
0
0
0
0
0
0
0
0
0
0
4.059768e+08
4.09463e+08
4.158751e+08
4.256666e+08
4.393599e+08
0
0
0
0
0
0
0
0
0
0
3.889994e+08
3.922592e+08
3.982334e+08
4.073227e+08
4.199898e+08
0
0
0
0
0
0
0
0
0
0
3.731643e+08
3.7624e+08
3.818427e+08
3.903358e+08
4.0213e+08
0
0
0
0
0
0
0
0
0
0
3.587485e+08
3.616742e+08
3.669667e+08
3.749552e+08
3.860134e+08
0
0
0
0
0
0
0
0
0
0
3.457978e+08
3.486037e+08
3.536355e+08
3.611987e+08
3.716337e+08
0
0
0
0
0
0
0
0
0
0
7.826596e+08
8.117267e+08
8.536322e+08
7.319295e+08
7.53115e+08
7.893458e+08
8.414535e+08
6.917984e+08
7.07931e+08
7.35973e+08
7.810845e+08
8.467528e+08
6.583359e+08
6.713759e+08
6.939564e+08
7.299995e+08
7.858437e+08
0
6.288112e+08
6.397079e+08
6.587362e+08
6.885546e+08
7.337344e+08
0
0
6.008186e+08
6.101358e+08
6.26479e+08
6.519393e+08
6.895468e+08
0
0
0
5.731222e+08
5.811179e+08
5.952873e+08
6.172081e+08
6.491699e+08
0
0
0
0
5.464843e+08
5.534137e+08
5.657975e+08
5.849203e+08
6.124693e+08
0
0
0
0
0
5.216435e+08
5.277193e+08
5.386815e+08
5.555693e+08
5.797364e+08
0
0
0
0
0
0
4.988307e+08
5.04233e+08
5.140511e+08
5.291658e+08
5.506657e+08
0
0
0
0
0
0
0
4.779731e+08
4.828399e+08
4.917356e+08
5.054133e+08
5.247917e+08
0
0
0
0
0
0
0
0
4.588378e+08
4.632715e+08
4.714117e+08
4.839115e+08
5.015549e+08
0
0
0
0
0
0
0
0
0
4.410783e+08
4.451576e+08
4.526647e+08
4.641773e+08
4.803747e+08
0
0
0
0
0
0
0
0
0
0
4.242322e+08
4.280156e+08
4.349802e+08
4.456402e+08
4.605951e+08
0
0
0
0
0
0
0
0
0
0
0
4.077365e+08
4.112668e+08
4.177505e+08
4.276488e+08
4.414926e+08
0
0
0
0
0
0
0
0
0
0
0
0
3.912429e+08
3.945454e+08
4.005926e+08
4.097922e+08
4.226157e+08
0
0
0
0
0
0
0
0
0
0
3.752147e+08
3.783227e+08
3.839827e+08
3.925633e+08
4.044815e+08
0
0
0
0
0
0
0
0
0
0
3.602228e+08
3.631689e+08
3.684985e+08
3.765442e+08
3.876835e+08
0
0
0
0
0
0
0
0
0
0
3.4654e+08
3.493558e+08
3.544056e+08
3.619963e+08
3.724701e+08
0
0
0
0
0
0
0
0
0
0
3.342262e+08
3.369333e+08
3.41749e+08
3.489523e+08
3.588601e+08
0
0
0
0
0
0
0
0
0
0
7.286971e+08
7.494316e+08
7.848008e+08
8.347551e+08
6.865413e+08
7.021087e+08
7.291873e+08
7.724514e+08
8.333871e+08
6.521186e+08
6.645883e+08
6.862552e+08
7.207406e+08
7.735586e+08
0
6.228485e+08
6.332423e+08
6.514804e+08
6.800356e+08
7.230392e+08
0
0
5.965812e+08
6.05532e+08
6.213173e+08
6.459075e+08
6.821097e+08
0
0
0
5.713898e+08
5.79204e+08
5.931076e+08
6.146305e+08
6.459694e+08
0
0
0
0
5.462448e+08
5.530986e+08
5.653796e+08
5.843552e+08
6.116825e+08
0
0
0
0
0
5.21898e+08
5.279451e+08
5.388722e+08
5.557137e+08
5.798139e+08
0
0
0
0
0
0
4.990561e+08
5.044497e+08
5.142587e+08
5.293627e+08
5.508483e+08
0
0
0
0
0
0
0
4.779731e+08
4.828399e+08
4.917356e+08
5.054133e+08
5.247917e+08
0
0
0
0
0
0
0
0
4.586165e+08
4.630547e+08
4.711988e+08
4.837021e+08
5.013494e+08
0
0
0
0
0
0
0
0
0
4.40792e+08
4.4488e+08
4.523956e+08
4.639175e+08
4.801259e+08
0
0
0
0
0
0
0
0
0
0
4.241935e+08
4.279913e+08
4.349742e+08
4.456582e+08
4.606449e+08
0
0
0
0
0
0
0
0
0
0
0
4.083961e+08
4.119511e+08
4.18472e+08
4.284242e+08
4.423428e+08
0
0
0
0
0
0
0
0
0
0
0
0
3.928834e+08
3.962223e+08
4.023305e+08
4.116212e+08
4.245738e+08
0
0
0
0
0
0
0
0
0
0
0
0
0
3.773251e+08
3.804694e+08
3.861929e+08
3.948703e+08
4.069255e+08
0
0
0
0
0
0
0
0
0
0
3.621616e+08
3.651355e+08
3.705157e+08
3.786392e+08
3.89889e+08
0
0
0
0
0
0
0
0
0
0
3.479389e+08
3.507723e+08
3.558551e+08
3.634971e+08
3.740438e+08
0
0
0
0
0
0
0
0
0
0
3.349314e+08
3.376474e+08
3.424792e+08
3.497072e+08
3.596501e+08
0
0
0
0
0
0
0
0
0
0
3.232077e+08
3.258233e+08
3.304402e+08
3.373165e+08
3.467417e+08
0
0
0
0
0
0
0
0
0
0
6.83797e+08
6.990839e+08
7.256873e+08
7.680509e+08
8.267506e+08
6.475701e+08
6.596569e+08
6.807125e+08
7.141669e+08
7.650238e+08
0
6.174042e+08
6.273985e+08
6.450084e+08
6.725688e+08
7.138932e+08
0
0
5.913342e+08
5.9992e+08
6.15145e+08
6.388675e+08
6.736953e+08
0
0
0
5.67671e+08
5.752157e+08
5.88713e+08
6.096235e+08
6.400159e+08
0
0
0
0
5.447565e+08
5.514749e+08
5.635615e+08
5.822523e+08
6.09154e+08
0
0
0
0
0
5.217388e+08
5.277297e+08
5.385818e+08
5.553195e+08
5.792689e+08
0
0
0
0
0
0
4.993261e+08
5.046986e+08
5.144828e+08
5.295554e+08
5.509978e+08
0
0
0
0
0
0
0
4.781973e+08
4.830577e+08
4.919474e+08
5.056186e+08
5.24989e+08
0
0
0
0
0
0
0
0
4.586165e+08
4.630547e+08
4.711988e+08
4.837021e+08
5.013494e+08
0
0
0
0
0
0
0
0
0
4.405745e+08
4.446657e+08
4.521836e+08
4.637071e+08
4.799166e+08
0
0
0
0
0
0
0
0
0
0
4.239081e+08
4.277119e+08
4.347005e+08
4.453901e+08
4.603831e+08
0
0
0
0
0
0
0
0
0
0
0
4.0834e+08
4.119058e+08
4.184403e+08
4.284105e+08
4.423531e+08
0
0
0
0
0
0
0
0
0
0
0
0
3.934859e+08
3.968444e+08
4.029831e+08
4.12318e+08
4.253327e+08
0
0
0
0
0
0
0
0
0
0
0
0
0
3.788597e+08
3.820343e+08
3.878099e+08
3.965661e+08
4.087328e+08
0
0
0
0
0
0
0
0
0
0
0
0
0
0
3.64152e+08
3.671569e+08
3.725928e+08
3.808017e+08
3.921728e+08
0
0
0
0
0
0
0
0
0
0
3.497765e+08
3.526338e+08
3.577615e+08
3.65473e+08
3.761186e+08
0
0
0
0
0
0
0
0
0
0
3.362611e+08
3.389927e+08
3.438539e+08
3.511282e+08
3.611369e+08
0
0
0
0
0
0
0
0
0
0
3.238789e+08
3.265024e+08
3.311339e+08
3.380326e+08
3.474897e+08
0
0
0
0
0
0
0
0
0
0
3.127016e+08
3.152337e+08
3.19666e+08
3.262403e+08
3.352247e+08
0
0
0
0
0
0
0
0
0
0
6.451864e+08
6.570815e+08
6.778321e+08
7.107762e+08
7.606753e+08
0
6.133974e+08
6.231208e+08
6.403047e+08
6.671949e+08
7.074026e+08
0
0
5.864987e+08
5.947911e+08
6.095633e+08
6.325872e+08
6.663239e+08
0
0
0
5.629954e+08
5.702674e+08
5.833477e+08
6.036303e+08
6.330647e+08
0
0
0
0
5.414549e+08
5.479689e+08
5.597498e+08
5.779871e+08
6.04214e+08
0
0
0
0
0
5.204454e+08
5.263335e+08
5.370385e+08
5.535653e+08
5.772075e+08
0
0
0
0
0
0
4.992285e+08
5.045586e+08
5.142872e+08
5.292841e+08
5.506203e+08
0
0
0
0
0
0
0
4.784767e+08
4.833214e+08
4.921936e+08
5.058435e+08
5.251857e+08
0
0
0
0
0
0
0
0
4.588378e+08
4.632715e+08
4.714117e+08
4.839115e+08
5.015549e+08
0
0
0
0
0
0
0
0
0
4.405745e+08
4.446657e+08
4.521836e+08
4.637071e+08
4.799166e+08
0
0
0
0
0
0
0
0
0
0
4.236953e+08
4.275012e+08
4.344909e+08
4.451806e+08
4.601729e+08
0
0
0
0
0
0
0
0
0
0
0
4.080572e+08
4.116272e+08
4.181649e+08
4.28138e+08
4.420834e+08
0
0
0
0
0
0
0
0
0
0
0
0
3.934164e+08
3.967828e+08
4.029316e+08
4.122797e+08
4.253123e+08
0
0
0
0
0
0
0
0
0
0
0
0
0
3.794128e+08
3.82603e+08
3.884035e+08
3.971966e+08
4.094148e+08
0
0
0
0
0
0
0
0
0
0
0
0
0
0
3.655924e+08
3.686225e+08
3.741032e+08
3.823804e+08
3.938489e+08
0
0
0
0
0
0
0
0
0
0
0
0
0
0
0
3.51659e+08
3.545424e+08
3.59719e+08
3.675064e+08
3.782599e+08
0
0
0
0
0
0
0
0
0
0
3.380063e+08
3.407589e+08
3.456598e+08
3.529964e+08
3.630943e+08
0
0
0
0
0
0
0
0
0
0
3.251453e+08
3.277825e+08
3.324406e+08
3.39381e+08
3.488977e+08
0
0
0
0
0
0
0
0
0
0
3.133416e+08
3.158807e+08
3.203262e+08
3.26921e+08
3.359344e+08
0
0
0
0
0
0
0
0
0
0
3.026745e+08
3.051268e+08
3.093885e+08
3.156822e+08
3.242589e+08
0
0
0
0
0
0
0
0
0
0
6.112912e+08
6.208779e+08
6.378473e+08
6.64402e+08
7.040556e+08
0
0
5.829223e+08
5.910143e+08
6.05476e+08
6.280227e+08
6.6102e+08
0
0
0
5.586519e+08
5.657026e+08
5.78441e+08
5.982093e+08
6.268654e+08
0
0
0
0
5.372472e+08
5.435513e+08
5.550124e+08
5.727734e+08
5.982967e+08
0
0
0
0
0
5.174859e+08
5.232159e+08
5.33684e+08
5.498638e+08
5.729999e+08
0
0
0
0
0
0
4.980934e+08
5.033441e+08
5.129594e+08
5.277951e+08
5.489017e+08
0
0
0
0
0
0
0
4.784268e+08
4.83239e+08
4.920695e+08
5.056634e+08
5.249285e+08
0
0
0
0
0
0
0
0
4.591224e+08
4.635443e+08
4.716721e+08
4.841577e+08
5.017829e+08
0
0
0
0
0
0
0
0
0
4.40792e+08
4.4488e+08
4.523956e+08
4.639175e+08
4.801259e+08
0
0
0
0
0
0
0
0
0
0
4.236953e+08
4.275012e+08
4.344909e+08
4.451806e+08
4.601729e+08
0
0
0
0
0
0
0
0
0
0
0
4.078496e+08
4.114208e+08
4.179587e+08
4.279308e+08
4.418741e+08
0
0
0
0
0
0
0
0
0
0
0
0
3.931377e+08
3.965067e+08
4.026571e+08
4.120057e+08
4.250385e+08
0
0
0
0
0
0
0
0
0
0
0
0
0
3.793332e+08
3.82529e+08
3.883367e+08
3.971394e+08
4.093705e+08
0
0
0
0
0
0
0
0
0
0
0
0
0
0
3.661026e+08
3.69145e+08
3.746461e+08
3.82954e+08
3.944661e+08
0
0
0
0
0
0
0
0
0
0
0
0
0
0
0
3.530155e+08
3.559194e+08
3.611346e+08
3.689818e+08
3.798207e+08
0
0
0
0
0
0
0
0
0
0
0
0
0
0
0
0
3.397906e+08
3.425659e+08
3.475097e+08
3.549138e+08
3.651083e+08
0
0
0
0
0
0
0
0
0
0
3.268061e+08
3.294615e+08
3.341554e+08
3.411517e+08
3.507489e+08
0
0
0
0
0
0
0
0
0
0
3.145498e+08
3.17101e+08
3.215704e+08
3.282032e+08
3.372708e+08
0
0
0
0
0
0
0
0
0
0
3.032856e+08
3.057442e+08
3.10018e+08
3.163304e+08
3.249337e+08
0
0
0
0
0
0
0
0
0
0
2.930905e+08
2.954716e+08
2.995724e+08
3.05606e+08
3.138035e+08
0
0
0
0
0
0
0
0
0
0
5.810378e+08
5.89028e+08
6.033322e+08
6.256377e+08
6.582639e+08
0
0
0
5.554261e+08
5.623244e+08
5.748264e+08
5.942393e+08
6.223604e+08
0
0
0
0
5.33311e+08
5.394432e+08
5.506389e+08
5.680039e+08
5.929449e+08
0
0
0
0
0
5.136679e+08
5.192335e+08
5.29449e+08
5.452567e+08
5.678516e+08
0
0
0
0
0
0
4.954189e+08
5.005454e+08
5.099732e+08
5.245354e+08
5.4525e+08
0
0
0
0
0
0
0
4.774223e+08
4.821723e+08
4.90914e+08
5.043821e+08
5.234701e+08
0
0
0
0
0
0
0
0
4.591096e+08
4.635065e+08
4.716026e+08
4.840464e+08
5.016148e+08
0
0
0
0
0
0
0
0
0
4.410783e+08
4.451576e+08
4.526647e+08
4.641773e+08
4.803747e+08
0
0
0
0
0
0
0
0
0
0
4.239081e+08
4.277119e+08
4.347005e+08
4.453901e+08
4.603831e+08
0
0
0
0
0
0
0
0
0
0
0
4.078496e+08
4.114208e+08
4.179587e+08
4.279308e+08
4.418741e+08
0
0
0
0
0
0
0
0
0
0
0
0
3.929356e+08
3.963052e+08
4.02455e+08
4.118019e+08
4.248316e+08
0
0
0
0
0
0
0
0
0
0
0
0
0
3.790595e+08
3.822568e+08
3.880646e+08
3.968664e+08
4.090955e+08
0
0
0
0
0
0
0
0
0
0
0
0
0
0
3.660154e+08
3.690616e+08
3.745677e+08
3.828822e+08
3.944035e+08
0
0
0
0
0
0
0
0
0
0
0
0
0
0
0
3.534888e+08
3.564018e+08
3.616337e+08
3.695066e+08
3.803822e+08
0
0
0
0
0
0
0
0
0
0
0
0
0
0
0
0
3.410714e+08
3.43864e+08
3.488407e+08
3.562975e+08
3.665674e+08
0
0
0
0
0
0
0
0
0
0
0
0
0
0
0
0
0
3.285011e+08
3.31176e+08
3.359081e+08
3.429646e+08
3.526486e+08
0
0
0
0
0
0
0
0
0
0
3.161331e+08
3.187004e+08
3.232017e+08
3.298855e+08
3.390258e+08
0
0
0
0
0
0
0
0
0
0
3.044402e+08
3.069095e+08
3.112049e+08
3.175519e+08
3.262048e+08
0
0
0
0
0
0
0
0
0
0
2.936749e+08
2.960616e+08
3.001734e+08
3.062242e+08
3.144462e+08
0
0
0
0
0
0
0
0
0
0
2.839251e+08
2.862347e+08
2.901883e+08
2.959775e+08
3.038231e+08
0
0
0
0
0
0
0
0
0
0
5.53723e+08
5.605435e+08
5.729248e+08
5.921567e+08
6.200068e+08
0
0
0
0
5.303771e+08
5.363902e+08
5.474011e+08
5.644899e+08
5.890261e+08
0
0
0
0
0
5.100742e+08
5.15504e+08
5.255077e+08
5.410019e+08
5.63142e+08
0
0
0
0
0
0
4.919306e+08
4.96926e+08
5.061508e+08
5.204138e+08
5.406997e+08
0
0
0
0
0
0
0
4.749889e+08
4.796396e+08
4.882304e+08
5.014787e+08
5.202539e+08
0
0
0
0
0
0
0
0
4.582142e+08
4.625619e+08
4.705872e+08
4.829312e+08
5.003601e+08
0
0
0
0
0
0
0
0
0
4.410946e+08
4.451548e+08
4.526376e+08
4.641186e+08
4.802736e+08
0
0
0
0
0
0
0
0
0
0
4.241935e+08
4.279913e+08
4.349742e+08
4.456582e+08
4.606449e+08
0
0
0
0
0
0
0
0
0
0
0
4.080572e+08
4.116272e+08
4.181649e+08
4.28138e+08
4.420834e+08
0
0
0
0
0
0
0
0
0
0
0
0
3.929356e+08
3.963052e+08
4.02455e+08
4.118019e+08
4.248316e+08
0
0
0
0
0
0
0
0
0
0
0
0
0
3.78863e+08
3.820604e+08
3.878672e+08
3.966666e+08
4.08892e+08
0
0
0
0
0
0
0
0
0
0
0
0
0
0
3.657475e+08
3.687942e+08
3.742994e+08
3.826118e+08
3.941296e+08
0
0
0
0
0
0
0
0
0
0
0
0
0
0
0
3.533966e+08
3.563115e+08
3.615465e+08
3.694238e+08
3.803056e+08
0
0
0
0
0
0
0
0
0
0
0
0
0
0
0
0
3.415121e+08
3.443119e+08
3.493017e+08
3.5678e+08
3.670811e+08
0
0
0
0
0
0
0
0
0
0
0
0
0
0
0
0
0
3.297137e+08
3.324029e+08
3.371639e+08
3.442663e+08
3.540172e+08
0
0
0
0
0
0
0
0
0
0
0
0
0
0
0
0
0
0
3.177465e+08
3.203305e+08
3.248659e+08
3.31604e+08
3.408223e+08
0
0
0
0
0
0
0
0
0
0
3.059524e+08
3.084356e+08
3.1276e+08
3.191531e+08
3.278725e+08
0
0
0
0
0
0
0
0
0
0
2.947801e+08
2.971762e+08
3.013076e+08
3.073901e+08
3.156574e+08
0
0
0
0
0
0
0
0
0
0
2.844849e+08
2.867995e+08
2.907631e+08
2.96568e+08
3.044362e+08
0
0
0
0
0
0
0
0
0
0
2.751506e+08
2.773936e+08
2.812047e+08
2.867684e+08
2.942839e+08
0
0
0
0
0
0
0
0
0
0
5.288257e+08
5.347777e+08
5.456936e+08
5.626409e+08
5.869705e+08
0
0
0
0
0
5.07387e+08
5.127224e+08
5.225776e+08
5.378514e+08
5.596724e+08
0
0
0
0
0
0
4.886292e+08
4.935154e+08
5.025681e+08
5.165763e+08
5.364972e+08
0
0
0
0
0
0
0
4.717834e+08
4.763278e+08
4.847523e+08
4.977558e+08
5.161821e+08
0
0
0
0
0
0
0
0
4.559869e+08
4.602544e+08
4.681562e+08
4.803203e+08
4.974949e+08
0
0
0
0
0
0
0
0
0
4.40291e+08
4.443121e+08
4.51738e+08
4.631385e+08
4.791818e+08
0
0
0
0
0
0
0
0
0
0
4.242322e+08
4.280157e+08
4.349801e+08
4.456402e+08
4.605951e+08
0
0
0
0
0
0
0
0
0
0
0
4.0834e+08
4.119058e+08
4.184403e+08
4.284105e+08
4.423531e+08
0
0
0
0
0
0
0
0
0
0
0
0
3.931377e+08
3.965067e+08
4.026571e+08
4.120057e+08
4.250385e+08
0
0
0
0
0
0
0
0
0
0
0
0
0
3.78863e+08
3.820604e+08
3.878672e+08
3.966666e+08
4.08892e+08
0
0
0
0
0
0
0
0
0
0
0
0
0
0
3.655568e+08
3.686032e+08
3.741069e+08
3.824165e+08
3.939302e+08
0
0
0
0
0
0
0
0
0
0
0
0
0
0
0
3.531353e+08
3.560495e+08
3.612829e+08
3.691571e+08
3.800344e+08
0
0
0
0
0
0
0
0
0
0
0
0
0
0
0
0
3.414164e+08
3.442171e+08
3.492081e+08
3.566889e+08
3.66994e+08
0
0
0
0
0
0
0
0
0
0
0
0
0
0
0
0
0
3.30126e+08
3.328203e+08
3.375923e+08
3.447122e+08
3.544897e+08
0
0
0
0
0
0
0
0
0
0
0
0
0
0
0
0
0
0
3.188974e+08
3.214933e+08
3.260537e+08
3.328328e+08
3.421102e+08
0
0
0
0
0
0
0
0
0
0
0
0
0
0
0
0
0
0
0
3.074912e+08
3.099887e+08
3.143435e+08
3.207855e+08
3.295759e+08
0
0
0
0
0
0
0
0
0
0
2.962268e+08
2.986351e+08
3.027925e+08
3.08917e+08
3.172451e+08
0
0
0
0
0
0
0
0
0
0
2.855443e+08
2.878672e+08
2.918487e+08
2.976825e+08
3.055924e+08
0
0
0
0
0
0
0
0
0
0
2.756873e+08
2.77935e+08
2.817552e+08
2.873335e+08
2.948697e+08
0
0
0
0
0
0
0
0
0
0
2.667507e+08
2.689224e+08
2.726003e+08
2.779484e+08
2.851583e+08
0
0
0
0
0
0
0
0
0
0
5.059644e+08
5.112509e+08
5.210294e+08
5.361897e+08
5.578468e+08
0
0
0
0
0
0
4.861536e+08
4.909634e+08
4.998949e+08
5.137228e+08
5.333856e+08
0
0
0
0
0
0
0
4.687345e+08
4.731896e+08
4.814719e+08
4.942648e+08
5.123906e+08
0
0
0
0
0
0
0
0
4.530262e+08
4.572066e+08
4.649701e+08
4.769303e+08
4.938159e+08
0
0
0
0
0
0
0
0
0
4.382415e+08
4.421973e+08
4.49521e+08
4.607719e+08
4.766047e+08
0
0
0
0
0
0
0
0
0
0
4.235062e+08
4.272588e+08
4.341772e+08
4.447717e+08
4.596356e+08
0
0
0
0
0
0
0
0
0
0
0
4.083961e+08
4.119511e+08
4.18472e+08
4.284241e+08
4.423428e+08
0
0
0
0
0
0
0
0
0
0
0
0
3.934164e+08
3.967828e+08
4.029316e+08
4.122797e+08
4.253123e+08
0
0
0
0
0
0
0
0
0
0
0
0
0
3.790595e+08
3.822568e+08
3.880646e+08
3.968664e+08
4.090955e+08
0
0
0
0
0
0
0
0
0
0
0
0
0
0
3.655568e+08
3.686032e+08
3.741069e+08
3.824165e+08
3.939302e+08
0
0
0
0
0
0
0
0
0
0
0
0
0
0
0
3.529506e+08
3.558641e+08
3.610956e+08
3.689668e+08
3.798396e+08
0
0
0
0
0
0
0
0
0
0
0
0
0
0
0
0
3.411619e+08
3.439615e+08
3.4895e+08
3.56427e+08
3.667267e+08
0
0
0
0
0
0
0
0
0
0
0
0
0
0
0
0
0
3.300282e+08
3.327224e+08
3.374946e+08
3.446151e+08
3.543946e+08
0
0
0
0
0
0
0
0
0
0
0
0
0
0
0
0
0
0
3.192847e+08
3.218841e+08
3.264532e+08
3.332472e+08
3.425469e+08
0
0
0
0
0
0
0
0
0
0
0
0
0
0
0
0
0
0
0
3.085862e+08
3.110934e+08
3.154701e+08
3.219484e+08
3.30792e+08
0
0
0
0
0
0
0
0
0
0
0
0
0
0
0
0
0
0
0
0
2.976972e+08
3.001177e+08
3.043022e+08
3.104711e+08
3.188636e+08
0
0
0
0
0
0
0
0
0
0
2.869306e+08
2.892641e+08
2.93269e+08
2.991412e+08
3.071068e+08
0
0
0
0
0
0
0
0
0
0
2.767041e+08
2.789593e+08
2.827958e+08
2.884006e+08
2.959752e+08
0
0
0
0
0
0
0
0
0
0
2.672661e+08
2.694418e+08
2.731283e+08
2.784898e+08
2.857188e+08
0
0
0
0
0
0
0
0
0
0
2.58697e+08
2.608063e+08
2.643506e+08
2.694971e+08
2.764163e+08
0
0
0
0
0
0
0
0
0
0
4.848417e+08
4.896118e+08
4.984802e+08
5.122148e+08
5.317444e+08
0
0
0
0
0
0
0
4.664426e+08
4.708349e+08
4.790164e+08
4.916593e+08
5.095714e+08
0
0
0
0
0
0
0
0
4.501976e+08
4.543042e+08
4.619483e+08
4.737315e+08
4.903656e+08
0
0
0
0
0
0
0
0
0
4.354947e+08
4.393785e+08
4.465857e+08
4.576643e+08
4.732537e+08
0
0
0
0
0
0
0
0
0
0
4.21611e+08
4.253105e+08
4.321435e+08
4.426121e+08
4.57299e+08
0
0
0
0
0
0
0
0
0
0
4.077365e+08
4.112668e+08
4.177505e+08
4.276488e+08
4.414926e+08
0
0
0
0
0
0
0
0
0
0
0
0
3.934859e+08
3.968444e+08
4.029831e+08
4.12318e+08
4.253327e+08
0
0
0
0
0
0
0
0
0
0
0
0
0
3.793332e+08
3.82529e+08
3.883367e+08
3.971394e+08
4.093705e+08
0
0
0
0
0
0
0
0
0
0
0
0
0
0
3.657475e+08
3.687942e+08
3.742994e+08
3.826118e+08
3.941296e+08
0
0
0
0
0
0
0
0
0
0
0
0
0
0
0
3.529506e+08
3.558641e+08
3.610956e+08
3.689668e+08
3.798396e+08
0
0
0
0
0
0
0
0
0
0
0
0
0
0
0
0
3.409831e+08
3.437817e+08
3.48768e+08
3.562417e+08
3.665367e+08
0
0
0
0
0
0
0
0
0
0
0
0
0
0
0
0
0
3.297808e+08
3.324734e+08
3.372426e+08
3.443585e+08
3.541322e+08
0
0
0
0
0
0
0
0
0
0
0
0
0
0
0
0
0
0
3.191861e+08
3.217845e+08
3.263528e+08
3.331464e+08
3.424462e+08
0
0
0
0
0
0
0
0
0
0
0
0
0
0
0
0
0
0
0
3.089515e+08
3.114609e+08
3.158444e+08
3.223351e+08
3.311979e+08
0
0
0
0
0
0
0
0
0
0
0
0
0
0
0
0
0
0
0
0
2.987416e+08
3.011698e+08
3.053733e+08
3.115746e+08
3.200147e+08
0
0
0
0
0
0
0
0
0
0
0
0
0
0
0
0
0
0
0
0
2.883381e+08
2.906821e+08
2.947112e+08
3.006236e+08
3.08648e+08
0
0
0
0
0
0
0
0
0
0
2.780341e+08
2.80299e+08
2.841567e+08
2.897965e+08
2.974222e+08
0
0
0
0
0
0
0
0
0
0
2.682436e+08
2.704257e+08
2.741272e+08
2.795132e+08
2.867776e+08
0
0
0
0
0
0
0
0
0
0
2.591924e+08
2.613055e+08
2.648575e+08
2.700165e+08
2.769535e+08
0
0
0
0
0
0
0
0
0
0
2.509866e+08
2.530187e+08
2.564421e+08
2.613908e+08
2.680381e+08
0
0
0
0
0
0
0
0
0
0
4.652271e+08
4.695865e+08
4.777154e+08
4.902804e+08
5.080815e+08
0
0
0
0
0
0
0
0
4.480665e+08
4.52121e+08
4.5968e+08
4.713365e+08
4.877907e+08
0
0
0
0
0
0
0
0
0
4.328597e+08
4.36682e+08
4.437879e+08
4.547155e+08
4.700911e+08
0
0
0
0
0
0
0
0
0
0
4.190521e+08
4.226918e+08
4.29426e+08
4.397473e+08
4.542262e+08
0
0
0
0
0
0
0
0
0
0
4.059768e+08
4.09463e+08
4.158751e+08
4.256666e+08
4.393599e+08
0
0
0
0
0
0
0
0
0
0
3.928834e+08
3.962223e+08
4.023305e+08
4.116212e+08
4.245738e+08
0
0
0
0
0
0
0
0
0
0
0
0
0
3.794128e+08
3.82603e+08
3.884035e+08
3.971966e+08
4.094148e+08
0
0
0
0
0
0
0
0
0
0
0
0
0
0
3.660154e+08
3.690616e+08
3.745677e+08
3.828822e+08
3.944035e+08
0
0
0
0
0
0
0
0
0
0
0
0
0
0
0
3.531353e+08
3.560495e+08
3.612829e+08
3.691571e+08
3.800344e+08
0
0
0
0
0
0
0
0
0
0
0
0
0
0
0
0
3.409831e+08
3.437817e+08
3.48768e+08
3.562417e+08
3.665367e+08
0
0
0
0
0
0
0
0
0
0
0
0
0
0
0
0
0
3.296078e+08
3.322992e+08
3.370661e+08
3.441785e+08
3.539473e+08
0
0
0
0
0
0
0
0
0
0
0
0
0
0
0
0
0
0
3.18946e+08
3.215423e+08
3.261072e+08
3.32896e+08
3.421892e+08
0
0
0
0
0
0
0
0
0
0
0
0
0
0
0
0
0
0
0
3.088531e+08
3.113607e+08
3.157425e+08
3.222319e+08
3.310938e+08
0
0
0
0
0
0
0
0
0
0
0
0
0
0
0
0
0
0
0
0
2.990875e+08
3.015167e+08
3.057255e+08
3.11937e+08
3.203935e+08
0
0
0
0
0
0
0
0
0
0
0
0
0
0
0
0
0
0
0
0
2.893363e+08
2.916864e+08
2.95732e+08
3.016732e+08
3.097405e+08
0
0
0
0
0
0
0
0
0
0
0
0
0
0
0
0
0
0
0
0
2.793833e+08
2.816575e+08
2.855369e+08
2.912132e+08
2.988925e+08
0
0
0
0
0
0
0
0
0
0
2.695218e+08
2.71712e+08
2.754331e+08
2.808512e+08
2.881626e+08
0
0
0
0
0
0
0
0
0
0
2.601328e+08
2.622521e+08
2.658176e+08
2.709993e+08
2.779691e+08
0
0
0
0
0
0
0
0
0
0
2.514636e+08
2.534987e+08
2.569294e+08
2.618896e+08
2.685535e+08
0
0
0
0
0
0
0
0
0
0
2.435907e+08
2.455574e+08
2.48849e+08
2.536165e+08
2.600002e+08
0
0
0
0
0
0
0
0
0
0
4.469356e+08
4.509626e+08
4.58477e+08
4.700673e+08
4.864278e+08
0
0
0
0
0
0
0
0
0
4.308705e+08
4.346491e+08
4.416824e+08
4.525014e+08
4.677234e+08
0
0
0
0
0
0
0
0
0
0
4.165884e+08
4.201765e+08
4.268239e+08
4.370151e+08
4.5131e+08
0
0
0
0
0
0
0
0
0
0
4.035846e+08
4.070204e+08
4.133481e+08
4.230126e+08
4.365263e+08
0
0
0
0
0
0
0
0
0
0
3.912429e+08
3.945454e+08
4.005926e+08
4.097922e+08
4.226157e+08
0
0
0
0
0
0
0
0
0
0
3.788597e+08
3.820343e+08
3.878099e+08
3.965662e+08
4.087328e+08
0
0
0
0
0
0
0
0
0
0
0
0
0
0
3.661026e+08
3.69145e+08
3.746461e+08
3.82954e+08
3.944661e+08
0
0
0
0
0
0
0
0
0
0
0
0
0
0
0
3.533966e+08
3.563115e+08
3.615465e+08
3.694238e+08
3.803056e+08
0
0
0
0
0
0
0
0
0
0
0
0
0
0
0
0
3.411619e+08
3.439615e+08
3.4895e+08
3.56427e+08
3.667267e+08
0
0
0
0
0
0
0
0
0
0
0
0
0
0
0
0
0
3.296078e+08
3.322992e+08
3.370661e+08
3.441785e+08
3.539473e+08
0
0
0
0
0
0
0
0
0
0
0
0
0
0
0
0
0
0
3.187787e+08
3.213737e+08
3.259362e+08
3.327214e+08
3.420095e+08
0
0
0
0
0
0
0
0
0
0
0
0
0
0
0
0
0
0
0
3.086204e+08
3.111256e+08
3.155036e+08
3.219878e+08
3.308431e+08
0
0
0
0
0
0
0
0
0
0
0
0
0
0
0
0
0
0
0
0
2.989901e+08
3.014169e+08
3.056234e+08
3.118327e+08
3.202872e+08
0
0
0
0
0
0
0
0
0
0
0
0
0
0
0
0
0
0
0
0
2.896652e+08
2.920153e+08
2.960648e+08
3.020144e+08
3.100957e+08
0
0
0
0
0
0
0
0
0
0
0
0
0
0
0
0
0
0
0
0
2.803389e+08
2.826182e+08
2.86512e+08
2.92214e+08
2.999321e+08
0
0
0
0
0
0
0
0
0
0
0
0
0
0
0
0
0
0
0
0
2.708176e+08
2.730153e+08
2.767563e+08
2.822076e+08
2.895681e+08
0
0
0
0
0
0
0
0
0
0
2.613623e+08
2.634892e+08
2.670723e+08
2.722838e+08
2.792969e+08
0
0
0
0
0
0
0
0
0
0
2.5237e+08
2.544101e+08
2.578536e+08
2.628346e+08
2.69529e+08
0
0
0
0
0
0
0
0
0
0
2.4405e+08
2.460199e+08
2.493179e+08
2.540963e+08
2.604954e+08
0
0
0
0
0
0
0
0
0
0
2.365273e+08
2.383951e+08
2.415699e+08
2.461494e+08
2.522901e+08
0
0
0
0
0
0
0
0
0
0
4.298145e+08
4.335699e+08
4.40565e+08
4.51327e+08
4.664687e+08
0
0
0
0
0
0
0
0
0
0
4.147252e+08
4.182765e+08
4.248614e+08
4.349586e+08
4.491204e+08
0
0
0
0
0
0
0
0
0
0
4.012737e+08
4.046656e+08
4.109185e+08
4.204699e+08
4.338235e+08
0
0
0
0
0
0
0
0
0
0
3.889994e+08
3.922592e+08
3.982334e+08
4.073227e+08
4.199898e+08
0
0
0
0
0
0
0
0
0
0
3.773251e+08
3.804694e+08
3.861929e+08
3.948703e+08
4.069255e+08
0
0
0
0
0
0
0
0
0
0
3.655924e+08
3.686225e+08
3.741032e+08
3.823804e+08
3.93849e+08
0
0
0
0
0
0
0
0
0
0
0
0
0
0
0
3.534888e+08
3.564018e+08
3.616337e+08
3.695066e+08
3.803822e+08
0
0
0
0
0
0
0
0
0
0
0
0
0
0
0
0
3.414164e+08
3.442171e+08
3.492081e+08
3.566889e+08
3.66994e+08
0
0
0
0
0
0
0
0
0
0
0
0
0
0
0
0
0
3.297808e+08
3.324734e+08
3.372426e+08
3.443585e+08
3.541322e+08
0
0
0
0
0
0
0
0
0
0
0
0
0
0
0
0
0
0
3.187787e+08
3.213737e+08
3.259362e+08
3.327214e+08
3.420095e+08
0
0
0
0
0
0
0
0
0
0
0
0
0
0
0
0
0
0
0
3.084587e+08
3.109624e+08
3.15338e+08
3.218185e+08
3.306688e+08
0
0
0
0
0
0
0
0
0
0
0
0
0
0
0
0
0
0
0
0
2.987648e+08
3.01189e+08
3.053914e+08
3.115953e+08
3.200429e+08
0
0
0
0
0
0
0
0
0
0
0
0
0
0
0
0
0
0
0
0
2.895694e+08
2.919167e+08
2.959633e+08
3.0191e+08
3.099885e+08
0
0
0
0
0
0
0
0
0
0
0
0
0
0
0
0
0
0
0
0
2.806524e+08
2.829313e+08
2.868278e+08
2.925366e+08
3.002665e+08
0
0
0
0
0
0
0
0
0
0
0
0
0
0
0
0
0
0
0
0
2.717345e+08
2.739359e+08
2.776898e+08
2.831641e+08
2.905595e+08
0
0
0
0
0
0
0
0
0
0
0
0
0
0
0
0
0
0
0
0
2.626077e+08
2.647419e+08
2.683424e+08
2.735847e+08
2.806428e+08
0
0
0
0
0
0
0
0
0
0
2.535549e+08
2.556009e+08
2.59061e+08
2.640691e+08
2.708039e+08
0
0
0
0
0
0
0
0
0
0
2.449239e+08
2.468989e+08
2.502082e+08
2.550062e+08
2.614334e+08
0
0
0
0
0
0
0
0
0
0
2.369706e+08
2.388408e+08
2.420219e+08
2.466113e+08
2.527665e+08
0
0
0
0
0
0
0
0
0
0
2.29768e+08
2.315501e+08
2.345788e+08
2.389885e+08
2.448833e+08
0
0
0
0
0
0
0
0
0
0
4.137358e+08
4.172673e+08
4.238192e+08
4.338669e+08
4.47959e+08
0
0
0
0
0
0
0
0
0
0
3.995233e+08
4.028836e+08
4.090824e+08
4.185517e+08
4.317891e+08
0
0
0
0
0
0
0
0
0
0
3.868255e+08
3.900478e+08
3.959567e+08
4.049471e+08
4.174737e+08
0
0
0
0
0
0
0
0
0
0
3.752147e+08
3.783227e+08
3.839827e+08
3.925633e+08
4.044815e+08
0
0
0
0
0
0
0
0
0
0
3.64152e+08
3.671569e+08
3.725928e+08
3.808017e+08
3.921728e+08
0
0
0
0
0
0
0
0
0
0
3.530155e+08
3.559194e+08
3.611346e+08
3.689818e+08
3.798207e+08
0
0
0
0
0
0
0
0
0
0
0
0
0
0
0
0
3.415121e+08
3.443119e+08
3.493017e+08
3.5678e+08
3.670811e+08
0
0
0
0
0
0
0
0
0
0
0
0
0
0
0
0
0
3.300282e+08
3.327224e+08
3.374946e+08
3.446151e+08
3.543946e+08
0
0
0
0
0
0
0
0
0
0
0
0
0
0
0
0
0
0
3.18946e+08
3.215423e+08
3.261072e+08
3.32896e+08
3.421892e+08
0
0
0
0
0
0
0
0
0
0
0
0
0
0
0
0
0
0
0
3.084587e+08
3.109624e+08
3.15338e+08
3.218185e+08
3.306688e+08
0
0
0
0
0
0
0
0
0
0
0
0
0
0
0
0
0
0
0
0
2.986087e+08
3.010312e+08
3.052311e+08
3.114312e+08
3.198739e+08
0
0
0
0
0
0
0
0
0
0
0
0
0
0
0
0
0
0
0
0
2.893516e+08
2.91696e+08
2.957383e+08
3.016795e+08
3.097509e+08
0
0
0
0
0
0
0
0
0
0
0
0
0
0
0
0
0
0
0
0
2.805588e+08
2.828345e+08
2.867277e+08
2.92433e+08
3.001594e+08
0
0
0
0
0
0
0
0
0
0
0
0
0
0
0
0
0
0
0
0
2.720348e+08
2.742347e+08
2.779906e+08
2.834704e+08
2.908758e+08
0
0
0
0
0
0
0
0
0
0
0
0
0
0
0
0
0
0
0
0
2.634884e+08
2.65626e+08
2.692375e+08
2.745007e+08
2.815905e+08
0
0
0
0
0
0
0
0
0
0
0
0
0
0
0
0
0
0
0
0
2.547548e+08
2.568059e+08
2.602825e+08
2.653183e+08
2.72095e+08
0
0
0
0
0
0
0
0
0
0
2.460661e+08
2.480474e+08
2.51371e+08
2.561947e+08
2.62659e+08
0
0
0
0
0
0
0
0
0
0
2.378152e+08
2.396889e+08
2.428811e+08
2.474881e+08
2.536699e+08
0
0
0
0
0
0
0
0
0
0
2.301955e+08
2.319806e+08
2.350145e+08
2.394338e+08
2.453418e+08
0
0
0
0
0
0
0
0
0
0
2.233788e+08
2.249954e+08
2.278938e+08
2.321083e+08
2.377789e+08
0
0
0
0
0
0
0
0
0
0
3.985937e+08
4.01937e+08
4.08107e+08
4.175329e+08
4.307092e+08
0
0
0
0
0
0
0
0
0
0
3.851764e+08
3.883717e+08
3.94233e+08
4.031513e+08
4.155756e+08
0
0
0
0
0
0
0
0
0
0
3.731643e+08
3.7624e+08
3.818427e+08
3.903358e+08
4.0213e+08
0
0
0
0
0
0
0
0
0
0
3.621616e+08
3.651355e+08
3.705157e+08
3.786392e+08
3.89889e+08
0
0
0
0
0
0
0
0
0
0
3.51659e+08
3.545424e+08
3.59719e+08
3.675064e+08
3.782599e+08
0
0
0
0
0
0
0
0
0
0
3.410714e+08
3.43864e+08
3.488407e+08
3.562975e+08
3.665674e+08
0
0
0
0
0
0
0
0
0
0
0
0
0
0
0
0
0
3.30126e+08
3.328203e+08
3.375923e+08
3.447122e+08
3.544897e+08
0
0
0
0
0
0
0
0
0
0
0
0
0
0
0
0
0
0
3.191861e+08
3.217845e+08
3.263528e+08
3.331464e+08
3.424462e+08
0
0
0
0
0
0
0
0
0
0
0
0
0
0
0
0
0
0
0
3.086204e+08
3.111256e+08
3.155036e+08
3.219878e+08
3.308431e+08
0
0
0
0
0
0
0
0
0
0
0
0
0
0
0
0
0
0
0
0
2.986087e+08
3.010312e+08
3.052311e+08
3.114312e+08
3.198739e+08
0
0
0
0
0
0
0
0
0
0
0
0
0
0
0
0
0
0
0
0
2.89201e+08
2.915436e+08
2.955832e+08
3.015207e+08
3.095871e+08
0
0
0
0
0
0
0
0
0
0
0
0
0
0
0
0
0
0
0
0
2.803483e+08
2.82621e+08
2.865098e+08
2.922094e+08
2.999286e+08
0
0
0
0
0
0
0
0
0
0
0
0
0
0
0
0
0
0
0
0
2.719438e+08
2.741401e+08
2.778924e+08
2.833683e+08
2.907697e+08
0
0
0
0
0
0
0
0
0
0
0
0
0
0
0
0
0
0
0
0
2.637761e+08
2.659124e+08
2.695248e+08
2.747926e+08
2.818909e+08
0
0
0
0
0
0
0
0
0
0
0
0
0
0
0
0
0
0
0
0
2.556031e+08
2.576557e+08
2.611427e+08
2.66197e+08
2.730028e+08
0
0
0
0
0
0
0
0
0
0
0
0
0
0
0
0
0
0
0
0
2.47222e+08
2.492091e+08
2.525467e+08
2.573966e+08
2.63899e+08
0
0
0
0
0
0
0
0
0
0
2.38919e+08
2.407967e+08
2.440032e+08
2.486332e+08
2.5485e+08
0
0
0
0
0
0
0
0
0
0
2.31011e+08
2.328007e+08
2.358438e+08
2.402803e+08
2.462126e+08
0
0
0
0
0
0
0
0
0
0
2.237924e+08
2.254107e+08
2.283149e+08
2.325377e+08
2.382211e+08
0
0
0
0
0
0
0
0
0
0
2.173441e+08
2.187957e+08
2.214889e+08
2.255271e+08
2.309517e+08
0
0
0
0
0
0
0
0
0
0
3.843007e+08
3.874812e+08
3.933171e+08
4.021972e+08
4.145675e+08
0
0
0
0
0
0
0
0
0
0
3.716069e+08
3.746591e+08
3.8022e+08
3.88649e+08
4.003525e+08
0
0
0
0
0
0
0
0
0
0
3.602228e+08
3.631689e+08
3.684985e+08
3.765442e+08
3.876835e+08
0
0
0
0
0
0
0
0
0
0
3.497765e+08
3.526338e+08
3.577615e+08
3.65473e+08
3.761186e+08
0
0
0
0
0
0
0
0
0
0
3.397906e+08
3.425659e+08
3.475097e+08
3.549139e+08
3.651083e+08
0
0
0
0
0
0
0
0
0
0
3.297137e+08
3.324029e+08
3.371639e+08
3.442663e+08
3.540172e+08
0
0
0
0
0
0
0
0
0
0
0
0
0
0
0
0
0
0
3.192847e+08
3.218841e+08
3.264532e+08
3.332472e+08
3.425469e+08
0
0
0
0
0
0
0
0
0
0
0
0
0
0
0
0
0
0
0
3.088531e+08
3.113607e+08
3.157425e+08
3.222319e+08
3.310938e+08
0
0
0
0
0
0
0
0
0
0
0
0
0
0
0
0
0
0
0
0
2.987648e+08
3.01189e+08
3.053914e+08
3.115953e+08
3.200429e+08
0
0
0
0
0
0
0
0
0
0
0
0
0
0
0
0
0
0
0
0
2.89201e+08
2.915436e+08
2.955832e+08
3.015207e+08
3.095871e+08
0
0
0
0
0
0
0
0
0
0
0
0
0
0
0
0
0
0
0
0
2.802028e+08
2.824738e+08
2.863599e+08
2.920558e+08
2.997702e+08
0
0
0
0
0
0
0
0
0
0
0
0
0
0
0
0
0
0
0
0
2.717406e+08
2.739337e+08
2.776816e+08
2.831517e+08
2.905459e+08
0
0
0
0
0
0
0
0
0
0
0
0
0
0
0
0
0
0
0
0
2.636876e+08
2.658207e+08
2.69429e+08
2.746927e+08
2.817865e+08
0
0
0
0
0
0
0
0
0
0
0
0
0
0
0
0
0
0
0
0
2.558805e+08
2.579305e+08
2.614185e+08
2.664761e+08
2.732892e+08
0
0
0
0
0
0
0
0
0
0
0
0
0
0
0
0
0
0
0
0
2.480388e+08
2.500284e+08
2.533741e+08
2.582415e+08
2.647701e+08
0
0
0
0
0
0
0
0
0
0
0
0
0
0
0
0
0
0
0
0
2.400359e+08
2.419166e+08
2.451373e+08
2.497903e+08
2.560432e+08
0
0
0
0
0
0
0
0
0
0
2.320766e+08
2.338721e+08
2.369268e+08
2.413857e+08
2.473497e+08
0
0
0
0
0
0
0
0
0
0
2.245826e+08
2.262031e+08
2.291173e+08
2.33355e+08
2.390618e+08
0
0
0
0
0
0
0
0
0
0
2.177431e+08
2.191978e+08
2.218954e+08
2.259422e+08
2.313783e+08
0
0
0
0
0
0
0
0
0
0
2.118366e+08
2.129363e+08
2.154282e+08
2.192195e+08
2.244203e+08
0
0
0
0
0
0
0
0
0
0
3.7078e+08
3.738193e+08
3.793576e+08
3.877526e+08
3.994081e+08
0
0
0
0
0
0
0
0
0
0
3.587485e+08
3.616742e+08
3.669667e+08
3.749552e+08
3.860134e+08
0
0
0
0
0
0
0
0
0
0
3.479389e+08
3.507723e+08
3.558551e+08
3.634971e+08
3.740438e+08
0
0
0
0
0
0
0
0
0
0
3.380063e+08
3.407589e+08
3.456598e+08
3.529964e+08
3.630942e+08
0
0
0
0
0
0
0
0
0
0
3.285011e+08
3.31176e+08
3.359081e+08
3.429646e+08
3.526486e+08
0
0
0
0
0
0
0
0
0
0
3.188974e+08
3.214933e+08
3.260537e+08
3.328328e+08
3.421102e+08
0
0
0
0
0
0
0
0
0
0
0
0
0
0
0
0
0
0
0
3.089515e+08
3.114609e+08
3.158444e+08
3.223351e+08
3.311979e+08
0
0
0
0
0
0
0
0
0
0
0
0
0
0
0
0
0
0
0
0
2.989901e+08
3.014169e+08
3.056234e+08
3.118327e+08
3.202873e+08
0
0
0
0
0
0
0
0
0
0
0
0
0
0
0
0
0
0
0
0
2.893516e+08
2.91696e+08
2.957383e+08
3.016795e+08
3.097509e+08
0
0
0
0
0
0
0
0
0
0
0
0
0
0
0
0
0
0
0
0
2.802028e+08
2.824738e+08
2.863599e+08
2.920558e+08
2.997702e+08
0
0
0
0
0
0
0
0
0
0
0
0
0
0
0
0
0
0
0
0
2.716003e+08
2.737916e+08
2.775368e+08
2.830032e+08
2.903926e+08
0
0
0
0
0
0
0
0
0
0
0
0
0
0
0
0
0
0
0
0
2.634913e+08
2.656214e+08
2.692252e+08
2.744832e+08
2.815698e+08
0
0
0
0
0
0
0
0
0
0
0
0
0
0
0
0
0
0
0
0
2.557954e+08
2.578414e+08
2.613255e+08
2.663787e+08
2.731872e+08
0
0
0
0
0
0
0
0
0
0
0
0
0
0
0
0
0
0
0
0
2.483057e+08
2.502937e+08
2.536389e+08
2.585094e+08
2.650439e+08
0
0
0
0
0
0
0
0
0
0
0
0
0
0
0
0
0
0
0
0
2.408255e+08
2.427062e+08
2.459355e+08
2.506033e+08
2.568809e+08
0
0
0
0
0
0
0
0
0
0
0
0
0
0
0
0
0
0
0
0
2.331541e+08
2.34955e+08
2.380207e+08
2.425023e+08
2.484988e+08
0
0
0
0
0
0
0
0
0
0
2.256151e+08
2.27238e+08
2.301651e+08
2.344222e+08
2.401597e+08
0
0
0
0
0
0
0
0
0
0
2.185062e+08
2.19966e+08
2.22671e+08
2.267332e+08
2.321901e+08
0
0
0
0
0
0
0
0
0
0
2.122235e+08
2.133244e+08
2.158219e+08
2.196203e+08
2.248326e+08
0
0
0
0
0
0
0
0
0
0
2.069007e+08
2.075858e+08
2.096973e+08
2.13249e+08
2.181592e+08
0
0
0
0
0
0
0
0
0
0
3.579659e+08
3.608803e+08
3.661527e+08
3.741108e+08
3.851259e+08
0
0
0
0
0
0
0
0
0
0
3.4654e+08
3.493558e+08
3.544056e+08
3.619963e+08
3.724701e+08
0
0
0
0
0
0
0
0
0
0
3.362611e+08
3.389927e+08
3.438539e+08
3.511282e+08
3.611369e+08
0
0
0
0
0
0
0
0
0
0
3.268061e+08
3.294615e+08
3.341554e+08
3.411517e+08
3.507489e+08
0
0
0
0
0
0
0
0
0
0
3.177465e+08
3.203305e+08
3.248659e+08
3.31604e+08
3.408223e+08
0
0
0
0
0
0
0
0
0
0
3.085862e+08
3.110934e+08
3.154701e+08
3.219484e+08
3.30792e+08
0
0
0
0
0
0
0
0
0
0
0
0
0
0
0
0
0
0
0
0
2.990875e+08
3.015167e+08
3.057255e+08
3.11937e+08
3.203935e+08
0
0
0
0
0
0
0
0
0
0
0
0
0
0
0
0
0
0
0
0
2.895694e+08
2.919167e+08
2.959633e+08
3.0191e+08
3.099885e+08
0
0
0
0
0
0
0
0
0
0
0
0
0
0
0
0
0
0
0
0
2.803483e+08
2.82621e+08
2.865098e+08
2.922094e+08
2.999286e+08
0
0
0
0
0
0
0
0
0
0
0
0
0
0
0
0
0
0
0
0
2.716003e+08
2.737916e+08
2.775368e+08
2.830032e+08
2.903926e+08
0
0
0
0
0
0
0
0
0
0
0
0
0
0
0
0
0
0
0
0
2.633558e+08
2.654842e+08
2.690853e+08
2.743397e+08
2.814215e+08
0
0
0
0
0
0
0
0
0
0
0
0
0
0
0
0
0
0
0
0
2.556062e+08
2.576488e+08
2.611287e+08
2.66176e+08
2.729774e+08
0
0
0
0
0
0
0
0
0
0
0
0
0
0
0
0
0
0
0
0
2.482232e+08
2.50208e+08
2.535487e+08
2.58415e+08
2.649445e+08
0
0
0
0
0
0
0
0
0
0
0
0
0
0
0
0
0
0
0
0
2.410844e+08
2.429617e+08
2.461913e+08
2.508608e+08
2.571439e+08
0
0
0
0
0
0
0
0
0
0
0
0
0
0
0
0
0
0
0
0
2.339154e+08
2.357188e+08
2.387904e+08
2.432869e+08
2.49305e+08
0
0
0
0
0
0
0
0
0
0
0
0
0
0
0
0
0
0
0
0
2.266591e+08
2.282834e+08
2.312234e+08
2.354996e+08
2.412687e+08
0
0
0
0
0
0
0
0
0
0
2.195029e+08
2.209694e+08
2.236837e+08
2.277661e+08
2.332502e+08
0
0
0
0
0
0
0
0
0
0
2.129645e+08
2.140667e+08
2.165741e+08
2.203852e+08
2.256185e+08
0
0
0
0
0
0
0
0
0
0
2.072733e+08
2.079624e+08
2.100775e+08
2.136373e+08
2.185575e+08
0
0
0
0
0
0
0
0
0
0
2.029808e+08
2.02788e+08
2.044621e+08
2.076016e+08
2.122319e+08
0
0
0
0
0
0
0
0
0
0
3.457978e+08
3.486037e+08
3.536355e+08
3.611987e+08
3.716337e+08
0
0
0
0
0
0
0
0
0
0
3.349314e+08
3.376474e+08
3.424792e+08
3.497072e+08
3.596501e+08
0
0
0
0
0
0
0
0
0
0
3.251453e+08
3.277825e+08
3.324406e+08
3.39381e+08
3.488977e+08
0
0
0
0
0
0
0
0
0
0
3.161331e+08
3.187004e+08
3.232018e+08
3.298855e+08
3.390258e+08
0
0
0
0
0
0
0
0
0
0
3.074912e+08
3.099887e+08
3.143435e+08
3.207855e+08
3.295759e+08
0
0
0
0
0
0
0
0
0
0
2.987416e+08
3.011698e+08
3.053733e+08
3.115746e+08
3.200147e+08
0
0
0
0
0
0
0
0
0
0
0
0
0
0
0
0
0
0
0
0
2.896652e+08
2.920153e+08
2.960648e+08
3.020144e+08
3.100957e+08
0
0
0
0
0
0
0
0
0
0
0
0
0
0
0
0
0
0
0
0
2.805588e+08
2.828345e+08
2.867277e+08
2.92433e+08
3.001594e+08
0
0
0
0
0
0
0
0
0
0
0
0
0
0
0
0
0
0
0
0
2.717406e+08
2.739337e+08
2.776816e+08
2.831517e+08
2.905459e+08
0
0
0
0
0
0
0
0
0
0
0
0
0
0
0
0
0
0
0
0
2.633558e+08
2.654842e+08
2.690853e+08
2.743397e+08
2.814215e+08
0
0
0
0
0
0
0
0
0
0
0
0
0
0
0
0
0
0
0
0
2.554756e+08
2.575162e+08
2.609936e+08
2.660374e+08
2.728342e+08
0
0
0
0
0
0
0
0
0
0
0
0
0
0
0
0
0
0
0
0
2.480403e+08
2.500223e+08
2.533584e+08
2.582193e+08
2.647416e+08
0
0
0
0
0
0
0
0
0
0
0
0
0
0
0
0
0
0
0
0
2.410056e+08
2.428787e+08
2.461047e+08
2.507692e+08
2.570476e+08
0
0
0
0
0
0
0
0
0
0
0
0
0
0
0
0
0
0
0
0
2.341646e+08
2.359669e+08
2.39037e+08
2.435359e+08
2.495579e+08
0
0
0
0
0
0
0
0
0
0
0
0
0
0
0
0
0
0
0
0
2.273973e+08
2.290204e+08
2.319684e+08
2.362565e+08
2.42047e+08
0
0
0
0
0
0
0
0
0
0
0
0
0
0
0
0
0
0
0
0
2.205095e+08
2.21983e+08
2.247059e+08
2.288088e+08
2.343204e+08
0
0
0
0
0
0
0
0
0
0
2.139323e+08
2.150358e+08
2.175564e+08
2.213837e+08
2.266446e+08
0
0
0
0
0
0
0
0
0
0
2.079871e+08
2.086836e+08
2.108047e+08
2.143793e+08
2.193174e+08
0
0
0
0
0
0
0
0
0
0
2.03343e+08
2.031507e+08
2.048311e+08
2.079766e+08
2.126177e+08
0
0
0
0
0
0
0
0
0
0
2.003246e+08
1.98976e+08
1.997656e+08
2.024413e+08
2.066245e+08
0
0
0
0
0
0
0
0
0
0
3.342262e+08
3.369333e+08
3.41749e+08
3.489523e+08
3.588601e+08
0
0
0
0
0
0
0
0
0
0
3.238789e+08
3.265024e+08
3.311339e+08
3.380326e+08
3.474897e+08
0
0
0
0
0
0
0
0
0
0
3.145498e+08
3.17101e+08
3.215704e+08
3.282032e+08
3.372708e+08
0
0
0
0
0
0
0
0
0
0
3.059524e+08
3.084356e+08
3.1276e+08
3.191531e+08
3.278725e+08
0
0
0
0
0
0
0
0
0
0
2.976972e+08
3.001177e+08
3.043022e+08
3.104711e+08
3.188636e+08
0
0
0
0
0
0
0
0
0
0
2.893363e+08
2.916864e+08
2.95732e+08
3.016732e+08
3.097405e+08
0
0
0
0
0
0
0
0
0
0
0
0
0
0
0
0
0
0
0
0
2.806524e+08
2.829313e+08
2.868278e+08
2.925366e+08
3.002665e+08
0
0
0
0
0
0
0
0
0
0
0
0
0
0
0
0
0
0
0
0
2.719438e+08
2.741401e+08
2.778924e+08
2.833683e+08
2.907697e+08
0
0
0
0
0
0
0
0
0
0
0
0
0
0
0
0
0
0
0
0
2.634913e+08
2.656214e+08
2.692252e+08
2.744832e+08
2.815697e+08
0
0
0
0
0
0
0
0
0
0
0
0
0
0
0
0
0
0
0
0
2.554756e+08
2.575162e+08
2.609936e+08
2.660374e+08
2.728342e+08
0
0
0
0
0
0
0
0
0
0
0
0
0
0
0
0
0
0
0
0
2.479141e+08
2.498945e+08
2.532279e+08
2.580854e+08
2.646033e+08
0
0
0
0
0
0
0
0
0
0
0
0
0
0
0
0
0
0
0
0
2.408295e+08
2.426992e+08
2.459212e+08
2.5058e+08
2.568517e+08
0
0
0
0
0
0
0
0
0
0
0
0
0
0
0
0
0
0
0
0
2.340878e+08
2.358877e+08
2.389531e+08
2.434479e+08
2.494645e+08
0
0
0
0
0
0
0
0
0
0
0
0
0
0
0
0
0
0
0
0
2.276402e+08
2.292595e+08
2.322081e+08
2.364967e+08
2.422916e+08
0
0
0
0
0
0
0
0
0
0
0
0
0
0
0
0
0
0
0
0
2.212195e+08
2.226981e+08
2.254251e+08
2.295418e+08
2.350714e+08
0
0
0
0
0
0
0
0
0
0
0
0
0
0
0
0
0
0
0
0
2.149091e+08
2.160136e+08
2.185479e+08
2.223912e+08
2.276805e+08
0
0
0
0
0
0
0
0
0
0
2.08918e+08
2.096251e+08
2.117538e+08
2.153481e+08
2.203096e+08
0
0
0
0
0
0
0
0
0
0
2.040375e+08
2.038458e+08
2.055379e+08
2.086942e+08
2.133551e+08
0
0
0
0
0
0
0
0
0
0
2.006679e+08
1.993287e+08
2.001211e+08
2.028054e+08
2.069972e+08
0
0
0
0
0
0
0
0
0
0
1.96391e+08
1.960328e+08
1.978105e+08
2.015e+08
0
0
0
0
0
0
0
0
0
0
3.232077e+08
3.258233e+08
3.304402e+08
3.373165e+08
3.467417e+08
0
0
0
0
0
0
0
0
0
0
3.133416e+08
3.158807e+08
3.203262e+08
3.26921e+08
3.359344e+08
0
0
0
0
0
0
0
0
0
0
3.044402e+08
3.069095e+08
3.112049e+08
3.175519e+08
3.262048e+08
0
0
0
0
0
0
0
0
0
0
2.962268e+08
2.986351e+08
3.027925e+08
3.08917e+08
3.172451e+08
0
0
0
0
0
0
0
0
0
0
2.883381e+08
2.906821e+08
2.947112e+08
3.006236e+08
3.08648e+08
0
0
0
0
0
0
0
0
0
0
2.803389e+08
2.826182e+08
2.86512e+08
2.92214e+08
2.999321e+08
0
0
0
0
0
0
0
0
0
0
0
0
0
0
0
0
0
0
0
0
2.720348e+08
2.742347e+08
2.779906e+08
2.834704e+08
2.908758e+08
0
0
0
0
0
0
0
0
0
0
0
0
0
0
0
0
0
0
0
0
2.636876e+08
2.658207e+08
2.69429e+08
2.746927e+08
2.817865e+08
0
0
0
0
0
0
0
0
0
0
0
0
0
0
0
0
0
0
0
0
2.556062e+08
2.576487e+08
2.611287e+08
2.66176e+08
2.729774e+08
0
0
0
0
0
0
0
0
0
0
0
0
0
0
0
0
0
0
0
0
2.479141e+08
2.498945e+08
2.532279e+08
2.580854e+08
2.646033e+08
0
0
0
0
0
0
0
0
0
0
0
0
0
0
0
0
0
0
0
0
2.407077e+08
2.425756e+08
2.457953e+08
2.504506e+08
2.56718e+08
0
0
0
0
0
0
0
0
0
0
0
0
0
0
0
0
0
0
0
0
2.33917e+08
2.357147e+08
2.387757e+08
2.432654e+08
2.492751e+08
0
0
0
0
0
0
0
0
0
0
0
0
0
0
0
0
0
0
0
0
2.275673e+08
2.291824e+08
2.321281e+08
2.364116e+08
2.422019e+08
0
0
0
0
0
0
0
0
0
0
0
0
0
0
0
0
0
0
0
0
2.214511e+08
2.229314e+08
2.256563e+08
2.297754e+08
2.353074e+08
0
0
0
0
0
0
0
0
0
0
0
0
0
0
0
0
0
0
0
0
2.15598e+08
2.167019e+08
2.192462e+08
2.23099e+08
2.284078e+08
0
0
0
0
0
0
0
0
0
0
0
0
0
0
0
0
0
0
0
0
2.098546e+08
2.105745e+08
2.127107e+08
2.163257e+08
2.213106e+08
0
0
0
0
0
0
0
0
0
0
2.049426e+08
2.047519e+08
2.064603e+08
2.096306e+08
2.143179e+08
0
0
0
0
0
0
0
0
0
0
2.013254e+08
2.000053e+08
2.008026e+08
2.03503e+08
2.077104e+08
0
0
0
0
0
0
0
0
0
0
1.967254e+08
1.963787e+08
1.981614e+08
2.018619e+08
0
0
0
0
0
0
0
0
0
0
1.935001e+08
1.941292e+08
1.969008e+08
0
0
0
0
0
0
0
0
0
0
3.127016e+08
3.152337e+08
3.19666e+08
3.262403e+08
3.352247e+08
0
0
0
0
0
0
0
0
0
0
3.032856e+08
3.057442e+08
3.10018e+08
3.163304e+08
3.249337e+08
0
0
0
0
0
0
0
0
0
0
2.947801e+08
2.971762e+08
3.013076e+08
3.073901e+08
3.156574e+08
0
0
0
0
0
0
0
0
0
0
2.869306e+08
2.892641e+08
2.93269e+08
2.991412e+08
3.071068e+08
0
0
0
0
0
0
0
0
0
0
2.793833e+08
2.816575e+08
2.855369e+08
2.912132e+08
2.988925e+08
0
0
0
0
0
0
0
0
0
0
2.717345e+08
2.739359e+08
2.776898e+08
2.831641e+08
2.905595e+08
0
0
0
0
0
0
0
0
0
0
0
0
0
0
0
0
0
0
0
0
2.637761e+08
2.659124e+08
2.695248e+08
2.747926e+08
2.818909e+08
0
0
0
0
0
0
0
0
0
0
0
0
0
0
0
0
0
0
0
0
2.557954e+08
2.578414e+08
2.613255e+08
2.663787e+08
2.731872e+08
0
0
0
0
0
0
0
0
0
0
0
0
0
0
0
0
0
0
0
0
2.480403e+08
2.500223e+08
2.533584e+08
2.582193e+08
2.647416e+08
0
0
0
0
0
0
0
0
0
0
0
0
0
0
0
0
0
0
0
0
2.407077e+08
2.425756e+08
2.457953e+08
2.504506e+08
2.56718e+08
0
0
0
0
0
0
0
0
0
0
0
0
0
0
0
0
0
0
0
0
2.33799e+08
2.355955e+08
2.386539e+08
2.431406e+08
2.491459e+08
0
0
0
0
0
0
0
0
0
0
0
0
0
0
0
0
0
0
0
0
2.274029e+08
2.290147e+08
2.319571e+08
2.362351e+08
2.420193e+08
0
0
0
0
0
0
0
0
0
0
0
0
0
0
0
0
0
0
0
0
2.213781e+08
2.228583e+08
2.255784e+08
2.296942e+08
2.352207e+08
0
0
0
0
0
0
0
0
0
0
0
0
0
0
0
0
0
0
0
0
2.158231e+08
2.169246e+08
2.194721e+08
2.233244e+08
2.286375e+08
0
0
0
0
0
0
0
0
0
0
0
0
0
0
0
0
0
0
0
0
2.1051e+08
2.112427e+08
2.133832e+08
2.170132e+08
2.220131e+08
0
0
0
0
0
0
0
0
0
0
0
0
0
0
0
0
0
0
0
0
2.058513e+08
2.056626e+08
2.073899e+08
2.105743e+08
2.152893e+08
0
0
0
0
0
0
0
0
0
0
2.021774e+08
2.008866e+08
2.016906e+08
2.044132e+08
2.08641e+08
0
0
0
0
0
0
0
0
0
0
1.973661e+08
1.970422e+08
1.988341e+08
2.025553e+08
0
0
0
0
0
0
0
0
0
0
1.93828e+08
1.944706e+08
1.972496e+08
0
0
0
0
0
0
0
0
0
0
1.916305e+08
1.932442e+08
0
0
0
0
0
0
0
0
0
0
3.026745e+08
3.051268e+08
3.093885e+08
3.156822e+08
3.242589e+08
0
0
0
0
0
0
0
0
0
0
2.936749e+08
2.960616e+08
3.001734e+08
3.062242e+08
3.144462e+08
0
0
0
0
0
0
0
0
0
0
2.855443e+08
2.878672e+08
2.918487e+08
2.976825e+08
3.055924e+08
0
0
0
0
0
0
0
0
0
0
2.780341e+08
2.80299e+08
2.841567e+08
2.897965e+08
2.974222e+08
0
0
0
0
0
0
0
0
0
0
2.708176e+08
2.730153e+08
2.767563e+08
2.822076e+08
2.895681e+08
0
0
0
0
0
0
0
0
0
0
2.634884e+08
2.65626e+08
2.692375e+08
2.745007e+08
2.815905e+08
0
0
0
0
0
0
0
0
0
0
0
0
0
0
0
0
0
0
0
0
2.558805e+08
2.579305e+08
2.614185e+08
2.664761e+08
2.732892e+08
0
0
0
0
0
0
0
0
0
0
0
0
0
0
0
0
0
0
0
0
2.482232e+08
2.50208e+08
2.535487e+08
2.58415e+08
2.649445e+08
0
0
0
0
0
0
0
0
0
0
0
0
0
0
0
0
0
0
0
0
2.408295e+08
2.426992e+08
2.459212e+08
2.5058e+08
2.568517e+08
0
0
0
0
0
0
0
0
0
0
0
0
0
0
0
0
0
0
0
0
2.33799e+08
2.355955e+08
2.386539e+08
2.431406e+08
2.491459e+08
0
0
0
0
0
0
0
0
0
0
0
0
0
0
0
0
0
0
0
0
2.272891e+08
2.288991e+08
2.318397e+08
2.361144e+08
2.418946e+08
0
0
0
0
0
0
0
0
0
0
0
0
0
0
0
0
0
0
0
0
2.21217e+08
2.226967e+08
2.254126e+08
2.295241e+08
2.350441e+08
0
0
0
0
0
0
0
0
0
0
0
0
0
0
0
0
0
0
0
0
2.157525e+08
2.168514e+08
2.193982e+08
2.232455e+08
2.285548e+08
0
0
0
0
0
0
0
0
0
0
0
0
0
0
0
0
0
0
0
0
2.107177e+08
2.114594e+08
2.135989e+08
2.172336e+08
2.222349e+08
0
0
0
0
0
0
0
0
0
0
0
0
0
0
0
0
0
0
0
0
2.064846e+08
2.062987e+08
2.08043e+08
2.112365e+08
2.159718e+08
0
0
0
0
0
0
0
0
0
0
0
0
0
0
0
0
0
0
0
0
2.030224e+08
2.017706e+08
2.025826e+08
2.053302e+08
2.095789e+08
0
0
0
0
0
0
0
0
0
0
1.981958e+08
1.979061e+08
1.997107e+08
2.034601e+08
0
0
0
0
0
0
0
0
0
0
1.944564e+08
1.951258e+08
1.979183e+08
0
0
0
0
0
0
0
0
0
0
1.919542e+08
1.935835e+08
0
0
0
0
0
0
0
0
0
0
1.907615e+08
0
0
0
0
0
0
0
0
0
0
2.930904e+08
2.954716e+08
2.995724e+08
3.05606e+08
3.138035e+08
0
0
0
0
0
0
0
0
0
0
2.844849e+08
2.867995e+08
2.907631e+08
2.96568e+08
3.044362e+08
0
0
0
0
0
0
0
0
0
0
2.767041e+08
2.789593e+08
2.827958e+08
2.884006e+08
2.959752e+08
0
0
0
0
0
0
0
0
0
0
2.695218e+08
2.71712e+08
2.754331e+08
2.808512e+08
2.881626e+08
0
0
0
0
0
0
0
0
0
0
2.626077e+08
2.647419e+08
2.683424e+08
2.735847e+08
2.806428e+08
0
0
0
0
0
0
0
0
0
0
2.556031e+08
2.576557e+08
2.611427e+08
2.661971e+08
2.730028e+08
0
0
0
0
0
0
0
0
0
0
0
0
0
0
0
0
0
0
0
0
2.483057e+08
2.502937e+08
2.536388e+08
2.585094e+08
2.650439e+08
0
0
0
0
0
0
0
0
0
0
0
0
0
0
0
0
0
0
0
0
2.410056e+08
2.428787e+08
2.461047e+08
2.507692e+08
2.570476e+08
0
0
0
0
0
0
0
0
0
0
0
0
0
0
0
0
0
0
0
0
2.33917e+08
2.357147e+08
2.387757e+08
2.432654e+08
2.492751e+08
0
0
0
0
0
0
0
0
0
0
0
0
0
0
0
0
0
0
0
0
2.272891e+08
2.288991e+08
2.318397e+08
2.361144e+08
2.418946e+08
0
0
0
0
0
0
0
0
0
0
0
0
0
0
0
0
0
0
0
0
2.211059e+08
2.225852e+08
2.252987e+08
2.294076e+08
2.349235e+08
0
0
0
0
0
0
0
0
0
0
0
0
0
0
0
0
0
0
0
0
2.155963e+08
2.166932e+08
2.192385e+08
2.230806e+08
2.283846e+08
0
0
0
0
0
0
0
0
0
0
0
0
0
0
0
0
0
0
0
0
2.106411e+08
2.113887e+08
2.13525e+08
2.171587e+08
2.221545e+08
0
0
0
0
0
0
0
0
0
0
0
0
0
0
0
0
0
0
0
0
2.066827e+08
2.064987e+08
2.082531e+08
2.114471e+08
2.161887e+08
0
0
0
0
0
0
0
0
0
0
0
0
0
0
0
0
0
0
0
0
2.035932e+08
2.023855e+08
2.032045e+08
2.059736e+08
2.102364e+08
0
0
0
0
0
0
0
0
0
0
0
0
0
0
0
0
0
0
0
0
1.990181e+08
1.987722e+08
2.005908e+08
2.043716e+08
0
0
0
0
0
0
0
0
0
0
1.9527e+08
1.959787e+08
1.987897e+08
0
0
0
0
0
0
0
0
0
0
1.925747e+08
1.942348e+08
0
0
0
0
0
0
0
0
0
0
1.910833e+08
0
0
0
0
0
0
0
0
0
0
0
0
0
0
0
0
0
0
0
0
2.839251e+08
2.862347e+08
2.901883e+08
2.959775e+08
3.038231e+08
0
0
0
0
0
0
0
0
0
0
2.756873e+08
2.77935e+08
2.817552e+08
2.873335e+08
2.948697e+08
0
0
0
0
0
0
0
0
0
0
2.682436e+08
2.704257e+08
2.741272e+08
2.795132e+08
2.867776e+08
0
0
0
0
0
0
0
0
0
0
2.613623e+08
2.634892e+08
2.670723e+08
2.722838e+08
2.792969e+08
0
0
0
0
0
0
0
0
0
0
2.547548e+08
2.568059e+08
2.602825e+08
2.653183e+08
2.72095e+08
0
0
0
0
0
0
0
0
0
0
2.480388e+08
2.500284e+08
2.533741e+08
2.582415e+08
2.647701e+08
0
0
0
0
0
0
0
0
0
0
0
0
0
0
0
0
0
0
0
0
2.410844e+08
2.429617e+08
2.461913e+08
2.508608e+08
2.571439e+08
0
0
0
0
0
0
0
0
0
0
0
0
0
0
0
0
0
0
0
0
2.340878e+08
2.358877e+08
2.389531e+08
2.434479e+08
2.494645e+08
0
0
0
0
0
0
0
0
0
0
0
0
0
0
0
0
0
0
0
0
2.274029e+08
2.290146e+08
2.319571e+08
2.362351e+08
2.420192e+08
0
0
0
0
0
0
0
0
0
0
0
0
0
0
0
0
0
0
0
0
2.211059e+08
2.225852e+08
2.252987e+08
2.294076e+08
2.349235e+08
0
0
0
0
0
0
0
0
0
0
0
0
0
0
0
0
0
0
0
0
2.154884e+08
2.165843e+08
2.191286e+08
2.229676e+08
2.282683e+08
0
0
0
0
0
0
0
0
0
0
0
0
0
0
0
0
0
0
0
0
2.10484e+08
2.112352e+08
2.133687e+08
2.169998e+08
2.219894e+08
0
0
0
0
0
0
0
0
0
0
0
0
0
0
0
0
0
0
0
0
2.066048e+08
2.064222e+08
2.081818e+08
2.113723e+08
2.161124e+08
0
0
0
0
0
0
0
0
0
0
0
0
0
0
0
0
0
0
0
0
2.03746e+08
2.025764e+08
2.033984e+08
2.061788e+08
2.104437e+08
0
0
0
0
0
0
0
0
0
0
0
0
0
0
0
0
0
0
0
0
1.995722e+08
1.993736e+08
2.012036e+08
2.050105e+08
0
0
0
0
0
0
0
0
0
0
0
0
0
0
0
0
0
0
0
0
1.960756e+08
1.968334e+08
1.996646e+08
0
0
0
0
0
0
0
0
0
0
1.933779e+08
1.950828e+08
0
0
0
0
0
0
0
0
0
0
1.917003e+08
0
0
0
0
0
0
0
0
0
0
0
0
0
0
0
0
0
0
0
0
0
0
0
0
0
0
0
0
0
2.751506e+08
2.773936e+08
2.812047e+08
2.867684e+08
2.942839e+08
0
0
0
0
0
0
0
0
0
0
2.672661e+08
2.694418e+08
2.731283e+08
2.784898e+08
2.857188e+08
0
0
0
0
0
0
0
0
0
0
2.601328e+08
2.622521e+08
2.658176e+08
2.709993e+08
2.77969e+08
0
0
0
0
0
0
0
0
0
0
2.535549e+08
2.556009e+08
2.59061e+08
2.640691e+08
2.708039e+08
0
0
0
0
0
0
0
0
0
0
2.47222e+08
2.492091e+08
2.525467e+08
2.573966e+08
2.63899e+08
0
0
0
0
0
0
0
0
0
0
2.408255e+08
2.427062e+08
2.459355e+08
2.506033e+08
2.568809e+08
0
0
0
0
0
0
0
0
0
0
0
0
0
0
0
0
0
0
0
0
2.341645e+08
2.359669e+08
2.39037e+08
2.435359e+08
2.495579e+08
0
0
0
0
0
0
0
0
0
0
0
0
0
0
0
0
0
0
0
0
2.275674e+08
2.291824e+08
2.321281e+08
2.364116e+08
2.422019e+08
0
0
0
0
0
0
0
0
0
0
0
0
0
0
0
0
0
0
0
0
2.21217e+08
2.226967e+08
2.254126e+08
2.295241e+08
2.350441e+08
0
0
0
0
0
0
0
0
0
0
0
0
0
0
0
0
0
0
0
0
2.154884e+08
2.165843e+08
2.191286e+08
2.229676e+08
2.282683e+08
0
0
0
0
0
0
0
0
0
0
0
0
0
0
0
0
0
0
0
0
2.103765e+08
2.111295e+08
2.132613e+08
2.168908e+08
2.218766e+08
0
0
0
0
0
0
0
0
0
0
0
0
0
0
0
0
0
0
0
0
2.064494e+08
2.062679e+08
2.080301e+08
2.112168e+08
2.159534e+08
0
0
0
0
0
0
0
0
0
0
0
0
0
0
0
0
0
0
0
0
2.036394e+08
2.024988e+08
2.033216e+08
2.061067e+08
2.103676e+08
0
0
0
0
0
0
0
0
0
0
0
0
0
0
0
0
0
0
0
0
1.99719e+08
1.995588e+08
2.01393e+08
2.052125e+08
0
0
0
0
0
0
0
0
0
0
0
0
0
0
0
0
0
0
0
0
1.966176e+08
1.974261e+08
2.002732e+08
0
0
0
0
0
0
0
0
0
0
0
0
0
0
0
0
0
0
0
0
1.941731e+08
1.959325e+08
0
0
0
0
0
0
0
0
0
0
1.924989e+08
0
0
0
0
0
0
0
0
0
0
0
0
0
0
0
0
0
0
0
0
0
0
0
0
0
0
0
0
0
0
0
0
0
0
0
0
0
2.667507e+08
2.689224e+08
2.726003e+08
2.779484e+08
2.851583e+08
0
0
0
0
0
0
0
0
0
0
2.591924e+08
2.613055e+08
2.648575e+08
2.700165e+08
2.769535e+08
0
0
0
0
0
0
0
0
0
0
2.5237e+08
2.544101e+08
2.578536e+08
2.628346e+08
2.69529e+08
0
0
0
0
0
0
0
0
0
0
2.460661e+08
2.480474e+08
2.51371e+08
2.561947e+08
2.62659e+08
0
0
0
0
0
0
0
0
0
0
2.400359e+08
2.419166e+08
2.451373e+08
2.497903e+08
2.560432e+08
0
0
0
0
0
0
0
0
0
0
2.339154e+08
2.357188e+08
2.387904e+08
2.432869e+08
2.49305e+08
0
0
0
0
0
0
0
0
0
0
0
0
0
0
0
0
0
0
0
0
2.276402e+08
2.292595e+08
2.322081e+08
2.364967e+08
2.422916e+08
0
0
0
0
0
0
0
0
0
0
0
0
0
0
0
0
0
0
0
0
2.213781e+08
2.228583e+08
2.255784e+08
2.296942e+08
2.352207e+08
0
0
0
0
0
0
0
0
0
0
0
0
0
0
0
0
0
0
0
0
2.155963e+08
2.166932e+08
2.192385e+08
2.230806e+08
2.283846e+08
0
0
0
0
0
0
0
0
0
0
0
0
0
0
0
0
0
0
0
0
2.103765e+08
2.111295e+08
2.132613e+08
2.168908e+08
2.218766e+08
0
0
0
0
0
0
0
0
0
0
0
0
0
0
0
0
0
0
0
0
2.063433e+08
2.061625e+08
2.079258e+08
2.111102e+08
2.158445e+08
0
0
0
0
0
0
0
0
0
0
0
0
0
0
0
0
0
0
0
0
2.034674e+08
2.023461e+08
2.031692e+08
2.059558e+08
2.10212e+08
0
0
0
0
0
0
0
0
0
0
0
0
0
0
0
0
0
0
0
0
1.996135e+08
1.99481e+08
2.013155e+08
2.051391e+08
0
0
0
0
0
0
0
0
0
0
0
0
0
0
0
0
0
0
0
0
1.967596e+08
1.97607e+08
2.004596e+08
0
0
0
0
0
0
0
0
0
0
0
0
0
0
0
0
0
0
0
0
1.947071e+08
1.965211e+08
0
0
0
0
0
0
0
0
0
0
0
0
0
0
0
0
0
0
0
0
1.932894e+08
0
0
0
0
0
0
0
0
0
0
0
0
0
0
0
0
0
0
0
0
0
0
0
0
0
0
0
0
0
0
0
0
0
0
0
0
0
0
0
0
0
0
0
0
2.58697e+08
2.608063e+08
2.643506e+08
2.694971e+08
2.764163e+08
0
0
0
0
0
0
0
0
0
0
2.514635e+08
2.534987e+08
2.569294e+08
2.618896e+08
2.685535e+08
0
0
0
0
0
0
0
0
0
0
2.449239e+08
2.468989e+08
2.502082e+08
2.550062e+08
2.614334e+08
0
0
0
0
0
0
0
0
0
0
2.38919e+08
2.407967e+08
2.440032e+08
2.486331e+08
2.5485e+08
0
0
0
0
0
0
0
0
0
0
2.331541e+08
2.34955e+08
2.380207e+08
2.425023e+08
2.484987e+08
0
0
0
0
0
0
0
0
0
0
2.273973e+08
2.290204e+08
2.319684e+08
2.362565e+08
2.420469e+08
0
0
0
0
0
0
0
0
0
0
0
0
0
0
0
0
0
0
0
0
2.214511e+08
2.229314e+08
2.256563e+08
2.297754e+08
2.353074e+08
0
0
0
0
0
0
0
0
0
0
0
0
0
0
0
0
0
0
0
0
2.157525e+08
2.168514e+08
2.193982e+08
2.232455e+08
2.285548e+08
0
0
0
0
0
0
0
0
0
0
0
0
0
0
0
0
0
0
0
0
2.10484e+08
2.112352e+08
2.133687e+08
2.169998e+08
2.219894e+08
0
0
0
0
0
0
0
0
0
0
0
0
0
0
0
0
0
0
0
0
2.063433e+08
2.061625e+08
2.079258e+08
2.111102e+08
2.158445e+08
0
0
0
0
0
0
0
0
0
0
0
0
0
0
0
0
0
0
0
0
2.033537e+08
2.022421e+08
2.030653e+08
2.058523e+08
2.101055e+08
0
0
0
0
0
0
0
0
0
0
0
0
0
0
0
0
0
0
0
0
1.994447e+08
1.993301e+08
2.011639e+08
2.049881e+08
0
0
0
0
0
0
0
0
0
0
0
0
0
0
0
0
0
0
0
0
1.966544e+08
1.975286e+08
2.003809e+08
0
0
0
0
0
0
0
0
0
0
0
0
0
0
0
0
0
0
0
0
1.948455e+08
1.966992e+08
0
0
0
0
0
0
0
0
0
0
0
0
0
0
0
0
0
0
0
0
1.938196e+08
0
0
0
0
0
0
0
0
0
0
0
0
0
0
0
0
0
0
0
0
0
0
0
0
0
0
0
0
0
0
0
0
0
0
0
0
0
0
0
0
0
0
0
0
0
0
0
0
0
0
0
0
0
0
0
0
0
0
0
0
2.509866e+08
2.530187e+08
2.564421e+08
2.613908e+08
2.68038e+08
0
0
0
0
0
0
0
0
0
0
2.4405e+08
2.460198e+08
2.493179e+08
2.540963e+08
2.604954e+08
0
0
0
0
0
0
0
0
0
0
2.378152e+08
2.396889e+08
2.428811e+08
2.474881e+08
2.536699e+08
0
0
0
0
0
0
0
0
0
0
2.320766e+08
2.338721e+08
2.369268e+08
2.413856e+08
2.473497e+08
0
0
0
0
0
0
0
0
0
0
2.266591e+08
2.282834e+08
2.312234e+08
2.354996e+08
2.412687e+08
0
0
0
0
0
0
0
0
0
0
2.212195e+08
2.226981e+08
2.254251e+08
2.295418e+08
2.350714e+08
0
0
0
0
0
0
0
0
0
0
0
0
0
0
0
0
0
0
0
0
2.158231e+08
2.169246e+08
2.194721e+08
2.233244e+08
2.286375e+08
0
0
0
0
0
0
0
0
0
0
0
0
0
0
0
0
0
0
0
0
2.106411e+08
2.113887e+08
2.135251e+08
2.171587e+08
2.221545e+08
0
0
0
0
0
0
0
0
0
0
0
0
0
0
0
0
0
0
0
0
2.064494e+08
2.062679e+08
2.080301e+08
2.112168e+08
2.159534e+08
0
0
0
0
0
0
0
0
0
0
0
0
0
0
0
0
0
0
0
0
2.033537e+08
2.022421e+08
2.030653e+08
2.058523e+08
2.101055e+08
0
0
0
0
0
0
0
0
0
0
0
0
0
0
0
0
0
0
0
0
1.993332e+08
1.992276e+08
2.010608e+08
2.048848e+08
0
0
0
0
0
0
0
0
0
0
0
0
0
0
0
0
0
0
0
0
1.964877e+08
1.973786e+08
2.002292e+08
0
0
0
0
0
0
0
0
0
0
0
0
0
0
0
0
0
0
0
0
1.947401e+08
1.966197e+08
0
0
0
0
0
0
0
0
0
0
0
0
0
0
0
0
0
0
0
0
1.939555e+08
0
0
0
0
0
0
0
0
0
0
0
0
0
0
0
0
0
0
0
0
0
0
0
0
0
0
0
0
0
0
0
0
0
0
0
0
0
0
0
0
0
0
0
0
0
0
0
0
0
0
0
0
0
0
0
0
0
0
0
0
0
0
0
0
0
0
0
0
0
0
0
0
0
0
0
2.435907e+08
2.455574e+08
2.488489e+08
2.536165e+08
2.600002e+08
0
0
0
0
0
0
0
0
0
0
2.369706e+08
2.388408e+08
2.420219e+08
2.466112e+08
2.527665e+08
0
0
0
0
0
0
0
0
0
0
2.31011e+08
2.328007e+08
2.358438e+08
2.402803e+08
2.462126e+08
0
0
0
0
0
0
0
0
0
0
2.256151e+08
2.27238e+08
2.301651e+08
2.344222e+08
2.401597e+08
0
0
0
0
0
0
0
0
0
0
2.205095e+08
2.21983e+08
2.247058e+08
2.288088e+08
2.343204e+08
0
0
0
0
0
0
0
0
0
0
2.15598e+08
2.167019e+08
2.192462e+08
2.23099e+08
2.284078e+08
0
0
0
0
0
0
0
0
0
0
0
0
0
0
0
0
0
0
0
0
2.107177e+08
2.114594e+08
2.135989e+08
2.172336e+08
2.222348e+08
0
0
0
0
0
0
0
0
0
0
0
0
0
0
0
0
0
0
0
0
2.066048e+08
2.064222e+08
2.081818e+08
2.113723e+08
2.161124e+08
0
0
0
0
0
0
0
0
0
0
0
0
0
0
0
0
0
0
0
0
2.034674e+08
2.023461e+08
2.031692e+08
2.059558e+08
2.10212e+08
0
0
0
0
0
0
0
0
0
0
0
0
0
0
0
0
0
0
0
0
1.993332e+08
1.992276e+08
2.010608e+08
2.048848e+08
0
0
0
0
0
0
0
0
0
0
0
0
0
0
0
0
0
0
0
0
1.963779e+08
1.972769e+08
2.001263e+08
0
0
0
0
0
0
0
0
0
0
0
0
0
0
0
0
0
0
0
0
1.945744e+08
1.964696e+08
0
0
0
0
0
0
0
0
0
0
0
0
0
0
0
0
0
0
0
0
1.938492e+08
0
0
0
0
0
0
0
0
0
0
0
0
0
0
0
0
0
0
0
0
0
0
0
0
0
0
0
0
0
0
0
0
0
0
0
0
0
0
0
0
0
0
0
0
0
0
0
0
0
0
0
0
0
0
0
0
0
0
0
0
0
0
0
0
0
0
0
0
0
0
0
0
0
0
0
0
0
0
0
0
0
0
0
0
0
0
0
0
0
2.365273e+08
2.383951e+08
2.415699e+08
2.461494e+08
2.522901e+08
0
0
0
0
0
0
0
0
0
0
2.301955e+08
2.319806e+08
2.350145e+08
2.394338e+08
2.453418e+08
0
0
0
0
0
0
0
0
0
0
2.245826e+08
2.262031e+08
2.291173e+08
2.33355e+08
2.390618e+08
0
0
0
0
0
0
0
0
0
0
2.19503e+08
2.209694e+08
2.236837e+08
2.277661e+08
2.332502e+08
0
0
0
0
0
0
0
0
0
0
2.149091e+08
2.160136e+08
2.185479e+08
2.223912e+08
2.276805e+08
0
0
0
0
0
0
0
0
0
0
2.1051e+08
2.112427e+08
2.133832e+08
2.170132e+08
2.220131e+08
0
0
0
0
0
0
0
0
0
0
0
0
0
0
0
0
0
0
0
0
2.066827e+08
2.064987e+08
2.082531e+08
2.114471e+08
2.161887e+08
0
0
0
0
0
0
0
0
0
0
0
0
0
0
0
0
0
0
0
0
2.036394e+08
2.024988e+08
2.033217e+08
2.061067e+08
2.103676e+08
0
0
0
0
0
0
0
0
0
0
0
0
0
0
0
0
0
0
0
0
1.994447e+08
1.993301e+08
2.011639e+08
2.049881e+08
0
0
0
0
0
0
0
0
0
0
0
0
0
0
0
0
0
0
0
0
1.963779e+08
1.972769e+08
2.001263e+08
0
0
0
0
0
0
0
0
0
0
0
0
0
0
0
0
0
0
0
0
1.944655e+08
1.963681e+08
0
0
0
0
0
0
0
0
0
0
0
0
0
0
0
0
0
0
0
0
1.936836e+08
0
0
0
0
0
0
0
0
0
0
0
0
0
0
0
0
0
0
0
0
0
0
0
0
0
0
0
0
0
0
0
0
0
0
0
0
0
0
0
0
0
0
0
0
0
0
0
0
0
0
0
0
0
0
0
0
0
0
0
0
0
0
0
0
0
0
0
0
0
0
0
0
0
0
0
0
0
0
0
0
0
0
0
0
0
0
0
0
0
0
0
0
0
0
0
0
0
0
0
0
0
0
2.29768e+08
2.315501e+08
2.345788e+08
2.389885e+08
2.448832e+08
0
0
0
0
0
0
0
0
0
0
2.237924e+08
2.254107e+08
2.283149e+08
2.325377e+08
2.382211e+08
0
0
0
0
0
0
0
0
0
0
2.185063e+08
2.19966e+08
2.22671e+08
2.267332e+08
2.321901e+08
0
0
0
0
0
0
0
0
0
0
2.139323e+08
2.150359e+08
2.175564e+08
2.213837e+08
2.266446e+08
0
0
0
0
0
0
0
0
0
0
2.098546e+08
2.105745e+08
2.127107e+08
2.163257e+08
2.213106e+08
0
0
0
0
0
0
0
0
0
0
2.064846e+08
2.062987e+08
2.08043e+08
2.112365e+08
2.159718e+08
0
0
0
0
0
0
0
0
0
0
0
0
0
0
0
0
0
0
0
0
2.03746e+08
2.025764e+08
2.033984e+08
2.061788e+08
2.104437e+08
0
0
0
0
0
0
0
0
0
0
0
0
0
0
0
0
0
0
0
0
1.996135e+08
1.99481e+08
2.013155e+08
2.051391e+08
0
0
0
0
0
0
0
0
0
0
0
0
0
0
0
0
0
0
0
0
1.964877e+08
1.973786e+08
2.002292e+08
0
0
0
0
0
0
0
0
0
0
0
0
0
0
0
0
0
0
0
0
1.944655e+08
1.963681e+08
0
0
0
0
0
0
0
0
0
0
0
0
0
0
0
0
0
0
0
0
1.935749e+08
0
0
0
0
0
0
0
0
0
0
0
0
0
0
0
0
0
0
0
0
0
0
0
0
0
0
0
0
0
0
0
0
0
0
0
0
0
0
0
0
0
0
0
0
0
0
0
0
0
0
0
0
0
0
0
0
0
0
0
0
0
0
0
0
0
0
0
0
0
0
0
0
0
0
0
0
0
0
0
0
0
0
0
0
0
0
0
0
0
0
0
0
0
0
0
0
0
0
0
0
0
0
0
0
0
0
0
0
0
0
0
0
0
0
2.233788e+08
2.249954e+08
2.278938e+08
2.321083e+08
2.377789e+08
0
0
0
0
0
0
0
0
0
0
2.177431e+08
2.191978e+08
2.218954e+08
2.259422e+08
2.313783e+08
0
0
0
0
0
0
0
0
0
0
2.129646e+08
2.140667e+08
2.165741e+08
2.203852e+08
2.256185e+08
0
0
0
0
0
0
0
0
0
0
2.08918e+08
2.096251e+08
2.117538e+08
2.153481e+08
2.203096e+08
0
0
0
0
0
0
0
0
0
0
2.058513e+08
2.056626e+08
2.073899e+08
2.105743e+08
2.152893e+08
0
0
0
0
0
0
0
0
0
0
2.035932e+08
2.023855e+08
2.032046e+08
2.059736e+08
2.102364e+08
0
0
0
0
0
0
0
0
0
0
0
0
0
0
0
0
0
0
0
0
1.99719e+08
1.995588e+08
2.01393e+08
2.052125e+08
0
0
0
0
0
0
0
0
0
0
0
0
0
0
0
0
0
0
0
0
1.966545e+08
1.975286e+08
2.003809e+08
0
0
0
0
0
0
0
0
0
0
0
0
0
0
0
0
0
0
0
0
1.945744e+08
1.964696e+08
0
0
0
0
0
0
0
0
0
0
0
0
0
0
0
0
0
0
0
0
1.935749e+08
0
0
0
0
0
0
0
0
0
0
0
0
0
0
0
0
0
0
0
0
0
0
0
0
0
0
0
0
0
0
0
0
0
0
0
0
0
0
0
0
0
0
0
0
0
0
0
0
0
0
0
0
0
0
0
0
0
0
0
0
0
0
0
0
0
0
0
0
0
0
0
0
0
0
0
0
0
0
0
0
0
0
0
0
0
0
0
0
0
0
0
0
0
0
0
0
0
0
0
0
0
0
0
0
0
0
0
0
0
0
0
0
0
0
0
0
0
0
0
0
0
0
0
0
0
2.173441e+08
2.187957e+08
2.214889e+08
2.255271e+08
2.309517e+08
0
0
0
0
0
0
0
0
0
0
2.122235e+08
2.133244e+08
2.158219e+08
2.196203e+08
2.248326e+08
0
0
0
0
0
0
0
0
0
0
2.079871e+08
2.086836e+08
2.108047e+08
2.143793e+08
2.193174e+08
0
0
0
0
0
0
0
0
0
0
2.049426e+08
2.047519e+08
2.064603e+08
2.096306e+08
2.143179e+08
0
0
0
0
0
0
0
0
0
0
2.030225e+08
2.017706e+08
2.025826e+08
2.053302e+08
2.095789e+08
0
0
0
0
0
0
0
0
0
0
1.995722e+08
1.993736e+08
2.012036e+08
2.050105e+08
0
0
0
0
0
0
0
0
0
0
0
0
0
0
0
0
0
0
0
0
1.967596e+08
1.97607e+08
2.004596e+08
0
0
0
0
0
0
0
0
0
0
0
0
0
0
0
0
0
0
0
0
1.947401e+08
1.966197e+08
0
0
0
0
0
0
0
0
0
0
0
0
0
0
0
0
0
0
0
0
1.936836e+08
0
0
0
0
0
0
0
0
0
0
0
0
0
0
0
0
0
0
0
0
0
0
0
0
0
0
0
0
0
0
0
0
0
0
0
0
0
0
0
0
0
0
0
0
0
0
0
0
0
0
0
0
0
0
0
0
0
0
0
0
0
0
0
0
0
0
0
0
0
0
0
0
0
0
0
0
0
0
0
0
0
0
0
0
0
0
0
0
0
0
0
0
0
0
0
0
0
0
0
0
0
0
0
0
0
0
0
0
0
0
0
0
0
0
0
0
0
0
0
0
0
0
0
0
0
0
0
0
0
0
0
0
0
0
0
2.118366e+08
2.129363e+08
2.154282e+08
2.192195e+08
2.244203e+08
0
0
0
0
0
0
0
0
0
0
2.072733e+08
2.079624e+08
2.100775e+08
2.136373e+08
2.185574e+08
0
0
0
0
0
0
0
0
0
0
2.040376e+08
2.038458e+08
2.055379e+08
2.086942e+08
2.133551e+08
0
0
0
0
0
0
0
0
0
0
2.021774e+08
2.008866e+08
2.016906e+08
2.044132e+08
2.08641e+08
0
0
0
0
0
0
0
0
0
0
1.990181e+08
1.987722e+08
2.005908e+08
2.043716e+08
0
0
0
0
0
0
0
0
0
0
1.966176e+08
1.974261e+08
2.002732e+08
0
0
0
0
0
0
0
0
0
0
0
0
0
0
0
0
0
0
0
0
1.948455e+08
1.966992e+08
0
0
0
0
0
0
0
0
0
0
0
0
0
0
0
0
0
0
0
0
1.938492e+08
0
0
0
0
0
0
0
0
0
0
0
0
0
0
0
0
0
0
0
0
0
0
0
0
0
0
0
0
0
0
0
0
0
0
0
0
0
0
0
0
0
0
0
0
0
0
0
0
0
0
0
0
0
0
0
0
0
0
0
0
0
0
0
0
0
0
0
0
0
0
0
0
0
0
0
0
0
0
0
0
0
0
0
0
0
0
0
0
0
0
0
0
0
0
0
0
0
0
0
0
0
0
0
0
0
0
0
0
0
0
0
0
0
0
0
0
0
0
0
0
0
0
0
0
0
0
0
0
0
0
0
0
0
0
0
0
0
0
0
0
0
0
0
0
0
2.069007e+08
2.075858e+08
2.096973e+08
2.13249e+08
2.181592e+08
0
0
0
0
0
0
0
0
0
0
2.03343e+08
2.031507e+08
2.048311e+08
2.079766e+08
2.126177e+08
0
0
0
0
0
0
0
0
0
0
2.013254e+08
2.000053e+08
2.008026e+08
2.03503e+08
2.077104e+08
0
0
0
0
0
0
0
0
0
0
1.981958e+08
1.979061e+08
1.997107e+08
2.034602e+08
0
0
0
0
0
0
0
0
0
0
1.960756e+08
1.968334e+08
1.996646e+08
0
0
0
0
0
0
0
0
0
0
1.947071e+08
1.965211e+08
0
0
0
0
0
0
0
0
0
0
0
0
0
0
0
0
0
0
0
0
1.939555e+08
0
0
0
0
0
0
0
0
0
0
0
0
0
0
0
0
0
0
0
0
0
0
0
0
0
0
0
0
0
0
0
0
0
0
0
0
0
0
0
0
0
0
0
0
0
0
0
0
0
0
0
0
0
0
0
0
0
0
0
0
0
0
0
0
0
0
0
0
0
0
0
0
0
0
0
0
0
0
0
0
0
0
0
0
0
0
0
0
0
0
0
0
0
0
0
0
0
0
0
0
0
0
0
0
0
0
0
0
0
0
0
0
0
0
0
0
0
0
0
0
0
0
0
0
0
0
0
0
0
0
0
0
0
0
0
0
0
0
0
0
0
0
0
0
0
0
0
0
0
0
0
0
0
0
0
2.029808e+08
2.02788e+08
2.044621e+08
2.076016e+08
2.122319e+08
0
0
0
0
0
0
0
0
0
0
2.006679e+08
1.993287e+08
2.001211e+08
2.028054e+08
2.069972e+08
0
0
0
0
0
0
0
0
0
0
1.973661e+08
1.970422e+08
1.988342e+08
2.025554e+08
0
0
0
0
0
0
0
0
0
0
1.9527e+08
1.959787e+08
1.987897e+08
0
0
0
0
0
0
0
0
0
0
1.941731e+08
1.959326e+08
0
0
0
0
0
0
0
0
0
0
1.938196e+08
0
0
0
0
0
0
0
0
0
0
0
0
0
0
0
0
0
0
0
0
0
0
0
0
0
0
0
0
0
0
0
0
0
0
0
0
0
0
0
0
0
0
0
0
0
0
0
0
0
0
0
0
0
0
0
0
0
0
0
0
0
0
0
0
0
0
0
0
0
0
0
0
0
0
0
0
0
0
0
0
0
0
0
0
0
0
0
0
0
0
0
0
0
0
0
0
0
0
0
0
0
0
0
0
0
0
0
0
0
0
0
0
0
0
0
0
0
0
0
0
0
0
0
0
0
0
0
0
0
0
0
0
0
0
0
0
0
0
0
0
0
0
0
0
0
0
0
0
0
0
0
0
0
0
0
0
0
0
0
0
0
0
0
0
0
2.003246e+08
1.98976e+08
1.997656e+08
2.024413e+08
2.066245e+08
0
0
0
0
0
0
0
0
0
0
1.967254e+08
1.963787e+08
1.981614e+08
2.01862e+08
0
0
0
0
0
0
0
0
0
0
1.944564e+08
1.951258e+08
1.979184e+08
0
0
0
0
0
0
0
0
0
0
1.93378e+08
1.950828e+08
0
0
0
0
0
0
0
0
0
0
1.932894e+08
0
0
0
0
0
0
0
0
0
0
0
0
0
0
0
0
0
0
0
0
0
0
0
0
0
0
0
0
0
0
0
0
0
0
0
0
0
0
0
0
0
0
0
0
0
0
0
0
0
0
0
0
0
0
0
0
0
0
0
0
0
0
0
0
0
0
0
0
0
0
0
0
0
0
0
0
0
0
0
0
0
0
0
0
0
0
0
0
0
0
0
0
0
0
0
0
0
0
0
0
0
0
0
0
0
0
0
0
0
0
0
0
0
0
0
0
0
0
0
0
0
0
0
0
0
0
0
0
0
0
0
0
0
0
0
0
0
0
0
0
0
0
0
0
0
0
0
0
0
0
0
0
0
0
0
0
0
0
0
0
0
0
0
0
0
1.963911e+08
1.960328e+08
1.978105e+08
2.015001e+08
0
0
0
0
0
0
0
0
0
0
1.93828e+08
1.944706e+08
1.972496e+08
0
0
0
0
0
0
0
0
0
0
1.925747e+08
1.942348e+08
0
0
0
0
0
0
0
0
0
0
1.924989e+08
0
0
0
0
0
0
0
0
0
0
0
0
0
0
0
0
0
0
0
0
0
0
0
0
0
0
0
0
0
0
0
0
0
0
0
0
0
0
0
0
0
0
0
0
0
0
0
0
0
0
0
0
0
0
0
0
0
0
0
0
0
0
0
0
0
0
0
0
0
0
0
0
0
0
0
0
0
0
0
0
0
0
0
0
0
0
0
0
0
0
0
0
0
0
0
0
0
0
0
0
0
0
0
0
0
0
0
0
0
0
0
0
0
0
0
0
0
0
0
0
0
0
0
0
0
0
0
0
0
0
0
0
0
0
0
0
0
0
0
0
0
0
0
0
0
0
0
0
0
0
0
0
0
0
0
0
0
0
0
0
0
0
0
0
0
1.935002e+08
1.941292e+08
1.969008e+08
0
0
0
0
0
0
0
0
0
0
1.919542e+08
1.935835e+08
0
0
0
0
0
0
0
0
0
0
1.917003e+08
0
0
0
0
0
0
0
0
0
0
0
0
0
0
0
0
0
0
0
0
0
0
0
0
0
0
0
0
0
0
0
0
0
0
0
0
0
0
0
0
0
0
0
0
0
0
0
0
0
0
0
0
0
0
0
0
0
0
0
0
0
0
0
0
0
0
0
0
0
0
0
0
0
0
0
0
0
0
0
0
0
0
0
0
0
0
0
0
0
0
0
0
0
0
0
0
0
0
0
0
0
0
0
0
0
0
0
0
0
0
0
0
0
0
0
0
0
0
0
0
0
0
0
0
0
0
0
0
0
0
0
0
0
0
0
0
0
0
0
0
0
0
0
0
0
0
0
0
0
0
0
0
0
0
0
0
0
0
0
0
0
0
0
0
1.916305e+08
1.932442e+08
0
0
0
0
0
0
0
0
0
0
1.910833e+08
0
0
0
0
0
0
0
0
0
0
0
0
0
0
0
0
0
0
0
0
0
0
0
0
0
0
0
0
0
0
0
0
0
0
0
0
0
0
0
0
0
0
0
0
0
0
0
0
0
0
0
0
0
0
0
0
0
0
0
0
0
0
0
0
0
0
0
0
0
0
0
0
0
0
0
0
0
0
0
0
0
0
0
0
0
0
0
0
0
0
0
0
0
0
0
0
0
0
0
0
0
0
0
0
0
0
0
0
0
0
0
0
0
0
0
0
0
0
0
0
0
0
0
0
0
0
0
0
0
0
0
0
0
0
0
0
0
0
0
0
0
0
0
0
0
0
0
0
0
0
0
0
0
0
0
0
0
0
0
0
0
0
1.907616e+08
0
0
0
0
0
0
0
0
0
0
0
0
0
0
0
0
0
0
0
0
0
0
0
0
0
0
0
0
0
0
0
0
0
0
0
0
0
0
0
0
0
0
0
0
0
0
0
0
0
0
0
0
0
0
0
0
0
0
0
0
0
0
0
0
0
0
0
0
0
0
0
0
0
0
0
0
0
0
0
0
0
0
0
0
0
0
0
0
0
0
0
0
0
0
0
0
0
0
0
0
0
0
0
0
0
0
0
0
0
0
0
0
0
0
0
0
0
0
0
0
0
0
0
0
0
0
0
0
0
0
0
0
0
0
0
0
0
0
0
0
0
0
0
0
0
0
0
0
0
0
0
0
0
0
0
0
0
0
0
0
0
0
0
0
0
0
0
0
0
0
0
0
0
0
0
0
0
0
0
0
0
0
0
0
0
0
0
0
0
0
0
0
0
0
0
0
0
0
0
0
0
0
0
0
0
0
0
0
0
0
0
0
0
0
0
0
0
0
0
0
0
0
0
0
0
0
0
0
0
0
0
0
0
0
0
0
0
0
0
0
0
0
0
0
0
0
0
0
0
0
0
0
0
0
0
0
0
0
0
0
0
0
0
0
0
0
0
0
0
0
0
0
0
0
0
0
0
0
0
0
0
0
0
0
0
0
0
0
0
0
0
0
0
0
0
0
0
0
0
0
0
0
0
0
0
0
0
0
0
0
0
0
0
0
0
0
0
0
0
0
0
0
0
0
0
0
0
0
0
0
0
0
0
0
0
0
0
0
0
0
0
0
0
0
0
0
0
0
0
0
0
0
0
0
0
0
0
0
0
0
0
0
0
0
0
0
0
0
0
0
0
0
0
0
0
0
0
0
0
0
0
0
0
0
0
0
0
0
0
0
0
0
0
0
0
0
0
0
0
0
0
0
0
0
0
0
0
0
0
0
0
0
0
0
0
0
0
0
0
0
0
0
0
0
0
0
0
0
0
0
0
0
0
0
0
0
0
0
0
0
0
0
0
0
0
0
0
0
0
0
0
0
0
0
0
0
0
0
0
0
0
0
0
0
0
0
0
0
0
0
0
0
0
0
0
0
0
0
0
0
0
0
0
0
0
0
0
0
0
0
0
0
0
0
0
0
0
0
0
0
0
0
0
0
0
0
0
0
0
0
0
0
0
0
0
0
0
0
0
0
0
0
0
0
0
0
0
0
0
0
0
0
0
0
0
0
0
0
0
0
0
0
0
0
0
0
0
0
0
0
0
0
0
0
0
0
0
0
0
0
0
0
0
0
0
0
0
0
0
0
0
0
0
0
0
0
0
0
0
0
0
0
0
0
0
0
0
0
0
0
0
0
0
0
0
0
0
0
0
0
0
0
0
0
0
0
0
0
0
0
0
0
0
0
0
0
0
0
0
0
0
0
0
0
0
0
0
0
0
0
0
0
0
0
0
0
0
0
0
0
0
0
0
0
0
0
0
0
0
0
0
0
0
0
0
0
0
0
0
0
0
0
0
0
0
0
0
0
0
0
0
0
0
0
0
0
0
0
0
0
0
0
0
0
0
0
0
0
0
0
0
0
0
0
0
0
0
0
0
0
0
0
0
0
0
0
0
0
0
0
0
0
0
0
0
0
0
0
0
0
0
0
0
0
0
0
0
0
0
0
0
0
0
0
0
0
0
0
0
0
0
0
0
0
0
0
0
0
0
0
0
0
0
0
0
0
0
0
0
0
0
0
0
0
0
0
0
0
0
0
0
0
0
0
0
0
0
0
0
0
0
0
0
0
0
0
0
0
0
0
0
0
0
0
0
0
0
0
0
0
0
0
0
0
0
0
0
0
0
0
0
0
0
0
0
0
0
0
0
0
0
0
0
0
0
0
0
0
0
0
0
0
0
0
0
0
0
0
0
0
0
0
0
0
0
0
0
0
0
0
0
0
0
0
0
0
0
0
0
0
0
0
0
0
0
0
0
0
0
0
0
0
0
0
0
0
0
0
0
0
0
0
0
0
0
0
0
0
0
0
0
0
0
0
0
0
0
0
0
0
0
0
0
0
0
0
0
0
0
0
0
0
0
0
0
0
0
0
0
0
0
0
0
0
0
0
0
0
0
0
0
0
0
0
0
0
0
0
0
0
0
0
0
0
0
0
0
0
0
0
0
0
0
0
0
0
0
0
0
0
0
0
0
0
0
0
0
0
0
0
0
0
0
0
0
0
0
0
0
0
0
0
0
0
0
0
0
0
0
)
;

boundaryField
{
    anodeSides
    {
        type            calculated;
        value           uniform 0;
    }
    fuelInlet
    {
        type            calculated;
        value           uniform 0;
    }
    fuelOutlet
    {
        type            calculated;
        value           uniform 0;
    }
    fuel_to_electrolyte
    {
        type            calculated;
        value           uniform 0;
    }
    fuel_to_interconnect
    {
        type            calculated;
        value           uniform 0;
    }
}


// ************************************************************************* //
