/*--------------------------------*- C++ -*----------------------------------*\
| =========                 |                                                 |
| \\      /  F ield         | OpenFOAM: The Open Source CFD Toolbox           |
|  \\    /   O peration     | Version:  2306                                  |
|   \\  /    A nd           | Website:  www.openfoam.com                      |
|    \\/     M anipulation  |                                                 |
\*---------------------------------------------------------------------------*/
FoamFile
{
    version     2.0;
    format      ascii;
    arch        "LSB;label=32;scalar=64";
    class       volScalarField;
    location    "1.2/phiI";
    object      act;
}
// * * * * * * * * * * * * * * * * * * * * * * * * * * * * * * * * * * * * * //

dimensions      [0 0 0 0 0 0 0];

internalField   nonuniform List<scalar> 
12000
(
0
0
0
0
0
0
0
0
0
0
0
0
0
0
0
0
0
0
0
0
0
0
0
0
0
0
0
0
0
0
0
0
0
0
0
0
0
0
0
0
0
0
0
0
0
0
0
0
0
0
0
0
0
0
0
0
0
0
0
0
0
0
0
0
0
0
0
0
0
0
0
0
0
0
0
0
0
0
0
0
0
0
0
0
0
0
0
0
0
0
0
0
0
0
0
0
0
0
0
0
0
0
0
0
0
0
0
0
0
0
0
0
0
0
0
0
0
0
0
0
0
0
0
0
0
0
0
0
0
0
0
0
0
0
0
0
0
0
0
0
0
0
0
0
0
0
0
0
0
0
0
0
0
0
0
0
0
0
0
0
0
0
0
0
0
0
0
0
0
0
0
0
0
0
0
0
0
0
0
0
0
0
0
0
0
0
0
0
0
0
0
0
0
0
0
0
0
0
0
0
0
0
0
0
0
0
0
0
0
0
0
0
0
0
0
0
0
0
0
0
0
0
0
0
0
0
0
0
0
0
0
0
0
0
0
0
0
0
0
0
0
0
0
0
0
0
0
0
0
0
0
0
0
0
0
0
0
0
0
0
0
0
0
0
0
0
0
0
0
0
0
0
0
0
0
0
0
0
0
0
0
0
0
0
0
0.0001116404
0
0
0
0
0
0
0
0
0
0
0
0
0
0
0
0
0
0
0
0
0
0
0
0
0
0
0
0
0
0
0
0
0
0
0
0
0
0
0
0
0
0
0
0
0
0
0
0
0
0
0
0
0
0
0
0
0
0
0
0
0
0
0
0
0
0.0001095527
0
0
0
0
0
0
0
0
0
0
0.0001448871
0.0001115016
0
0
0
0
0
0
0
0
0
0
0
0
0
0
0
0
0
0
0
0
0
0
0
0
0
0
0
0
0
0
0
0
0
0
0
0
0
0
0
0
0
0
0
0
0
0
0
0
0
0
0
0
0
0
0
0
0
0
0
0
0
0
0
0
0
0.0001053928
0
0
0
0
0
0
0
0
0
0
0.0001432619
0.000109413
0
0
0
0
0
0
0
0
0
0
0.0001822303
0.0001447566
0.0001112244
0
0
0
0
0
0
0
0
0
0
0
0
0
0
0
0
0
0
0
0
0
0
0
0
0
0
0
0
0
0
0
0
0
0
0
0
0
0
0
0
0
0
0
0
0
0
0
0
0
0
0
0
0
0
0
0
0
0
0
0
0
0
0
0
0
9.927278e-05
0
0
0
0
0
0
0
0
0
0
0.0001400276
0.0001052511
0
0
0
0
0
0
0
0
0
0
0.0001807753
0.0001431307
0.000109134
0
0
0
0
0
0
0
0
0
0
0.0002186418
0.0001821069
0.0001444951
0.000110831
0
0
0
0
0
0
0
0
0
0
0
0
0
0
0
0
0
0
0
0
0
0
0
0
0
0
0
0
0
0
0
0
0
0
0
0
0
0
0
0
0
0
0
0
0
0
0
0
0
0
0
0
0
0
0
0
0
0
0
0
0
0
0
0
0
9.163738e-05
0
0
0
0
0
0
0
0
0
0
0.0001352733
9.912793e-05
0
0
0
0
0
0
0
0
0
0
0.00017788
0.000139895
0.0001049684
0
0
0
0
0
0
0
0
0
0
0.0002172863
0.0001806513
0.0001428679
0.000108738
0
0
0
0
0
0
0
0
0
0
0.0002534881
0.0002185242
0.0001818592
0.0001441257
0.0001102713
0
0
0
0
0
0
0
0
0
0
0
0
0
0
0
0
0
0
0
0
0
0
0
0
0
0
0
0
0
0
0
0
0
0
0
0
0
0
0
0
0
0
0
0
0
0
0
0
0
0
0
0
0
0
0
0
0
0
0
0
0
0
0
0
0
8.373256e-05
0
0
0
0
0
0
0
0
0
0
0.0001293437
9.148739e-05
0
0
0
0
0
0
0
0
0
0
0.0001736216
0.0001351382
9.883891e-05
0
0
0
0
0
0
0
0
0
0
0.0002145908
0.0001777548
0.0001396295
0.0001045668
0
0
0
0
0
0
0
0
0
0
0.0002522104
0.0002171683
0.0001804026
0.0001424966
0.0001081752
0
0
0
0
0
0
0
0
0
0
0.0002867771
0.0002533756
0.0002182882
0.000181511
0.0001435937
0
0
0
0
0
0
0
0
0
0
0
0
0
0
0
0
0
0
0
0
0
0
0
0
0
0
0
0
0
0
0
0
0
0
0
0
0
0
0
0
0
0
0
0
0
0
0
0
0
0
0
0
0
0
0
0
0
0
0
0
0
0
0
0
0
7.795306e-05
0
0
0
0
0
0
0
0
0
0
0.0001231774
8.357569e-05
0
0
0
0
0
0
0
0
0
0
0.0001683093
0.0001292048
9.118815e-05
0
0
0
0
0
0
0
0
0
0
0.0002106281
0.0001734943
0.0001348683
9.842779e-05
0
0
0
0
0
0
0
0
0
0
0.0002496708
0.0002144716
0.0001775038
0.0001392544
0.0001039971
0
0
0
0
0
0
0
0
0
0
0.000285566
0.0002520973
0.0002169313
0.0001800528
0.0001419624
0
0
0
0
0
0
0
0
0
0
0.0003186165
0.0002866689
0.0002531497
0.0002179576
0.0001810041
0
0
0
0
0
0
0
0
0
0
0
0
0
0
0
0
0
0
0
0
0
0
0
0
0
0
0
0
0
0
0
0
0
0
0
0
0
0
0
0
0
0
0
0
0
0
0
0
0
0
0
0
0
0
0
0
0
0
0
0
0
0
0
0
0
7.432852e-05
0
0
0
0
0
0
0
0
0
0
0.0001186189
7.779413e-05
0
0
0
0
0
0
0
0
0
0
0.0001627791
0.0001230333
8.326249e-05
0
0
0
0
0
0
0
0
0
0
0.0002056893
0.0001681785
0.0001289275
9.076149e-05
0
0
0
0
0
0
0
0
0
0
0.0002459394
0.000210507
0.0001732394
0.0001344866
9.784631e-05
0
0
0
0
0
0
0
0
0
0
0.0002831601
0.0002495567
0.0002142326
0.0001771507
0.0001387151
0
0
0
0
0
0
0
0
0
0
0.0003174646
0.0002854574
0.0002518706
0.0002165994
0.0001795439
0
0
0
0
0
0
0
0
0
0
0.000349115
0.0003185121
0.0002864521
0.0002528345
0.0002174728
0
0
0
0
0
0
0
0
0
0
0
0
0
0
0
0
0
0
0
0
0
0
0
0
0
0
0
0
0
0
0
0
0
0
0
0
0
0
0
0
0
0
0
0
0
0
0
0
0
0
0
0
0
0
0
0
0
0
0
0
0
0
0
0
0
7.228369e-05
0
0
0
0
0
0
0
0
0
0
0.0001157094
7.416958e-05
0
0
0
0
0
0
0
0
0
0
0.0001586971
0.0001184733
7.747637e-05
0
0
0
0
0
0
0
0
0
0
0.0002005509
0.0001626434
0.0001227462
8.28145e-05
0
0
0
0
0
0
0
0
0
0
0.0002412932
0.0002055649
0.0001679172
0.0001285353
9.016061e-05
0
0
0
0
0
0
0
0
0
0
0.0002796267
0.0002458235
0.0002102645
0.0001728809
0.0001339391
0
0
0
0
0
0
0
0
0
0
0.0003151771
0.0002830505
0.0002493281
0.0002138978
0.0001766377
0
0
0
0
0
0
0
0
0
0
0.0003480166
0.0003173599
0.0002852398
0.0002515542
0.0002161127
0
0
0
0
0
0
0
0
0
0
0.0003783716
0.0003490143
0.0003183037
0.0002861506
0.0002523693
0
0
0
0
0
0
0
0
0
0
0
0
0
0
0
0
0
0
0
0
0
0
0
0
0
0
0
0
0
0
0
0
0
0
0
0
0
0
0
0
0
0
0
0
0
0
0
0
0
0
0
0
0
0
0
0
0
0
0
0
0
0
0
0
0
7.136681e-05
0
0
0
0
0
0
0
0
0
0
0.0001140397
7.212508e-05
0
0
0
0
0
0
0
0
0
0
0.0001560923
0.0001155641
7.385132e-05
0
0
0
0
0
0
0
0
0
0
0.0001967668
0.0001585599
0.0001181836
7.702099e-05
0
0
0
0
0
0
0
0
0
0
0.0002364626
0.0002004219
0.0001623734
0.0001223394
8.218655e-05
0
0
0
0
0
0
0
0
0
0
0.0002752305
0.0002411742
0.0002053166
0.0001675497
0.0001279743
0
0
0
0
0
0
0
0
0
0
0.000311819
0.0002795154
0.0002455917
0.0002099248
0.0001723607
0
0
0
0
0
0
0
0
0
0
0.0003458361
0.0003150715
0.0002828312
0.0002490091
0.0002134074
0
0
0
0
0
0
0
0
0
0
0.000377322
0.0003479155
0.0003171507
0.0002849372
0.0002510873
0
0
0
0
0
0
0
0
0
0
0.0004064721
0.0003782741
0.0003488135
0.0003180145
0.0002857035
0
0
0
0
0
0
0
0
0
0
0
0
0
0
0
0
0
0
0
0
0
0
0
0
0
0
0
0
0
0
0
0
0
0
0
0
0
0
0
0
0
0
0
0
0
0
0
0
0
0
0
0
0
0
0
0
0
0
0
0
0
0
0
0
7.136681e-05
0
0
0
0
0
0
0
0
0
0
0.000113281
7.12084e-05
0
0
0
0
0
0
0
0
0
0
0.0001545981
0.0001138949
7.180711e-05
0
0
0
0
0
0
0
0
0
0
0.0001943555
0.0001559551
0.0001152748
7.339468e-05
0
0
0
0
0
0
0
0
0
0
0.0002329116
0.0001966361
0.0001582876
0.0001177728
7.638446e-05
0
0
0
0
0
0
0
0
0
0
0.0002706626
0.0002363392
0.0002001655
0.0001619932
0.0001217597
0
0
0
0
0
0
0
0
0
0
0.0003076438
0.0002751163
0.0002409371
0.0002049688
0.0001670179
0
0
0
0
0
0
0
0
0
0
0.000342636
0.0003117118
0.0002792932
0.0002452683
0.000209428
0
0
0
0
0
0
0
0
0
0
0.000375239
0.0003457341
0.0003148608
0.0002825262
0.0002485388
0
0
0
0
0
0
0
0
0
0
0.0004054675
0.0003772241
0.000347714
0.0003168605
0.0002844886
0
0
0
0
0
0
0
0
0
0
0.0004334924
0.0004063776
0.0003780805
0.0003485357
0.0003175842
0
0
0
0
0
0
0
0
0
0
0
0
0
0
0
0
0
0
0
0
0
0
0
0
0
0
0
0
0
0
0
0
0
0
0
0
0
0
0
0
0
0
0
0
0
0
0
0
0
0
0
0
0
0
0
0
0
0
0
0
0
0
7.228369e-05
0
0
0
0
0
0
0
0
0
0
0.000113281
7.12084e-05
0
0
0
0
0
0
0
0
0
0
0.0001539191
0.0001131365
7.089065e-05
0
0
0
0
0
0
0
0
0
0
0.0001929746
0.0001544612
0.0001136064
7.135056e-05
0
0
0
0
0
0
0
0
0
0
0.0002306517
0.0001942247
0.0001556832
0.0001148643
7.275729e-05
0
0
0
0
0
0
0
0
0
0
0.0002673098
0.0002327866
0.0001963776
0.0001579042
0.0001171886
0
0
0
0
0
0
0
0
0
0
0.0003033075
0.0002705441
0.0002360944
0.0001998062
0.0001614451
0
0
0
0
0
0
0
0
0
0
0.0003386596
0.0003075338
0.0002748891
0.0002406061
0.0002044613
0
0
0
0
0
0
0
0
0
0
0.000372183
0.0003425325
0.0003114983
0.0002789841
0.0002447921
0
0
0
0
0
0
0
0
0
0
0.0004034743
0.0003751403
0.0003455312
0.0003145684
0.0002820744
0
0
0
0
0
0
0
0
0
0
0.0004325294
0.0004053727
0.0003770299
0.0003474353
0.0003164288
0
0
0
0
0
0
0
0
0
0
0.0004594991
0.0004334007
0.0004061907
0.0003778131
0.0003481211
0
0
0
0
0
0
0
0
0
0
0
0
0
0
0
0
0
0
0
0
0
0
0
0
0
0
0
0
0
0
0
0
0
0
0
0
0
0
0
0
0
0
0
0
0
0
0
0
0
0
0
0
0
0
0
0
0
0
0
7.432852e-05
0
0
0
0
0
0
0
0
0
0
0.0001140397
7.212508e-05
0
0
0
0
0
0
0
0
0
0
0.0001539191
0.0001131365
7.089065e-05
0
0
0
0
0
0
0
0
0
0
0.0001923478
0.0001537825
0.0001128485
7.043427e-05
0
0
0
0
0
0
0
0
0
0
0.0002293593
0.000192844
0.00015419
0.0001131969
7.071375e-05
0
0
0
0
0
0
0
0
0
0
0.0002651782
0.0002305265
0.0001939664
0.0001553003
0.0001142811
0
0
0
0
0
0
0
0
0
0
0.0003001289
0.0002671899
0.0002325398
0.0001960154
0.0001573524
0
0
0
0
0
0
0
0
0
0
0.0003345317
0.0003031935
0.0002703098
0.0002357528
0.0001992837
0
0
0
0
0
0
0
0
0
0
0.0003683877
0.0003385535
0.0003073156
0.0002745731
0.0002401202
0
0
0
0
0
0
0
0
0
0
0.0004005509
0.000372083
0.000342327
0.0003112022
0.0002785268
0
0
0
0
0
0
0
0
0
0
0.0004306194
0.0004033787
0.0003749447
0.0003452504
0.0003141337
0
0
0
0
0
0
0
0
0
0
0.000458575
0.0004324375
0.0004051851
0.0003767617
0.0003470193
0
0
0
0
0
0
0
0
0
0
0.0004845518
0.0004594102
0.0004332201
0.0004059331
0.0003774133
0
0
0
0
0
0
0
0
0
0
0
0
0
0
0
0
0
0
0
0
0
0
0
0
0
0
0
0
0
0
0
0
0
0
0
0
0
0
0
0
0
0
0
0
0
0
0
0
0
0
0
0
0
0
0
7.795306e-05
0
0
0
0
0
0
0
0
0
0
0.0001157094
7.416958e-05
0
0
0
0
0
0
0
0
0
0
0.0001545981
0.0001138949
7.180711e-05
0
0
0
0
0
0
0
0
0
0
0.0001923478
0.0001537825
0.0001128485
7.043427e-05
0
0
0
0
0
0
0
0
0
0
0.000228773
0.0001922173
0.0001535117
0.0001124397
6.979788e-05
0
0
0
0
0
0
0
0
0
0
0.0002639605
0.0002292342
0.0001925863
0.0001538082
0.0001126153
0
0
0
0
0
0
0
0
0
0
0.0002981097
0.000265058
0.0002302799
0.0001936047
0.0001547497
0
0
0
0
0
0
0
0
0
0
0.0003315093
0.0003000135
0.0002669535
0.0002321955
0.0001954896
0
0
0
0
0
0
0
0
0
0
0.0003644495
0.0003344218
0.0003029686
0.0002699837
0.0002352528
0
0
0
0
0
0
0
0
0
0
0.0003969219
0.0003682852
0.0003383436
0.000307013
0.0002741067
0
0
0
0
0
0
0
0
0
0
0.0004278187
0.000400454
0.0003718849
0.0003420427
0.0003107624
0
0
0
0
0
0
0
0
0
0
0.0004567424
0.0004305267
0.0004031899
0.0003746746
0.0003448317
0
0
0
0
0
0
0
0
0
0
0.000483664
0.0004584858
0.0004322563
0.0004049268
0.0003763606
0
0
0
0
0
0
0
0
0
0
0.0005087035
0.0004844654
0.0004592355
0.0004329717
0.0004055472
0
0
0
0
0
0
0
0
0
0
0
0
0
0
0
0
0
0
0
0
0
0
0
0
0
0
0
0
0
0
0
0
0
0
0
0
0
0
0
0
0
0
0
0
0
0
0
0
0
0
8.373256e-05
0
0
0
0
0
0
0
0
0
0
0.0001186189
7.779413e-05
0
0
0
0
0
0
0
0
0
0
0.0001560923
0.0001155641
7.385132e-05
0
0
0
0
0
0
0
0
0
0
0.0001929746
0.0001544612
0.0001136064
7.135056e-05
0
0
0
0
0
0
0
0
0
0
0.000228773
0.0001922173
0.0001535117
0.0001124397
6.979788e-05
0
0
0
0
0
0
0
0
0
0
0.0002634085
0.000228648
0.0001919599
0.0001531305
0.000111859
0
0
0
0
0
0
0
0
0
0
0.0002969573
0.0002638404
0.000228988
0.0001922256
0.0001532591
0
0
0
0
0
0
0
0
0
0
0.0003295908
0.000297994
0.0002648218
0.0002299361
0.0001930801
0
0
0
0
0
0
0
0
0
0
0.000361569
0.000331398
0.0002997867
0.000266625
0.0002316926
0
0
0
0
0
0
0
0
0
0
0.0003931581
0.0003643434
0.0003342055
0.0003026565
0.0002695042
0
0
0
0
0
0
0
0
0
0
0.0004243437
0.0003968227
0.000368083
0.0003380532
0.0003065646
0
0
0
0
0
0
0
0
0
0
0.0004540559
0.0004277248
0.0004002629
0.0003716115
0.0003416193
0
0
0
0
0
0
0
0
0
0
0.0004819037
0.0004566525
0.0004303443
0.0004029298
0.000374271
0
0
0
0
0
0
0
0
0
0
0.0005078498
0.0004835773
0.0004583106
0.0004320071
0.0004045397
0
0
0
0
0
0
0
0
0
0
0.0005320024
0.0005086196
0.0004842964
0.0004589958
0.000432599
0
0
0
0
0
0
0
0
0
0
0
0
0
0
0
0
0
0
0
0
0
0
0
0
0
0
0
0
0
0
0
0
0
0
0
0
0
0
0
0
0
0
0
0
9.163738e-05
0
0
0
0
0
0
0
0
0
0
0.0001231774
8.357569e-05
0
0
0
0
0
0
0
0
0
0
0.0001586971
0.0001184733
7.747637e-05
0
0
0
0
0
0
0
0
0
0
0.0001943555
0.0001559551
0.0001152748
7.339468e-05
0
0
0
0
0
0
0
0
0
0
0.0002293593
0.000192844
0.00015419
0.0001131969
7.071375e-05
0
0
0
0
0
0
0
0
0
0
0.0002634085
0.000228648
0.0001919599
0.0001531305
0.000111859
0
0
0
0
0
0
0
0
0
0
0.0002964351
0.0002632884
0.0002284021
0.0001915998
0.0001525823
0
0
0
0
0
0
0
0
0
0
0.0003284967
0.0002968416
0.0002636046
0.0002286451
0.0001917024
0
0
0
0
0
0
0
0
0
0
0.000359742
0.0003294793
0.0002977674
0.0002644938
0.0002294342
0
0
0
0
0
0
0
0
0
0
0.0003904078
0.0003614616
0.00033118
0.0002994723
0.0002661427
0
0
0
0
0
0
0
0
0
0
0.000420741
0.0003930554
0.0003641351
0.0003339062
0.0003021958
0
0
0
0
0
0
0
0
0
0
0.0004507241
0.0004242476
0.0003966277
0.0003678038
0.0003376216
0
0
0
0
0
0
0
0
0
0
0.000479324
0.0004539648
0.0004275402
0.0003999996
0.0003712034
0
0
0
0
0
0
0
0
0
0
0.0005061575
0.0004818165
0.0004564761
0.0004300935
0.0004025402
0
0
0
0
0
0
0
0
0
0
0.0005311808
0.0005077656
0.0004834078
0.0004580701
0.0004316333
0
0
0
0
0
0
0
0
0
0
0.000554492
0.0005319208
0.0005084559
0.0004840648
0.0004586355
0
0
0
0
0
0
0
0
0
0
0
0
0
0
0
0
0
0
0
0
0
0
0
0
0
0
0
0
0
0
0
0
0
0
0
0
0
9.927278e-05
0
0
0
0
0
0
0
0
0
0
0.0001293437
9.148739e-05
0
0
0
0
0
0
0
0
0
0
0.0001627791
0.0001230333
8.326249e-05
0
0
0
0
0
0
0
0
0
0
0.0001967668
0.0001585599
0.0001181836
7.702099e-05
0
0
0
0
0
0
0
0
0
0
0.0002306517
0.0001942247
0.0001556832
0.0001148643
7.275729e-05
0
0
0
0
0
0
0
0
0
0
0.0002639605
0.0002292342
0.0001925863
0.0001538082
0.0001126153
0
0
0
0
0
0
0
0
0
0
0.0002964351
0.0002632884
0.0002284021
0.0001915998
0.0001525823
0
0
0
0
0
0
0
0
0
0
0.0003280012
0.0002963195
0.0002630529
0.0002280598
0.0001910774
0
0
0
0
0
0
0
0
0
0
0.0003587009
0.0003283852
0.0002966153
0.0002632774
0.0002281446
0
0
0
0
0
0
0
0
0
0
0.0003886647
0.0003596344
0.0003292614
0.0002974536
0.0002640126
0
0
0
0
0
0
0
0
0
0
0.0004181111
0.0003903039
0.0003612517
0.0003308786
0.0002990091
0
0
0
0
0
0
0
0
0
0
0.0004472714
0.0004206417
0.0003928546
0.0003638476
0.000333463
0
0
0
0
0
0
0
0
0
0
0.0004761261
0.000450631
0.0004240593
0.000396359
0.000367388
0
0
0
0
0
0
0
0
0
0
0.0005036779
0.0004792356
0.0004537864
0.0004272865
0.0003996059
0
0
0
0
0
0
0
0
0
0
0.0005295524
0.0005060727
0.0004816458
0.0004562341
0.0004297174
0
0
0
0
0
0
0
0
0
0
0.0005537006
0.000531099
0.0005076015
0.0004831755
0.0004577088
0
0
0
0
0
0
0
0
0
0
0.0005762119
0.0005544127
0.0005317623
0.0005082321
0.0004837165
0
0
0
0
0
0
0
0
0
0
0
0
0
0
0
0
0
0
0
0
0
0
0
0
0
0
0
0
0
0.0001053928
0
0
0
0
0
0
0
0
0
0
0.0001352733
9.912793e-05
0
0
0
0
0
0
0
0
0
0
0.0001683093
0.0001292048
9.118815e-05
0
0
0
0
0
0
0
0
0
0
0.0002005509
0.0001626434
0.0001227462
8.28145e-05
0
0
0
0
0
0
0
0
0
0
0.0002329116
0.0001966361
0.0001582876
0.0001177728
7.638446e-05
0
0
0
0
0
0
0
0
0
0
0.0002651782
0.0002305265
0.0001939664
0.0001553003
0.0001142811
0
0
0
0
0
0
0
0
0
0
0.0002969573
0.0002638404
0.000228988
0.0001922256
0.0001532591
0
0
0
0
0
0
0
0
0
0
0.0003280012
0.0002963195
0.0002630529
0.0002280598
0.0001910774
0
0
0
0
0
0
0
0
0
0
0.0003582296
0.0003278898
0.0002960935
0.0002627262
0.00022756
0
0
0
0
0
0
0
0
0
0
0.0003876721
0.0003585932
0.0003281678
0.0002963023
0.0002627975
0
0
0
0
0
0
0
0
0
0
0.0004164455
0.0003885606
0.0003594246
0.0003289606
0.0002969913
0
0
0
0
0
0
0
0
0
0
0.0004447533
0.0004180106
0.0003901016
0.0003609623
0.000330433
0
0
0
0
0
0
0
0
0
0
0.0004728134
0.0004471751
0.0004204479
0.000392578
0.0003634208
0
0
0
0
0
0
0
0
0
0
0.0005006055
0.0004760357
0.000450449
0.0004238004
0.000395958
0
0
0
0
0
0
0
0
0
0
0.0005271671
0.0005035921
0.000479063
0.0004535416
0.0004269063
0
0
0
0
0
0
0
0
0
0
0.0005521326
0.00052947
0.0005059075
0.000481412
0.0004558706
0
0
0
0
0
0
0
0
0
0
0.0005754493
0.0005536211
0.0005309399
0.000507377
0.0004828262
0
0
0
0
0
0
0
0
0
0
0.0005971986
0.0005761348
0.000554259
0.0005315458
0.0005078951
0
0
0
0
0
0
0
0
0
0
0
0
0
0
0
0
0
0
0
0
0.0001095527
0
0
0
0
0
0
0
0
0
0
0.0001400276
0.0001052511
0
0
0
0
0
0
0
0
0
0
0.0001736216
0.0001351382
9.883891e-05
0
0
0
0
0
0
0
0
0
0
0.0002056893
0.0001681785
0.0001289275
9.076149e-05
0
0
0
0
0
0
0
0
0
0
0.0002364626
0.0002004219
0.0001623734
0.0001223394
8.218655e-05
0
0
0
0
0
0
0
0
0
0
0.0002673098
0.0002327866
0.0001963776
0.0001579042
0.0001171886
0
0
0
0
0
0
0
0
0
0
0.0002981097
0.000265058
0.0002302799
0.0001936047
0.0001547497
0
0
0
0
0
0
0
0
0
0
0.0003284967
0.0002968416
0.0002636046
0.0002286451
0.0001917024
0
0
0
0
0
0
0
0
0
0
0.0003582296
0.0003278898
0.0002960935
0.0002627262
0.00022756
0
0
0
0
0
0
0
0
0
0
0.0003872229
0.000358122
0.0003276725
0.0002957809
0.000262247
0
0
0
0
0
0
0
0
0
0
0.0004154977
0.000387568
0.0003583839
0.0003278676
0.0002958413
0
0
0
0
0
0
0
0
0
0
0.0004431597
0.0004163448
0.0003883585
0.0003591357
0.000328516
0
0
0
0
0
0
0
0
0
0
0.0004703996
0.0004446559
0.0004178154
0.0003898232
0.0003605332
0
0
0
0
0
0
0
0
0
0
0.0004974242
0.0004727201
0.000446988
0.0004201815
0.0003921666
0
0
0
0
0
0
0
0
0
0
0.0005242127
0.0005005177
0.0004758596
0.0004501993
0.0004234134
0
0
0
0
0
0
0
0
0
0
0.0005498363
0.0005270837
0.000503425
0.0004788266
0.0004531744
0
0
0
0
0
0
0
0
0
0
0.0005739383
0.0005520525
0.00052931
0.0005056816
0.0004810607
0
0
0
0
0
0
0
0
0
0
0.0005964632
0.0005753719
0.000553467
0.0005307228
0.0005070391
0
0
0
0
0
0
0
0
0
0
0.0006174856
0.0005971236
0.0005759858
0.0005540495
0.0005312196
0
0
0
0
0
0
0
0
0
0
0.0001116404
0
0
0
0
0
0
0
0
0
0
0.0001432619
0.000109413
0
0
0
0
0
0
0
0
0
0
0.00017788
0.000139895
0.0001049684
0
0
0
0
0
0
0
0
0
0
0.0002106281
0.0001734943
0.0001348683
9.842779e-05
0
0
0
0
0
0
0
0
0
0
0.0002412932
0.0002055649
0.0001679172
0.0001285353
9.016061e-05
0
0
0
0
0
0
0
0
0
0
0.0002706626
0.0002363392
0.0002001655
0.0001619932
0.0001217597
0
0
0
0
0
0
0
0
0
0
0.0003001289
0.0002671899
0.0002325398
0.0001960154
0.0001573524
0
0
0
0
0
0
0
0
0
0
0.0003295908
0.000297994
0.0002648218
0.0002299361
0.0001930801
0
0
0
0
0
0
0
0
0
0
0.0003587009
0.0003283852
0.0002966153
0.0002632774
0.0002281446
0
0
0
0
0
0
0
0
0
0
0.0003872229
0.000358122
0.0003276725
0.0002957809
0.000262247
0
0
0
0
0
0
0
0
0
0
0.0004150691
0.0003871189
0.0003579128
0.0003273728
0.0002953205
0
0
0
0
0
0
0
0
0
0
0.0004422536
0.0004153971
0.0003873663
0.0003580957
0.0003274242
0
0
0
0
0
0
0
0
0
0
0.0004688732
0.0004430621
0.0004161498
0.0003880806
0.0003587076
0
0
0
0
0
0
0
0
0
0
0.0004951082
0.0004703053
0.0004444674
0.0004175473
0.0003894098
0
0
0
0
0
0
0
0
0
0
0.0005211549
0.0004973336
0.0004725391
0.0004467311
0.0004197845
0
0
0
0
0
0
0
0
0
0
0.0005469932
0.0005241274
0.0005003474
0.0004756186
0.0004498255
0
0
0
0
0
0
0
0
0
0
0.0005717262
0.0005497552
0.0005269219
0.0005031966
0.0004784717
0
0
0
0
0
0
0
0
0
0
0.0005950064
0.0005738604
0.0005518974
0.0005290915
0.0005053417
0
0
0
0
0
0
0
0
0
0
0.000616776
0.0005963879
0.0005752225
0.0005532569
0.0005303958
0
0
0
0
0
0
0
0
0
0
0.0006371038
0.0006174126
0.0005969791
0.0005757829
0.0005537337
0
0
0
0
0
0
0
0
0
0
0.0001448871
0.0001115016
0
0
0
0
0
0
0
0
0
0
0.0001807753
0.0001431307
0.000109134
0
0
0
0
0
0
0
0
0
0
0.0002145908
0.0001777548
0.0001396295
0.0001045668
0
0
0
0
0
0
0
0
0
0
0.0002459394
0.000210507
0.0001732394
0.0001344866
9.784631e-05
0
0
0
0
0
0
0
0
0
0
0.0002752305
0.0002411742
0.0002053166
0.0001675497
0.0001279743
0
0
0
0
0
0
0
0
0
0
0.0003033075
0.0002705441
0.0002360944
0.0001998062
0.0001614451
0
0
0
0
0
0
0
0
0
0
0.0003315093
0.0003000135
0.0002669535
0.0002321955
0.0001954896
0
0
0
0
0
0
0
0
0
0
0.000359742
0.0003294793
0.0002977674
0.0002644938
0.0002294342
0
0
0
0
0
0
0
0
0
0
0.0003876721
0.0003585932
0.0003281678
0.0002963023
0.0002627975
0
0
0
0
0
0
0
0
0
0
0.0004150691
0.0003871189
0.0003579128
0.0003273728
0.0002953205
0
0
0
0
0
0
0
0
0
0
0.0004418439
0.0004149684
0.0003869174
0.000357625
0.0003269301
0
0
0
0
0
0
0
0
0
0
0.000468006
0.0004421561
0.0004152024
0.0003870891
0.0003576687
0
0
0
0
0
0
0
0
0
0
0.0004936448
0.0004687787
0.0004428738
0.0004158822
0.000387668
0
0
0
0
0
0
0
0
0
0
0.0005189309
0.0004950167
0.0004701231
0.000444209
0.0004171485
0
0
0
0
0
0
0
0
0
0
0.000544052
0.000521067
0.0004971586
0.0004722913
0.0004463479
0
0
0
0
0
0
0
0
0
0
0.0005689883
0.0005469103
0.0005239625
0.0005001145
0.0004752575
0
0
0
0
0
0
0
0
0
0
0.0005928739
0.0005716473
0.0005495984
0.0005267011
0.0005028533
0
0
0
0
0
0
0
0
0
0
0.0006153706
0.0005949306
0.0005737101
0.0005516861
0.0005287627
0
0
0
0
0
0
0
0
0
0
0.0006364188
0.0006167028
0.000596243
0.0005750191
0.0005529403
0
0
0
0
0
0
0
0
0
0
0.0006560819
0.0006370327
0.0006172724
0.0005967826
0.0005754771
0
0
0
0
0
0
0
0
0
0
0.0001822303
0.0001447566
0.0001112244
0
0
0
0
0
0
0
0
0
0
0.0002172863
0.0001806513
0.0001428679
0.000108738
0
0
0
0
0
0
0
0
0
0
0.0002496708
0.0002144716
0.0001775038
0.0001392544
0.0001039971
0
0
0
0
0
0
0
0
0
0
0.0002796267
0.0002458235
0.0002102645
0.0001728809
0.0001339391
0
0
0
0
0
0
0
0
0
0
0.0003076438
0.0002751163
0.0002409371
0.0002049688
0.0001670179
0
0
0
0
0
0
0
0
0
0
0.0003345317
0.0003031935
0.0002703098
0.0002357528
0.0001992837
0
0
0
0
0
0
0
0
0
0
0.000361569
0.000331398
0.0002997867
0.000266625
0.0002316926
0
0
0
0
0
0
0
0
0
0
0.0003886647
0.0003596344
0.0003292614
0.0002974536
0.0002640126
0
0
0
0
0
0
0
0
0
0
0.0004154977
0.000387568
0.0003583839
0.0003278676
0.0002958413
0
0
0
0
0
0
0
0
0
0
0.0004418439
0.0004149684
0.0003869174
0.000357625
0.0003269301
0
0
0
0
0
0
0
0
0
0
0.0004676142
0.0004417465
0.000414774
0.0003866406
0.0003571987
0
0
0
0
0
0
0
0
0
0
0.000492814
0.0004679115
0.0004419681
0.0004149355
0.0003866776
0
0
0
0
0
0
0
0
0
0
0.0005175267
0.0004935531
0.0004685967
0.0004426159
0.0004154843
0
0
0
0
0
0
0
0
0
0
0.0005419146
0.0005188421
0.0004948405
0.0004698738
0.0004438241
0
0
0
0
0
0
0
0
0
0
0.0005661573
0.0005439666
0.0005208976
0.0004969192
0.0004719211
0
0
0
0
0
0
0
0
0
0
0.0005902359
0.0005689078
0.0005467506
0.0005237375
0.0004997654
0
0
0
0
0
0
0
0
0
0
0.0006133139
0.0005927972
0.0005714953
0.0005493848
0.0005263689
0
0
0
0
0
0
0
0
0
0
0.0006350622
0.0006152968
0.0005947848
0.0005735055
0.0005513677
0
0
0
0
0
0
0
0
0
0
0.0006554202
0.0006363475
0.0006165621
0.000596046
0.0005747125
0
0
0
0
0
0
0
0
0
0
0.0006744463
0.0006560126
0.0006368966
0.0006170821
0.0005964863
0
0
0
0
0
0
0
0
0
0
0.0002186418
0.0001821069
0.0001444951
0.000110831
0
0
0
0
0
0
0
0
0
0
0.0002522104
0.0002171683
0.0001804026
0.0001424966
0.0001081752
0
0
0
0
0
0
0
0
0
0
0.0002831601
0.0002495567
0.0002142326
0.0001771507
0.0001387151
0
0
0
0
0
0
0
0
0
0
0.000311819
0.0002795154
0.0002455917
0.0002099248
0.0001723607
0
0
0
0
0
0
0
0
0
0
0.0003386596
0.0003075338
0.0002748891
0.0002406061
0.0002044613
0
0
0
0
0
0
0
0
0
0
0.0003644495
0.0003344218
0.0003029686
0.0002699837
0.0002352528
0
0
0
0
0
0
0
0
0
0
0.0003904078
0.0003614616
0.00033118
0.0002994723
0.0002661427
0
0
0
0
0
0
0
0
0
0
0.0004164455
0.0003885606
0.0003594246
0.0003289606
0.0002969913
0
0
0
0
0
0
0
0
0
0
0.0004422536
0.0004153971
0.0003873663
0.0003580957
0.0003274242
0
0
0
0
0
0
0
0
0
0
0.0004676142
0.0004417465
0.000414774
0.0003866406
0.0003571987
0
0
0
0
0
0
0
0
0
0
0.0004924388
0.0004675197
0.0004415587
0.0004145075
0.0003862297
0
0
0
0
0
0
0
0
0
0
0.0005167302
0.0004927224
0.0004677299
0.0004417109
0.0004145387
0
0
0
0
0
0
0
0
0
0
0.0005405663
0.0005174378
0.0004933771
0.000468348
0.0004422319
0
0
0
0
0
0
0
0
0
0
0.0005641019
0.0005418284
0.0005186716
0.0004945998
0.000469502
0
0
0
0
0
0
0
0
0
0
0.0005875092
0.0005660743
0.0005438025
0.0005206663
0.0004965614
0
0
0
0
0
0
0
0
0
0
0.0006107705
0.0005901575
0.000568753
0.0005465329
0.0005233997
0
0
0
0
0
0
0
0
0
0
0.0006330775
0.0006132392
0.0005926499
0.0005712885
0.0005490633
0
0
0
0
0
0
0
0
0
0
0.0006541102
0.0006349904
0.0006151554
0.0005945867
0.0005731972
0
0
0
0
0
0
0
0
0
0
0.0006738069
0.0006553508
0.000636211
0.0006163713
0.000595749
0
0
0
0
0
0
0
0
0
0
0.0006922219
0.0006743789
0.0006558805
0.0006367122
0.0006167949
0
0
0
0
0
0
0
0
0
0
0.0002534881
0.0002185242
0.0001818592
0.0001441257
0.0001102713
0
0
0
0
0
0
0
0
0
0
0.000285566
0.0002520973
0.0002169313
0.0001800528
0.0001419624
0
0
0
0
0
0
0
0
0
0
0.0003151771
0.0002830505
0.0002493281
0.0002138978
0.0001766377
0
0
0
0
0
0
0
0
0
0
0.000342636
0.0003117118
0.0002792932
0.0002452683
0.000209428
0
0
0
0
0
0
0
0
0
0
0.0003683877
0.0003385535
0.0003073156
0.0002745731
0.0002401202
0
0
0
0
0
0
0
0
0
0
0.0003931581
0.0003643434
0.0003342055
0.0003026565
0.0002695042
0
0
0
0
0
0
0
0
0
0
0.0004181111
0.0003903039
0.0003612517
0.0003308786
0.0002990091
0
0
0
0
0
0
0
0
0
0
0.0004431597
0.0004163448
0.0003883585
0.0003591357
0.000328516
0
0
0
0
0
0
0
0
0
0
0.000468006
0.0004421561
0.0004152024
0.0003870891
0.0003576687
0
0
0
0
0
0
0
0
0
0
0.0004924388
0.0004675197
0.0004415587
0.0004145075
0.0003862297
0
0
0
0
0
0
0
0
0
0
0.0005163706
0.0004923472
0.0004673383
0.0004413019
0.0004141112
0
0
0
0
0
0
0
0
0
0
0.000539802
0.0005166413
0.0004925467
0.0004674818
0.0004413279
0
0
0
0
0
0
0
0
0
0
0.0005628062
0.0005404799
0.0005172675
0.000493137
0.000467977
0
0
0
0
0
0
0
0
0
0
0.0005855314
0.0005640181
0.0005416633
0.0005184391
0.0004942404
0
0
0
0
0
0
0
0
0
0
0.0006081429
0.0005874286
0.0005659154
0.0005435789
0.0005203203
0
0
0
0
0
0
0
0
0
0
0.0006306242
0.0006106943
0.0005900074
0.0005685423
0.000546206
0
0
0
0
0
0
0
0
0
0
0.0006521941
0.0006330049
0.0006130963
0.0005924496
0.0005709772
0
0
0
0
0
0
0
0
0
0
0.0006725414
0.0006540403
0.0006348532
0.0006149634
0.000594288
0
0
0
0
0
0
0
0
0
0
0.0006916039
0.0006737393
0.0006552183
0.0006360261
0.0006160834
0
0
0
0
0
0
0
0
0
0
0.0007094318
0.0006921562
0.0006742506
0.0006557017
0.0006364338
0
0
0
0
0
0
0
0
0
0
0.0002867771
0.0002533756
0.0002182882
0.000181511
0.0001435937
0
0
0
0
0
0
0
0
0
0
0.0003174646
0.0002854574
0.0002518706
0.0002165994
0.0001795439
0
0
0
0
0
0
0
0
0
0
0.0003458361
0.0003150715
0.0002828312
0.0002490091
0.0002134074
0
0
0
0
0
0
0
0
0
0
0.000372183
0.0003425325
0.0003114983
0.0002789841
0.0002447921
0
0
0
0
0
0
0
0
0
0
0.0003969219
0.0003682852
0.0003383436
0.000307013
0.0002741067
0
0
0
0
0
0
0
0
0
0
0.000420741
0.0003930554
0.0003641351
0.0003339062
0.0003021958
0
0
0
0
0
0
0
0
0
0
0.0004447533
0.0004180106
0.0003901016
0.0003609623
0.000330433
0
0
0
0
0
0
0
0
0
0
0.0004688732
0.0004430621
0.0004161498
0.0003880806
0.0003587076
0
0
0
0
0
0
0
0
0
0
0.000492814
0.0004679115
0.0004419681
0.0004149355
0.0003866776
0
0
0
0
0
0
0
0
0
0
0.0005163706
0.0004923472
0.0004673383
0.0004413019
0.0004141112
0
0
0
0
0
0
0
0
0
0
0.0005394572
0.0005162818
0.0004921718
0.0004670905
0.0004409194
0
0
0
0
0
0
0
0
0
0
0.0005620725
0.0005397157
0.0005164714
0.0004923072
0.0004671119
0
0
0
0
0
0
0
0
0
0
0.0005842857
0.0005627224
0.0005403151
0.0005170355
0.0004927785
0
0
0
0
0
0
0
0
0
0
0.0006062387
0.0005854499
0.0005638582
0.0005414385
0.0005180916
0
0
0
0
0
0
0
0
0
0
0.0006280909
0.0006080645
0.0005872745
0.0005656991
0.0005432441
0
0
0
0
0
0
0
0
0
0
0.0006498265
0.00063055
0.0006105487
0.0005898035
0.0005682258
0
0
0
0
0
0
0
0
0
0
0.0006706907
0.0006521234
0.0006328662
0.0006129023
0.0005921481
0
0
0
0
0
0
0
0
0
0
0.0006903808
0.0006724733
0.0006539071
0.0006346672
0.000614674
0
0
0
0
0
0
0
0
0
0
0.0007088342
0.000691538
0.0006736107
0.000655039
0.0006357469
0
0
0
0
0
0
0
0
0
0
0.0007260975
0.0007093678
0.0006920316
0.0006740771
0.0006554317
0
0
0
0
0
0
0
0
0
0
0.0003186165
0.0002866689
0.0002531497
0.0002179576
0.0001810041
0
0
0
0
0
0
0
0
0
0
0.0003480166
0.0003173599
0.0002852398
0.0002515542
0.0002161127
0
0
0
0
0
0
0
0
0
0
0.000375239
0.0003457341
0.0003148608
0.0002825262
0.0002485388
0
0
0
0
0
0
0
0
0
0
0.0004005509
0.000372083
0.000342327
0.0003112022
0.0002785268
0
0
0
0
0
0
0
0
0
0
0.0004243437
0.0003968227
0.000368083
0.0003380532
0.0003065646
0
0
0
0
0
0
0
0
0
0
0.0004472714
0.0004206417
0.0003928546
0.0003638476
0.000333463
0
0
0
0
0
0
0
0
0
0
0.0004703996
0.0004446559
0.0004178154
0.0003898232
0.0003605332
0
0
0
0
0
0
0
0
0
0
0.0004936448
0.0004687787
0.0004428738
0.0004158822
0.000387668
0
0
0
0
0
0
0
0
0
0
0.0005167302
0.0004927224
0.0004677299
0.0004417109
0.0004145387
0
0
0
0
0
0
0
0
0
0
0.0005394572
0.0005162818
0.0004921718
0.0004670905
0.0004409194
0
0
0
0
0
0
0
0
0
0
0.0005617416
0.0005393709
0.000516112
0.0004919326
0.0004667211
0
0
0
0
0
0
0
0
0
0
0.0005835808
0.0005619887
0.0005395512
0.00051624
0.0004919497
0
0
0
0
0
0
0
0
0
0
0.0006050404
0.0005842042
0.0005625627
0.0005400908
0.0005166889
0
0
0
0
0
0
0
0
0
0
0.0006262565
0.0006061595
0.000585295
0.0005636408
0.0005411024
0
0
0
0
0
0
0
0
0
0
0.0006473829
0.0006280146
0.0006079152
0.0005870651
0.000565375
0
0
0
0
0
0
0
0
0
0
0.0006684049
0.0006497543
0.0006304088
0.0006103512
0.000589497
0
0
0
0
0
0
0
0
0
0
0.0006885925
0.0006706218
0.0006519888
0.0006326782
0.0006126101
0
0
0
0
0
0
0
0
0
0
0.0007076516
0.0006903145
0.0006723439
0.0006537268
0.0006343866
0
0
0
0
0
0
0
0
0
0
0.0007255194
0.00070877
0.0006914131
0.0006734368
0.0006547683
0
0
0
0
0
0
0
0
0
0
0.0007422385
0.0007260352
0.0007092468
0.0006918633
0.0006738152
0
0
0
0
0
0
0
0
0
0
0.000349115
0.0003185121
0.0002864521
0.0002528345
0.0002174728
0
0
0
0
0
0
0
0
0
0
0.000377322
0.0003479155
0.0003171507
0.0002849372
0.0002510873
0
0
0
0
0
0
0
0
0
0
0.0004034743
0.0003751403
0.0003455312
0.0003145684
0.0002820744
0
0
0
0
0
0
0
0
0
0
0.0004278187
0.000400454
0.0003718849
0.0003420427
0.0003107624
0
0
0
0
0
0
0
0
0
0
0.0004507241
0.0004242476
0.0003966277
0.0003678038
0.0003376216
0
0
0
0
0
0
0
0
0
0
0.0004728134
0.0004471751
0.0004204479
0.000392578
0.0003634208
0
0
0
0
0
0
0
0
0
0
0.0004951082
0.0004703053
0.0004444674
0.0004175473
0.0003894098
0
0
0
0
0
0
0
0
0
0
0.0005175267
0.0004935531
0.0004685967
0.0004426159
0.0004154843
0
0
0
0
0
0
0
0
0
0
0.000539802
0.0005166413
0.0004925467
0.0004674818
0.0004413279
0
0
0
0
0
0
0
0
0
0
0.0005617416
0.0005393709
0.000516112
0.0004919326
0.0004667211
0
0
0
0
0
0
0
0
0
0
0.0005832631
0.0005616578
0.0005392066
0.000515881
0.0004915756
0
0
0
0
0
0
0
0
0
0
0.0006043629
0.0005834994
0.0005618293
0.0005393275
0.0005158943
0
0
0
0
0
0
0
0
0
0
0.0006251033
0.0006049612
0.0005840494
0.0005623458
0.0005397555
0
0
0
0
0
0
0
0
0
0
0.0006456152
0.0006261796
0.0006060093
0.0005850846
0.0005633154
0
0
0
0
0
0
0
0
0
0
0.0006660468
0.0006473087
0.0006278697
0.0006077124
0.0005867513
0
0
0
0
0
0
0
0
0
0
0.0006863848
0.0006683346
0.0006496173
0.0006302174
0.0006100542
0
0
0
0
0
0
0
0
0
0
0.0007059231
0.0006885255
0.0006704911
0.0006518065
0.0006323949
0
0
0
0
0
0
0
0
0
0
0.0007243756
0.0007075871
0.0006901888
0.0006721691
0.0006534547
0
0
0
0
0
0
0
0
0
0
0.0007416791
0.0007254569
0.0007086487
0.0006912444
0.0006731743
0
0
0
0
0
0
0
0
0
0
0.0007578725
0.0007421778
0.0007259175
0.0007090835
0.0006916092
0
0
0
0
0
0
0
0
0
0
0.0003783716
0.0003490143
0.0003183037
0.0002861506
0.0002523693
0
0
0
0
0
0
0
0
0
0
0.0004054675
0.0003772241
0.000347714
0.0003168605
0.0002844886
0
0
0
0
0
0
0
0
0
0
0.0004306194
0.0004033787
0.0003749447
0.0003452504
0.0003141337
0
0
0
0
0
0
0
0
0
0
0.0004540559
0.0004277248
0.0004002629
0.0003716115
0.0003416193
0
0
0
0
0
0
0
0
0
0
0.0004761261
0.000450631
0.0004240593
0.000396359
0.000367388
0
0
0
0
0
0
0
0
0
0
0.0004974242
0.0004727201
0.000446988
0.0004201815
0.0003921666
0
0
0
0
0
0
0
0
0
0
0.0005189309
0.0004950167
0.0004701231
0.000444209
0.0004171485
0
0
0
0
0
0
0
0
0
0
0.0005405663
0.0005174378
0.0004933771
0.000468348
0.0004422319
0
0
0
0
0
0
0
0
0
0
0.0005620725
0.0005397157
0.0005164714
0.0004923072
0.0004671119
0
0
0
0
0
0
0
0
0
0
0.0005832631
0.0005616578
0.0005392066
0.000515881
0.0004915756
0
0
0
0
0
0
0
0
0
0
0.0006040578
0.0005831817
0.0005614986
0.0005389833
0.0005155358
0
0
0
0
0
0
0
0
0
0
0.0006244519
0.0006042837
0.0005833449
0.000561613
0.0005389931
0
0
0
0
0
0
0
0
0
0
0.0006445048
0.0006250262
0.0006048112
0.0005838395
0.0005620213
0
0
0
0
0
0
0
0
0
0
0.0006643426
0.0006455403
0.0006260339
0.0006058056
0.0005847696
0
0
0
0
0
0
0
0
0
0
0.0006841085
0.0006659746
0.0006471681
0.0006276733
0.0006074084
0
0
0
0
0
0
0
0
0
0
0.00070379
0.0006863164
0.0006682015
0.0006494318
0.0006299296
0
0
0
0
0
0
0
0
0
0
0.0007227043
0.0007058578
0.0006883985
0.0006703144
0.0006515319
0
0
0
0
0
0
0
0
0
0
0.0007405725
0.0007243127
0.000707465
0.0006900191
0.0006719051
0
0
0
0
0
0
0
0
0
0
0.0007573311
0.0007416182
0.000725339
0.0007084849
0.0006909897
0
0
0
0
0
0
0
0
0
0
0.000773015
0.0007578133
0.0007420634
0.000725759
0.0007088369
0
0
0
0
0
0
0
0
0
0
0.0004064721
0.0003782741
0.0003488135
0.0003180145
0.0002857035
0
0
0
0
0
0
0
0
0
0
0.0004325294
0.0004053727
0.0003770299
0.0003474353
0.0003164288
0
0
0
0
0
0
0
0
0
0
0.0004567424
0.0004305267
0.0004031899
0.0003746746
0.0003448317
0
0
0
0
0
0
0
0
0
0
0.000479324
0.0004539648
0.0004275402
0.0003999996
0.0003712034
0
0
0
0
0
0
0
0
0
0
0.0005006055
0.0004760357
0.000450449
0.0004238004
0.000395958
0
0
0
0
0
0
0
0
0
0
0.0005211549
0.0004973336
0.0004725391
0.0004467311
0.0004197845
0
0
0
0
0
0
0
0
0
0
0.0005419146
0.0005188421
0.0004948405
0.0004698738
0.0004438241
0
0
0
0
0
0
0
0
0
0
0.0005628062
0.0005404799
0.0005172675
0.000493137
0.000467977
0
0
0
0
0
0
0
0
0
0
0.0005835808
0.0005619887
0.0005395512
0.00051624
0.0004919497
0
0
0
0
0
0
0
0
0
0
0.0006040578
0.0005831817
0.0005614986
0.0005389833
0.0005155358
0
0
0
0
0
0
0
0
0
0
0.0006241586
0.0006039786
0.0005830275
0.0005612826
0.0005386494
0
0
0
0
0
0
0
0
0
0
0.0006438782
0.0006243749
0.000604134
0.0005831356
0.0005612894
0
0
0
0
0
0
0
0
0
0
0.0006632731
0.0006444299
0.0006248808
0.0006046079
0.0005835253
0
0
0
0
0
0
0
0
0
0
0.0006824648
0.0006642697
0.0006453989
0.0006258365
0.0006055005
0
0
0
0
0
0
0
0
0
0
0.0007015918
0.0006840381
0.0006658382
0.0006469778
0.0006273787
0
0
0
0
0
0
0
0
0
0
0.0007206426
0.0007037234
0.0006861872
0.0006680217
0.0006491527
0
0
0
0
0
0
0
0
0
0
0.0007389559
0.0007226407
0.0007057345
0.0006882271
0.000670048
0
0
0
0
0
0
0
0
0
0
0.0007562601
0.0007405112
0.0007241941
0.0007073003
0.0006897631
0
0
0
0
0
0
0
0
0
0
0.0007724908
0.0007572717
0.0007415035
0.00072518
0.0007082377
0
0
0
0
0
0
0
0
0
0
0.0007876789
0.0007729573
0.0007577022
0.0007419095
0.0007255196
0
0
0
0
0
0
0
0
0
0
0.0004334924
0.0004063776
0.0003780805
0.0003485357
0.0003175842
0
0
0
0
0
0
0
0
0
0
0.000458575
0.0004324375
0.0004051851
0.0003767617
0.0003470193
0
0
0
0
0
0
0
0
0
0
0.0004819037
0.0004566525
0.0004303443
0.0004029298
0.000374271
0
0
0
0
0
0
0
0
0
0
0.0005036779
0.0004792356
0.0004537864
0.0004272865
0.0003996059
0
0
0
0
0
0
0
0
0
0
0.0005242127
0.0005005177
0.0004758596
0.0004501993
0.0004234134
0
0
0
0
0
0
0
0
0
0
0.000544052
0.000521067
0.0004971586
0.0004722913
0.0004463479
0
0
0
0
0
0
0
0
0
0
0.0005641019
0.0005418284
0.0005186716
0.0004945998
0.000469502
0
0
0
0
0
0
0
0
0
0
0.0005842857
0.0005627224
0.0005403151
0.0005170355
0.0004927785
0
0
0
0
0
0
0
0
0
0
0.0006043629
0.0005834994
0.0005618293
0.0005393275
0.0005158943
0
0
0
0
0
0
0
0
0
0
0.0006241586
0.0006039786
0.0005830275
0.0005612826
0.0005386494
0
0
0
0
0
0
0
0
0
0
0.0006435962
0.0006240816
0.0006038291
0.0005828184
0.0005609595
0
0
0
0
0
0
0
0
0
0
0.0006626701
0.0006438033
0.0006242297
0.0006039314
0.0005828223
0
0
0
0
0
0
0
0
0
0
0.0006814343
0.0006632001
0.0006442887
0.0006246839
0.0006043036
0
0
0
0
0
0
0
0
0
0
0.000700006
0.0006823939
0.0006641325
0.0006452077
0.0006255409
0
0
0
0
0
0
0
0
0
0
0.000718519
0.0007015233
0.0006839057
0.0006656536
0.0006466922
0
0
0
0
0
0
0
0
0
0
0.0007369625
0.0007205776
0.0007035979
0.0006860127
0.000667751
0
0
0
0
0
0
0
0
0
0
0.000754696
0.0007388939
0.0007225208
0.0007055682
0.0006879687
0
0
0
0
0
0
0
0
0
0
0.000771454
0.0007562004
0.0007403959
0.0007240343
0.0007070518
0
0
0
0
0
0
0
0
0
0
0.0007871712
0.0007724329
0.0007571602
0.0007413492
0.0007249401
0
0
0
0
0
0
0
0
0
0
0.0008018727
0.0007876226
0.0007728492
0.0007575527
0.0007416771
0
0
0
0
0
0
0
0
0
0
0.0004594991
0.0004334007
0.0004061907
0.0003778131
0.0003481211
0
0
0
0
0
0
0
0
0
0
0.000483664
0.0004584858
0.0004322563
0.0004049268
0.0003763606
0
0
0
0
0
0
0
0
0
0
0.0005061575
0.0004818165
0.0004564761
0.0004300935
0.0004025402
0
0
0
0
0
0
0
0
0
0
0.0005271671
0.0005035921
0.000479063
0.0004535416
0.0004269063
0
0
0
0
0
0
0
0
0
0
0.0005469932
0.0005241274
0.0005003474
0.0004756186
0.0004498255
0
0
0
0
0
0
0
0
0
0
0.0005661573
0.0005439666
0.0005208976
0.0004969192
0.0004719211
0
0
0
0
0
0
0
0
0
0
0.0005855314
0.0005640181
0.0005416633
0.0005184391
0.0004942404
0
0
0
0
0
0
0
0
0
0
0.0006050404
0.0005842042
0.0005625627
0.0005400908
0.0005166889
0
0
0
0
0
0
0
0
0
0
0.0006244519
0.0006042837
0.0005833449
0.000561613
0.0005389931
0
0
0
0
0
0
0
0
0
0
0.0006435962
0.0006240816
0.0006038291
0.0005828184
0.0005609595
0
0
0
0
0
0
0
0
0
0
0.0006623989
0.0006435213
0.0006239366
0.0006036267
0.0005825056
0
0
0
0
0
0
0
0
0
0
0.0006808539
0.0006625972
0.0006436624
0.0006240334
0.0006036279
0
0
0
0
0
0
0
0
0
0
0.0006990128
0.0006813633
0.0006630632
0.000644098
0.0006243891
0
0
0
0
0
0
0
0
0
0
0.0007169886
0.0006999369
0.0006822607
0.0006639471
0.0006449212
0
0
0
0
0
0
0
0
0
0
0.0007349105
0.0007184523
0.0007013946
0.0006837267
0.0006653768
0
0
0
0
0
0
0
0
0
0
0.0007527681
0.0007368993
0.0007204557
0.0007034286
0.0006857501
0
0
0
0
0
0
0
0
0
0
0.0007699402
0.0007546355
0.0007387774
0.0007223594
0.0007053174
0
0
0
0
0
0
0
0
0
0
0.0007861673
0.0007713958
0.0007560883
0.0007402407
0.0007237931
0
0
0
0
0
0
0
0
0
0
0.0008013809
0.0007871147
0.0007723245
0.0007570104
0.0007411162
0
0
0
0
0
0
0
0
0
0.0008155997
0.0008018178
0.0007875175
0.000772704
0.0007573269
0
0
0
0
0
0
0
0
0
0
0.0004845518
0.0004594102
0.0004332201
0.0004059331
0.0003774133
0
0
0
0
0
0
0
0
0
0
0.0005078498
0.0004835773
0.0004583106
0.0004320071
0.0004045397
0
0
0
0
0
0
0
0
0
0
0.0005295524
0.0005060727
0.0004816458
0.0004562341
0.0004297174
0
0
0
0
0
0
0
0
0
0
0.0005498363
0.0005270837
0.000503425
0.0004788266
0.0004531744
0
0
0
0
0
0
0
0
0
0
0.0005689883
0.0005469103
0.0005239625
0.0005001145
0.0004752575
0
0
0
0
0
0
0
0
0
0
0.0005875092
0.0005660743
0.0005438025
0.0005206663
0.0004965614
0
0
0
0
0
0
0
0
0
0
0.0006062387
0.0005854499
0.0005638582
0.0005414385
0.0005180916
0
0
0
0
0
0
0
0
0
0
0.0006251033
0.0006049612
0.0005840494
0.0005623458
0.0005397555
0
0
0
0
0
0
0
0
0
0
0.0006438782
0.0006243749
0.000604134
0.0005831356
0.0005612894
0
0
0
0
0
0
0
0
0
0
0.0006623989
0.0006435213
0.0006239366
0.0006036267
0.0005825056
0
0
0
0
0
0
0
0
0
0
0.000680593
0.0006623261
0.0006433807
0.0006237406
0.0006033237
0
0
0
0
0
0
0
0
0
0
0.0006984539
0.0006807829
0.0006624605
0.0006434722
0.0006237393
0
0
0
0
0
0
0
0
0
0
0.0007160311
0.0006989437
0.0006812304
0.0006628783
0.0006438122
0
0
0
0
0
0
0
0
0
0
0.0007334331
0.0007169214
0.0006998076
0.0006820809
0.0006636693
0
0
0
0
0
0
0
0
0
0
0.0007507846
0.0007348455
0.0007183273
0.000701221
0.0006834582
0
0
0
0
0
0
0
0
0
0
0.0007680752
0.0007527064
0.0007367807
0.0007202914
0.0007031738
0
0
0
0
0
0
0
0
0
0
0.0007847018
0.0007698813
0.0007545223
0.0007386207
0.000722116
0
0
0
0
0
0
0
0
0
0
0.0008004086
0.0007861105
0.0007712868
0.0007559375
0.0007400065
0
0
0
0
0
0
0
0
0
0.0008151232
0.0008013258
0.0007870093
0.0007721789
0.0007567841
0
0
0
0
0
0
0
0
0.0008288537
0.0008155462
0.0008017155
0.0007873763
0.0007724847
0
0
0
0
0
0
0
0
0
0
0.0005087035
0.0004844654
0.0004592355
0.0004329717
0.0004055472
0
0
0
0
0
0
0
0
0
0
0.0005311808
0.0005077656
0.0004834078
0.0004580701
0.0004316333
0
0
0
0
0
0
0
0
0
0
0.0005521326
0.00052947
0.0005059075
0.000481412
0.0004558706
0
0
0
0
0
0
0
0
0
0
0.0005717262
0.0005497552
0.0005269219
0.0005031966
0.0004784717
0
0
0
0
0
0
0
0
0
0
0.0005902359
0.0005689078
0.0005467506
0.0005237375
0.0004997654
0
0
0
0
0
0
0
0
0
0
0.0006081429
0.0005874286
0.0005659154
0.0005435789
0.0005203203
0
0
0
0
0
0
0
0
0
0
0.0006262565
0.0006061595
0.000585295
0.0005636408
0.0005411024
0
0
0
0
0
0
0
0
0
0
0.0006445048
0.0006250262
0.0006048112
0.0005838395
0.0005620213
0
0
0
0
0
0
0
0
0
0
0.0006626701
0.0006438033
0.0006242297
0.0006039314
0.0005828223
0
0
0
0
0
0
0
0
0
0
0.000680593
0.0006623261
0.0006433807
0.0006237406
0.0006033237
0
0
0
0
0
0
0
0
0
0
0.0006982029
0.0006805221
0.0006621895
0.0006431907
0.000623447
0
0
0
0
0
0
0
0
0
0
0.0007154928
0.0006983848
0.0006806502
0.0006622761
0.0006431872
0
0
0
0
0
0
0
0
0
0
0.0007325098
0.0007159638
0.0006988146
0.000681051
0.0006626012
0
0
0
0
0
0
0
0
0
0
0.0007493581
0.0007333676
0.0007167957
0.0006996332
0.0006818115
0
0
0
0
0
0
0
0
0
0
0.0007661576
0.0007507213
0.0007347241
0.0007181589
0.0007009605
0
0
0
0
0
0
0
0
0
0
0.0007828972
0.0007680151
0.0007525912
0.0007366212
0.0007200441
0
0
0
0
0
0
0
0
0
0
0.0007989897
0.0007846444
0.0007697712
0.00075437
0.0007383843
0
0
0
0
0
0
0
0
0
0.0008141813
0.0008003532
0.0007860044
0.0007711403
0.0007557101
0
0
0
0
0
0
0
0
0.000828392
0.0008150695
0.0008012233
0.0007868678
0.0007719591
0
0
0
0
0
0
0
0.0008416161
0.0008288015
0.0008154466
0.0008015784
0.0007871633
0
0
0
0
0
0
0
0
0
0
0.0005320024
0.0005086196
0.0004842964
0.0004589958
0.000432599
0
0
0
0
0
0
0
0
0
0
0.0005537006
0.000531099
0.0005076015
0.0004831755
0.0004577088
0
0
0
0
0
0
0
0
0
0
0.0005739383
0.0005520525
0.00052931
0.0005056816
0.0004810607
0
0
0
0
0
0
0
0
0
0
0.0005928739
0.0005716473
0.0005495984
0.0005267011
0.0005028533
0
0
0
0
0
0
0
0
0
0
0.0006107705
0.0005901575
0.000568753
0.0005465329
0.0005233997
0
0
0
0
0
0
0
0
0
0
0.0006280909
0.0006080645
0.0005872745
0.0005656991
0.0005432441
0
0
0
0
0
0
0
0
0
0
0.0006456152
0.0006261796
0.0006060093
0.0005850846
0.0005633154
0
0
0
0
0
0
0
0
0
0
0.0006632731
0.0006444299
0.0006248808
0.0006046079
0.0005835253
0
0
0
0
0
0
0
0
0
0
0.0006808539
0.0006625972
0.0006436624
0.0006240334
0.0006036279
0
0
0
0
0
0
0
0
0
0
0.0006982029
0.0006805221
0.0006621895
0.0006431907
0.000623447
0
0
0
0
0
0
0
0
0
0
0.0007152513
0.0006981339
0.0006803896
0.0006620054
0.0006429061
0
0
0
0
0
0
0
0
0
0
0.0007319912
0.0007154255
0.000698256
0.0006804714
0.0006619998
0
0
0
0
0
0
0
0
0
0
0.0007484675
0.0007324442
0.0007158383
0.0006986406
0.0006807823
0
0
0
0
0
0
0
0
0
0
0.0007647798
0.0007492943
0.0007332455
0.0007166265
0.0006993718
0
0
0
0
0
0
0
0
0
0
0.0007810428
0.0007660959
0.0007506033
0.0007345605
0.000717906
0
0
0
0
0
0
0
0
0
0
0.0007972431
0.0007828386
0.0007679031
0.0007524363
0.0007363812
0
0
0
0
0
0
0
0
0
0.0008128072
0.0007989336
0.0007845372
0.0007696233
0.0007541405
0
0
0
0
0
0
0
0
0.0008274796
0.0008141273
0.00080025
0.0007858622
0.0007709194
0
0
0
0
0
0
0
0.0008411687
0.0008283396
0.0008149696
0.0008010857
0.0007866542
0
0
0
0
0
0
0.0008538452
0.0008415651
0.0008287046
0.0008153132
0.0008013713
0
0
0
0
0
0
0
0
0
0
0.000554492
0.0005319208
0.0005084559
0.0004840648
0.0004586355
0
0
0
0
0
0
0
0
0
0
0.0005754493
0.0005536211
0.0005309399
0.000507377
0.0004828262
0
0
0
0
0
0
0
0
0
0
0.0005950064
0.0005738604
0.0005518974
0.0005290915
0.0005053417
0
0
0
0
0
0
0
0
0
0
0.0006133139
0.0005927972
0.0005714953
0.0005493848
0.0005263689
0
0
0
0
0
0
0
0
0
0
0.0006306242
0.0006106943
0.0005900074
0.0005685423
0.000546206
0
0
0
0
0
0
0
0
0
0
0.0006473829
0.0006280146
0.0006079152
0.0005870651
0.000565375
0
0
0
0
0
0
0
0
0
0
0.0006643426
0.0006455403
0.0006260339
0.0006058056
0.0005847696
0
0
0
0
0
0
0
0
0
0
0.0006814343
0.0006632001
0.0006442887
0.0006246839
0.0006043036
0
0
0
0
0
0
0
0
0
0
0.0006984539
0.0006807829
0.0006624605
0.0006434722
0.0006237393
0
0
0
0
0
0
0
0
0
0
0.0007152513
0.0006981339
0.0006803896
0.0006620054
0.0006429061
0
0
0
0
0
0
0
0
0
0
0.0007317587
0.000715184
0.0006980052
0.000680211
0.0006617295
0
0
0
0
0
0
0
0
0
0
0.0007479679
0.0007319257
0.0007153004
0.0006980825
0.0006802034
0
0
0
0
0
0
0
0
0
0
0.0007639206
0.0007484036
0.0007323223
0.0007156696
0.0006983799
0
0
0
0
0
0
0
0
0
0
0.0007797118
0.0007647176
0.0007491756
0.0007330813
0.0007163728
0
0
0
0
0
0
0
0
0
0
0.0007954495
0.0007809826
0.0007659811
0.0007504445
0.0007343151
0
0
0
0
0
0
0
0
0
0.0008111166
0.000797186
0.0007827297
0.0007677526
0.0007522032
0
0
0
0
0
0
0
0
0.0008261487
0.0008127525
0.0007988294
0.0007843935
0.0007694003
0
0
0
0
0
0
0
0.0008402848
0.0008274268
0.0008140269
0.0008001117
0.0007856475
0
0
0
0
0
0
0.0008534118
0.0008411176
0.0008282424
0.0008148359
0.0008008782
0
0
0
0
0
0.0008654675
0.0008537954
0.0008414707
0.0008285748
0.0008151119
0
0
0
0
0
0
0
0
0
0
0.0005762119
0.0005544127
0.0005317623
0.0005082321
0.0004837165
0
0
0
0
0
0
0
0
0
0
0.0005964632
0.0005753719
0.000553467
0.0005307228
0.0005070391
0
0
0
0
0
0
0
0
0
0
0.0006153706
0.0005949306
0.0005737101
0.0005516861
0.0005287627
0
0
0
0
0
0
0
0
0
0
0.0006330775
0.0006132392
0.0005926499
0.0005712885
0.0005490633
0
0
0
0
0
0
0
0
0
0
0.0006498265
0.00063055
0.0006105487
0.0005898035
0.0005682258
0
0
0
0
0
0
0
0
0
0
0.0006660468
0.0006473087
0.0006278697
0.0006077124
0.0005867513
0
0
0
0
0
0
0
0
0
0
0.0006824648
0.0006642697
0.0006453989
0.0006258365
0.0006055005
0
0
0
0
0
0
0
0
0
0
0.0006990128
0.0006813633
0.0006630632
0.000644098
0.0006243891
0
0
0
0
0
0
0
0
0
0
0.0007154928
0.0006983848
0.0006806502
0.0006622761
0.0006431872
0
0
0
0
0
0
0
0
0
0
0.0007317587
0.000715184
0.0006980052
0.000680211
0.0006617295
0
0
0
0
0
0
0
0
0
0
0.000747744
0.0007316932
0.000715059
0.0006978319
0.0006799434
0
0
0
0
0
0
0
0
0
0
0.0007634392
0.000747904
0.000731804
0.000715132
0.0006978225
0
0
0
0
0
0
0
0
0
0
0.0007788829
0.0007638583
0.0007482851
0.0007321584
0.0007154166
0
0
0
0
0
0
0
0
0
0
0.0007941636
0.0007796512
0.0007646022
0.0007490161
0.000732835
0
0
0
0
0
0
0
0
0
0.0008093815
0.0007953908
0.000780871
0.0007658268
0.0007502062
0
0
0
0
0
0
0
0
0.0008245122
0.0008110609
0.00079708
0.0007825834
0.0007675262
0
0
0
0
0
0
0
0.000838996
0.0008260954
0.0008126511
0.0007986897
0.0007841769
0
0
0
0
0
0
0.0008525558
0.0008402334
0.0008273291
0.0008138924
0.0007999031
0
0
0
0
0
0.0008650479
0.0008533619
0.000841023
0.0008281124
0.0008146341
0
0
0
0
0.0008763504
0.0008654188
0.0008537035
0.0008413445
0.0008283791
0
0
0
0
0
0
0
0
0
0
0.0005971986
0.0005761348
0.000554259
0.0005315458
0.0005078951
0
0
0
0
0
0
0
0
0
0
0.000616776
0.0005963879
0.0005752225
0.0005532569
0.0005303958
0
0
0
0
0
0
0
0
0
0
0.0006350622
0.0006152968
0.0005947848
0.0005735055
0.0005513677
0
0
0
0
0
0
0
0
0
0
0.0006521941
0.0006330049
0.0006130963
0.0005924496
0.0005709772
0
0
0
0
0
0
0
0
0
0
0.0006684049
0.0006497543
0.0006304088
0.0006103512
0.000589497
0
0
0
0
0
0
0
0
0
0
0.0006841085
0.0006659746
0.0006471681
0.0006276733
0.0006074084
0
0
0
0
0
0
0
0
0
0
0.000700006
0.0006823939
0.0006641325
0.0006452077
0.0006255409
0
0
0
0
0
0
0
0
0
0
0.0007160311
0.0006989437
0.0006812304
0.0006628783
0.0006438122
0
0
0
0
0
0
0
0
0
0
0.0007319912
0.0007154255
0.000698256
0.0006804714
0.0006619998
0
0
0
0
0
0
0
0
0
0
0.000747744
0.0007316932
0.000715059
0.0006978319
0.0006799434
0
0
0
0
0
0
0
0
0
0
0.0007632236
0.0007476802
0.0007315717
0.0007148909
0.0006975723
0
0
0
0
0
0
0
0
0
0
0.0007784189
0.0007633769
0.0007477858
0.0007316406
0.0007148797
0
0
0
0
0
0
0
0
0
0
0.0007933637
0.0007788221
0.0007637431
0.000748126
0.0007319129
0
0
0
0
0
0
0
0
0
0.0008081391
0.0007941044
0.000779539
0.0007644473
0.000748777
0
0
0
0
0
0
0
0
0.0008228337
0.0008093243
0.0007952822
0.0007807211
0.0007655954
0
0
0
0
0
0
0
0.0008374119
0.0008244578
0.0008109577
0.0007969378
0.0007823634
0
0
0
0
0
0
0.0008513079
0.0008389439
0.0008259967
0.0008125153
0.0007984792
0
0
0
0
0
0.0008642193
0.0008525055
0.0008401382
0.0008271983
0.0008136896
0
0
0
0
0.0008759447
0.0008649991
0.0008532697
0.0008408964
0.0008279161
0
0
0
0.0008862786
0.0008763028
0.0008653292
0.0008535806
0.000841154
0
0
0
0
0
0
0
0
0
0
0.0006174856
0.0005971236
0.0005759858
0.0005540495
0.0005312196
0
0
0
0
0
0
0
0
0
0
0.0006364188
0.0006167028
0.000596243
0.0005750191
0.0005529403
0
0
0
0
0
0
0
0
0
0
0.0006541102
0.0006349904
0.0006151554
0.0005945867
0.0005731972
0
0
0
0
0
0
0
0
0
0
0.0006706907
0.0006521234
0.0006328662
0.0006129023
0.0005921481
0
0
0
0
0
0
0
0
0
0
0.0006863848
0.0006683346
0.0006496173
0.0006302174
0.0006100542
0
0
0
0
0
0
0
0
0
0
0.0007015918
0.0006840381
0.0006658382
0.0006469778
0.0006273787
0
0
0
0
0
0
0
0
0
0
0.0007169886
0.0006999369
0.0006822607
0.0006639471
0.0006449212
0
0
0
0
0
0
0
0
0
0
0.0007325098
0.0007159638
0.0006988146
0.000681051
0.0006626012
0
0
0
0
0
0
0
0
0
0
0.0007479679
0.0007319257
0.0007153004
0.0006980825
0.0006802034
0
0
0
0
0
0
0
0
0
0
0.0007632236
0.0007476802
0.0007315717
0.0007148909
0.0006975723
0
0
0
0
0
0
0
0
0
0
0.0007782113
0.0007631614
0.0007475621
0.0007314085
0.0007146389
0
0
0
0
0
0
0
0
0
0
0.0007929165
0.0007783582
0.000763262
0.0007476271
0.0007313957
0
0
0
0
0
0
0
0
0
0.0008073672
0.0007933044
0.0007787101
0.0007635886
0.0007478876
0
0
0
0
0
0
0
0
0.0008216332
0.0008080814
0.0007939953
0.0007793885
0.0007642151
0
0
0
0
0
0
0
0.0008357883
0.0008227779
0.0008092186
0.0007951365
0.0007804963
0
0
0
0
0
0
0.000849775
0.0008373588
0.0008243574
0.0008108195
0.000796724
0
0
0
0
0
0.0008630118
0.0008512571
0.0008388478
0.0008258646
0.0008123106
0
0
0
0
0.0008751435
0.0008641702
0.0008524128
0.0008400109
0.0008270011
0
0
0
0.0008858871
0.000875897
0.0008649092
0.0008531465
0.0008407055
0
0
0.000894885
0.000886232
0.0008762153
0.0008652094
0.0008533952
0
0
0
0
0
0
0
0
0
0
0.0006371038
0.0006174126
0.0005969791
0.0005757829
0.0005537337
0
0
0
0
0
0
0
0
0
0
0.0006554202
0.0006363475
0.0006165621
0.000596046
0.0005747125
0
0
0
0
0
0
0
0
0
0
0.0006725414
0.0006540403
0.0006348532
0.0006149634
0.000594288
0
0
0
0
0
0
0
0
0
0
0.0006885925
0.0006706218
0.0006519888
0.0006326782
0.0006126101
0
0
0
0
0
0
0
0
0
0
0.00070379
0.0006863164
0.0006682015
0.0006494318
0.0006299296
0
0
0
0
0
0
0
0
0
0
0.000718519
0.0007015233
0.0006839057
0.0006656536
0.0006466922
0
0
0
0
0
0
0
0
0
0
0.0007334331
0.0007169214
0.0006998076
0.0006820809
0.0006636693
0
0
0
0
0
0
0
0
0
0
0.0007484675
0.0007324442
0.0007158383
0.0006986406
0.0006807823
0
0
0
0
0
0
0
0
0
0
0.0007634392
0.000747904
0.000731804
0.000715132
0.0006978225
0
0
0
0
0
0
0
0
0
0
0.0007782113
0.0007631614
0.0007475621
0.0007314085
0.0007146389
0
0
0
0
0
0
0
0
0
0
0.0007927166
0.0007781507
0.0007630466
0.0007474036
0.0007311639
0
0
0
0
0
0
0
0
0
0.0008069362
0.0007928573
0.0007782464
0.0007631079
0.0007473893
0
0
0
0
0
0
0
0
0.0008208884
0.0008073094
0.0007931954
0.00077856
0.000763357
0
0
0
0
0
0
0
0.0008346285
0.0008215769
0.0008079752
0.000793849
0.0007791629
0
0
0
0
0
0
0.000848205
0.0008357338
0.000822675
0.000809077
0.000794918
0
0
0
0
0
0.0008615293
0.0008497232
0.000837261
0.000824223
0.0008106117
0
0
0
0
0.0008739765
0.0008629621
0.0008511634
0.0008387192
0.0008256655
0
0
0
0.0008851142
0.0008750955
0.0008640798
0.0008522889
0.000839819
0
0
0.0008945086
0.0008858404
0.0008758092
0.0008647892
0.0008529607
0
0.0009015923
0.0008948394
0.0008861465
0.0008760986
0.0008650289
0
0
0
0
0
0
0
0
0
0
0.0006560819
0.0006370327
0.0006172724
0.0005967826
0.0005754771
0
0
0
0
0
0
0
0
0
0
0.0006738069
0.0006553508
0.000636211
0.0006163713
0.000595749
0
0
0
0
0
0
0
0
0
0
0.0006903808
0.0006724733
0.0006539071
0.0006346672
0.000614674
0
0
0
0
0
0
0
0
0
0
0.0007059231
0.0006885255
0.0006704911
0.0006518065
0.0006323949
0
0
0
0
0
0
0
0
0
0
0.0007206426
0.0007037234
0.0006861872
0.0006680217
0.0006491527
0
0
0
0
0
0
0
0
0
0
0.0007349105
0.0007184523
0.0007013946
0.0006837267
0.0006653768
0
0
0
0
0
0
0
0
0
0
0.0007493581
0.0007333676
0.0007167957
0.0006996332
0.0006818115
0
0
0
0
0
0
0
0
0
0
0.0007639206
0.0007484036
0.0007323223
0.0007156696
0.0006983799
0
0
0
0
0
0
0
0
0
0
0.0007784189
0.0007633769
0.0007477858
0.0007316406
0.0007148797
0
0
0
0
0
0
0
0
0
0
0.0007927166
0.0007781507
0.0007630466
0.0007474036
0.0007311639
0
0
0
0
0
0
0
0
0
0.0008067438
0.0007926574
0.0007780389
0.0007628927
0.0007471662
0
0
0
0
0
0
0
0
0.0008204732
0.0008068785
0.0007927485
0.0007780966
0.0007628769
0
0
0
0
0
0
0
0.00083391
0.000820832
0.0008072033
0.0007930495
0.000778335
0
0
0
0
0
0
0.000847085
0.0008345736
0.0008214736
0.0008078329
0.0007936298
0
0
0
0
0
0.000860012
0.0008481517
0.0008356336
0.0008225373
0.0008088646
0
0
0
0
0.0008725445
0.0008614787
0.0008496279
0.0008371302
0.0008240209
0
0
0
0.0008839886
0.0008739279
0.0008628708
0.0008510383
0.0008385256
0
0
0.0008937655
0.0008850671
0.0008750073
0.0008639591
0.0008521021
0
0.0009012322
0.0008944628
0.0008857546
0.0008756922
0.0008646082
0.0009054835
0.0009015474
0.0008947556
0.0008860325
0.0008759226
0
0
0
0
0
0
0
0
0
0
0.0006744463
0.0006560126
0.0006368966
0.0006170821
0.0005964863
0
0
0
0
0
0
0
0
0
0
0.0006916039
0.0006737393
0.0006552183
0.0006360261
0.0006160834
0
0
0
0
0
0
0
0
0
0
0.0007076516
0.0006903145
0.0006723439
0.0006537268
0.0006343866
0
0
0
0
0
0
0
0
0
0
0.0007227043
0.0007058578
0.0006883985
0.0006703144
0.0006515319
0
0
0
0
0
0
0
0
0
0
0.0007369625
0.0007205776
0.0007035979
0.0006860127
0.000667751
0
0
0
0
0
0
0
0
0
0
0.0007507846
0.0007348455
0.0007183273
0.000701221
0.0006834582
0
0
0
0
0
0
0
0
0
0
0.0007647798
0.0007492943
0.0007332455
0.0007166265
0.0006993718
0
0
0
0
0
0
0
0
0
0
0.0007788829
0.0007638583
0.0007482851
0.0007321584
0.0007154166
0
0
0
0
0
0
0
0
0
0
0.0007929165
0.0007783582
0.000763262
0.0007476271
0.0007313957
0
0
0
0
0
0
0
0
0
0.0008067438
0.0007926574
0.0007780389
0.0007628927
0.0007471662
0
0
0
0
0
0
0
0
0.0008202879
0.000806686
0.0007925488
0.0007778894
0.000762662
0
0
0
0
0
0
0
0.0008335101
0.0008204168
0.0008067726
0.000792603
0.0007778723
0
0
0
0
0
0
0.0008463923
0.000833855
0.0008207288
0.0008070614
0.0007928309
0
0
0
0
0
0.0008589314
0.0008470313
0.0008344729
0.0008213352
0.0008076199
0
0
0
0
0.0008710801
0.00085996
0.0008480542
0.0008354996
0.0008223308
0
0
0
0.0008826084
0.000872495
0.0008613857
0.0008495005
0.0008369336
0
0
0.000892684
0.000883941
0.0008738388
0.0008627489
0.0008508498
0
0.0009005216
0.0008937194
0.0008849809
0.0008748896
0.0008637771
0.0009051391
0.0009011871
0.0008943788
0.0008856403
0.0008755158
0.0009054391
0.000901465
0.000894644
0.0008858606
0
0
0
0
0
0
0
0
0
0
0.0006922219
0.0006743789
0.0006558805
0.0006367122
0.0006167949
0
0
0
0
0
0
0
0
0
0
0.0007088342
0.000691538
0.0006736107
0.000655039
0.0006357469
0
0
0
0
0
0
0
0
0
0
0.0007243756
0.0007075871
0.0006901888
0.0006721691
0.0006534547
0
0
0
0
0
0
0
0
0
0
0.0007389559
0.0007226407
0.0007057345
0.0006882271
0.000670048
0
0
0
0
0
0
0
0
0
0
0.0007527681
0.0007368993
0.0007204557
0.0007034286
0.0006857501
0
0
0
0
0
0
0
0
0
0
0.0007661576
0.0007507213
0.0007347241
0.0007181589
0.0007009605
0
0
0
0
0
0
0
0
0
0
0.0007797118
0.0007647176
0.0007491756
0.0007330813
0.0007163728
0
0
0
0
0
0
0
0
0
0
0.0007933637
0.0007788221
0.0007637431
0.000748126
0.0007319129
0
0
0
0
0
0
0
0
0
0.0008069362
0.0007928573
0.0007782464
0.0007631079
0.0007473893
0
0
0
0
0
0
0
0
0.0008202879
0.000806686
0.0007925488
0.0007778894
0.000762662
0
0
0
0
0
0
0
0.0008333318
0.0008202316
0.0008065803
0.0007924034
0.0007776654
0
0
0
0
0
0
0.0008460073
0.0008334551
0.0008203138
0.0008066311
0.0007923849
0
0
0
0
0
0.0008582641
0.0008463385
0.0008337544
0.0008205908
0.0008068489
0
0
0
0
0.0008700389
0.0008588789
0.0008469333
0.0008343383
0.0008211281
0
0
0
0.0008811981
0.0008710293
0.0008598649
0.0008479237
0.0008352987
0
0
0.0008913586
0.0008825598
0.0008724043
0.0008612617
0.0008493092
0
0.0008994876
0.0008926373
0.0008838539
0.0008737199
0.0008625653
0.0009044598
0.0009004762
0.000893635
0.0008848659
0.0008747123
0.0009050945
0.0009011045
0.0008942669
0.000885468
0.0009053577
0.0009013553
0.0008944758
0
0
0
0
0
0
0
0
0
0
0.0007094318
0.0006921562
0.0006742506
0.0006557017
0.0006364338
0
0
0
0
0
0
0
0
0
0
0.0007255194
0.00070877
0.0006914131
0.0006734368
0.0006547683
0
0
0
0
0
0
0
0
0
0
0.0007405725
0.0007243127
0.000707465
0.0006900191
0.0006719051
0
0
0
0
0
0
0
0
0
0
0.000754696
0.0007388939
0.0007225208
0.0007055682
0.0006879687
0
0
0
0
0
0
0
0
0
0
0.0007680752
0.0007527064
0.0007367807
0.0007202914
0.0007031738
0
0
0
0
0
0
0
0
0
0
0.0007810428
0.0007660959
0.0007506033
0.0007345605
0.000717906
0
0
0
0
0
0
0
0
0
0
0.0007941636
0.0007796512
0.0007646022
0.0007490161
0.000732835
0
0
0
0
0
0
0
0
0
0.0008073672
0.0007933044
0.0007787101
0.0007635886
0.0007478876
0
0
0
0
0
0
0
0
0.0008204732
0.0008068785
0.0007927485
0.0007780966
0.0007628769
0
0
0
0
0
0
0
0.0008333318
0.0008202316
0.0008065803
0.0007924034
0.0007776654
0
0
0
0
0
0
0.0008458359
0.0008332768
0.0008201286
0.000806439
0.0007921857
0
0
0
0
0
0.000857894
0.0008459536
0.0008333547
0.0008201761
0.0008064191
0
0
0
0
0.0008693973
0.0008582116
0.0008462406
0.0008336202
0.0008203842
0
0
0
0.0008801975
0.0008699876
0.0008587833
0.0008468023
0.0008341368
0
0
0.0008900059
0.0008811483
0.0008709365
0.0008597378
0.0008477282
0
0.0008982219
0.000891311
0.0008824712
0.0008722834
0.0008610753
0.0009034722
0.0008994417
0.000892552
0.0008837378
0.000873541
0.0009044149
0.0009003932
0.0008935225
0.0008846928
0.0009050129
0.0009009946
0.0008940983
0.0009052494
0.00090119
0
0
0
0
0
0
0
0
0
0
0.0007260975
0.0007093678
0.0006920316
0.0006740771
0.0006554317
0
0
0
0
0
0
0
0
0
0
0.0007416791
0.0007254569
0.0007086487
0.0006912444
0.0006731743
0
0
0
0
0
0
0
0
0
0
0.0007562601
0.0007405112
0.0007241941
0.0007073003
0.0006897631
0
0
0
0
0
0
0
0
0
0
0.0007699402
0.0007546355
0.0007387774
0.0007223594
0.0007053174
0
0
0
0
0
0
0
0
0
0
0.0007828972
0.0007680151
0.0007525912
0.0007366212
0.0007200441
0
0
0
0
0
0
0
0
0
0
0.0007954495
0.0007809826
0.0007659811
0.0007504445
0.0007343151
0
0
0
0
0
0
0
0
0
0.0008081391
0.0007941044
0.000779539
0.0007644473
0.000748777
0
0
0
0
0
0
0
0
0.0008208884
0.0008073094
0.0007931954
0.00077856
0.000763357
0
0
0
0
0
0
0
0.0008335101
0.0008204168
0.0008067726
0.000792603
0.0007778723
0
0
0
0
0
0
0.0008458359
0.0008332768
0.0008201286
0.000806439
0.0007921857
0
0
0
0
0
0.0008577295
0.0008457822
0.0008331765
0.0008199912
0.0008062273
0
0
0
0
0.0008690423
0.0008578415
0.0008458558
0.0008332208
0.00081997
0
0
0
0.0008795825
0.000869346
0.0008581161
0.0008461099
0.0008334192
0
0
0.0008890485
0.0008801473
0.0008698943
0.0008586557
0.0008466061
0
0.0008969315
0.0008899571
0.0008810576
0.0008708126
0.0008595474
0.000902265
0.000898175
0.0008912243
0.0008823531
0.0008721017
0.0009034268
0.0008993578
0.0008924384
0.000883563
0.0009043329
0.0009002826
0.000893353
0.0009049043
0.0009008289
0.0009050861
0
0
0
0
0
0
0
0
0
0
0.0007422385
0.0007260352
0.0007092468
0.0006918633
0.0006738152
0
0
0
0
0
0
0
0
0
0
0.0007573311
0.0007416182
0.000725339
0.0007084849
0.0006909897
0
0
0
0
0
0
0
0
0
0
0.000771454
0.0007562004
0.0007403959
0.0007240343
0.0007070518
0
0
0
0
0
0
0
0
0
0
0.0007847018
0.0007698813
0.0007545223
0.0007386207
0.000722116
0
0
0
0
0
0
0
0
0
0
0.0007972431
0.0007828386
0.0007679031
0.0007524363
0.0007363812
0
0
0
0
0
0
0
0
0
0.0008093815
0.0007953908
0.000780871
0.0007658268
0.0007502062
0
0
0
0
0
0
0
0
0.0008216332
0.0008080814
0.0007939953
0.0007793885
0.0007642151
0
0
0
0
0
0
0
0.00083391
0.000820832
0.0008072033
0.0007930495
0.000778335
0
0
0
0
0
0
0.0008460073
0.0008334551
0.0008203138
0.0008066311
0.0007923849
0
0
0
0
0
0.0008577295
0.0008457822
0.0008331765
0.0008199912
0.0008062273
0
0
0
0
0.0008688847
0.000857677
0.0008456845
0.0008330428
0.0008197854
0
0
0
0.0008792431
0.0008689909
0.0008577461
0.0008457254
0.0008330203
0
0
0.000888462
0.0008795322
0.0008692528
0.0008579888
0.0008459142
0
0.0008960215
0.0008889993
0.0008800561
0.0008697699
0.0008584647
0.0009010363
0.0008968834
0.0008898683
0.0008809366
0.000870627
0.0009022187
0.0008980897
0.0008911087
0.0008821757
0.000903344
0.0008992461
0.0008922674
0.0009042237
0.0009001161
0.0009047407
0
0
0
0
0
0
0
0
0
0
0.0007578725
0.0007421778
0.0007259175
0.0007090835
0.0006916092
0
0
0
0
0
0
0
0
0
0
0.0007724908
0.0007572717
0.0007415035
0.00072518
0.0007082377
0
0
0
0
0
0
0
0
0
0
0.0007861673
0.0007713958
0.0007560883
0.0007402407
0.0007237931
0
0
0
0
0
0
0
0
0
0
0.0007989897
0.0007846444
0.0007697712
0.00075437
0.0007383843
0
0
0
0
0
0
0
0
0
0.0008111166
0.000797186
0.0007827297
0.0007677526
0.0007522032
0
0
0
0
0
0
0
0
0.0008228337
0.0008093243
0.0007952822
0.0007807211
0.0007655954
0
0
0
0
0
0
0
0.0008346285
0.0008215769
0.0008079752
0.000793849
0.0007791629
0
0
0
0
0
0
0.0008463923
0.000833855
0.0008207288
0.0008070614
0.0007928309
0
0
0
0
0
0.000857894
0.0008459536
0.0008333547
0.0008201761
0.0008064191
0
0
0
0
0.0008688847
0.000857677
0.0008456845
0.0008330428
0.0008197854
0
0
0
0.0008790928
0.0008688333
0.0008575817
0.0008455543
0.0008328426
0
0
0.0008881396
0.0008791928
0.0008688978
0.0008576191
0.0008455303
0
0.0008954666
0.0008884127
0.0008794411
0.0008691286
0.0008577982
0.0009001739
0.0008959731
0.00088891
0.0008799346
0.0008695837
0.0009009889
0.0008967962
0.0008897499
0.0008807554
0.0009021345
0.0008979762
0.0008909351
0.0009032337
0.0008990781
0.0009040593
0
0
0
0
0
0
0
0
0
0
0.000773015
0.0007578133
0.0007420634
0.000725759
0.0007088369
0
0
0
0
0
0
0
0
0
0
0.0007871712
0.0007724329
0.0007571602
0.0007413492
0.0007249401
0
0
0
0
0
0
0
0
0
0
0.0008004086
0.0007861105
0.0007712868
0.0007559375
0.0007400065
0
0
0
0
0
0
0
0
0
0.0008128072
0.0007989336
0.0007845372
0.0007696233
0.0007541405
0
0
0
0
0
0
0
0
0.0008245122
0.0008110609
0.00079708
0.0007825834
0.0007675262
0
0
0
0
0
0
0
0.0008357883
0.0008227779
0.0008092186
0.0007951365
0.0007804963
0
0
0
0
0
0
0.000847085
0.0008345736
0.0008214736
0.0008078329
0.0007936298
0
0
0
0
0
0.0008582641
0.0008463385
0.0008337544
0.0008205908
0.0008068489
0
0
0
0
0.0008690423
0.0008578415
0.0008458558
0.0008332208
0.00081997
0
0
0
0.0008790928
0.0008688333
0.0008575817
0.0008455543
0.0008328426
0
0
0.0008879971
0.0008790425
0.0008687403
0.0008574549
0.0008453594
0
0.0008951631
0.0008880902
0.0008791018
0.000868774
0.0008574291
0.0008996511
0.000895418
0.0008883235
0.0008793199
0.0008689429
0.0009001261
0.0008958853
0.0008887912
0.0008797528
0.0009009028
0.00089668
0.0008895727
0.0009020224
0.0008978057
0.0009030679
0
0
0
0
0
0
0
0
0
0
0.0007876789
0.0007729573
0.0007577022
0.0007419095
0.0007255196
0
0
0
0
0
0
0
0
0
0
0.0008013809
0.0007871147
0.0007723245
0.0007570104
0.0007411162
0
0
0
0
0
0
0
0
0
0.0008141813
0.0008003532
0.0007860044
0.0007711403
0.0007557101
0
0
0
0
0
0
0
0
0.0008261487
0.0008127525
0.0007988294
0.0007843935
0.0007694003
0
0
0
0
0
0
0
0.0008374119
0.0008244578
0.0008109577
0.0007969378
0.0007823634
0
0
0
0
0
0
0.000848205
0.0008357338
0.000822675
0.000809077
0.000794918
0
0
0
0
0
0.0008589314
0.0008470313
0.0008344729
0.0008213352
0.0008076199
0
0
0
0
0.0008693973
0.0008582116
0.0008462406
0.0008336202
0.0008203842
0
0
0
0.0008792431
0.0008689909
0.0008577461
0.0008457254
0.0008330203
0
0
0.0008879971
0.0008790425
0.0008687403
0.0008574549
0.0008453594
0
0.0008950296
0.0008879478
0.0008789516
0.0008686167
0.000857265
0.0008993673
0.0008951145
0.0008880012
0.0008789809
0.0008685887
0.0008996032
0.0008953304
0.0008882049
0.0008791385
0.0009000396
0.0008957686
0.0008886134
0.0009007882
0.0008965059
0.0009018542
0
0
0
0
0
0
0
0
0
0
0.0008018727
0.0007876226
0.0007728492
0.0007575527
0.0007416771
0
0
0
0
0
0
0
0
0
0.0008151232
0.0008013258
0.0007870093
0.0007721789
0.0007567841
0
0
0
0
0
0
0
0
0.0008274796
0.0008141273
0.00080025
0.0007858622
0.0007709194
0
0
0
0
0
0
0
0.000838996
0.0008260954
0.0008126511
0.0007986897
0.0007841769
0
0
0
0
0
0
0.000849775
0.0008373588
0.0008243574
0.0008108195
0.000796724
0
0
0
0
0
0.000860012
0.0008481517
0.0008356336
0.0008225373
0.0008088646
0
0
0
0
0.0008700389
0.0008588789
0.0008469333
0.0008343383
0.0008211281
0
0
0
0.0008795825
0.000869346
0.0008581161
0.0008461099
0.0008334192
0
0
0.0008881396
0.0008791928
0.0008688978
0.0008576191
0.0008455303
0
0.0008950296
0.0008879478
0.0008789516
0.0008686167
0.000857265
0.0008992433
0.000894981
0.0008878588
0.0008788308
0.0008684316
0.0008993194
0.000895027
0.0008878829
0.0008788
0.0008995167
0.0008952139
0.0008880276
0.0008999245
0.000895594
0.0009006166
0
0
0
0
0
0
0
0
0
0.0008155997
0.0008018178
0.0007875175
0.000772704
0.0007573269
0
0
0
0
0
0
0
0
0.000828392
0.0008150695
0.0008012233
0.0007868678
0.0007719591
0
0
0
0
0
0
0
0.0008402848
0.0008274268
0.0008140269
0.0008001117
0.0007856475
0
0
0
0
0
0
0.0008513079
0.0008389439
0.0008259967
0.0008125153
0.0007984792
0
0
0
0
0
0.0008615293
0.0008497232
0.000837261
0.000824223
0.0008106117
0
0
0
0
0.0008710801
0.00085996
0.0008480542
0.0008354996
0.0008223308
0
0
0
0.0008801975
0.0008699876
0.0008587833
0.0008468023
0.0008341368
0
0
0.000888462
0.0008795322
0.0008692528
0.0008579888
0.0008459142
0
0.0008951631
0.0008880902
0.0008791018
0.000868774
0.0008574291
0.0008992433
0.000894981
0.0008878588
0.0008788308
0.0008684316
0.0008991953
0.0008948936
0.0008877407
0.0008786501
0.000899233
0.0008949108
0.000887706
0.0008994019
0.0008950397
0.0008997524
0
0
0
0
0
0
0
0
0.0008288537
0.0008155462
0.0008017155
0.0007873763
0.0007724847
0
0
0
0
0
0
0
0.0008411687
0.0008283396
0.0008149696
0.0008010857
0.0007866542
0
0
0
0
0
0
0.0008525558
0.0008402334
0.0008273291
0.0008138924
0.0007999031
0
0
0
0
0
0.0008630118
0.0008512571
0.0008388478
0.0008258646
0.0008123106
0
0
0
0
0.0008725445
0.0008614787
0.0008496279
0.0008371302
0.0008240209
0
0
0
0.0008811981
0.0008710293
0.0008598649
0.0008479237
0.0008352987
0
0
0.0008890485
0.0008801473
0.0008698943
0.0008586557
0.0008466061
0
0.0008954666
0.0008884127
0.0008794411
0.0008691286
0.0008577982
0.0008993673
0.0008951145
0.0008880012
0.0008789809
0.0008685887
0.0008991953
0.0008948936
0.0008877407
0.0008786501
0.000899109
0.0008947775
0.000887564
0.0008991184
0.000894737
0.0008992302
0
0
0
0
0
0
0
0.0008416161
0.0008288015
0.0008154466
0.0008015784
0.0007871633
0
0
0
0
0
0
0.0008534118
0.0008411176
0.0008282424
0.0008148359
0.0008008782
0
0
0
0
0
0.0008642193
0.0008525055
0.0008401382
0.0008271983
0.0008136896
0
0
0
0
0.0008739765
0.0008629621
0.0008511634
0.0008387192
0.0008256655
0
0
0
0.0008826084
0.000872495
0.0008613857
0.0008495005
0.0008369336
0
0
0.0008900059
0.0008811483
0.0008709365
0.0008597378
0.0008477282
0
0.0008960215
0.0008889993
0.0008800561
0.0008697699
0.0008584647
0.0008996511
0.000895418
0.0008883235
0.0008793199
0.0008689429
0.0008993194
0.000895027
0.0008878829
0.0008788
0.000899109
0.0008947775
0.000887564
0.0008989946
0.0008946039
0.0008989471
0
0
0
0
0
0
0.0008538452
0.0008415651
0.0008287046
0.0008153132
0.0008013713
0
0
0
0
0
0.0008650479
0.0008533619
0.000841023
0.0008281124
0.0008146341
0
0
0
0
0.0008751435
0.0008641702
0.0008524128
0.0008400109
0.0008270011
0
0
0
0.0008839886
0.0008739279
0.0008628708
0.0008510383
0.0008385256
0
0
0.0008913586
0.0008825598
0.0008724043
0.0008612617
0.0008493092
0
0.0008969315
0.0008899571
0.0008810576
0.0008708126
0.0008595474
0.0009001739
0.0008959731
0.00088891
0.0008799346
0.0008695837
0.0008996032
0.0008953304
0.0008882049
0.0008791385
0.000899233
0.0008949108
0.000887706
0.0008989946
0.0008946039
0.0008988235
0
0
0
0
0
0.0008654675
0.0008537954
0.0008414707
0.0008285748
0.0008151119
0
0
0
0
0.0008759447
0.0008649991
0.0008532697
0.0008408964
0.0008279161
0
0
0
0.0008851142
0.0008750955
0.0008640798
0.0008522889
0.000839819
0
0
0.000892684
0.000883941
0.0008738388
0.0008627489
0.0008508498
0
0.0008982219
0.000891311
0.0008824712
0.0008722834
0.0008610753
0.0009010363
0.0008968834
0.0008898683
0.0008809366
0.000870627
0.0009001261
0.0008958853
0.0008887912
0.0008797528
0.0008995167
0.0008952139
0.0008880276
0.0008991184
0.000894737
0.0008988235
0
0
0
0
0.0008763504
0.0008654188
0.0008537035
0.0008413445
0.0008283791
0
0
0
0.0008858871
0.000875897
0.0008649092
0.0008531465
0.0008407055
0
0
0.0008937655
0.0008850671
0.0008750073
0.0008639591
0.0008521021
0
0.0008994876
0.0008926373
0.0008838539
0.0008737199
0.0008625653
0.000902265
0.000898175
0.0008912243
0.0008823531
0.0008721017
0.0009009889
0.0008967962
0.0008897499
0.0008807554
0.0009000396
0.0008957686
0.0008886134
0.0008994019
0.0008950397
0.0008989471
0
0
0
0.0008862786
0.0008763028
0.0008653292
0.0008535806
0.000841154
0
0
0.0008945086
0.0008858404
0.0008758092
0.0008647892
0.0008529607
0
0.0009005216
0.0008937194
0.0008849809
0.0008748896
0.0008637771
0.0009034722
0.0008994417
0.000892552
0.0008837378
0.000873541
0.0009022187
0.0008980897
0.0008911087
0.0008821757
0.0009009028
0.00089668
0.0008895727
0.0008999245
0.000895594
0.0008992302
0
0
0.000894885
0.000886232
0.0008762153
0.0008652094
0.0008533952
0
0.0009012322
0.0008944628
0.0008857546
0.0008756922
0.0008646082
0.0009044598
0.0009004762
0.000893635
0.0008848659
0.0008747123
0.0009034268
0.0008993578
0.0008924384
0.000883563
0.0009021345
0.0008979762
0.0008909351
0.0009007882
0.0008965059
0.0008997524
0
0.0009015923
0.0008948394
0.0008861465
0.0008760986
0.0008650289
0.0009051391
0.0009011871
0.0008943788
0.0008856403
0.0008755158
0.0009044149
0.0009003932
0.0008935225
0.0008846928
0.000903344
0.0008992461
0.0008922674
0.0009020224
0.0008978057
0.0009006166
0.0009054835
0.0009015474
0.0008947556
0.0008860325
0.0008759226
0.0009050945
0.0009011045
0.0008942669
0.000885468
0.0009043329
0.0009002826
0.000893353
0.0009032337
0.0008990781
0.0009018542
0.0009054391
0.000901465
0.000894644
0.0008858606
0.0009050129
0.0009009946
0.0008940983
0.0009042237
0.0009001161
0.0009030679
0.0009053577
0.0009013553
0.0008944758
0.0009049043
0.0009008289
0.0009040593
0.0009052494
0.00090119
0.0009047407
0.0009050861
)
;

boundaryField
{
    cathodeSides
    {
        type            zeroGradient;
    }
    electrolyteSides
    {
        type            zeroGradient;
    }
    anodeSides
    {
        type            zeroGradient;
    }
    phiI_to_phiI0
    {
        type            zeroGradient;
    }
}


// ************************************************************************* //
