/*--------------------------------*- C++ -*----------------------------------*\
| =========                 |                                                 |
| \\      /  F ield         | OpenFOAM: The Open Source CFD Toolbox           |
|  \\    /   O peration     | Version:  2306                                  |
|   \\  /    A nd           | Website:  www.openfoam.com                      |
|    \\/     M anipulation  |                                                 |
\*---------------------------------------------------------------------------*/
FoamFile
{
    version     2.0;
    format      ascii;
    arch        "LSB;label=32;scalar=64";
    class       cellSet;
    location    "constant/fuel/polyMesh/sets";
    object      acl;
}
// * * * * * * * * * * * * * * * * * * * * * * * * * * * * * * * * * * * * * //


4000
(
0
1
2
8195
3
8196
4
8197
5
8198
6
8199
7
8
9
10
11
12
13
14
15
16
17
8210
18
8211
19
8212
20
8213
21
8214
22
23
24
25
26
27
28
29
30
31
32
8225
33
8226
34
8227
35
8228
36
8229
37
38
39
40
41
42
43
44
45
46
47
48
49
50
51
52
53
54
56
57
8250
58
8251
59
8252
60
8253
61
8254
62
63
64
65
66
67
68
69
70
71
72
73
74
75
77
78
79
80
81
8275
8276
84
8277
85
8278
86
8279
87
88
89
90
91
92
93
94
95
96
97
98
99
100
101
102
103
105
106
107
8300
108
8301
109
8302
8303
8304
112
113
114
115
116
120
121
122
123
124
125
126
127
128
129
130
131
132
8325
133
8326
134
8327
135
8328
136
8329
137
138
139
141
142
143
144
145
148
149
150
151
152
156
157
8350
158
8351
159
8352
160
8353
8354
165
166
167
168
169
170
171
172
173
174
175
176
177
178
179
180
181
182
8375
183
8376
184
8377
8378
186
8379
187
188
189
190
193
194
195
196
197
201
202
203
204
205
8400
8401
8402
210
8403
211
8404
212
213
214
220
221
222
223
224
225
226
227
228
229
230
231
232
8425
233
8426
234
8427
235
8428
236
8429
237
238
239
241
242
243
244
245
248
249
250
251
252
256
257
8450
258
8451
259
8452
260
8453
8454
265
266
267
268
269
275
276
277
278
279
8475
8476
8477
8478
286
8479
287
288
289
290
291
292
293
294
295
296
297
8490
298
8491
299
8492
300
8493
301
8494
302
303
304
305
307
308
309
310
311
8505
8506
314
8507
315
8508
316
8509
317
318
322
323
324
325
326
8520
8521
8522
8523
331
8524
332
333
334
335
341
342
8535
343
8536
344
8537
345
8538
352
353
354
355
356
8549
8550
8551
8552
8553
364
365
366
367
368
369
370
371
8564
372
8565
373
8566
374
8567
375
8568
376
377
378
379
380
381
382
383
385
386
8579
387
8580
388
8581
389
8582
8583
392
393
394
395
396
400
401
8594
402
8595
403
8596
404
8597
8598
409
410
411
412
413
8609
8610
8611
419
8612
420
8613
421
422
423
430
431
8624
432
8625
433
8626
434
8627
8628
442
443
444
445
446
455
456
8649
457
8650
458
8651
459
8652
460
8653
461
462
463
464
465
466
467
468
469
470
471
472
473
474
476
477
478
479
480
8674
8675
483
8676
484
8677
485
8678
486
487
491
492
493
494
495
500
501
502
503
504
8699
8700
8701
8702
510
8703
511
512
513
514
521
522
523
524
525
8724
8725
533
8726
534
8727
535
8728
536
537
546
547
548
549
550
8749
8750
8751
8752
560
8753
561
562
563
564
565
566
567
568
569
570
571
572
573
574
575
576
577
578
579
581
8774
582
8775
583
8776
584
8777
585
8778
588
589
590
591
592
596
597
598
599
600
605
606
8799
607
8800
608
8801
609
8802
8803
615
616
617
618
619
626
627
628
629
630
8824
8825
8826
8827
8828
638
639
640
641
642
651
652
653
654
655
8849
8850
8851
8852
8853
665
666
667
668
669
680
681
8874
682
8875
683
8876
684
8877
685
8878
686
687
688
689
690
691
692
693
694
695
696
8889
697
8890
698
8891
699
8892
8893
701
702
703
704
705
708
709
710
711
8904
712
8905
8906
8907
8908
716
717
718
719
720
725
726
8919
727
8920
728
8921
729
8922
735
736
737
738
739
8933
8934
8935
746
747
748
749
750
8946
8947
8948
8949
8950
758
759
760
761
762
8961
8962
8963
771
8964
772
8965
773
774
775
8976
8977
785
8978
786
8979
787
8980
788
789
8991
8992
800
8993
801
8994
802
8995
803
804
9006
9007
815
9008
816
9009
817
9010
818
819
820
821
822
823
824
825
826
827
828
9021
829
9022
830
9023
831
9024
832
9025
833
834
836
837
838
839
840
843
844
845
846
847
851
852
853
9046
854
9047
855
9048
9049
9050
860
861
862
863
864
870
871
872
873
874
9071
9072
9073
881
9074
882
9075
883
884
885
893
894
895
896
897
9096
9097
9098
906
9099
907
9100
908
909
910
920
921
922
923
924
9121
9122
9123
9124
9125
935
936
937
938
939
950
951
952
953
9146
954
9147
9148
9149
9150
965
966
967
968
969
970
971
972
973
974
975
976
977
978
9171
979
9172
980
9173
981
9174
982
9175
983
984
986
987
988
989
990
993
994
995
996
997
1001
1002
1003
9196
1004
9197
1005
9198
9199
9200
1010
1011
1012
1013
1014
1020
1021
1022
1023
1024
9221
9222
9223
1031
9224
1032
9225
1033
1034
1035
1043
1044
1045
1046
1047
9246
9247
9248
1056
9249
1057
9250
1058
1059
1060
1070
1071
1072
1073
1074
9271
9272
9273
9274
9275
1085
1086
1087
1088
1089
9286
9287
9288
9289
9290
1100
1101
1102
1103
1104
9301
9302
9303
9304
1115
1116
1117
1118
1119
9315
9316
9317
1130
1131
1132
1133
1134
1135
9328
1136
9329
1137
1138
1139
1140
1141
1142
1143
1144
1145
1146
1147
9340
1148
9341
1149
9342
9343
1151
9344
1152
1153
1154
1155
1158
1159
1160
1161
1162
9355
9356
9357
9358
1166
9359
1167
1168
1169
1170
1175
1176
1177
9370
1178
9371
1179
9372
9373
9374
1185
1186
1187
1188
1189
9385
9386
9387
9388
1196
9389
1197
1198
1199
1200
9400
1208
9401
1209
9402
1210
9403
1211
9404
1212
1221
1222
9415
1223
9416
1224
9417
1225
9418
9419
1235
1236
1237
1238
1239
9440
9441
9442
1250
9443
1251
9444
1252
1253
1254
1265
1266
1267
1268
1269
9465
9466
9467
9468
9469
1280
1281
1282
1283
1284
1295
1296
1297
9490
1298
9491
1299
9492
9493
9494
1310
1311
1312
1313
1314
1315
1316
1317
1318
1319
1320
1321
1322
9515
1323
9516
1324
9517
1325
9518
1326
9519
1327
1328
1329
1331
1332
1333
1334
1335
1338
1339
1340
1341
1342
1346
1347
9540
1348
9541
1349
9542
1350
9543
9544
1355
1356
1357
1358
1359
1365
1366
1367
1368
1369
9565
9566
9567
9568
1376
9569
1377
1378
1379
1380
1388
1389
1390
1391
1392
9590
9591
9592
9593
1401
9594
1402
1403
1404
1405
1415
1416
1417
1418
1419
9615
9616
9617
9618
9619
1430
1431
1432
1433
1434
1445
1446
1447
9640
1448
9641
1449
9642
9643
9644
1460
1461
1462
1463
1464
9665
9666
9667
1475
9668
1476
9669
1477
1478
1479
9680
9681
9682
1490
9683
1491
1492
1493
1494
9694
9695
9696
1505
1506
1507
1508
1509
1510
1511
1512
1513
1514
9707
1515
9708
1516
1517
1518
1519
1520
1521
1522
1523
1525
1526
9719
1527
1528
1529
1532
1533
1534
1535
1536
9730
9731
9732
1540
9733
1541
9734
1542
1543
1544
1549
1550
1551
1552
9745
1553
9746
9747
9748
9749
1559
1560
1561
1562
1563
9760
9761
9762
1570
9763
1571
9764
1572
1573
1574
1582
9775
1583
9776
1584
9777
1585
9778
1586
9779
1595
1596
1597
9790
1598
9791
1599
9792
9793
9794
1609
1610
1611
1612
9805
1613
9806
9807
9808
9809
1624
1625
1626
1627
1628
9830
9831
9832
1640
9833
1641
9834
1642
1643
1644
1655
1656
1657
1658
1659
9855
9856
9857
9858
9859
1670
1671
1672
1673
1674
1685
1686
1687
9880
1688
9881
1689
9882
9883
9884
1700
1701
1702
1703
1704
9905
9906
9907
1715
9908
1716
9909
1717
1718
1719
1720
1721
1722
1723
1724
1725
1726
1727
1728
1729
1730
1731
1733
1734
1735
1736
1737
9930
9931
9932
1740
9933
1741
9934
1742
1743
1744
1748
1749
1750
1751
1752
1757
1758
1759
1760
1761
9955
9956
9957
9958
9959
1767
1768
1769
1770
1771
1778
1779
1780
1781
1782
9980
9981
9982
1790
9983
1791
9984
1792
1793
1794
1803
1804
1805
1806
1807
10005
10006
10007
10008
10009
1817
1818
1819
1820
1821
1832
1833
1834
1835
1836
10030
10031
10032
10033
10034
1848
1849
1850
1851
1852
10055
10056
10057
1865
10058
1866
1867
1868
1869
10069
10070
10071
1880
1881
1882
1883
1884
10082
10083
1895
1896
1897
1898
1899
10094
1910
1911
1912
1913
1914
10115
10116
10117
1925
10118
1926
10119
1927
1928
1929
10130
10131
10132
1940
10133
1941
10134
1942
1943
1944
1945
1946
1947
1948
1949
1950
1951
1952
10145
1953
10146
10147
1955
10148
1956
10149
1957
1958
1959
1962
1963
1964
1965
1966
10160
10161
10162
1970
10163
1971
10164
1972
1973
1974
1979
1980
1981
1982
10175
1983
10176
10177
10178
10179
1989
1990
1991
1992
1993
10190
10191
10192
2000
10193
2001
10194
2002
2003
2004
2012
2013
2014
2015
2016
10215
10216
10217
2025
10218
2026
10219
2027
2028
2029
2039
2040
2041
2042
2043
10240
10241
10242
10243
10244
2054
2055
2056
2057
2058
2070
2071
2072
10265
2073
10266
2074
10267
10268
10269
2087
2088
2089
2090
2091
10290
10291
10292
10293
10294
2105
2106
2107
2108
2109
2120
2121
2122
10315
2123
10316
2124
10317
10318
10319
2135
2136
2137
2138
2139
10340
10341
10342
2150
10343
2151
10344
2152
2153
2154
2165
2166
2167
2168
2169
10365
10366
10367
10368
10369
2180
2181
2182
2183
2184
2185
2186
2187
2188
2189
2191
2192
2193
2194
2195
10390
2198
10391
2199
10392
2200
10393
2201
10394
2202
2206
2207
2208
2209
2210
2215
2216
2217
2218
2219
10415
10416
10417
2225
10418
2226
2227
2228
2229
2236
2237
2238
2239
2240
10439
10440
2248
10441
2249
2250
2251
2252
10452
10453
2261
2262
2263
2264
2265
10464
2275
2276
2277
2278
2279
2290
2291
2292
2293
2294
10494
10495
10496
10497
10498
2306
2307
2308
2309
2310
10509
10510
10511
10512
10513
2323
2324
2325
2326
2327
10524
10525
10526
10527
10528
2341
2342
2343
2344
2345
10539
10540
10541
10542
10543
2360
2361
10554
2362
10555
2363
10556
2364
10557
10558
2375
2376
10569
2377
10570
2378
10571
2379
10572
10573
2390
2391
2392
2393
2394
10594
10595
10596
10597
2405
10598
2406
2407
2408
2409
2420
2421
2422
2423
2424
10619
10620
10621
10622
10623
2435
2436
2437
2438
2439
2441
2442
2443
2444
2445
2448
2449
2450
2451
10644
2452
10645
10646
10647
10648
2456
2457
2458
2459
2460
2465
2466
2467
2468
2469
2475
2476
10669
2477
10670
2478
10671
2479
10672
10673
2486
2487
2488
2489
2490
2498
2499
2500
2501
10694
2502
10695
10696
10697
10698
2511
2512
2513
2514
2515
2525
2526
10719
2527
10720
2528
10721
2529
10722
10723
2540
2541
2542
2543
2544
10744
10745
10746
10747
10748
2556
2557
2558
2559
2560
2573
2574
2575
2576
10769
2577
10770
10771
10772
2591
2592
2593
2594
2595
10793
10794
10795
2610
2611
2612
2613
2614
10816
10817
2630
2631
2632
2633
2634
10828
2645
2646
2647
2648
2649
2660
2661
2662
2663
2664
10866
10867
2675
10868
2676
10869
2677
10870
2678
2679
10881
10882
2690
10883
2691
10884
2692
10885
2693
2694
10896
10897
2705
10898
2706
10899
2707
10900
2708
2709
2712
2713
2714
2715
2716
10911
10912
2720
10913
2721
10914
2722
10915
2723
2724
2729
2730
2731
2732
2733
10926
10927
10928
10929
10930
2739
2740
2741
2742
2743
10941
10942
2750
10943
2751
10944
2752
10945
2753
2754
2762
2763
2764
2765
2766
10966
10967
2775
10968
2776
10969
2777
10970
2778
2779
2789
2790
2791
2792
2793
10991
10992
10993
10994
10995
2804
2805
2806
2807
2808
2820
2821
2822
2823
11016
2824
11017
11018
11019
11020
2837
2838
2839
2840
2841
11041
11042
11043
11044
11045
2855
2856
2857
2858
2859
11066
2874
11067
2875
11068
2876
11069
2877
11070
2878
2894
2895
2896
2897
2898
11091
11092
11093
11094
11095
2915
2916
2917
2918
2919
11116
11117
11118
11119
2930
2931
2932
2933
2934
2945
2946
2947
11140
2948
11141
2949
11142
2960
2961
2962
2963
2964
11163
11164
2975
2976
2977
2978
2979
2990
2991
2992
11185
2993
2994
2998
2999
3000
3001
3002
3007
3008
3009
3010
3011
3017
3018
3019
3020
3021
3028
3029
3030
3031
3032
11230
11231
11232
3040
11233
3041
11234
3042
3043
3044
11245
3053
11246
3054
11247
3055
11248
3056
11249
3057
3067
11260
3068
11261
3069
11262
3070
11263
3071
11264
3082
11275
3083
11276
3084
11277
3085
11278
3086
11279
11290
3098
11291
3099
11292
3100
11293
3101
11294
3102
11305
11306
11307
3115
11308
3116
11309
3117
3118
3119
3133
3134
3135
3136
3137
11330
11331
11332
11333
11334
3152
3153
3154
3155
3156
11355
11356
11357
11358
11359
3172
3173
3174
3175
3176
11380
11381
11382
11383
11384
3193
3194
3195
3196
3197
11405
11406
11407
3215
11408
3216
11409
3217
3218
3219
3230
3231
3232
3233
3234
11430
11431
11432
11433
11434
3245
3246
3247
3248
3249
3260
3261
3262
11455
3263
11456
3264
11457
11458
3275
3276
3277
3278
3279
11479
11480
11481
3290
3291
3292
3293
3294
3299
3300
3301
3302
3303
3309
11502
3310
11503
3311
3312
3313
3320
3321
3322
3323
3324
11524
3332
3333
3334
3335
3336
3345
3346
3347
3348
3349
3359
3360
3361
3362
3363
3374
3375
3376
3377
3378
3390
3391
3392
11585
3393
11586
3394
11587
11588
11589
3407
11600
3408
11601
3409
11602
3410
11603
3411
11604
11615
11616
11617
3425
11618
3426
11619
3427
3428
3429
11630
11631
11632
11633
11634
3444
3445
3446
3447
3448
11645
11646
11647
11648
11649
3464
3465
3466
3467
11660
3468
11661
11662
11663
11664
3485
3486
3487
3488
3489
11685
11686
11687
11688
11689
3507
3508
3509
3510
3511
11710
11711
11712
11713
11714
3530
3531
3532
3533
3534
11735
11736
11737
3545
11738
3546
11739
3547
3548
3549
3560
3561
3562
3563
3564
11760
11761
11762
11763
11764
3575
3576
3577
3578
3579
3590
3591
3592
11785
3593
11786
3594
11787
11788
3605
3606
3607
3608
3609
3615
3616
11809
3617
11810
3618
11811
3619
3626
3627
3628
3629
3630
3638
3639
11832
3640
11833
3641
3642
3651
3652
3653
3654
3655
11854
3665
3666
3667
3668
3669
3680
3681
3682
3683
3684
3696
3697
3698
3699
3700
3713
3714
3715
3716
3717
3731
3732
3733
3734
3735
11930
11931
11932
11933
11934
3750
3751
3752
11945
3753
11946
3754
11947
11948
11949
11960
11961
11962
3770
11963
3771
11964
3772
3773
3774
11975
11976
11977
11978
11979
3791
3792
3793
3794
3795
11990
11991
11992
11993
11994
12005
3813
12006
3814
12007
3815
12008
3816
12009
3817
3836
3837
12030
3838
12031
3839
12032
3840
12033
12034
3860
3861
3862
12055
3863
12056
3864
12057
12058
12059
3875
3876
3877
3878
3879
12080
12081
12082
3890
12083
3891
12084
3892
3893
3894
3905
3906
3907
3908
3909
12105
12106
12107
12108
3920
3921
3922
3923
3924
3935
3936
12129
3937
12130
3938
12131
3939
3946
3947
3948
3949
3950
3958
3959
12152
3960
12153
3961
3962
3971
3972
3973
3974
3975
12174
3985
3986
3987
3988
3989
4000
4001
4002
4003
4004
4016
4017
4018
4019
4020
4033
4034
4035
4036
4037
4051
4052
4053
4054
4055
4070
4071
12264
4072
12265
4073
12266
4074
12267
12268
12279
12280
12281
12282
4090
12283
4091
4092
4093
4094
12294
12295
12296
12297
12298
4111
4112
4113
4114
4115
12309
12310
12311
12312
12313
12324
12325
4133
12326
4134
12327
4135
12328
4136
4137
12339
12340
12341
12342
12343
4156
4157
4158
4159
4160
12364
12365
12366
12367
12368
4180
4181
4182
4183
4184
12389
12390
12391
12392
12393
4205
4206
4207
4208
4209
4220
4221
12414
4222
12415
4223
12416
4224
12417
4235
4236
4237
4238
4239
12438
12439
12440
4250
4251
4252
4253
4254
4265
4266
4267
4268
12461
4269
12462
4280
4281
4282
4283
4284
12483
4292
4293
4294
4295
4296
4305
4306
4307
4308
4309
4319
4320
4321
4322
4323
4334
4335
4336
4337
4338
4349
4350
4351
4352
4353
4366
4367
4368
4369
4370
4384
4385
4386
4387
4388
12586
12587
12588
12589
12590
4403
4404
4405
4406
4407
12601
12602
12603
12604
12605
4423
12616
4424
12617
4425
12618
4426
12619
4427
12620
12631
12632
12633
12634
12635
4444
4445
4446
4447
4448
12646
12647
12648
12649
12650
4466
4467
4468
12661
4469
12662
4470
12663
12664
12665
4489
4490
4491
4492
4493
12686
12687
12688
12689
12690
4513
4514
4515
4516
4517
12711
12712
12713
12714
4538
4539
4540
4541
4542
12735
12736
12737
4563
4564
4565
12758
4566
12759
4567
4578
4579
4580
4581
4582
12780
4593
4594
4595
4596
4597
4608
4609
4610
4611
4612
4623
4624
4625
4626
4627
4638
4639
4640
4641
4642
4651
4652
4653
4654
4655
4665
4666
4667
4668
4669
4680
4681
4682
4683
4684
4695
4696
4697
4698
4699
12895
12896
12897
12898
12899
4710
4711
4712
4713
4714
12910
12911
12912
12913
12914
4728
4729
4730
4731
4732
12925
12926
12927
12928
12929
4747
12940
4748
12941
4749
12942
4750
12943
4751
12944
12955
12956
12957
12958
12959
4767
4768
4769
4770
4771
12970
12971
12972
12973
12974
4788
4789
4790
4791
4792
12995
12996
12997
12998
4810
4811
4812
4813
4814
13019
13020
13021
4833
4834
4835
4836
4837
13042
13043
4857
4858
4859
4860
4861
13064
4882
4883
4884
4885
4886
4907
4908
4909
4910
4911
4932
4933
4934
4935
4936
4947
4948
4949
4950
4951
4962
4963
4964
4965
4966
4977
4978
4979
4980
4981
4992
4993
4994
4995
4996
13190
13191
13192
13193
13194
5007
5008
5009
5010
5011
13205
13206
13207
13208
13209
5021
5022
5023
5024
5025
13220
13221
13222
13223
13224
5036
5037
5038
5039
5040
13235
13236
13237
13238
13239
5051
5052
5053
5054
5055
13250
13251
13252
13253
13254
5066
5067
5068
5069
5070
13265
13266
13267
13268
5081
5082
5083
5084
5085
13289
13290
13291
5100
5101
5102
5103
5104
13312
5120
13313
5121
5122
5123
5124
5141
13334
5142
5143
5144
5145
5163
5164
5165
5166
5167
5186
5187
5188
5189
5190
5210
5211
5212
5213
5214
5235
5236
5237
5238
5239
5260
5261
5262
5263
5264
13470
13471
13472
13473
13474
5285
5286
5287
5288
5289
13485
13486
13487
13488
13489
13500
13501
13502
5310
13503
5311
13504
5312
5313
5314
13515
13516
13517
5325
13518
5326
13519
5327
5328
5329
13530
13531
13532
5340
13533
5341
5342
5343
5344
13544
13545
13546
5355
5356
5357
5358
5359
5370
5371
5372
5373
5374
13567
13568
5385
5386
5387
5388
5389
13589
5400
5401
5402
5403
5404
5415
5416
5417
5418
5419
5430
5431
5432
5433
5434
5445
5446
5447
5448
5449
5460
5461
5462
5463
5464
5480
5481
5482
5483
5484
5501
5502
5503
5504
5505
5523
5524
5525
5526
5527
13735
13736
13737
13738
5546
13739
5547
5548
5549
5550
13750
13751
13752
13753
13754
5570
5571
5572
13765
5573
13766
5574
13767
13768
13769
13780
13781
13782
13783
5595
5596
5597
5598
5599
13794
13795
13796
13807
13808
5620
5621
5622
5623
5624
13829
5645
5646
5647
5648
5649
5670
5671
5672
5673
5674
5695
5696
5697
5698
5699
5710
5711
5712
5713
5714
5725
5726
5727
5728
5729
5740
5741
5742
5743
5744
5755
5756
5757
5758
5759
5770
5771
5772
5773
5774
5785
5786
5787
5788
5789
13985
13986
13987
13988
13989
5800
5801
5802
5803
5804
14000
14001
14002
14003
14004
5815
5816
5817
5818
5819
14015
14016
14017
14018
5830
5831
5832
5833
5834
14029
14030
14031
5845
5846
5847
5848
5849
14042
14043
14054
5866
5867
5868
5869
5870
5888
5889
5890
5891
5892
5911
5912
5913
5914
5915
5935
5936
5937
5938
5939
5960
5961
5962
5963
5964
5985
5986
5987
5988
5989
6010
6011
6012
6013
6014
14220
14221
14222
14223
14224
6035
6036
6037
6038
6039
14235
14236
14237
14238
14249
14250
14251
6060
6061
6062
6063
6064
14262
14263
14274
6085
6086
6087
6088
6089
6100
6101
6102
6103
6104
6115
6116
6117
6118
6119
6130
6131
6132
6133
6134
6145
6146
6147
6148
6149
6160
6161
6162
6163
6164
6175
6176
6177
6178
6179
6190
6191
6192
6193
6194
6205
6206
6207
6208
6209
6220
6221
6222
6223
6224
6235
6236
6237
6238
6239
14440
14441
14442
14443
6257
6258
6259
6260
6261
14454
14455
14456
14467
14468
6280
6281
6282
6283
6284
14479
6304
6305
6306
6307
6308
6329
6330
6331
6332
6333
6354
6355
6356
6357
6358
6379
6380
6381
6382
6383
6404
6405
6406
6407
6408
6429
6430
6431
6432
6433
14645
14646
6454
14647
6455
6456
6457
6458
14658
14659
14670
6479
6480
6481
6482
6483
6494
6495
6496
6497
6498
6509
6510
6511
6512
6513
6524
6525
6526
6527
6528
6539
6540
6541
6542
6543
6554
6555
6556
6557
6558
6569
6570
6571
6572
6573
6584
6585
6586
6587
6588
6599
6600
6601
6602
6603
6614
6615
6616
6617
6618
6629
6630
6631
6632
6633
14835
14836
6652
6653
6654
14847
6655
6656
6676
6677
6678
6679
6680
6701
6702
6703
6704
6705
6726
6727
6728
6729
6730
6751
6752
6753
6754
6755
6776
6777
6778
6779
6780
6801
6802
6803
6804
6805
15010
6826
6827
6828
6829
6830
6851
6852
6853
6854
6855
6876
6877
6878
6879
6880
6891
6892
6893
6894
6895
6906
6907
6908
6909
6910
6921
6922
6923
6924
6925
6936
6937
6938
6939
6940
6951
6952
6953
6954
6955
6966
6967
6968
6969
6970
6981
6982
6983
6984
6985
6996
6997
6998
6999
7000
7011
7012
7013
7014
7015
7026
7027
7028
7029
7030
7050
7051
7052
7053
7054
7075
7076
7077
7078
7079
7100
7101
7102
7103
7104
7125
7126
7127
7128
7129
7150
7151
7152
7153
7154
7175
7176
7177
7178
7179
7200
7201
7202
7203
7204
7225
7226
7227
7228
7229
7250
7251
7252
7253
7254
7275
7276
7277
7278
7279
7290
7291
7292
7293
7294
7305
7306
7307
7308
7309
7320
7321
7322
7323
7324
7335
7336
7337
7338
7339
7350
7351
7352
7353
7354
7365
7366
7367
7368
7369
7380
7381
7382
7383
7384
7395
7396
7397
7398
7399
7410
7411
7412
7413
7414
7425
7426
7427
7428
7429
7450
7451
7452
7453
7454
7475
7476
7477
7478
7479
7500
7501
7502
7503
7504
7525
7526
7527
7528
7529
7550
7551
7552
7553
7554
7575
7576
7577
7578
7579
7600
7601
7602
7603
7604
7625
7626
7627
7628
7629
7650
7651
7652
7653
7654
7675
7676
7677
7678
7679
7690
7691
7692
7693
7694
7705
7706
7707
7708
7709
7720
7721
7722
7723
7724
7735
7736
7737
7738
7739
7750
7751
7752
7753
7754
7765
7766
7767
7768
7769
7780
7781
7782
7783
7784
7795
7796
7797
7798
7799
7810
7811
7812
7813
7814
7825
7826
7827
7828
7829
7850
7851
7852
7853
7854
7875
7876
7877
7878
7879
7900
7901
7902
7903
7904
7925
7926
7927
7928
7929
7950
7951
7952
7953
7954
7975
7976
7977
7978
7979
8000
8001
8002
8003
8004
8025
8026
8027
8028
8029
8050
8051
8052
8053
8054
8075
8076
8077
8078
8079
8090
8091
8092
8093
8094
8105
8106
8107
8108
8109
8120
8121
8122
8123
8124
8135
8136
8137
8138
8139
8150
8151
8152
8153
8154
8165
8166
8167
8168
8169
8180
8181
8182
8183
8184
)


// ************************************************************************* //
