/*--------------------------------*- C++ -*----------------------------------*\
| =========                 |                                                 |
| \\      /  F ield         | OpenFOAM: The Open Source CFD Toolbox           |
|  \\    /   O peration     | Version:  2306                                  |
|   \\  /    A nd           | Website:  www.openfoam.com                      |
|    \\/     M anipulation  |                                                 |
\*---------------------------------------------------------------------------*/
FoamFile
{
    version     2.0;
    format      ascii;
    arch        "LSB;label=32;scalar=64";
    class       volScalarField;
    location    "0.6/fuel";
    object      j;
}
// * * * * * * * * * * * * * * * * * * * * * * * * * * * * * * * * * * * * * //

dimensions      [0 -3 0 0 0 1 0];

internalField   nonuniform List<scalar> 
16000
(
1.016936e+09
1.024777e+09
9.249239e+08
9.737337e+08
1.040501e+09
9.298547e+08
9.809987e+08
8.444948e+08
8.880333e+08
9.431774e+08
1.064178e+09
9.394781e+08
9.955574e+08
8.481986e+08
8.92627e+08
9.500587e+08
7.793199e+08
8.127663e+08
8.61732e+08
9.243079e+08
1.094959e+09
9.533349e+08
1.017458e+09
8.553395e+08
9.015865e+08
9.63844e+08
7.823292e+08
8.162331e+08
8.660956e+08
9.309757e+08
7.250194e+08
7.515399e+08
7.900133e+08
8.45277e+08
9.159908e+08
1.128008e+09
9.701466e+08
1.0459e+09
8.654097e+08
9.144802e+08
9.845788e+08
7.880901e+08
8.229128e+08
8.746033e+08
9.443365e+08
7.275638e+08
7.543672e+08
7.933157e+08
8.495061e+08
9.225915e+08
6.784307e+08
7.003663e+08
7.31537e+08
7.756513e+08
8.377919e+08
0
1.152633e+09
9.864855e+08
1.076397e+09
8.772109e+08
9.301139e+08
1.011512e+09
7.961102e+08
8.323288e+08
8.868451e+08
9.644468e+08
7.324128e+08
7.597768e+08
7.996766e+08
8.577517e+08
9.358277e+08
6.806353e+08
7.027645e+08
7.342372e+08
7.788551e+08
8.419693e+08
0
6.376589e+08
6.563388e+08
6.82561e+08
7.188381e+08
7.689984e+08
0
0
1.167866e+09
9.973876e+08
1.099026e+09
8.880572e+08
9.452949e+08
1.040401e+09
8.053012e+08
8.433577e+08
9.016887e+08
9.906071e+08
7.391032e+08
7.673047e+08
8.086416e+08
8.696199e+08
9.557792e+08
6.848246e+08
7.073324e+08
7.394013e+08
7.850252e+08
8.501168e+08
0
6.396018e+08
6.584225e+08
6.848564e+08
7.214606e+08
7.721607e+08
0
0
6.014302e+08
6.177132e+08
6.403451e+08
6.712119e+08
7.128964e+08
0
0
0
1.176321e+09
1.003309e+09
1.112966e+09
8.947202e+08
9.553938e+08
1.061772e+09
8.134399e+08
8.534866e+08
9.161017e+08
1.018728e+09
7.466486e+08
7.759271e+08
8.191414e+08
8.840207e+08
9.81802e+08
6.905667e+08
7.136322e+08
7.465863e+08
7.937226e+08
8.61852e+08
0
6.432868e+08
6.6238e+08
6.892266e+08
7.264754e+08
7.78252e+08
0
0
6.031642e+08
6.195541e+08
6.423434e+08
6.734438e+08
7.154849e+08
0
0
0
5.688706e+08
5.833147e+08
6.032452e+08
6.301206e+08
6.658703e+08
0
0
0
0
1.18005e+09
1.006209e+09
1.12068e+09
8.978778e+08
9.608627e+08
1.074904e+09
8.181455e+08
8.596925e+08
9.256621e+08
1.039493e+09
7.531506e+08
7.835555e+08
8.287808e+08
8.980153e+08
1.00988e+09
6.969644e+08
7.20733e+08
7.548141e+08
8.039123e+08
8.761098e+08
0
6.483118e+08
6.678019e+08
6.952523e+08
7.334528e+08
7.868414e+08
0
0
6.064487e+08
6.230437e+08
6.461371e+08
6.776924e+08
7.204351e+08
0
0
0
5.704334e+08
5.849612e+08
6.050138e+08
6.320659e+08
6.680738e+08
0
0
0
0
5.393501e+08
5.523361e+08
5.701529e+08
5.939751e+08
6.252909e+08
0
0
0
0
0
1.18005e+09
1.00737e+09
1.124074e+09
8.991492e+08
9.63535e+08
1.082158e+09
8.201177e+08
8.626252e+08
9.308275e+08
1.052241e+09
7.567358e+08
7.87954e+08
8.346689e+08
9.072735e+08
1.030602e+09
7.02362e+08
7.268449e+08
7.620884e+08
8.132685e+08
8.899868e+08
0
6.538573e+08
6.738388e+08
7.020419e+08
7.414438e+08
7.969119e+08
0
0
6.109094e+08
6.278002e+08
6.513332e+08
6.835504e+08
7.273242e+08
0
0
0
5.733918e+08
5.880786e+08
6.083649e+08
6.357581e+08
6.722687e+08
0
0
0
0
5.407698e+08
5.538231e+08
5.717373e+08
5.956985e+08
6.272121e+08
0
0
0
0
0
5.123969e+08
5.241956e+08
5.403065e+08
5.617047e+08
5.895863e+08
0
0
0
0
0
0
1.176321e+09
1.00737e+09
1.124074e+09
8.995562e+08
9.646024e+08
1.085346e+09
8.207326e+08
8.638024e+08
9.333484e+08
1.059283e+09
7.580769e+08
7.897909e+08
8.374434e+08
9.122685e+08
1.043334e+09
7.052242e+08
7.302048e+08
7.662685e+08
8.189642e+08
8.991454e+08
0
6.584574e+08
6.789251e+08
7.078804e+08
7.485065e+08
8.061631e+08
0
0
6.157939e+08
6.330453e+08
6.571161e+08
6.901505e+08
7.352171e+08
0
0
0
5.773969e+08
5.923102e+08
6.129313e+08
6.408149e+08
6.780533e+08
0
0
0
0
5.434568e+08
5.566366e+08
5.747358e+08
5.989635e+08
6.308589e+08
0
0
0
0
0
5.136952e+08
5.25549e+08
5.417394e+08
5.632501e+08
5.912891e+08
0
0
0
0
0
0
4.876426e+08
4.984571e+08
5.131569e+08
5.325739e+08
5.576995e+08
0
0
0
0
0
0
0
1.167866e+09
1.006209e+09
1.12068e+09
8.995562e+08
9.646024e+08
1.085346e+09
8.208486e+08
8.641781e+08
9.343547e+08
1.062379e+09
7.583675e+08
7.903599e+08
8.385542e+08
9.147066e+08
1.050379e+09
7.06184e+08
7.31455e+08
7.680067e+08
8.216406e+08
9.040836e+08
0
6.608173e+08
6.816128e+08
7.110775e+08
7.525485e+08
8.117743e+08
0
0
6.197904e+08
6.373898e+08
6.619827e+08
6.958223e+08
7.421921e+08
0
0
0
5.817552e+08
5.969401e+08
6.179642e+08
6.464418e+08
6.845721e+08
0
0
0
0
5.470847e+08
5.604438e+08
5.788047e+08
6.034119e+08
6.358539e+08
0
0
0
0
0
5.161523e+08
5.281092e+08
5.444497e+08
5.661744e+08
5.945152e+08
0
0
0
0
0
0
4.888363e+08
4.996968e+08
5.144629e+08
5.339729e+08
5.592271e+08
0
0
0
0
0
0
0
4.647945e+08
4.747794e+08
4.882927e+08
5.060531e+08
5.289052e+08
0
0
0
0
0
0
0
0
1.152633e+09
1.003309e+09
1.112966e+09
8.991492e+08
9.63535e+08
1.082158e+09
8.208486e+08
8.641781e+08
9.343547e+08
1.062379e+09
7.58348e+08
7.904653e+08
8.389078e+08
9.156808e+08
1.053482e+09
7.062935e+08
7.317212e+08
7.685412e+08
8.227102e+08
9.064976e+08
0
6.615281e+08
6.825073e+08
7.122596e+08
7.542212e+08
8.144033e+08
0
0
6.217828e+08
6.396095e+08
6.64543e+08
6.989137e+08
7.461654e+08
0
0
0
5.85281e+08
6.007219e+08
6.22127e+08
6.511726e+08
6.901708e+08
0
0
0
0
5.510118e+08
5.645831e+08
5.832541e+08
6.083136e+08
6.414125e+08
0
0
0
0
0
5.194627e+08
5.315643e+08
5.481159e+08
5.701421e+08
5.989109e+08
0
0
0
0
0
0
4.910962e+08
5.020421e+08
5.169326e+08
5.366185e+08
5.621178e+08
0
0
0
0
0
0
0
4.658971e+08
4.75921e+08
4.894905e+08
5.073292e+08
5.302886e+08
0
0
0
0
0
0
0
0
4.436213e+08
4.528911e+08
4.653915e+08
4.817454e+08
5.026816e+08
0
0
0
0
0
0
0
0
0
1.128008e+09
9.973876e+08
1.099026e+09
8.978778e+08
9.608627e+08
1.074904e+09
8.207326e+08
8.638024e+08
9.333484e+08
1.059283e+09
7.58348e+08
7.904653e+08
8.389078e+08
9.156808e+08
1.053482e+09
7.062037e+08
7.316996e+08
7.686382e+08
8.230503e+08
9.074643e+08
0
6.615293e+08
6.826034e+08
7.125061e+08
7.547317e+08
8.154527e+08
0
0
6.223222e+08
6.40271e+08
6.653874e+08
7.000486e+08
7.478008e+08
0
0
0
5.869962e+08
6.025989e+08
6.242437e+08
6.536488e+08
6.932062e+08
0
0
0
0
5.541588e+08
5.679256e+08
5.868829e+08
6.123633e+08
6.46082e+08
0
0
0
0
0
5.230302e+08
5.353008e+08
5.520995e+08
5.744795e+08
6.037546e+08
0
0
0
0
0
0
4.941353e+08
5.052001e+08
5.202643e+08
5.401968e+08
5.660399e+08
0
0
0
0
0
0
0
4.679858e+08
4.780815e+08
4.917557e+08
5.097421e+08
5.329049e+08
0
0
0
0
0
0
0
0
4.446439e+08
4.539473e+08
4.664958e+08
4.829167e+08
5.039441e+08
0
0
0
0
0
0
0
0
0
4.239323e+08
4.325781e+08
4.441969e+08
4.593397e+08
4.78638e+08
0
0
0
0
0
0
0
0
0
0
1.094959e+09
9.864855e+08
1.076397e+09
8.947202e+08
9.553938e+08
1.061772e+09
8.201177e+08
8.626252e+08
9.308275e+08
1.052241e+09
7.583675e+08
7.903599e+08
8.385542e+08
9.147066e+08
1.050379e+09
7.062037e+08
7.316996e+08
7.686382e+08
8.230503e+08
9.074643e+08
0
6.614011e+08
6.825153e+08
7.124819e+08
7.548225e+08
8.157864e+08
0
0
6.222557e+08
6.402649e+08
6.654718e+08
7.002799e+08
7.482958e+08
0
0
0
5.874143e+08
6.030997e+08
6.248668e+08
6.544573e+08
6.943114e+08
0
0
0
0
5.556572e+08
5.695437e+08
5.886744e+08
6.144111e+08
6.48512e+08
0
0
0
0
0
5.258667e+08
5.382893e+08
5.55311e+08
5.780123e+08
6.077523e+08
0
0
0
0
0
0
4.973984e+08
5.086003e+08
5.238651e+08
5.440835e+08
5.703275e+08
0
0
0
0
0
0
0
4.707905e+08
4.809854e+08
4.948049e+08
5.129967e+08
5.364435e+08
0
0
0
0
0
0
0
0
4.465823e+08
4.559471e+08
4.685851e+08
4.851316e+08
5.063311e+08
0
0
0
0
0
0
0
0
0
4.24884e+08
4.335589e+08
4.452196e+08
4.604204e+08
4.797973e+08
0
0
0
0
0
0
0
0
0
0
4.055644e+08
4.136632e+08
4.245064e+08
4.385887e+08
4.564683e+08
0
0
0
0
0
0
0
0
0
0
1.064178e+09
9.701466e+08
1.0459e+09
8.880572e+08
9.452949e+08
1.040401e+09
8.181455e+08
8.596925e+08
9.25662e+08
1.039493e+09
7.580769e+08
7.897909e+08
8.374434e+08
9.122685e+08
1.043334e+09
7.062935e+08
7.317212e+08
7.685412e+08
8.227102e+08
9.064976e+08
0
6.614011e+08
6.825153e+08
7.124819e+08
7.548225e+08
8.157864e+08
0
0
6.221066e+08
6.401402e+08
6.653839e+08
7.002528e+08
7.483818e+08
0
0
0
5.873056e+08
6.030296e+08
6.248535e+08
6.545316e+08
6.945309e+08
0
0
0
0
5.559864e+08
5.699308e+08
5.891449e+08
6.15006e+08
6.492966e+08
0
0
0
0
0
5.271925e+08
5.397048e+08
5.56857e+08
5.797462e+08
6.097615e+08
0
0
0
0
0
0
4.999758e+08
5.112983e+08
5.267401e+08
5.472126e+08
5.738158e+08
0
0
0
0
0
0
0
4.737928e+08
4.841004e+08
4.980857e+08
5.165128e+08
5.402871e+08
0
0
0
0
0
0
0
0
4.491821e+08
4.58631e+08
4.713922e+08
4.881126e+08
5.095509e+08
0
0
0
0
0
0
0
0
0
4.266893e+08
4.354174e+08
4.471556e+08
4.624648e+08
4.819893e+08
0
0
0
0
0
0
0
0
0
0
4.064521e+08
4.145771e+08
4.254571e+08
4.395902e+08
4.575382e+08
0
0
0
0
0
0
0
0
0
0
3.88381e+08
3.959948e+08
4.061526e+08
4.192971e+08
4.35929e+08
0
0
0
0
0
0
0
0
0
0
1.040501e+09
9.533349e+08
1.017458e+09
8.772109e+08
9.301139e+08
1.011512e+09
8.134399e+08
8.534866e+08
9.161017e+08
1.018728e+09
7.567358e+08
7.87954e+08
8.346689e+08
9.072735e+08
1.030602e+09
7.06184e+08
7.31455e+08
7.680067e+08
8.216406e+08
9.040836e+08
0
6.615293e+08
6.826034e+08
7.125061e+08
7.547317e+08
8.154527e+08
0
0
6.221066e+08
6.401402e+08
6.653839e+08
7.002528e+08
7.483818e+08
0
0
0
5.871459e+08
6.028847e+08
6.247304e+08
6.544425e+08
6.945004e+08
0
0
0
0
5.558511e+08
5.698207e+08
5.890704e+08
6.149857e+08
6.493617e+08
0
0
0
0
0
5.274557e+08
5.400085e+08
5.572194e+08
5.801939e+08
6.103367e+08
0
0
0
0
0
0
5.011619e+08
5.125524e+08
5.280937e+08
5.487095e+08
5.75517e+08
0
0
0
0
0
0
0
4.761518e+08
4.865557e+08
5.006842e+08
5.193161e+08
5.433777e+08
0
0
0
0
0
0
0
0
4.51958e+08
4.615013e+08
4.744014e+08
4.913188e+08
5.130293e+08
0
0
0
0
0
0
0
0
0
4.291078e+08
4.379088e+08
4.497531e+08
4.652113e+08
4.849395e+08
0
0
0
0
0
0
0
0
0
0
4.081377e+08
4.163103e+08
4.272582e+08
4.41486e+08
4.595622e+08
0
0
0
0
0
0
0
0
0
0
3.89212e+08
3.968482e+08
4.070394e+08
4.202288e+08
4.369209e+08
0
0
0
0
0
0
0
0
0
0
3.722701e+08
3.794455e+08
3.889918e+08
4.013034e+08
4.168282e+08
0
0
0
0
0
0
0
0
0
0
1.024777e+09
9.394781e+08
9.955574e+08
8.654097e+08
9.144802e+08
9.845788e+08
8.053012e+08
8.433577e+08
9.016887e+08
9.906071e+08
7.531506e+08
7.835555e+08
8.287808e+08
8.980153e+08
1.00988e+09
7.052242e+08
7.302048e+08
7.662685e+08
8.189642e+08
8.991454e+08
0
6.615281e+08
6.825073e+08
7.122596e+08
7.542212e+08
8.144033e+08
0
0
6.222557e+08
6.402649e+08
6.654718e+08
7.002799e+08
7.482958e+08
0
0
0
5.871459e+08
6.028847e+08
6.247304e+08
6.544425e+08
6.945004e+08
0
0
0
0
5.55687e+08
5.696656e+08
5.889278e+08
6.148625e+08
6.492702e+08
0
0
0
0
0
5.273044e+08
5.398731e+08
5.571067e+08
5.801145e+08
6.103093e+08
0
0
0
0
0
0
5.013753e+08
5.127942e+08
5.283769e+08
5.490531e+08
5.759483e+08
0
0
0
0
0
0
0
4.772232e+08
4.876789e+08
5.018846e+08
5.206275e+08
5.448464e+08
0
0
0
0
0
0
0
0
4.541294e+08
4.637518e+08
4.767689e+08
4.938544e+08
5.157991e+08
0
0
0
0
0
0
0
0
0
4.316836e+08
4.405663e+08
4.525289e+08
4.681542e+08
4.881124e+08
0
0
0
0
0
0
0
0
0
0
4.103943e+08
4.18631e+08
4.296718e+08
4.440291e+08
4.622813e+08
0
0
0
0
0
0
0
0
0
0
3.907915e+08
3.984684e+08
4.087207e+08
4.219936e+08
4.387984e+08
0
0
0
0
0
0
0
0
0
0
3.730499e+08
3.802453e+08
3.898207e+08
4.021729e+08
4.177512e+08
0
0
0
0
0
0
0
0
0
0
3.571323e+08
3.639112e+08
3.729034e+08
3.844689e+08
3.99007e+08
0
0
0
0
0
0
0
0
0
0
1.016936e+09
9.298547e+08
9.809987e+08
8.553395e+08
9.015865e+08
9.63844e+08
7.961102e+08
8.323288e+08
8.868451e+08
9.644468e+08
7.466486e+08
7.759271e+08
8.191414e+08
8.840207e+08
9.81802e+08
7.02362e+08
7.268449e+08
7.620884e+08
8.132685e+08
8.899868e+08
0
6.608173e+08
6.816128e+08
7.110775e+08
7.525485e+08
8.117743e+08
0
0
6.223222e+08
6.40271e+08
6.653874e+08
7.000486e+08
7.478008e+08
0
0
0
5.873056e+08
6.030296e+08
6.248535e+08
6.545316e+08
6.945309e+08
0
0
0
0
5.55687e+08
5.696656e+08
5.889278e+08
6.148625e+08
6.492702e+08
0
0
0
0
0
5.2714e+08
5.397136e+08
5.569541e+08
5.799723e+08
6.101843e+08
0
0
0
0
0
0
5.012154e+08
5.126436e+08
5.2824e+08
5.489368e+08
5.758632e+08
0
0
0
0
0
0
0
4.773993e+08
4.878742e+08
5.021091e+08
5.208949e+08
5.451763e+08
0
0
0
0
0
0
0
0
4.551044e+08
4.647677e+08
4.77845e+08
4.95018e+08
5.170861e+08
0
0
0
0
0
0
0
0
0
4.336907e+08
4.426406e+08
4.547012e+08
4.704661e+08
4.906186e+08
0
0
0
0
0
0
0
0
0
0
4.127942e+08
4.211002e+08
4.322446e+08
4.467458e+08
4.651947e+08
0
0
0
0
0
0
0
0
0
0
3.929049e+08
4.006364e+08
4.109711e+08
4.243583e+08
4.413171e+08
0
0
0
0
0
0
0
0
0
0
3.745339e+08
3.817653e+08
3.913938e+08
4.038214e+08
4.194996e+08
0
0
0
0
0
0
0
0
0
0
3.578654e+08
3.646626e+08
3.736807e+08
3.852821e+08
3.998687e+08
0
0
0
0
0
0
0
0
0
0
3.428763e+08
3.492994e+08
3.577887e+08
3.68677e+08
3.823289e+08
0
0
0
0
0
0
0
0
0
0
9.249239e+08
9.737337e+08
8.481986e+08
8.92627e+08
9.500587e+08
7.880901e+08
8.229128e+08
8.746033e+08
9.443365e+08
7.391032e+08
7.673047e+08
8.086416e+08
8.696199e+08
9.557792e+08
6.969644e+08
7.20733e+08
7.548141e+08
8.039123e+08
8.761098e+08
0
6.584574e+08
6.789251e+08
7.078804e+08
7.485065e+08
8.061631e+08
0
0
6.217828e+08
6.396095e+08
6.64543e+08
6.989137e+08
7.461654e+08
0
0
0
5.874143e+08
6.030997e+08
6.248668e+08
6.544573e+08
6.943114e+08
0
0
0
0
5.558511e+08
5.698207e+08
5.890704e+08
6.149857e+08
6.493617e+08
0
0
0
0
0
5.2714e+08
5.397136e+08
5.569541e+08
5.799723e+08
6.101843e+08
0
0
0
0
0
0
5.010533e+08
5.124836e+08
5.280832e+08
5.48785e+08
5.757197e+08
0
0
0
0
0
0
0
4.772359e+08
4.877154e+08
5.019578e+08
5.207554e+08
5.450553e+08
0
0
0
0
0
0
0
0
4.552511e+08
4.64928e+08
4.780254e+08
4.95229e+08
5.173416e+08
0
0
0
0
0
0
0
0
0
4.345835e+08
4.435663e+08
4.556754e+08
4.715098e+08
4.917609e+08
0
0
0
0
0
0
0
0
0
0
4.146594e+08
4.2302e+08
4.342489e+08
4.488685e+08
4.674806e+08
0
0
0
0
0
0
0
0
0
0
0
3.951493e+08
4.029397e+08
4.133638e+08
4.268779e+08
4.440075e+08
0
0
0
0
0
0
0
0
0
0
3.765185e+08
3.837981e+08
3.93498e+08
4.060276e+08
4.218423e+08
0
0
0
0
0
0
0
0
0
0
3.59262e+08
3.660923e+08
3.751579e+08
3.868254e+08
4.015023e+08
0
0
0
0
0
0
0
0
0
0
3.43567e+08
3.500064e+08
3.585195e+08
3.694401e+08
3.83135e+08
0
0
0
0
0
0
0
0
0
0
3.294265e+08
3.355242e+08
3.435598e+08
3.538325e+08
3.666793e+08
0
0
0
0
0
0
0
0
0
0
8.444948e+08
8.880333e+08
9.431774e+08
7.823292e+08
8.162331e+08
8.660956e+08
9.309757e+08
7.324128e+08
7.597768e+08
7.996766e+08
8.577517e+08
9.358277e+08
6.905667e+08
7.136322e+08
7.465863e+08
7.937226e+08
8.61852e+08
0
6.538573e+08
6.738388e+08
7.020419e+08
7.414438e+08
7.969119e+08
0
0
6.197904e+08
6.373898e+08
6.619827e+08
6.958223e+08
7.421921e+08
0
0
0
5.869962e+08
6.025989e+08
6.242437e+08
6.536488e+08
6.932062e+08
0
0
0
0
5.559864e+08
5.699308e+08
5.891449e+08
6.15006e+08
6.492966e+08
0
0
0
0
0
5.273044e+08
5.398731e+08
5.571067e+08
5.801145e+08
6.103093e+08
0
0
0
0
0
0
5.010533e+08
5.124836e+08
5.280832e+08
5.48785e+08
5.757197e+08
0
0
0
0
0
0
0
4.77078e+08
4.875576e+08
5.018005e+08
5.205995e+08
5.449026e+08
0
0
0
0
0
0
0
0
4.55087e+08
4.647661e+08
4.778664e+08
4.950757e+08
5.171982e+08
0
0
0
0
0
0
0
0
0
4.347076e+08
4.436991e+08
4.558229e+08
4.716785e+08
4.919616e+08
0
0
0
0
0
0
0
0
0
0
4.154833e+08
4.238685e+08
4.351374e+08
4.498141e+08
4.685056e+08
0
0
0
0
0
0
0
0
0
0
0
3.968901e+08
4.047261e+08
4.152207e+08
4.288379e+08
4.461071e+08
0
0
0
0
0
0
0
0
0
0
0
0
3.786236e+08
3.859547e+08
3.957321e+08
4.083724e+08
4.243383e+08
0
0
0
0
0
0
0
0
0
0
3.611289e+08
3.680033e+08
3.771326e+08
3.888896e+08
4.036886e+08
0
0
0
0
0
0
0
0
0
0
3.448847e+08
3.513532e+08
3.5991e+08
3.708901e+08
3.846649e+08
0
0
0
0
0
0
0
0
0
0
3.300784e+08
3.36191e+08
3.44248e+08
3.545504e+08
3.67436e+08
0
0
0
0
0
0
0
0
0
0
3.167154e+08
3.225153e+08
3.301352e+08
3.398506e+08
3.519647e+08
0
0
0
0
0
0
0
0
0
0
7.793199e+08
8.127663e+08
8.61732e+08
9.243079e+08
7.275638e+08
7.543672e+08
7.933157e+08
8.495061e+08
9.225915e+08
6.848246e+08
7.073324e+08
7.394013e+08
7.850252e+08
8.501168e+08
0
6.483118e+08
6.678019e+08
6.952523e+08
7.334528e+08
7.868414e+08
0
0
6.157939e+08
6.330453e+08
6.571161e+08
6.901505e+08
7.352171e+08
0
0
0
5.85281e+08
6.007219e+08
6.22127e+08
6.511726e+08
6.901708e+08
0
0
0
0
5.556572e+08
5.695437e+08
5.886744e+08
6.144111e+08
6.48512e+08
0
0
0
0
0
5.274557e+08
5.400085e+08
5.572194e+08
5.801939e+08
6.103367e+08
0
0
0
0
0
0
5.012154e+08
5.126436e+08
5.2824e+08
5.489368e+08
5.758632e+08
0
0
0
0
0
0
0
4.77078e+08
4.875576e+08
5.018005e+08
5.205995e+08
5.449026e+08
0
0
0
0
0
0
0
0
4.54934e+08
4.646121e+08
4.777111e+08
4.949195e+08
5.170417e+08
0
0
0
0
0
0
0
0
0
4.345458e+08
4.435366e+08
4.55661e+08
4.71518e+08
4.918051e+08
0
0
0
0
0
0
0
0
0
0
4.155907e+08
4.239804e+08
4.352589e+08
4.499513e+08
4.686653e+08
0
0
0
0
0
0
0
0
0
0
0
3.97655e+08
4.0551e+08
4.160358e+08
4.297007e+08
4.470359e+08
0
0
0
0
0
0
0
0
0
0
0
0
3.802531e+08
3.876239e+08
3.974614e+08
4.101893e+08
4.262776e+08
0
0
0
0
0
0
0
0
0
0
0
0
0
3.631073e+08
3.700283e+08
3.792263e+08
3.910802e+08
4.060122e+08
0
0
0
0
0
0
0
0
0
0
3.46646e+08
3.531527e+08
3.61768e+08
3.728283e+08
3.86711e+08
0
0
0
0
0
0
0
0
0
0
3.313239e+08
3.374631e+08
3.455589e+08
3.559161e+08
3.688737e+08
0
0
0
0
0
0
0
0
0
0
3.17332e+08
3.231451e+08
3.307847e+08
3.405269e+08
3.526766e+08
0
0
0
0
0
0
0
0
0
0
3.04691e+08
3.10209e+08
3.174477e+08
3.266522e+08
3.381014e+08
0
0
0
0
0
0
0
0
0
0
7.250194e+08
7.515399e+08
7.900133e+08
8.45277e+08
9.159908e+08
6.806353e+08
7.027645e+08
7.342372e+08
7.788551e+08
8.419693e+08
0
6.432868e+08
6.6238e+08
6.892266e+08
7.264754e+08
7.78252e+08
0
0
6.109094e+08
6.278002e+08
6.513332e+08
6.835504e+08
7.273242e+08
0
0
0
5.817552e+08
5.969401e+08
6.179642e+08
6.464418e+08
6.845721e+08
0
0
0
0
5.541588e+08
5.679256e+08
5.868829e+08
6.123633e+08
6.46082e+08
0
0
0
0
0
5.271925e+08
5.397048e+08
5.56857e+08
5.797462e+08
6.097615e+08
0
0
0
0
0
0
5.013753e+08
5.127942e+08
5.283769e+08
5.490531e+08
5.759483e+08
0
0
0
0
0
0
0
4.772359e+08
4.877154e+08
5.019578e+08
5.207554e+08
5.450553e+08
0
0
0
0
0
0
0
0
4.54934e+08
4.646121e+08
4.777111e+08
4.949195e+08
5.170417e+08
0
0
0
0
0
0
0
0
0
4.343985e+08
4.433873e+08
4.555094e+08
4.713638e+08
4.916483e+08
0
0
0
0
0
0
0
0
0
0
4.154331e+08
4.238202e+08
4.350967e+08
4.497882e+08
4.68502e+08
0
0
0
0
0
0
0
0
0
0
0
3.977496e+08
4.056065e+08
4.161376e+08
4.298132e+08
4.471652e+08
0
0
0
0
0
0
0
0
0
0
0
0
3.809655e+08
3.883526e+08
3.982153e+08
4.109814e+08
4.271255e+08
0
0
0
0
0
0
0
0
0
0
0
0
0
3.646374e+08
3.715924e+08
3.808436e+08
3.927734e+08
4.078106e+08
0
0
0
0
0
0
0
0
0
0
0
0
0
0
3.48511e+08
3.550578e+08
3.637354e+08
3.748824e+08
3.888825e+08
0
0
0
0
0
0
0
0
0
0
3.329882e+08
3.391624e+08
3.473098e+08
3.577406e+08
3.707955e+08
0
0
0
0
0
0
0
0
0
0
3.185117e+08
3.243485e+08
3.320237e+08
3.418151e+08
3.540311e+08
0
0
0
0
0
0
0
0
0
0
3.052752e+08
3.108053e+08
3.180617e+08
3.272908e+08
3.387723e+08
0
0
0
0
0
0
0
0
0
0
2.932999e+08
2.985571e+08
3.05437e+08
3.141724e+08
3.250117e+08
0
0
0
0
0
0
0
0
0
0
6.784307e+08
7.003663e+08
7.31537e+08
7.756513e+08
8.377919e+08
0
6.396018e+08
6.584225e+08
6.848564e+08
7.214606e+08
7.721607e+08
0
0
6.064487e+08
6.230437e+08
6.461371e+08
6.776924e+08
7.204351e+08
0
0
0
5.773969e+08
5.923102e+08
6.129313e+08
6.408149e+08
6.780533e+08
0
0
0
0
5.510118e+08
5.645831e+08
5.832541e+08
6.083136e+08
6.414125e+08
0
0
0
0
0
5.258666e+08
5.382893e+08
5.55311e+08
5.780123e+08
6.077523e+08
0
0
0
0
0
0
5.011619e+08
5.125524e+08
5.280937e+08
5.487095e+08
5.75517e+08
0
0
0
0
0
0
0
4.773992e+08
4.878742e+08
5.021091e+08
5.208949e+08
5.451763e+08
0
0
0
0
0
0
0
0
4.55087e+08
4.647661e+08
4.778664e+08
4.950757e+08
5.171982e+08
0
0
0
0
0
0
0
0
0
4.343985e+08
4.433873e+08
4.555094e+08
4.713638e+08
4.916483e+08
0
0
0
0
0
0
0
0
0
0
4.152922e+08
4.236763e+08
4.349496e+08
4.496377e+08
4.683474e+08
0
0
0
0
0
0
0
0
0
0
0
3.975975e+08
4.054504e+08
4.159777e+08
4.296499e+08
4.469997e+08
0
0
0
0
0
0
0
0
0
0
0
0
3.810491e+08
3.884373e+08
3.983027e+08
4.110751e+08
4.272309e+08
0
0
0
0
0
0
0
0
0
0
0
0
0
3.653048e+08
3.722718e+08
3.815449e+08
3.935064e+08
4.085892e+08
0
0
0
0
0
0
0
0
0
0
0
0
0
0
3.499523e+08
3.565281e+08
3.652523e+08
3.764669e+08
3.905589e+08
0
0
0
0
0
0
0
0
0
0
0
0
0
0
0
3.347499e+08
3.409601e+08
3.491622e+08
3.596719e+08
3.728322e+08
0
0
0
0
0
0
0
0
0
0
3.200883e+08
3.259558e+08
3.336783e+08
3.435353e+08
3.558407e+08
0
0
0
0
0
0
0
0
0
0
3.063948e+08
3.119461e+08
3.192346e+08
3.285089e+08
3.400501e+08
0
0
0
0
0
0
0
0
0
0
2.938544e+08
2.991226e+08
3.060186e+08
3.147763e+08
3.256453e+08
0
0
0
0
0
0
0
0
0
0
2.825056e+08
2.875096e+08
2.940574e+08
3.023528e+08
3.126317e+08
0
0
0
0
0
0
0
0
0
0
6.376589e+08
6.563388e+08
6.82561e+08
7.188381e+08
7.689984e+08
0
0
6.031642e+08
6.195541e+08
6.423434e+08
6.734438e+08
7.154849e+08
0
0
0
5.733918e+08
5.880786e+08
6.083649e+08
6.357581e+08
6.722687e+08
0
0
0
0
5.470847e+08
5.604438e+08
5.788047e+08
6.034119e+08
6.358539e+08
0
0
0
0
0
5.230302e+08
5.353008e+08
5.520995e+08
5.744795e+08
6.037546e+08
0
0
0
0
0
0
4.999758e+08
5.112983e+08
5.267401e+08
5.472126e+08
5.738158e+08
0
0
0
0
0
0
0
4.772231e+08
4.876789e+08
5.018846e+08
5.206275e+08
5.448464e+08
0
0
0
0
0
0
0
0
4.552511e+08
4.64928e+08
4.780254e+08
4.95229e+08
5.173416e+08
0
0
0
0
0
0
0
0
0
4.345457e+08
4.435366e+08
4.55661e+08
4.71518e+08
4.918051e+08
0
0
0
0
0
0
0
0
0
0
4.152922e+08
4.236763e+08
4.349496e+08
4.496377e+08
4.683474e+08
0
0
0
0
0
0
0
0
0
0
0
3.974629e+08
4.053126e+08
4.15836e+08
4.295038e+08
4.468488e+08
0
0
0
0
0
0
0
0
0
0
0
0
3.809024e+08
3.882865e+08
3.98147e+08
4.109144e+08
4.270656e+08
0
0
0
0
0
0
0
0
0
0
0
0
0
3.653811e+08
3.723465e+08
3.816215e+08
3.935864e+08
4.086766e+08
0
0
0
0
0
0
0
0
0
0
0
0
0
0
3.505796e+08
3.571653e+08
3.659067e+08
3.771492e+08
3.912797e+08
0
0
0
0
0
0
0
0
0
0
0
0
0
0
0
3.36111e+08
3.423464e+08
3.505892e+08
3.611588e+08
3.744015e+08
0
0
0
0
0
0
0
0
0
0
0
0
0
0
0
0
3.217565e+08
3.276555e+08
3.354276e+08
3.453546e+08
3.577561e+08
0
0
0
0
0
0
0
0
0
0
3.07891e+08
3.134699e+08
3.208007e+08
3.301353e+08
3.417567e+08
0
0
0
0
0
0
0
0
0
0
2.949187e+08
3.002062e+08
3.071313e+08
3.159299e+08
3.268539e+08
0
0
0
0
0
0
0
0
0
0
2.830326e+08
2.880466e+08
2.946092e+08
3.029251e+08
3.13231e+08
0
0
0
0
0
0
0
0
0
0
2.72259e+08
2.770323e+08
2.832609e+08
2.911492e+08
3.00904e+08
0
0
0
0
0
0
0
0
0
0
6.014302e+08
6.177132e+08
6.403451e+08
6.712119e+08
7.128964e+08
0
0
0
5.704334e+08
5.849612e+08
6.050138e+08
6.320659e+08
6.680738e+08
0
0
0
0
5.434568e+08
5.566366e+08
5.747358e+08
5.989635e+08
6.308589e+08
0
0
0
0
0
5.194627e+08
5.315643e+08
5.481159e+08
5.701421e+08
5.989109e+08
0
0
0
0
0
0
4.973984e+08
5.086003e+08
5.238651e+08
5.440835e+08
5.703275e+08
0
0
0
0
0
0
0
4.761517e+08
4.865557e+08
5.006842e+08
5.193161e+08
5.433777e+08
0
0
0
0
0
0
0
0
4.551044e+08
4.647676e+08
4.77845e+08
4.95018e+08
5.170861e+08
0
0
0
0
0
0
0
0
0
4.347074e+08
4.436992e+08
4.558228e+08
4.716785e+08
4.919616e+08
0
0
0
0
0
0
0
0
0
0
4.154332e+08
4.238201e+08
4.350967e+08
4.497882e+08
4.68502e+08
0
0
0
0
0
0
0
0
0
0
0
3.974629e+08
4.053126e+08
4.15836e+08
4.295038e+08
4.468488e+08
0
0
0
0
0
0
0
0
0
0
0
0
3.80774e+08
3.881549e+08
3.980111e+08
4.107736e+08
4.269192e+08
0
0
0
0
0
0
0
0
0
0
0
0
0
3.65241e+08
3.722011e+08
3.81471e+08
3.934301e+08
4.08514e+08
0
0
0
0
0
0
0
0
0
0
0
0
0
0
3.506496e+08
3.572334e+08
3.65974e+08
3.772191e+08
3.91354e+08
0
0
0
0
0
0
0
0
0
0
0
0
0
0
0
3.367032e+08
3.42946e+08
3.512035e+08
3.61796e+08
3.750728e+08
0
0
0
0
0
0
0
0
0
0
0
0
0
0
0
0
3.230458e+08
3.289659e+08
3.367742e+08
3.467542e+08
3.592292e+08
0
0
0
0
0
0
0
0
0
0
0
0
0
0
0
0
0
3.094742e+08
3.150809e+08
3.224558e+08
3.318542e+08
3.435615e+08
0
0
0
0
0
0
0
0
0
0
2.963412e+08
3.016536e+08
3.086171e+08
3.174701e+08
3.284678e+08
0
0
0
0
0
0
0
0
0
0
2.840456e+08
2.890775e+08
2.956667e+08
3.0402e+08
3.14376e+08
0
0
0
0
0
0
0
0
0
0
2.727605e+08
2.775431e+08
2.837853e+08
2.916924e+08
3.01472e+08
0
0
0
0
0
0
0
0
0
0
2.625215e+08
2.670789e+08
2.730155e+08
2.805152e+08
2.897849e+08
0
0
0
0
0
0
0
0
0
0
5.688706e+08
5.833147e+08
6.032452e+08
6.301206e+08
6.658703e+08
0
0
0
0
5.407698e+08
5.538231e+08
5.717373e+08
5.956985e+08
6.272121e+08
0
0
0
0
0
5.161523e+08
5.281092e+08
5.444497e+08
5.661744e+08
5.945152e+08
0
0
0
0
0
0
4.941353e+08
5.052001e+08
5.202643e+08
5.401968e+08
5.660399e+08
0
0
0
0
0
0
0
4.737927e+08
4.841004e+08
4.980857e+08
5.165128e+08
5.402871e+08
0
0
0
0
0
0
0
0
4.541294e+08
4.637517e+08
4.767689e+08
4.938544e+08
5.157991e+08
0
0
0
0
0
0
0
0
0
4.345833e+08
4.435663e+08
4.556754e+08
4.715098e+08
4.917609e+08
0
0
0
0
0
0
0
0
0
0
4.155907e+08
4.239803e+08
4.352589e+08
4.499512e+08
4.686653e+08
0
0
0
0
0
0
0
0
0
0
0
3.975974e+08
4.054505e+08
4.159777e+08
4.296499e+08
4.469996e+08
0
0
0
0
0
0
0
0
0
0
0
0
3.80774e+08
3.881549e+08
3.980111e+08
4.107736e+08
4.269192e+08
0
0
0
0
0
0
0
0
0
0
0
0
0
3.651191e+08
3.720753e+08
3.813412e+08
3.932951e+08
4.08373e+08
0
0
0
0
0
0
0
0
0
0
0
0
0
0
3.505159e+08
3.570945e+08
3.658289e+08
3.770681e+08
3.91196e+08
0
0
0
0
0
0
0
0
0
0
0
0
0
0
0
3.36769e+08
3.430084e+08
3.512648e+08
3.618571e+08
3.751375e+08
0
0
0
0
0
0
0
0
0
0
0
0
0
0
0
0
3.236074e+08
3.295325e+08
3.373527e+08
3.473526e+08
3.598562e+08
0
0
0
0
0
0
0
0
0
0
0
0
0
0
0
0
0
3.106984e+08
3.163234e+08
3.237296e+08
3.331755e+08
3.449485e+08
0
0
0
0
0
0
0
0
0
0
0
0
0
0
0
0
0
0
2.978464e+08
3.031836e+08
3.101868e+08
3.190971e+08
3.301734e+08
0
0
0
0
0
0
0
0
0
0
2.853999e+08
2.904546e+08
2.970788e+08
3.054817e+08
3.159046e+08
0
0
0
0
0
0
0
0
0
0
2.737262e+08
2.78525e+08
2.847919e+08
2.927334e+08
3.025588e+08
0
0
0
0
0
0
0
0
0
0
2.629995e+08
2.675653e+08
2.735146e+08
2.810316e+08
2.903242e+08
0
0
0
0
0
0
0
0
0
0
2.532636e+08
2.57613e+08
2.632767e+08
2.7042e+08
2.79229e+08
0
0
0
0
0
0
0
0
0
0
5.393501e+08
5.523361e+08
5.701529e+08
5.939751e+08
6.252909e+08
0
0
0
0
0
5.136952e+08
5.25549e+08
5.417394e+08
5.632501e+08
5.912891e+08
0
0
0
0
0
0
4.910962e+08
5.020421e+08
5.169326e+08
5.366185e+08
5.621178e+08
0
0
0
0
0
0
0
4.707904e+08
4.809854e+08
4.948049e+08
5.129967e+08
5.364435e+08
0
0
0
0
0
0
0
0
4.51958e+08
4.615012e+08
4.744014e+08
4.913188e+08
5.130293e+08
0
0
0
0
0
0
0
0
0
4.336905e+08
4.426406e+08
4.547011e+08
4.70466e+08
4.906186e+08
0
0
0
0
0
0
0
0
0
0
4.154833e+08
4.238683e+08
4.351374e+08
4.49814e+08
4.685056e+08
0
0
0
0
0
0
0
0
0
0
0
3.977496e+08
4.056065e+08
4.161375e+08
4.298132e+08
4.471651e+08
0
0
0
0
0
0
0
0
0
0
0
0
3.809024e+08
3.882865e+08
3.98147e+08
4.109144e+08
4.270656e+08
0
0
0
0
0
0
0
0
0
0
0
0
0
3.651191e+08
3.720753e+08
3.813412e+08
3.932951e+08
4.08373e+08
0
0
0
0
0
0
0
0
0
0
0
0
0
0
3.504e+08
3.56975e+08
3.657048e+08
3.76939e+08
3.910608e+08
0
0
0
0
0
0
0
0
0
0
0
0
0
0
0
3.366422e+08
3.428757e+08
3.511262e+08
3.617115e+08
3.749849e+08
0
0
0
0
0
0
0
0
0
0
0
0
0
0
0
0
3.236706e+08
3.295913e+08
3.374088e+08
3.474083e+08
3.599127e+08
0
0
0
0
0
0
0
0
0
0
0
0
0
0
0
0
0
3.112328e+08
3.168613e+08
3.242768e+08
3.337395e+08
3.455377e+08
0
0
0
0
0
0
0
0
0
0
0
0
0
0
0
0
0
0
2.990114e+08
3.043645e+08
3.113954e+08
3.203477e+08
3.314832e+08
0
0
0
0
0
0
0
0
0
0
0
0
0
0
0
0
0
0
0
2.868331e+08
2.919106e+08
2.985707e+08
3.070255e+08
3.175194e+08
0
0
0
0
0
0
0
0
0
0
2.750175e+08
2.798371e+08
2.861363e+08
2.941232e+08
3.040099e+08
0
0
0
0
0
0
0
0
0
0
2.639214e+08
2.68502e+08
2.74474e+08
2.820229e+08
2.913578e+08
0
0
0
0
0
0
0
0
0
0
2.537196e+08
2.580769e+08
2.637522e+08
2.709116e+08
2.797418e+08
0
0
0
0
0
0
0
0
0
0
2.44457e+08
2.486068e+08
2.540097e+08
2.608202e+08
2.69206e+08
0
0
0
0
0
0
0
0
0
0
5.123969e+08
5.241956e+08
5.403065e+08
5.617047e+08
5.895863e+08
0
0
0
0
0
0
4.888363e+08
4.996968e+08
5.144629e+08
5.339729e+08
5.592271e+08
0
0
0
0
0
0
0
4.679857e+08
4.780815e+08
4.917557e+08
5.097421e+08
5.329049e+08
0
0
0
0
0
0
0
0
4.491821e+08
4.586309e+08
4.713922e+08
4.881126e+08
5.095509e+08
0
0
0
0
0
0
0
0
0
4.316834e+08
4.405663e+08
4.525288e+08
4.681542e+08
4.881124e+08
0
0
0
0
0
0
0
0
0
0
4.146593e+08
4.230198e+08
4.34249e+08
4.488685e+08
4.674806e+08
0
0
0
0
0
0
0
0
0
0
0
3.97655e+08
4.0551e+08
4.160356e+08
4.297008e+08
4.470358e+08
0
0
0
0
0
0
0
0
0
0
0
0
3.810492e+08
3.884372e+08
3.983027e+08
4.11075e+08
4.272309e+08
0
0
0
0
0
0
0
0
0
0
0
0
0
3.65241e+08
3.722011e+08
3.81471e+08
3.934301e+08
4.08514e+08
0
0
0
0
0
0
0
0
0
0
0
0
0
0
3.504e+08
3.56975e+08
3.657048e+08
3.76939e+08
3.910608e+08
0
0
0
0
0
0
0
0
0
0
0
0
0
0
0
3.365325e+08
3.42762e+08
3.510082e+08
3.615881e+08
3.748557e+08
0
0
0
0
0
0
0
0
0
0
0
0
0
0
0
0
3.235511e+08
3.294655e+08
3.372764e+08
3.472692e+08
3.597656e+08
0
0
0
0
0
0
0
0
0
0
0
0
0
0
0
0
0
3.112943e+08
3.16918e+08
3.243297e+08
3.337904e+08
3.45589e+08
0
0
0
0
0
0
0
0
0
0
0
0
0
0
0
0
0
0
2.995215e+08
3.048769e+08
3.119154e+08
3.208814e+08
3.320387e+08
0
0
0
0
0
0
0
0
0
0
0
0
0
0
0
0
0
0
0
2.879437e+08
2.930353e+08
2.997202e+08
3.082127e+08
3.187594e+08
0
0
0
0
0
0
0
0
0
0
0
0
0
0
0
0
0
0
0
0
2.763846e+08
2.812245e+08
2.875568e+08
2.955911e+08
3.055425e+08
0
0
0
0
0
0
0
0
0
0
2.651547e+08
2.69754e+08
2.757556e+08
2.833466e+08
2.927378e+08
0
0
0
0
0
0
0
0
0
0
2.546007e+08
2.589718e+08
2.646679e+08
2.718567e+08
2.807262e+08
0
0
0
0
0
0
0
0
0
0
2.448928e+08
2.490497e+08
2.544634e+08
2.612887e+08
2.696941e+08
0
0
0
0
0
0
0
0
0
0
2.360752e+08
2.40034e+08
2.45188e+08
2.51682e+08
2.596729e+08
0
0
0
0
0
0
0
0
0
0
4.876426e+08
4.984571e+08
5.131569e+08
5.325739e+08
5.576995e+08
0
0
0
0
0
0
0
4.658971e+08
4.75921e+08
4.894905e+08
5.073292e+08
5.302886e+08
0
0
0
0
0
0
0
0
4.465823e+08
4.55947e+08
4.685851e+08
4.851316e+08
5.063311e+08
0
0
0
0
0
0
0
0
0
4.291075e+08
4.379088e+08
4.49753e+08
4.652112e+08
4.849395e+08
0
0
0
0
0
0
0
0
0
0
4.12794e+08
4.210999e+08
4.322446e+08
4.467457e+08
4.651947e+08
0
0
0
0
0
0
0
0
0
0
3.9689e+08
4.04726e+08
4.152205e+08
4.288379e+08
4.46107e+08
0
0
0
0
0
0
0
0
0
0
0
0
3.809655e+08
3.883525e+08
3.982153e+08
4.109813e+08
4.271255e+08
0
0
0
0
0
0
0
0
0
0
0
0
0
3.653811e+08
3.723465e+08
3.816214e+08
3.935865e+08
4.086765e+08
0
0
0
0
0
0
0
0
0
0
0
0
0
0
3.505159e+08
3.570945e+08
3.658289e+08
3.770681e+08
3.91196e+08
0
0
0
0
0
0
0
0
0
0
0
0
0
0
0
3.365325e+08
3.427621e+08
3.510082e+08
3.615881e+08
3.748557e+08
0
0
0
0
0
0
0
0
0
0
0
0
0
0
0
0
3.234474e+08
3.293577e+08
3.371641e+08
3.471519e+08
3.596421e+08
0
0
0
0
0
0
0
0
0
0
0
0
0
0
0
0
0
3.11182e+08
3.167993e+08
3.24204e+08
3.336575e+08
3.454486e+08
0
0
0
0
0
0
0
0
0
0
0
0
0
0
0
0
0
0
2.99582e+08
3.049323e+08
3.119666e+08
3.209295e+08
3.320856e+08
0
0
0
0
0
0
0
0
0
0
0
0
0
0
0
0
0
0
0
2.884316e+08
2.935249e+08
3.002159e+08
3.087201e+08
3.192852e+08
0
0
0
0
0
0
0
0
0
0
0
0
0
0
0
0
0
0
0
0
2.774452e+08
2.822976e+08
2.886523e+08
2.967207e+08
3.067199e+08
0
0
0
0
0
0
0
0
0
0
0
0
0
0
0
0
0
0
0
0
2.664607e+08
2.710784e+08
2.7711e+08
2.847448e+08
2.941952e+08
0
0
0
0
0
0
0
0
0
0
2.557796e+08
2.601683e+08
2.658915e+08
2.73119e+08
2.820407e+08
0
0
0
0
0
0
0
0
0
0
2.457361e+08
2.499055e+08
2.553386e+08
2.621911e+08
2.706328e+08
0
0
0
0
0
0
0
0
0
0
2.364921e+08
2.404574e+08
2.456213e+08
2.521292e+08
2.601383e+08
0
0
0
0
0
0
0
0
0
0
2.281065e+08
2.318693e+08
2.367865e+08
2.4298e+08
2.505966e+08
0
0
0
0
0
0
0
0
0
0
4.647944e+08
4.747793e+08
4.882927e+08
5.060531e+08
5.289052e+08
0
0
0
0
0
0
0
0
4.446439e+08
4.539472e+08
4.664958e+08
4.829167e+08
5.039441e+08
0
0
0
0
0
0
0
0
0
4.26689e+08
4.354174e+08
4.471555e+08
4.624648e+08
4.819893e+08
0
0
0
0
0
0
0
0
0
0
4.10394e+08
4.186307e+08
4.296719e+08
4.44029e+08
4.622813e+08
0
0
0
0
0
0
0
0
0
0
3.951492e+08
4.029396e+08
4.133636e+08
4.268779e+08
4.440074e+08
0
0
0
0
0
0
0
0
0
0
3.802531e+08
3.876238e+08
3.974614e+08
4.101891e+08
4.262777e+08
0
0
0
0
0
0
0
0
0
0
0
0
0
3.653048e+08
3.722718e+08
3.815449e+08
3.935064e+08
4.08589e+08
0
0
0
0
0
0
0
0
0
0
0
0
0
0
3.506497e+08
3.572334e+08
3.65974e+08
3.772191e+08
3.913541e+08
0
0
0
0
0
0
0
0
0
0
0
0
0
0
0
3.366423e+08
3.428757e+08
3.511262e+08
3.617115e+08
3.749849e+08
0
0
0
0
0
0
0
0
0
0
0
0
0
0
0
0
3.234474e+08
3.293577e+08
3.371641e+08
3.471519e+08
3.596421e+08
0
0
0
0
0
0
0
0
0
0
0
0
0
0
0
0
0
3.110841e+08
3.166974e+08
3.240976e+08
3.335458e+08
3.453311e+08
0
0
0
0
0
0
0
0
0
0
0
0
0
0
0
0
0
0
2.994767e+08
3.048206e+08
3.11848e+08
3.208034e+08
3.319515e+08
0
0
0
0
0
0
0
0
0
0
0
0
0
0
0
0
0
0
0
2.884916e+08
2.935797e+08
3.002661e+08
3.087669e+08
3.193296e+08
0
0
0
0
0
0
0
0
0
0
0
0
0
0
0
0
0
0
0
0
2.779131e+08
2.827664e+08
2.891264e+08
2.972048e+08
3.072201e+08
0
0
0
0
0
0
0
0
0
0
0
0
0
0
0
0
0
0
0
0
2.674756e+08
2.721039e+08
2.781558e+08
2.858218e+08
2.953158e+08
0
0
0
0
0
0
0
0
0
0
0
0
0
0
0
0
0
0
0
0
2.570287e+08
2.614344e+08
2.67185e+08
2.744527e+08
2.834293e+08
0
0
0
0
0
0
0
0
0
0
2.46865e+08
2.5105e+08
2.565085e+08
2.633967e+08
2.718867e+08
0
0
0
0
0
0
0
0
0
0
2.373002e+08
2.41277e+08
2.464587e+08
2.52992e+08
2.610347e+08
0
0
0
0
0
0
0
0
0
0
2.285058e+08
2.322746e+08
2.372009e+08
2.434072e+08
2.510408e+08
0
0
0
0
0
0
0
0
0
0
2.205278e+08
2.241023e+08
2.287811e+08
2.346895e+08
2.419519e+08
0
0
0
0
0
0
0
0
0
0
4.436213e+08
4.528911e+08
4.653915e+08
4.817454e+08
5.026816e+08
0
0
0
0
0
0
0
0
0
4.248837e+08
4.335589e+08
4.452196e+08
4.604204e+08
4.797973e+08
0
0
0
0
0
0
0
0
0
0
4.081374e+08
4.163101e+08
4.272583e+08
4.41486e+08
4.595622e+08
0
0
0
0
0
0
0
0
0
0
3.929047e+08
4.006362e+08
4.109708e+08
4.243584e+08
4.41317e+08
0
0
0
0
0
0
0
0
0
0
3.786236e+08
3.859546e+08
3.957319e+08
4.083722e+08
4.243383e+08
0
0
0
0
0
0
0
0
0
0
3.646375e+08
3.715924e+08
3.808435e+08
3.927733e+08
4.078104e+08
0
0
0
0
0
0
0
0
0
0
0
0
0
0
3.505797e+08
3.571654e+08
3.659068e+08
3.771492e+08
3.912797e+08
0
0
0
0
0
0
0
0
0
0
0
0
0
0
0
3.367691e+08
3.430085e+08
3.512648e+08
3.618572e+08
3.751374e+08
0
0
0
0
0
0
0
0
0
0
0
0
0
0
0
0
3.235511e+08
3.294655e+08
3.372764e+08
3.472692e+08
3.597656e+08
0
0
0
0
0
0
0
0
0
0
0
0
0
0
0
0
0
3.110841e+08
3.166974e+08
3.240976e+08
3.335458e+08
3.453311e+08
0
0
0
0
0
0
0
0
0
0
0
0
0
0
0
0
0
0
2.993844e+08
3.047244e+08
3.117473e+08
3.206975e+08
3.318396e+08
0
0
0
0
0
0
0
0
0
0
0
0
0
0
0
0
0
0
0
2.88393e+08
2.934749e+08
3.001545e+08
3.086478e+08
3.192024e+08
0
0
0
0
0
0
0
0
0
0
0
0
0
0
0
0
0
0
0
0
2.77973e+08
2.828209e+08
2.891763e+08
2.972509e+08
3.072633e+08
0
0
0
0
0
0
0
0
0
0
0
0
0
0
0
0
0
0
0
0
2.679256e+08
2.72554e+08
2.786101e+08
2.86285e+08
2.957931e+08
0
0
0
0
0
0
0
0
0
0
0
0
0
0
0
0
0
0
0
0
2.580009e+08
2.624165e+08
2.681852e+08
2.754813e+08
2.84498e+08
0
0
0
0
0
0
0
0
0
0
0
0
0
0
0
0
0
0
0
0
2.480618e+08
2.522618e+08
2.577459e+08
2.646709e+08
2.732114e+08
0
0
0
0
0
0
0
0
0
0
2.383824e+08
2.423737e+08
2.475784e+08
2.541451e+08
2.622324e+08
0
0
0
0
0
0
0
0
0
0
2.292813e+08
2.330605e+08
2.380033e+08
2.442329e+08
2.518981e+08
0
0
0
0
0
0
0
0
0
0
2.209107e+08
2.244907e+08
2.291779e+08
2.350982e+08
2.423764e+08
0
0
0
0
0
0
0
0
0
0
2.133397e+08
2.167111e+08
2.21162e+08
2.267873e+08
2.337147e+08
0
0
0
0
0
0
0
0
0
0
4.239321e+08
4.325781e+08
4.441969e+08
4.593396e+08
4.78638e+08
0
0
0
0
0
0
0
0
0
0
4.064517e+08
4.145769e+08
4.254571e+08
4.395902e+08
4.575382e+08
0
0
0
0
0
0
0
0
0
0
3.907913e+08
3.984681e+08
4.087204e+08
4.219937e+08
4.387984e+08
0
0
0
0
0
0
0
0
0
0
3.765186e+08
3.837979e+08
3.934978e+08
4.060274e+08
4.218423e+08
0
0
0
0
0
0
0
0
0
0
3.631074e+08
3.700283e+08
3.792262e+08
3.9108e+08
4.06012e+08
0
0
0
0
0
0
0
0
0
0
3.499524e+08
3.565282e+08
3.652523e+08
3.764668e+08
3.905588e+08
0
0
0
0
0
0
0
0
0
0
0
0
0
0
0
3.367033e+08
3.429461e+08
3.512036e+08
3.61796e+08
3.750727e+08
0
0
0
0
0
0
0
0
0
0
0
0
0
0
0
0
3.236707e+08
3.295913e+08
3.374089e+08
3.474083e+08
3.599127e+08
0
0
0
0
0
0
0
0
0
0
0
0
0
0
0
0
0
3.11182e+08
3.167993e+08
3.242041e+08
3.336576e+08
3.454486e+08
0
0
0
0
0
0
0
0
0
0
0
0
0
0
0
0
0
0
2.993844e+08
3.047244e+08
3.117473e+08
3.206975e+08
3.318397e+08
0
0
0
0
0
0
0
0
0
0
0
0
0
0
0
0
0
0
0
2.88306e+08
2.933841e+08
3.000593e+08
3.085476e+08
3.190963e+08
0
0
0
0
0
0
0
0
0
0
0
0
0
0
0
0
0
0
0
0
2.778809e+08
2.827228e+08
2.890716e+08
2.971388e+08
3.071432e+08
0
0
0
0
0
0
0
0
0
0
0
0
0
0
0
0
0
0
0
0
2.679859e+08
2.726087e+08
2.786601e+08
2.863311e+08
2.95836e+08
0
0
0
0
0
0
0
0
0
0
0
0
0
0
0
0
0
0
0
0
2.584341e+08
2.628497e+08
2.686216e+08
2.759255e+08
2.849549e+08
0
0
0
0
0
0
0
0
0
0
0
0
0
0
0
0
0
0
0
0
2.48995e+08
2.532033e+08
2.587043e+08
2.65655e+08
2.742323e+08
0
0
0
0
0
0
0
0
0
0
0
0
0
0
0
0
0
0
0
0
2.395305e+08
2.435354e+08
2.487632e+08
2.553644e+08
2.634982e+08
0
0
0
0
0
0
0
0
0
0
2.303203e+08
2.341124e+08
2.390766e+08
2.453369e+08
2.530438e+08
0
0
0
0
0
0
0
0
0
0
2.216556e+08
2.252452e+08
2.299476e+08
2.358896e+08
2.431969e+08
0
0
0
0
0
0
0
0
0
0
2.137074e+08
2.170837e+08
2.215425e+08
2.271788e+08
2.341209e+08
0
0
0
0
0
0
0
0
0
0
2.065344e+08
2.096968e+08
2.139084e+08
2.192642e+08
2.258621e+08
0
0
0
0
0
0
0
0
0
0
4.05564e+08
4.13663e+08
4.245064e+08
4.385886e+08
4.564683e+08
0
0
0
0
0
0
0
0
0
0
3.892118e+08
3.968479e+08
4.070391e+08
4.202288e+08
4.369209e+08
0
0
0
0
0
0
0
0
0
0
3.74534e+08
3.817651e+08
3.913935e+08
4.038212e+08
4.194996e+08
0
0
0
0
0
0
0
0
0
0
3.611291e+08
3.680034e+08
3.771325e+08
3.888893e+08
4.036884e+08
0
0
0
0
0
0
0
0
0
0
3.485112e+08
3.55058e+08
3.637355e+08
3.748823e+08
3.888823e+08
0
0
0
0
0
0
0
0
0
0
3.361111e+08
3.423466e+08
3.505893e+08
3.611588e+08
3.744014e+08
0
0
0
0
0
0
0
0
0
0
0
0
0
0
0
0
3.236075e+08
3.295326e+08
3.373528e+08
3.473527e+08
3.598563e+08
0
0
0
0
0
0
0
0
0
0
0
0
0
0
0
0
0
3.112943e+08
3.16918e+08
3.243297e+08
3.337905e+08
3.45589e+08
0
0
0
0
0
0
0
0
0
0
0
0
0
0
0
0
0
0
2.994767e+08
3.048206e+08
3.11848e+08
3.208035e+08
3.319515e+08
0
0
0
0
0
0
0
0
0
0
0
0
0
0
0
0
0
0
0
2.88306e+08
2.933841e+08
3.000593e+08
3.085476e+08
3.190963e+08
0
0
0
0
0
0
0
0
0
0
0
0
0
0
0
0
0
0
0
0
2.777989e+08
2.826371e+08
2.889817e+08
2.97044e+08
3.070428e+08
0
0
0
0
0
0
0
0
0
0
0
0
0
0
0
0
0
0
0
0
2.679002e+08
2.72517e+08
2.785619e+08
2.862259e+08
2.957229e+08
0
0
0
0
0
0
0
0
0
0
0
0
0
0
0
0
0
0
0
0
2.584948e+08
2.629051e+08
2.686721e+08
2.759718e+08
2.849979e+08
0
0
0
0
0
0
0
0
0
0
0
0
0
0
0
0
0
0
0
0
2.494133e+08
2.536207e+08
2.591247e+08
2.66082e+08
2.746706e+08
0
0
0
0
0
0
0
0
0
0
0
0
0
0
0
0
0
0
0
0
2.404275e+08
2.444398e+08
2.496824e+08
2.563078e+08
2.644752e+08
0
0
0
0
0
0
0
0
0
0
0
0
0
0
0
0
0
0
0
0
2.314234e+08
2.352275e+08
2.40213e+08
2.465047e+08
2.542553e+08
0
0
0
0
0
0
0
0
0
0
2.226541e+08
2.262558e+08
2.309776e+08
2.369482e+08
2.44294e+08
0
0
0
0
0
0
0
0
0
0
2.144239e+08
2.178088e+08
2.222818e+08
2.279382e+08
2.349074e+08
0
0
0
0
0
0
0
0
0
0
2.068875e+08
2.100548e+08
2.142735e+08
2.196397e+08
2.262511e+08
0
0
0
0
0
0
0
0
0
0
2.001586e+08
2.030526e+08
2.070217e+08
2.120998e+08
2.18385e+08
0
0
0
0
0
0
0
0
0
0
3.883808e+08
3.959944e+08
4.061524e+08
4.192971e+08
4.35929e+08
0
0
0
0
0
0
0
0
0
0
3.7305e+08
3.802451e+08
3.898203e+08
4.021727e+08
4.177512e+08
0
0
0
0
0
0
0
0
0
0
3.592622e+08
3.660924e+08
3.751577e+08
3.868251e+08
4.015021e+08
0
0
0
0
0
0
0
0
0
0
3.466462e+08
3.531529e+08
3.617681e+08
3.728281e+08
3.867108e+08
0
0
0
0
0
0
0
0
0
0
3.347501e+08
3.409603e+08
3.491624e+08
3.59672e+08
3.728321e+08
0
0
0
0
0
0
0
0
0
0
3.230458e+08
3.289661e+08
3.367743e+08
3.467543e+08
3.592292e+08
0
0
0
0
0
0
0
0
0
0
0
0
0
0
0
0
0
3.112328e+08
3.168614e+08
3.242769e+08
3.337396e+08
3.455378e+08
0
0
0
0
0
0
0
0
0
0
0
0
0
0
0
0
0
0
2.995821e+08
3.049323e+08
3.119666e+08
3.209296e+08
3.320856e+08
0
0
0
0
0
0
0
0
0
0
0
0
0
0
0
0
0
0
0
2.88393e+08
2.934749e+08
3.001545e+08
3.086479e+08
3.192024e+08
0
0
0
0
0
0
0
0
0
0
0
0
0
0
0
0
0
0
0
0
2.777989e+08
2.826371e+08
2.889817e+08
2.97044e+08
3.070428e+08
0
0
0
0
0
0
0
0
0
0
0
0
0
0
0
0
0
0
0
0
2.67823e+08
2.724363e+08
2.784771e+08
2.861364e+08
2.95628e+08
0
0
0
0
0
0
0
0
0
0
0
0
0
0
0
0
0
0
0
0
2.58415e+08
2.628197e+08
2.685803e+08
2.758732e+08
2.848917e+08
0
0
0
0
0
0
0
0
0
0
0
0
0
0
0
0
0
0
0
0
2.494747e+08
2.536767e+08
2.59176e+08
2.661289e+08
2.74714e+08
0
0
0
0
0
0
0
0
0
0
0
0
0
0
0
0
0
0
0
0
2.408319e+08
2.448432e+08
2.500878e+08
2.567193e+08
2.648966e+08
0
0
0
0
0
0
0
0
0
0
0
0
0
0
0
0
0
0
0
0
2.322871e+08
2.360974e+08
2.410966e+08
2.474099e+08
2.551919e+08
0
0
0
0
0
0
0
0
0
0
0
0
0
0
0
0
0
0
0
0
2.237148e+08
2.273278e+08
2.320689e+08
2.380687e+08
2.454545e+08
0
0
0
0
0
0
0
0
0
0
2.153849e+08
2.187805e+08
2.232717e+08
2.289544e+08
2.359596e+08
0
0
0
0
0
0
0
0
0
0
2.075769e+08
2.107527e+08
2.149842e+08
2.203693e+08
2.27006e+08
0
0
0
0
0
0
0
0
0
0
2.004987e+08
2.033965e+08
2.073726e+08
2.124602e+08
2.187581e+08
0
0
0
0
0
0
0
0
0
0
1.942219e+08
1.968246e+08
2.004957e+08
2.05296e+08
2.112633e+08
0
0
0
0
0
0
0
0
0
0
3.722703e+08
3.794453e+08
3.889914e+08
4.013032e+08
4.168282e+08
0
0
0
0
0
0
0
0
0
0
3.578656e+08
3.646628e+08
3.736806e+08
3.852817e+08
3.998685e+08
0
0
0
0
0
0
0
0
0
0
3.44885e+08
3.513535e+08
3.599101e+08
3.708899e+08
3.846645e+08
0
0
0
0
0
0
0
0
0
0
3.329885e+08
3.391626e+08
3.4731e+08
3.577407e+08
3.707954e+08
0
0
0
0
0
0
0
0
0
0
3.217566e+08
3.276556e+08
3.354278e+08
3.453548e+08
3.577562e+08
0
0
0
0
0
0
0
0
0
0
3.106984e+08
3.163235e+08
3.237297e+08
3.331757e+08
3.449486e+08
0
0
0
0
0
0
0
0
0
0
0
0
0
0
0
0
0
0
2.995215e+08
3.04877e+08
3.119154e+08
3.208815e+08
3.320388e+08
0
0
0
0
0
0
0
0
0
0
0
0
0
0
0
0
0
0
0
2.884916e+08
2.935797e+08
3.002661e+08
3.087669e+08
3.193297e+08
0
0
0
0
0
0
0
0
0
0
0
0
0
0
0
0
0
0
0
0
2.778809e+08
2.827228e+08
2.890716e+08
2.971388e+08
3.071432e+08
0
0
0
0
0
0
0
0
0
0
0
0
0
0
0
0
0
0
0
0
2.67823e+08
2.724363e+08
2.784771e+08
2.861364e+08
2.95628e+08
0
0
0
0
0
0
0
0
0
0
0
0
0
0
0
0
0
0
0
0
2.583424e+08
2.627437e+08
2.685003e+08
2.757887e+08
2.848021e+08
0
0
0
0
0
0
0
0
0
0
0
0
0
0
0
0
0
0
0
0
2.494008e+08
2.535971e+08
2.590904e+08
2.660367e+08
2.746145e+08
0
0
0
0
0
0
0
0
0
0
0
0
0
0
0
0
0
0
0
0
2.408942e+08
2.449002e+08
2.501399e+08
2.567673e+08
2.649409e+08
0
0
0
0
0
0
0
0
0
0
0
0
0
0
0
0
0
0
0
0
2.32679e+08
2.364877e+08
2.414886e+08
2.478069e+08
2.555983e+08
0
0
0
0
0
0
0
0
0
0
0
0
0
0
0
0
0
0
0
0
2.245471e+08
2.281659e+08
2.329191e+08
2.389391e+08
2.463534e+08
0
0
0
0
0
0
0
0
0
0
0
0
0
0
0
0
0
0
0
0
2.164066e+08
2.198119e+08
2.243213e+08
2.300307e+08
2.370732e+08
0
0
0
0
0
0
0
0
0
0
2.085018e+08
2.116883e+08
2.159364e+08
2.213461e+08
2.280161e+08
0
0
0
0
0
0
0
0
0
0
2.011637e+08
2.040682e+08
2.080569e+08
2.131618e+08
2.194834e+08
0
0
0
0
0
0
0
0
0
0
1.945487e+08
1.971559e+08
2.008329e+08
2.056424e+08
2.116216e+08
0
0
0
0
0
0
0
0
0
0
1.888677e+08
1.910228e+08
1.943762e+08
1.988467e+08
2.044991e+08
0
0
0
0
0
0
0
0
0
0
3.571326e+08
3.639114e+08
3.729032e+08
3.844685e+08
3.990068e+08
0
0
0
0
0
0
0
0
0
0
3.435673e+08
3.500067e+08
3.585197e+08
3.694399e+08
3.831346e+08
0
0
0
0
0
0
0
0
0
0
3.313242e+08
3.374634e+08
3.455592e+08
3.559162e+08
3.688735e+08
0
0
0
0
0
0
0
0
0
0
3.200884e+08
3.25956e+08
3.336786e+08
3.435355e+08
3.558408e+08
0
0
0
0
0
0
0
0
0
0
3.094742e+08
3.15081e+08
3.224559e+08
3.318544e+08
3.435617e+08
0
0
0
0
0
0
0
0
0
0
2.990114e+08
3.043645e+08
3.113955e+08
3.203478e+08
3.314834e+08
0
0
0
0
0
0
0
0
0
0
0
0
0
0
0
0
0
0
0
2.884316e+08
2.935249e+08
3.002159e+08
3.087202e+08
3.192853e+08
0
0
0
0
0
0
0
0
0
0
0
0
0
0
0
0
0
0
0
0
2.77973e+08
2.828209e+08
2.891763e+08
2.972509e+08
3.072633e+08
0
0
0
0
0
0
0
0
0
0
0
0
0
0
0
0
0
0
0
0
2.679002e+08
2.72517e+08
2.785619e+08
2.862259e+08
2.957229e+08
0
0
0
0
0
0
0
0
0
0
0
0
0
0
0
0
0
0
0
0
2.583424e+08
2.627437e+08
2.685003e+08
2.757887e+08
2.848021e+08
0
0
0
0
0
0
0
0
0
0
0
0
0
0
0
0
0
0
0
0
2.493326e+08
2.535255e+08
2.590151e+08
2.65957e+08
2.745299e+08
0
0
0
0
0
0
0
0
0
0
0
0
0
0
0
0
0
0
0
0
2.408258e+08
2.448264e+08
2.500603e+08
2.566813e+08
2.648478e+08
0
0
0
0
0
0
0
0
0
0
0
0
0
0
0
0
0
0
0
0
2.327425e+08
2.365458e+08
2.415419e+08
2.478559e+08
2.556438e+08
0
0
0
0
0
0
0
0
0
0
0
0
0
0
0
0
0
0
0
0
2.249272e+08
2.285446e+08
2.332988e+08
2.393232e+08
2.467457e+08
0
0
0
0
0
0
0
0
0
0
0
0
0
0
0
0
0
0
0
0
2.172102e+08
2.206201e+08
2.251408e+08
2.308685e+08
2.379377e+08
0
0
0
0
0
0
0
0
0
0
0
0
0
0
0
0
0
0
0
0
2.094858e+08
2.126823e+08
2.169467e+08
2.223816e+08
2.29086e+08
0
0
0
0
0
0
0
0
0
0
2.020564e+08
2.049692e+08
2.089741e+08
2.141017e+08
2.204546e+08
0
0
0
0
0
0
0
0
0
0
1.951889e+08
1.978042e+08
2.014918e+08
2.063181e+08
2.123191e+08
0
0
0
0
0
0
0
0
0
0
1.891834e+08
1.913414e+08
1.947012e+08
1.991797e+08
2.048435e+08
0
0
0
0
0
0
0
0
0
0
1.841546e+08
1.857881e+08
1.886736e+08
1.927977e+08
1.980865e+08
0
0
0
0
0
0
0
0
0
0
3.428766e+08
3.492997e+08
3.577888e+08
3.686768e+08
3.823285e+08
0
0
0
0
0
0
0
0
0
0
3.300787e+08
3.361914e+08
3.442483e+08
3.545505e+08
3.674358e+08
0
0
0
0
0
0
0
0
0
0
3.185119e+08
3.243488e+08
3.32024e+08
3.418153e+08
3.540312e+08
0
0
0
0
0
0
0
0
0
0
3.078911e+08
3.134701e+08
3.20801e+08
3.301355e+08
3.417569e+08
0
0
0
0
0
0
0
0
0
0
2.978464e+08
3.031837e+08
3.101869e+08
3.190973e+08
3.301736e+08
0
0
0
0
0
0
0
0
0
0
2.879437e+08
2.930353e+08
2.997202e+08
3.082127e+08
3.187595e+08
0
0
0
0
0
0
0
0
0
0
0
0
0
0
0
0
0
0
0
0
2.779131e+08
2.827664e+08
2.891264e+08
2.972048e+08
3.072201e+08
0
0
0
0
0
0
0
0
0
0
0
0
0
0
0
0
0
0
0
0
2.679859e+08
2.726087e+08
2.786601e+08
2.863311e+08
2.95836e+08
0
0
0
0
0
0
0
0
0
0
0
0
0
0
0
0
0
0
0
0
2.58415e+08
2.628197e+08
2.685803e+08
2.758732e+08
2.848918e+08
0
0
0
0
0
0
0
0
0
0
0
0
0
0
0
0
0
0
0
0
2.493326e+08
2.535255e+08
2.590151e+08
2.65957e+08
2.745299e+08
0
0
0
0
0
0
0
0
0
0
0
0
0
0
0
0
0
0
0
0
2.407617e+08
2.447591e+08
2.499893e+08
2.566062e+08
2.64768e+08
0
0
0
0
0
0
0
0
0
0
0
0
0
0
0
0
0
0
0
0
2.326795e+08
2.364775e+08
2.41468e+08
2.477758e+08
2.555569e+08
0
0
0
0
0
0
0
0
0
0
0
0
0
0
0
0
0
0
0
0
2.249916e+08
2.28604e+08
2.333533e+08
2.393736e+08
2.467922e+08
0
0
0
0
0
0
0
0
0
0
0
0
0
0
0
0
0
0
0
0
2.175797e+08
2.209876e+08
2.255094e+08
2.312407e+08
2.383173e+08
0
0
0
0
0
0
0
0
0
0
0
0
0
0
0
0
0
0
0
0
2.10261e+08
2.134631e+08
2.177374e+08
2.231895e+08
2.299183e+08
0
0
0
0
0
0
0
0
0
0
0
0
0
0
0
0
0
0
0
0
2.030069e+08
2.05927e+08
2.099482e+08
2.150987e+08
2.214841e+08
0
0
0
0
0
0
0
0
0
0
1.960483e+08
1.986742e+08
2.023753e+08
2.072236e+08
2.132536e+08
0
0
0
0
0
0
0
0
0
0
1.89803e+08
1.919657e+08
1.953373e+08
1.998304e+08
2.055153e+08
0
0
0
0
0
0
0
0
0
0
1.844573e+08
1.86096e+08
1.889862e+08
1.931186e+08
1.984176e+08
0
0
0
0
0
0
0
0
0
0
1.804808e+08
1.811789e+08
1.835267e+08
1.871594e+08
1.920712e+08
0
0
0
0
0
0
0
0
0
0
3.294269e+08
3.355246e+08
3.435601e+08
3.538327e+08
3.666792e+08
0
0
0
0
0
0
0
0
0
0
3.173321e+08
3.231455e+08
3.30785e+08
3.405272e+08
3.526767e+08
0
0
0
0
0
0
0
0
0
0
3.063949e+08
3.119463e+08
3.192349e+08
3.285092e+08
3.400504e+08
0
0
0
0
0
0
0
0
0
0
2.963412e+08
3.016536e+08
3.086172e+08
3.174703e+08
3.284681e+08
0
0
0
0
0
0
0
0
0
0
2.868331e+08
2.919106e+08
2.985707e+08
3.070256e+08
3.175195e+08
0
0
0
0
0
0
0
0
0
0
2.774451e+08
2.822976e+08
2.886523e+08
2.967207e+08
3.067199e+08
0
0
0
0
0
0
0
0
0
0
0
0
0
0
0
0
0
0
0
0
2.679256e+08
2.72554e+08
2.786101e+08
2.862851e+08
2.957932e+08
0
0
0
0
0
0
0
0
0
0
0
0
0
0
0
0
0
0
0
0
2.584948e+08
2.629051e+08
2.686721e+08
2.759718e+08
2.849979e+08
0
0
0
0
0
0
0
0
0
0
0
0
0
0
0
0
0
0
0
0
2.494008e+08
2.535971e+08
2.590904e+08
2.660367e+08
2.746145e+08
0
0
0
0
0
0
0
0
0
0
0
0
0
0
0
0
0
0
0
0
2.407617e+08
2.447591e+08
2.499893e+08
2.566062e+08
2.64768e+08
0
0
0
0
0
0
0
0
0
0
0
0
0
0
0
0
0
0
0
0
2.326194e+08
2.364142e+08
2.414013e+08
2.47705e+08
2.554817e+08
0
0
0
0
0
0
0
0
0
0
0
0
0
0
0
0
0
0
0
0
2.249336e+08
2.285411e+08
2.332848e+08
2.392992e+08
2.467113e+08
0
0
0
0
0
0
0
0
0
0
0
0
0
0
0
0
0
0
0
0
2.176453e+08
2.210481e+08
2.255654e+08
2.312924e+08
2.383654e+08
0
0
0
0
0
0
0
0
0
0
0
0
0
0
0
0
0
0
0
0
2.106194e+08
2.138206e+08
2.180953e+08
2.23551e+08
2.302862e+08
0
0
0
0
0
0
0
0
0
0
0
0
0
0
0
0
0
0
0
0
2.037575e+08
2.066805e+08
2.107123e+08
2.158783e+08
2.222868e+08
0
0
0
0
0
0
0
0
0
0
0
0
0
0
0
0
0
0
0
0
1.969633e+08
1.995998e+08
2.033142e+08
2.081852e+08
2.14245e+08
0
0
0
0
0
0
0
0
0
0
1.906352e+08
1.928035e+08
1.961907e+08
2.00703e+08
2.064158e+08
0
0
0
0
0
0
0
0
0
0
1.850518e+08
1.867004e+08
1.895989e+08
1.93747e+08
1.990647e+08
0
0
0
0
0
0
0
0
0
0
1.807747e+08
1.814741e+08
1.838289e+08
1.874682e+08
1.923903e+08
0
0
0
0
0
0
0
0
0
0
1.780183e+08
1.77585e+08
1.789938e+08
1.820695e+08
1.864636e+08
0
0
0
0
0
0
0
0
0
0
3.167155e+08
3.225156e+08
3.301355e+08
3.398509e+08
3.519649e+08
0
0
0
0
0
0
0
0
0
0
3.052753e+08
3.108054e+08
3.18062e+08
3.272911e+08
3.387725e+08
0
0
0
0
0
0
0
0
0
0
2.949187e+08
3.002062e+08
3.071315e+08
3.159302e+08
3.268542e+08
0
0
0
0
0
0
0
0
0
0
2.853999e+08
2.904546e+08
2.970789e+08
3.054818e+08
3.159048e+08
0
0
0
0
0
0
0
0
0
0
2.763846e+08
2.812245e+08
2.875568e+08
2.955911e+08
3.055426e+08
0
0
0
0
0
0
0
0
0
0
2.674756e+08
2.721039e+08
2.781558e+08
2.858218e+08
2.953158e+08
0
0
0
0
0
0
0
0
0
0
0
0
0
0
0
0
0
0
0
0
2.584341e+08
2.628497e+08
2.686216e+08
2.759255e+08
2.849549e+08
0
0
0
0
0
0
0
0
0
0
0
0
0
0
0
0
0
0
0
0
2.494747e+08
2.536767e+08
2.59176e+08
2.661289e+08
2.74714e+08
0
0
0
0
0
0
0
0
0
0
0
0
0
0
0
0
0
0
0
0
2.408258e+08
2.448264e+08
2.500602e+08
2.566813e+08
2.648478e+08
0
0
0
0
0
0
0
0
0
0
0
0
0
0
0
0
0
0
0
0
2.326194e+08
2.364142e+08
2.414013e+08
2.47705e+08
2.554817e+08
0
0
0
0
0
0
0
0
0
0
0
0
0
0
0
0
0
0
0
0
2.24877e+08
2.284817e+08
2.33222e+08
2.392326e+08
2.466404e+08
0
0
0
0
0
0
0
0
0
0
0
0
0
0
0
0
0
0
0
0
2.175922e+08
2.2099e+08
2.255022e+08
2.312235e+08
2.382902e+08
0
0
0
0
0
0
0
0
0
0
0
0
0
0
0
0
0
0
0
0
2.106851e+08
2.138825e+08
2.181525e+08
2.236043e+08
2.303358e+08
0
0
0
0
0
0
0
0
0
0
0
0
0
0
0
0
0
0
0
0
2.04107e+08
2.070276e+08
2.110608e+08
2.162296e+08
2.226442e+08
0
0
0
0
0
0
0
0
0
0
0
0
0
0
0
0
0
0
0
0
1.976862e+08
2.003298e+08
2.040521e+08
2.089388e+08
2.150197e+08
0
0
0
0
0
0
0
0
0
0
0
0
0
0
0
0
0
0
0
0
1.915219e+08
1.93695e+08
1.970984e+08
2.0163e+08
2.07372e+08
0
0
0
0
0
0
0
0
0
0
1.858497e+08
1.875121e+08
1.904211e+08
1.9459e+08
1.999325e+08
0
0
0
0
0
0
0
0
0
0
1.813529e+08
1.820543e+08
1.844223e+08
1.880736e+08
1.930153e+08
0
0
0
0
0
0
0
0
0
0
1.782937e+08
1.778718e+08
1.792836e+08
1.823681e+08
1.867707e+08
0
0
0
0
0
0
0
0
0
0
1.751768e+08
1.754586e+08
1.775861e+08
1.814009e+08
0
0
0
0
0
0
0
0
0
0
3.04691e+08
3.102092e+08
3.174481e+08
3.266525e+08
3.381016e+08
0
0
0
0
0
0
0
0
0
0
2.938544e+08
2.991227e+08
3.060188e+08
3.147766e+08
3.256456e+08
0
0
0
0
0
0
0
0
0
0
2.840456e+08
2.890775e+08
2.956668e+08
3.040201e+08
3.143762e+08
0
0
0
0
0
0
0
0
0
0
2.750175e+08
2.798371e+08
2.861363e+08
2.941233e+08
3.0401e+08
0
0
0
0
0
0
0
0
0
0
2.664607e+08
2.710783e+08
2.7711e+08
2.847448e+08
2.941953e+08
0
0
0
0
0
0
0
0
0
0
2.580009e+08
2.624165e+08
2.681852e+08
2.754813e+08
2.84498e+08
0
0
0
0
0
0
0
0
0
0
0
0
0
0
0
0
0
0
0
0
2.494133e+08
2.536207e+08
2.591247e+08
2.66082e+08
2.746706e+08
0
0
0
0
0
0
0
0
0
0
0
0
0
0
0
0
0
0
0
0
2.408942e+08
2.449002e+08
2.501399e+08
2.567673e+08
2.649409e+08
0
0
0
0
0
0
0
0
0
0
0
0
0
0
0
0
0
0
0
0
2.326795e+08
2.364775e+08
2.41468e+08
2.477757e+08
2.555569e+08
0
0
0
0
0
0
0
0
0
0
0
0
0
0
0
0
0
0
0
0
2.24877e+08
2.284817e+08
2.33222e+08
2.392326e+08
2.466404e+08
0
0
0
0
0
0
0
0
0
0
0
0
0
0
0
0
0
0
0
0
2.175392e+08
2.209342e+08
2.254433e+08
2.311609e+08
2.382235e+08
0
0
0
0
0
0
0
0
0
0
0
0
0
0
0
0
0
0
0
0
2.106359e+08
2.138292e+08
2.180943e+08
2.235407e+08
2.302661e+08
0
0
0
0
0
0
0
0
0
0
0
0
0
0
0
0
0
0
0
0
2.04174e+08
2.070897e+08
2.111195e+08
2.162843e+08
2.226955e+08
0
0
0
0
0
0
0
0
0
0
0
0
0
0
0
0
0
0
0
0
1.980234e+08
2.006685e+08
2.043905e+08
2.09281e+08
2.153672e+08
0
0
0
0
0
0
0
0
0
0
0
0
0
0
0
0
0
0
0
0
1.922236e+08
1.943984e+08
1.978135e+08
2.023579e+08
2.081211e+08
0
0
0
0
0
0
0
0
0
0
0
0
0
0
0
0
0
0
0
0
1.866982e+08
1.883762e+08
1.912955e+08
1.954864e+08
2.008544e+08
0
0
0
0
0
0
0
0
0
0
1.821288e+08
1.828326e+08
1.85219e+08
1.888859e+08
1.938537e+08
0
0
0
0
0
0
0
0
0
0
1.788353e+08
1.78436e+08
1.798533e+08
1.829545e+08
1.873729e+08
0
0
0
0
0
0
0
0
0
0
1.754455e+08
1.757401e+08
1.778724e+08
1.816978e+08
0
0
0
0
0
0
0
0
0
0
1.730902e+08
1.74089e+08
1.76941e+08
0
0
0
0
0
0
0
0
0
0
2.932999e+08
2.985572e+08
3.054372e+08
3.141728e+08
3.25012e+08
0
0
0
0
0
0
0
0
0
0
2.830326e+08
2.880467e+08
2.946093e+08
3.029252e+08
3.132314e+08
0
0
0
0
0
0
0
0
0
0
2.737262e+08
2.78525e+08
2.847919e+08
2.927334e+08
3.02559e+08
0
0
0
0
0
0
0
0
0
0
2.651546e+08
2.69754e+08
2.757556e+08
2.833466e+08
2.927378e+08
0
0
0
0
0
0
0
0
0
0
2.570287e+08
2.614344e+08
2.67185e+08
2.744527e+08
2.834293e+08
0
0
0
0
0
0
0
0
0
0
2.48995e+08
2.532033e+08
2.587043e+08
2.65655e+08
2.742323e+08
0
0
0
0
0
0
0
0
0
0
0
0
0
0
0
0
0
0
0
0
2.408319e+08
2.448432e+08
2.500878e+08
2.567193e+08
2.648966e+08
0
0
0
0
0
0
0
0
0
0
0
0
0
0
0
0
0
0
0
0
2.327425e+08
2.365458e+08
2.415419e+08
2.478559e+08
2.556438e+08
0
0
0
0
0
0
0
0
0
0
0
0
0
0
0
0
0
0
0
0
2.249336e+08
2.285411e+08
2.332848e+08
2.392992e+08
2.467113e+08
0
0
0
0
0
0
0
0
0
0
0
0
0
0
0
0
0
0
0
0
2.175392e+08
2.209342e+08
2.254433e+08
2.311609e+08
2.382235e+08
0
0
0
0
0
0
0
0
0
0
0
0
0
0
0
0
0
0
0
0
2.105859e+08
2.137769e+08
2.180388e+08
2.234819e+08
2.302033e+08
0
0
0
0
0
0
0
0
0
0
0
0
0
0
0
0
0
0
0
0
2.04129e+08
2.070404e+08
2.11066e+08
2.162255e+08
2.226312e+08
0
0
0
0
0
0
0
0
0
0
0
0
0
0
0
0
0
0
0
0
1.980887e+08
2.00732e+08
2.044497e+08
2.093373e+08
2.154199e+08
0
0
0
0
0
0
0
0
0
0
0
0
0
0
0
0
0
0
0
0
1.92553e+08
1.947253e+08
1.981439e+08
2.026904e+08
2.084596e+08
0
0
0
0
0
0
0
0
0
0
0
0
0
0
0
0
0
0
0
0
1.873673e+08
1.890593e+08
1.919848e+08
1.961921e+08
2.01578e+08
0
0
0
0
0
0
0
0
0
0
0
0
0
0
0
0
0
0
0
0
1.82954e+08
1.836598e+08
1.860668e+08
1.897496e+08
1.947453e+08
0
0
0
0
0
0
0
0
0
0
1.795594e+08
1.791931e+08
1.806175e+08
1.837417e+08
1.881808e+08
0
0
0
0
0
0
0
0
0
0
1.759742e+08
1.762943e+08
1.784355e+08
1.822812e+08
0
0
0
0
0
0
0
0
0
0
1.73354e+08
1.743672e+08
1.772258e+08
0
0
0
0
0
0
0
0
0
0
1.717463e+08
1.73462e+08
0
0
0
0
0
0
0
0
0
0
2.825056e+08
2.875096e+08
2.940574e+08
3.02353e+08
3.126321e+08
0
0
0
0
0
0
0
0
0
0
2.727605e+08
2.775431e+08
2.837853e+08
2.916925e+08
3.014721e+08
0
0
0
0
0
0
0
0
0
0
2.639214e+08
2.68502e+08
2.744739e+08
2.820229e+08
2.913578e+08
0
0
0
0
0
0
0
0
0
0
2.557796e+08
2.601682e+08
2.658915e+08
2.73119e+08
2.820408e+08
0
0
0
0
0
0
0
0
0
0
2.480618e+08
2.522617e+08
2.577459e+08
2.646709e+08
2.732114e+08
0
0
0
0
0
0
0
0
0
0
2.404275e+08
2.444398e+08
2.496824e+08
2.563078e+08
2.644751e+08
0
0
0
0
0
0
0
0
0
0
0
0
0
0
0
0
0
0
0
0
2.32679e+08
2.364877e+08
2.414886e+08
2.478069e+08
2.555983e+08
0
0
0
0
0
0
0
0
0
0
0
0
0
0
0
0
0
0
0
0
2.249916e+08
2.28604e+08
2.333533e+08
2.393736e+08
2.467922e+08
0
0
0
0
0
0
0
0
0
0
0
0
0
0
0
0
0
0
0
0
2.175922e+08
2.2099e+08
2.255022e+08
2.312235e+08
2.382902e+08
0
0
0
0
0
0
0
0
0
0
0
0
0
0
0
0
0
0
0
0
2.105859e+08
2.137769e+08
2.180388e+08
2.234819e+08
2.302033e+08
0
0
0
0
0
0
0
0
0
0
0
0
0
0
0
0
0
0
0
0
2.040821e+08
2.06991e+08
2.11014e+08
2.161702e+08
2.225722e+08
0
0
0
0
0
0
0
0
0
0
0
0
0
0
0
0
0
0
0
0
1.98046e+08
2.00687e+08
2.044001e+08
2.092833e+08
2.153604e+08
0
0
0
0
0
0
0
0
0
0
0
0
0
0
0
0
0
0
0
0
1.926192e+08
1.947874e+08
1.982046e+08
2.027472e+08
2.08514e+08
0
0
0
0
0
0
0
0
0
0
0
0
0
0
0
0
0
0
0
0
1.876788e+08
1.893789e+08
1.923039e+08
1.965168e+08
2.01907e+08
0
0
0
0
0
0
0
0
0
0
0
0
0
0
0
0
0
0
0
0
1.836048e+08
1.843114e+08
1.867364e+08
1.904299e+08
1.954469e+08
0
0
0
0
0
0
0
0
0
0
0
0
0
0
0
0
0
0
0
0
1.803228e+08
1.799977e+08
1.814293e+08
1.845793e+08
1.8904e+08
0
0
0
0
0
0
0
0
0
0
1.766807e+08
1.770377e+08
1.791907e+08
1.830643e+08
0
0
0
0
0
0
0
0
0
0
1.738733e+08
1.749149e+08
1.777859e+08
0
0
0
0
0
0
0
0
0
0
1.72007e+08
1.737387e+08
0
0
0
0
0
0
0
0
0
0
1.711314e+08
0
0
0
0
0
0
0
0
0
0
2.72259e+08
2.770323e+08
2.832609e+08
2.911493e+08
3.009041e+08
0
0
0
0
0
0
0
0
0
0
2.629995e+08
2.675653e+08
2.735145e+08
2.810316e+08
2.903243e+08
0
0
0
0
0
0
0
0
0
0
2.546007e+08
2.589718e+08
2.646679e+08
2.718567e+08
2.807262e+08
0
0
0
0
0
0
0
0
0
0
2.46865e+08
2.5105e+08
2.565085e+08
2.633967e+08
2.718867e+08
0
0
0
0
0
0
0
0
0
0
2.395305e+08
2.435354e+08
2.487632e+08
2.553644e+08
2.634982e+08
0
0
0
0
0
0
0
0
0
0
2.322871e+08
2.360974e+08
2.410966e+08
2.474099e+08
2.551919e+08
0
0
0
0
0
0
0
0
0
0
0
0
0
0
0
0
0
0
0
0
2.249272e+08
2.285446e+08
2.332988e+08
2.393232e+08
2.467456e+08
0
0
0
0
0
0
0
0
0
0
0
0
0
0
0
0
0
0
0
0
2.176453e+08
2.210481e+08
2.255654e+08
2.312924e+08
2.383654e+08
0
0
0
0
0
0
0
0
0
0
0
0
0
0
0
0
0
0
0
0
2.106359e+08
2.138292e+08
2.180943e+08
2.235407e+08
2.302661e+08
0
0
0
0
0
0
0
0
0
0
0
0
0
0
0
0
0
0
0
0
2.040821e+08
2.06991e+08
2.11014e+08
2.161702e+08
2.225722e+08
0
0
0
0
0
0
0
0
0
0
0
0
0
0
0
0
0
0
0
0
1.98001e+08
2.006406e+08
2.04351e+08
2.092314e+08
2.15305e+08
0
0
0
0
0
0
0
0
0
0
0
0
0
0
0
0
0
0
0
0
1.925799e+08
1.947445e+08
1.981593e+08
2.026972e+08
2.084594e+08
0
0
0
0
0
0
0
0
0
0
0
0
0
0
0
0
0
0
0
0
1.877379e+08
1.894419e+08
1.923633e+08
1.965752e+08
2.019621e+08
0
0
0
0
0
0
0
0
0
0
0
0
0
0
0
0
0
0
0
0
1.839088e+08
1.846137e+08
1.870485e+08
1.907437e+08
1.957683e+08
0
0
0
0
0
0
0
0
0
0
0
0
0
0
0
0
0
0
0
0
1.809139e+08
1.806316e+08
1.820681e+08
1.852404e+08
1.897164e+08
0
0
0
0
0
0
0
0
0
0
0
0
0
0
0
0
0
0
0
0
1.774251e+08
1.778275e+08
1.799928e+08
1.838975e+08
0
0
0
0
0
0
0
0
0
0
1.74567e+08
1.756497e+08
1.785373e+08
0
0
0
0
0
0
0
0
0
0
1.725203e+08
1.742836e+08
0
0
0
0
0
0
0
0
0
0
1.713906e+08
0
0
0
0
0
0
0
0
0
0
0
0
0
0
0
0
0
0
0
0
2.625215e+08
2.670789e+08
2.730155e+08
2.805152e+08
2.89785e+08
0
0
0
0
0
0
0
0
0
0
2.537196e+08
2.580769e+08
2.637522e+08
2.709115e+08
2.797418e+08
0
0
0
0
0
0
0
0
0
0
2.457361e+08
2.499054e+08
2.553386e+08
2.621911e+08
2.706328e+08
0
0
0
0
0
0
0
0
0
0
2.383824e+08
2.423736e+08
2.475784e+08
2.541451e+08
2.622324e+08
0
0
0
0
0
0
0
0
0
0
2.314234e+08
2.352275e+08
2.40213e+08
2.465047e+08
2.542553e+08
0
0
0
0
0
0
0
0
0
0
2.245471e+08
2.281659e+08
2.329191e+08
2.38939e+08
2.463534e+08
0
0
0
0
0
0
0
0
0
0
0
0
0
0
0
0
0
0
0
0
2.175797e+08
2.209876e+08
2.255094e+08
2.312407e+08
2.383173e+08
0
0
0
0
0
0
0
0
0
0
0
0
0
0
0
0
0
0
0
0
2.106851e+08
2.138825e+08
2.181525e+08
2.236043e+08
2.303358e+08
0
0
0
0
0
0
0
0
0
0
0
0
0
0
0
0
0
0
0
0
2.04129e+08
2.070404e+08
2.11066e+08
2.162255e+08
2.226312e+08
0
0
0
0
0
0
0
0
0
0
0
0
0
0
0
0
0
0
0
0
1.98001e+08
2.006406e+08
2.04351e+08
2.092314e+08
2.15305e+08
0
0
0
0
0
0
0
0
0
0
0
0
0
0
0
0
0
0
0
0
1.925375e+08
1.947001e+08
1.981132e+08
2.026481e+08
2.084073e+08
0
0
0
0
0
0
0
0
0
0
0
0
0
0
0
0
0
0
0
0
1.876969e+08
1.894025e+08
1.923202e+08
1.965294e+08
2.019114e+08
0
0
0
0
0
0
0
0
0
0
0
0
0
0
0
0
0
0
0
0
1.839675e+08
1.846699e+08
1.871089e+08
1.908009e+08
1.95825e+08
0
0
0
0
0
0
0
0
0
0
0
0
0
0
0
0
0
0
0
0
1.811756e+08
1.809267e+08
1.823633e+08
1.855473e+08
1.900271e+08
0
0
0
0
0
0
0
0
0
0
0
0
0
0
0
0
0
0
0
0
1.780008e+08
1.78449e+08
1.806236e+08
1.845548e+08
0
0
0
0
0
0
0
0
0
0
0
0
0
0
0
0
0
0
0
0
1.752977e+08
1.764301e+08
1.793353e+08
0
0
0
0
0
0
0
0
0
0
1.73206e+08
1.750147e+08
0
0
0
0
0
0
0
0
0
0
1.719013e+08
0
0
0
0
0
0
0
0
0
0
0
0
0
0
0
0
0
0
0
0
0
0
0
0
0
0
0
0
0
2.532635e+08
2.576129e+08
2.632767e+08
2.7042e+08
2.79229e+08
0
0
0
0
0
0
0
0
0
0
2.448927e+08
2.490497e+08
2.544633e+08
2.612887e+08
2.696941e+08
0
0
0
0
0
0
0
0
0
0
2.373002e+08
2.41277e+08
2.464587e+08
2.52992e+08
2.610347e+08
0
0
0
0
0
0
0
0
0
0
2.303203e+08
2.341124e+08
2.390766e+08
2.453368e+08
2.530438e+08
0
0
0
0
0
0
0
0
0
0
2.237148e+08
2.273278e+08
2.320689e+08
2.380687e+08
2.454545e+08
0
0
0
0
0
0
0
0
0
0
2.172102e+08
2.206201e+08
2.251408e+08
2.308685e+08
2.379377e+08
0
0
0
0
0
0
0
0
0
0
0
0
0
0
0
0
0
0
0
0
2.106193e+08
2.138206e+08
2.180953e+08
2.23551e+08
2.302862e+08
0
0
0
0
0
0
0
0
0
0
0
0
0
0
0
0
0
0
0
0
2.04174e+08
2.070897e+08
2.111195e+08
2.162843e+08
2.226955e+08
0
0
0
0
0
0
0
0
0
0
0
0
0
0
0
0
0
0
0
0
1.98046e+08
2.00687e+08
2.044001e+08
2.092833e+08
2.153604e+08
0
0
0
0
0
0
0
0
0
0
0
0
0
0
0
0
0
0
0
0
1.925375e+08
1.947001e+08
1.981132e+08
2.026481e+08
2.084073e+08
0
0
0
0
0
0
0
0
0
0
0
0
0
0
0
0
0
0
0
0
1.876543e+08
1.893606e+08
1.92276e+08
1.964834e+08
2.018622e+08
0
0
0
0
0
0
0
0
0
0
0
0
0
0
0
0
0
0
0
0
1.839285e+08
1.846288e+08
1.870692e+08
1.907573e+08
1.957786e+08
0
0
0
0
0
0
0
0
0
0
0
0
0
0
0
0
0
0
0
0
1.812086e+08
1.809825e+08
1.824171e+08
1.856056e+08
1.900826e+08
0
0
0
0
0
0
0
0
0
0
0
0
0
0
0
0
0
0
0
0
1.782546e+08
1.787372e+08
1.80914e+08
1.848588e+08
0
0
0
0
0
0
0
0
0
0
0
0
0
0
0
0
0
0
0
0
1.758621e+08
1.770438e+08
1.799625e+08
0
0
0
0
0
0
0
0
0
0
0
0
0
0
0
0
0
0
0
0
1.73928e+08
1.75791e+08
0
0
0
0
0
0
0
0
0
0
1.725835e+08
0
0
0
0
0
0
0
0
0
0
0
0
0
0
0
0
0
0
0
0
0
0
0
0
0
0
0
0
0
0
0
0
0
0
0
0
0
2.44457e+08
2.486068e+08
2.540096e+08
2.608202e+08
2.692059e+08
0
0
0
0
0
0
0
0
0
0
2.36492e+08
2.404574e+08
2.456213e+08
2.521292e+08
2.601383e+08
0
0
0
0
0
0
0
0
0
0
2.292813e+08
2.330605e+08
2.380033e+08
2.442329e+08
2.51898e+08
0
0
0
0
0
0
0
0
0
0
2.226541e+08
2.262558e+08
2.309776e+08
2.369482e+08
2.44294e+08
0
0
0
0
0
0
0
0
0
0
2.164067e+08
2.198119e+08
2.243212e+08
2.300307e+08
2.370732e+08
0
0
0
0
0
0
0
0
0
0
2.10261e+08
2.134631e+08
2.177374e+08
2.231895e+08
2.299183e+08
0
0
0
0
0
0
0
0
0
0
0
0
0
0
0
0
0
0
0
0
2.041069e+08
2.070275e+08
2.110608e+08
2.162296e+08
2.226442e+08
0
0
0
0
0
0
0
0
0
0
0
0
0
0
0
0
0
0
0
0
1.980887e+08
2.00732e+08
2.044497e+08
2.093373e+08
2.154198e+08
0
0
0
0
0
0
0
0
0
0
0
0
0
0
0
0
0
0
0
0
1.925799e+08
1.947445e+08
1.981593e+08
2.026972e+08
2.084594e+08
0
0
0
0
0
0
0
0
0
0
0
0
0
0
0
0
0
0
0
0
1.876543e+08
1.893606e+08
1.92276e+08
1.964834e+08
2.018622e+08
0
0
0
0
0
0
0
0
0
0
0
0
0
0
0
0
0
0
0
0
1.838876e+08
1.845867e+08
1.870275e+08
1.907133e+08
1.957324e+08
0
0
0
0
0
0
0
0
0
0
0
0
0
0
0
0
0
0
0
0
1.811551e+08
1.809435e+08
1.823758e+08
1.855655e+08
1.900385e+08
0
0
0
0
0
0
0
0
0
0
0
0
0
0
0
0
0
0
0
0
1.782854e+08
1.787908e+08
1.809658e+08
1.849155e+08
0
0
0
0
0
0
0
0
0
0
0
0
0
0
0
0
0
0
0
0
1.7611e+08
1.773273e+08
1.8025e+08
0
0
0
0
0
0
0
0
0
0
0
0
0
0
0
0
0
0
0
0
1.744852e+08
1.764013e+08
0
0
0
0
0
0
0
0
0
0
0
0
0
0
0
0
0
0
0
0
1.733018e+08
0
0
0
0
0
0
0
0
0
0
0
0
0
0
0
0
0
0
0
0
0
0
0
0
0
0
0
0
0
0
0
0
0
0
0
0
0
0
0
0
0
0
0
0
2.360752e+08
2.40034e+08
2.45188e+08
2.51682e+08
2.596729e+08
0
0
0
0
0
0
0
0
0
0
2.285058e+08
2.322746e+08
2.372009e+08
2.434072e+08
2.510408e+08
0
0
0
0
0
0
0
0
0
0
2.216556e+08
2.252452e+08
2.299476e+08
2.358896e+08
2.431969e+08
0
0
0
0
0
0
0
0
0
0
2.153849e+08
2.187804e+08
2.232717e+08
2.289544e+08
2.359595e+08
0
0
0
0
0
0
0
0
0
0
2.094858e+08
2.126824e+08
2.169467e+08
2.223816e+08
2.29086e+08
0
0
0
0
0
0
0
0
0
0
2.037575e+08
2.066805e+08
2.107123e+08
2.158783e+08
2.222868e+08
0
0
0
0
0
0
0
0
0
0
0
0
0
0
0
0
0
0
0
0
1.980234e+08
2.006685e+08
2.043905e+08
2.09281e+08
2.153672e+08
0
0
0
0
0
0
0
0
0
0
0
0
0
0
0
0
0
0
0
0
1.926191e+08
1.947874e+08
1.982046e+08
2.027472e+08
2.08514e+08
0
0
0
0
0
0
0
0
0
0
0
0
0
0
0
0
0
0
0
0
1.876969e+08
1.894025e+08
1.923202e+08
1.965294e+08
2.019114e+08
0
0
0
0
0
0
0
0
0
0
0
0
0
0
0
0
0
0
0
0
1.838876e+08
1.845867e+08
1.870275e+08
1.907133e+08
1.957324e+08
0
0
0
0
0
0
0
0
0
0
0
0
0
0
0
0
0
0
0
0
1.811077e+08
1.80903e+08
1.823341e+08
1.855239e+08
1.899943e+08
0
0
0
0
0
0
0
0
0
0
0
0
0
0
0
0
0
0
0
0
1.782322e+08
1.787515e+08
1.809242e+08
1.848749e+08
0
0
0
0
0
0
0
0
0
0
0
0
0
0
0
0
0
0
0
0
1.761389e+08
1.77379e+08
1.803005e+08
0
0
0
0
0
0
0
0
0
0
0
0
0
0
0
0
0
0
0
0
1.747289e+08
1.766821e+08
0
0
0
0
0
0
0
0
0
0
0
0
0
0
0
0
0
0
0
0
1.738558e+08
0
0
0
0
0
0
0
0
0
0
0
0
0
0
0
0
0
0
0
0
0
0
0
0
0
0
0
0
0
0
0
0
0
0
0
0
0
0
0
0
0
0
0
0
0
0
0
0
0
0
0
0
0
0
0
0
0
0
0
0
2.281064e+08
2.318693e+08
2.367865e+08
2.429799e+08
2.505965e+08
0
0
0
0
0
0
0
0
0
0
2.209107e+08
2.244907e+08
2.291779e+08
2.350982e+08
2.423764e+08
0
0
0
0
0
0
0
0
0
0
2.144239e+08
2.178088e+08
2.222817e+08
2.279382e+08
2.349074e+08
0
0
0
0
0
0
0
0
0
0
2.085018e+08
2.116883e+08
2.159364e+08
2.213461e+08
2.280161e+08
0
0
0
0
0
0
0
0
0
0
2.030069e+08
2.059269e+08
2.099482e+08
2.150987e+08
2.214841e+08
0
0
0
0
0
0
0
0
0
0
1.976861e+08
2.003298e+08
2.040521e+08
2.089388e+08
2.150197e+08
0
0
0
0
0
0
0
0
0
0
0
0
0
0
0
0
0
0
0
0
1.92553e+08
1.947253e+08
1.981439e+08
2.026903e+08
2.084596e+08
0
0
0
0
0
0
0
0
0
0
0
0
0
0
0
0
0
0
0
0
1.877379e+08
1.894419e+08
1.923633e+08
1.965752e+08
2.019621e+08
0
0
0
0
0
0
0
0
0
0
0
0
0
0
0
0
0
0
0
0
1.839285e+08
1.846288e+08
1.870692e+08
1.907573e+08
1.957786e+08
0
0
0
0
0
0
0
0
0
0
0
0
0
0
0
0
0
0
0
0
1.811077e+08
1.80903e+08
1.823341e+08
1.855239e+08
1.899943e+08
0
0
0
0
0
0
0
0
0
0
0
0
0
0
0
0
0
0
0
0
1.781854e+08
1.787113e+08
1.808824e+08
1.848331e+08
0
0
0
0
0
0
0
0
0
0
0
0
0
0
0
0
0
0
0
0
1.760858e+08
1.773393e+08
1.802582e+08
0
0
0
0
0
0
0
0
0
0
0
0
0
0
0
0
0
0
0
0
1.747562e+08
1.767324e+08
0
0
0
0
0
0
0
0
0
0
0
0
0
0
0
0
0
0
0
0
1.74097e+08
0
0
0
0
0
0
0
0
0
0
0
0
0
0
0
0
0
0
0
0
0
0
0
0
0
0
0
0
0
0
0
0
0
0
0
0
0
0
0
0
0
0
0
0
0
0
0
0
0
0
0
0
0
0
0
0
0
0
0
0
0
0
0
0
0
0
0
0
0
0
0
0
0
0
0
2.205278e+08
2.241023e+08
2.287811e+08
2.346895e+08
2.419519e+08
0
0
0
0
0
0
0
0
0
0
2.137074e+08
2.170837e+08
2.215424e+08
2.271788e+08
2.341209e+08
0
0
0
0
0
0
0
0
0
0
2.075769e+08
2.107527e+08
2.149842e+08
2.203693e+08
2.270059e+08
0
0
0
0
0
0
0
0
0
0
2.020564e+08
2.049692e+08
2.089741e+08
2.141017e+08
2.204546e+08
0
0
0
0
0
0
0
0
0
0
1.969633e+08
1.995998e+08
2.033142e+08
2.081852e+08
2.14245e+08
0
0
0
0
0
0
0
0
0
0
1.922236e+08
1.943983e+08
1.978135e+08
2.023579e+08
2.081211e+08
0
0
0
0
0
0
0
0
0
0
0
0
0
0
0
0
0
0
0
0
1.876788e+08
1.893789e+08
1.923039e+08
1.965168e+08
2.01907e+08
0
0
0
0
0
0
0
0
0
0
0
0
0
0
0
0
0
0
0
0
1.839675e+08
1.846699e+08
1.871089e+08
1.908009e+08
1.95825e+08
0
0
0
0
0
0
0
0
0
0
0
0
0
0
0
0
0
0
0
0
1.811551e+08
1.809435e+08
1.823758e+08
1.855655e+08
1.900385e+08
0
0
0
0
0
0
0
0
0
0
0
0
0
0
0
0
0
0
0
0
1.781854e+08
1.787113e+08
1.808824e+08
1.848331e+08
0
0
0
0
0
0
0
0
0
0
0
0
0
0
0
0
0
0
0
0
1.760393e+08
1.772992e+08
1.802164e+08
0
0
0
0
0
0
0
0
0
0
0
0
0
0
0
0
0
0
0
0
1.747029e+08
1.766922e+08
0
0
0
0
0
0
0
0
0
0
0
0
0
0
0
0
0
0
0
0
1.741231e+08
0
0
0
0
0
0
0
0
0
0
0
0
0
0
0
0
0
0
0
0
0
0
0
0
0
0
0
0
0
0
0
0
0
0
0
0
0
0
0
0
0
0
0
0
0
0
0
0
0
0
0
0
0
0
0
0
0
0
0
0
0
0
0
0
0
0
0
0
0
0
0
0
0
0
0
0
0
0
0
0
0
0
0
0
0
0
0
0
0
2.133398e+08
2.167111e+08
2.21162e+08
2.267873e+08
2.337147e+08
0
0
0
0
0
0
0
0
0
0
2.068875e+08
2.100548e+08
2.142735e+08
2.196396e+08
2.262511e+08
0
0
0
0
0
0
0
0
0
0
2.011637e+08
2.040682e+08
2.080569e+08
2.131618e+08
2.194834e+08
0
0
0
0
0
0
0
0
0
0
1.960483e+08
1.986741e+08
2.023753e+08
2.072237e+08
2.132536e+08
0
0
0
0
0
0
0
0
0
0
1.915219e+08
1.93695e+08
1.970984e+08
2.0163e+08
2.07372e+08
0
0
0
0
0
0
0
0
0
0
1.873673e+08
1.890593e+08
1.919848e+08
1.961921e+08
2.01578e+08
0
0
0
0
0
0
0
0
0
0
0
0
0
0
0
0
0
0
0
0
1.839088e+08
1.846137e+08
1.870485e+08
1.907437e+08
1.957683e+08
0
0
0
0
0
0
0
0
0
0
0
0
0
0
0
0
0
0
0
0
1.812086e+08
1.809825e+08
1.824171e+08
1.856056e+08
1.900826e+08
0
0
0
0
0
0
0
0
0
0
0
0
0
0
0
0
0
0
0
0
1.782322e+08
1.787515e+08
1.809242e+08
1.848749e+08
0
0
0
0
0
0
0
0
0
0
0
0
0
0
0
0
0
0
0
0
1.760393e+08
1.772992e+08
1.802164e+08
0
0
0
0
0
0
0
0
0
0
0
0
0
0
0
0
0
0
0
0
1.746566e+08
1.766519e+08
0
0
0
0
0
0
0
0
0
0
0
0
0
0
0
0
0
0
0
0
1.740693e+08
0
0
0
0
0
0
0
0
0
0
0
0
0
0
0
0
0
0
0
0
0
0
0
0
0
0
0
0
0
0
0
0
0
0
0
0
0
0
0
0
0
0
0
0
0
0
0
0
0
0
0
0
0
0
0
0
0
0
0
0
0
0
0
0
0
0
0
0
0
0
0
0
0
0
0
0
0
0
0
0
0
0
0
0
0
0
0
0
0
0
0
0
0
0
0
0
0
0
0
0
0
0
2.065344e+08
2.096969e+08
2.139083e+08
2.192642e+08
2.258621e+08
0
0
0
0
0
0
0
0
0
0
2.004986e+08
2.033965e+08
2.073726e+08
2.124602e+08
2.187581e+08
0
0
0
0
0
0
0
0
0
0
1.951889e+08
1.978041e+08
2.014918e+08
2.063181e+08
2.123191e+08
0
0
0
0
0
0
0
0
0
0
1.906352e+08
1.928035e+08
1.961907e+08
2.00703e+08
2.064159e+08
0
0
0
0
0
0
0
0
0
0
1.866982e+08
1.883762e+08
1.912955e+08
1.954864e+08
2.008544e+08
0
0
0
0
0
0
0
0
0
0
1.836048e+08
1.843114e+08
1.867364e+08
1.904299e+08
1.954469e+08
0
0
0
0
0
0
0
0
0
0
0
0
0
0
0
0
0
0
0
0
1.811756e+08
1.809267e+08
1.823633e+08
1.855473e+08
1.90027e+08
0
0
0
0
0
0
0
0
0
0
0
0
0
0
0
0
0
0
0
0
1.782854e+08
1.787908e+08
1.809658e+08
1.849155e+08
0
0
0
0
0
0
0
0
0
0
0
0
0
0
0
0
0
0
0
0
1.760858e+08
1.773393e+08
1.802582e+08
0
0
0
0
0
0
0
0
0
0
0
0
0
0
0
0
0
0
0
0
1.746566e+08
1.766519e+08
0
0
0
0
0
0
0
0
0
0
0
0
0
0
0
0
0
0
0
0
1.74023e+08
0
0
0
0
0
0
0
0
0
0
0
0
0
0
0
0
0
0
0
0
0
0
0
0
0
0
0
0
0
0
0
0
0
0
0
0
0
0
0
0
0
0
0
0
0
0
0
0
0
0
0
0
0
0
0
0
0
0
0
0
0
0
0
0
0
0
0
0
0
0
0
0
0
0
0
0
0
0
0
0
0
0
0
0
0
0
0
0
0
0
0
0
0
0
0
0
0
0
0
0
0
0
0
0
0
0
0
0
0
0
0
0
0
0
2.001586e+08
2.030526e+08
2.070217e+08
2.120998e+08
2.183849e+08
0
0
0
0
0
0
0
0
0
0
1.945487e+08
1.971558e+08
2.008329e+08
2.056424e+08
2.116216e+08
0
0
0
0
0
0
0
0
0
0
1.89803e+08
1.919657e+08
1.953373e+08
1.998304e+08
2.055154e+08
0
0
0
0
0
0
0
0
0
0
1.858497e+08
1.875121e+08
1.904211e+08
1.9459e+08
1.999325e+08
0
0
0
0
0
0
0
0
0
0
1.82954e+08
1.836598e+08
1.860668e+08
1.897496e+08
1.947453e+08
0
0
0
0
0
0
0
0
0
0
1.809139e+08
1.806316e+08
1.820681e+08
1.852404e+08
1.897164e+08
0
0
0
0
0
0
0
0
0
0
0
0
0
0
0
0
0
0
0
0
1.782546e+08
1.787372e+08
1.80914e+08
1.848588e+08
0
0
0
0
0
0
0
0
0
0
0
0
0
0
0
0
0
0
0
0
1.761389e+08
1.77379e+08
1.803005e+08
0
0
0
0
0
0
0
0
0
0
0
0
0
0
0
0
0
0
0
0
1.747029e+08
1.766922e+08
0
0
0
0
0
0
0
0
0
0
0
0
0
0
0
0
0
0
0
0
1.74023e+08
0
0
0
0
0
0
0
0
0
0
0
0
0
0
0
0
0
0
0
0
0
0
0
0
0
0
0
0
0
0
0
0
0
0
0
0
0
0
0
0
0
0
0
0
0
0
0
0
0
0
0
0
0
0
0
0
0
0
0
0
0
0
0
0
0
0
0
0
0
0
0
0
0
0
0
0
0
0
0
0
0
0
0
0
0
0
0
0
0
0
0
0
0
0
0
0
0
0
0
0
0
0
0
0
0
0
0
0
0
0
0
0
0
0
0
0
0
0
0
0
0
0
0
0
0
1.942219e+08
1.968245e+08
2.004956e+08
2.05296e+08
2.112633e+08
0
0
0
0
0
0
0
0
0
0
1.891834e+08
1.913414e+08
1.947011e+08
1.991797e+08
2.048435e+08
0
0
0
0
0
0
0
0
0
0
1.850518e+08
1.867004e+08
1.895989e+08
1.93747e+08
1.990647e+08
0
0
0
0
0
0
0
0
0
0
1.821288e+08
1.828326e+08
1.85219e+08
1.888859e+08
1.938537e+08
0
0
0
0
0
0
0
0
0
0
1.803228e+08
1.799977e+08
1.814293e+08
1.845793e+08
1.8904e+08
0
0
0
0
0
0
0
0
0
0
1.780008e+08
1.78449e+08
1.806236e+08
1.845548e+08
0
0
0
0
0
0
0
0
0
0
0
0
0
0
0
0
0
0
0
0
1.7611e+08
1.773273e+08
1.8025e+08
0
0
0
0
0
0
0
0
0
0
0
0
0
0
0
0
0
0
0
0
1.747562e+08
1.767324e+08
0
0
0
0
0
0
0
0
0
0
0
0
0
0
0
0
0
0
0
0
1.740693e+08
0
0
0
0
0
0
0
0
0
0
0
0
0
0
0
0
0
0
0
0
0
0
0
0
0
0
0
0
0
0
0
0
0
0
0
0
0
0
0
0
0
0
0
0
0
0
0
0
0
0
0
0
0
0
0
0
0
0
0
0
0
0
0
0
0
0
0
0
0
0
0
0
0
0
0
0
0
0
0
0
0
0
0
0
0
0
0
0
0
0
0
0
0
0
0
0
0
0
0
0
0
0
0
0
0
0
0
0
0
0
0
0
0
0
0
0
0
0
0
0
0
0
0
0
0
0
0
0
0
0
0
0
0
0
0
1.888676e+08
1.910228e+08
1.943761e+08
1.988467e+08
2.044991e+08
0
0
0
0
0
0
0
0
0
0
1.844573e+08
1.86096e+08
1.889861e+08
1.931186e+08
1.984176e+08
0
0
0
0
0
0
0
0
0
0
1.813529e+08
1.820543e+08
1.844223e+08
1.880736e+08
1.930152e+08
0
0
0
0
0
0
0
0
0
0
1.795594e+08
1.791931e+08
1.806175e+08
1.837417e+08
1.881808e+08
0
0
0
0
0
0
0
0
0
0
1.774251e+08
1.778275e+08
1.799928e+08
1.838975e+08
0
0
0
0
0
0
0
0
0
0
1.758621e+08
1.770438e+08
1.799625e+08
0
0
0
0
0
0
0
0
0
0
0
0
0
0
0
0
0
0
0
0
1.747289e+08
1.766821e+08
0
0
0
0
0
0
0
0
0
0
0
0
0
0
0
0
0
0
0
0
1.741231e+08
0
0
0
0
0
0
0
0
0
0
0
0
0
0
0
0
0
0
0
0
0
0
0
0
0
0
0
0
0
0
0
0
0
0
0
0
0
0
0
0
0
0
0
0
0
0
0
0
0
0
0
0
0
0
0
0
0
0
0
0
0
0
0
0
0
0
0
0
0
0
0
0
0
0
0
0
0
0
0
0
0
0
0
0
0
0
0
0
0
0
0
0
0
0
0
0
0
0
0
0
0
0
0
0
0
0
0
0
0
0
0
0
0
0
0
0
0
0
0
0
0
0
0
0
0
0
0
0
0
0
0
0
0
0
0
0
0
0
0
0
0
0
0
0
0
1.841546e+08
1.857881e+08
1.886735e+08
1.927976e+08
1.980865e+08
0
0
0
0
0
0
0
0
0
0
1.807747e+08
1.814741e+08
1.838288e+08
1.874681e+08
1.923903e+08
0
0
0
0
0
0
0
0
0
0
1.788353e+08
1.78436e+08
1.798533e+08
1.829545e+08
1.873728e+08
0
0
0
0
0
0
0
0
0
0
1.766807e+08
1.770377e+08
1.791907e+08
1.830642e+08
0
0
0
0
0
0
0
0
0
0
1.752977e+08
1.764301e+08
1.793353e+08
0
0
0
0
0
0
0
0
0
0
1.744852e+08
1.764013e+08
0
0
0
0
0
0
0
0
0
0
0
0
0
0
0
0
0
0
0
0
1.74097e+08
0
0
0
0
0
0
0
0
0
0
0
0
0
0
0
0
0
0
0
0
0
0
0
0
0
0
0
0
0
0
0
0
0
0
0
0
0
0
0
0
0
0
0
0
0
0
0
0
0
0
0
0
0
0
0
0
0
0
0
0
0
0
0
0
0
0
0
0
0
0
0
0
0
0
0
0
0
0
0
0
0
0
0
0
0
0
0
0
0
0
0
0
0
0
0
0
0
0
0
0
0
0
0
0
0
0
0
0
0
0
0
0
0
0
0
0
0
0
0
0
0
0
0
0
0
0
0
0
0
0
0
0
0
0
0
0
0
0
0
0
0
0
0
0
0
0
0
0
0
0
0
0
0
0
0
1.804808e+08
1.811789e+08
1.835266e+08
1.871594e+08
1.920711e+08
0
0
0
0
0
0
0
0
0
0
1.782937e+08
1.778718e+08
1.792835e+08
1.82368e+08
1.867706e+08
0
0
0
0
0
0
0
0
0
0
1.759742e+08
1.762943e+08
1.784355e+08
1.822811e+08
0
0
0
0
0
0
0
0
0
0
1.74567e+08
1.756497e+08
1.785373e+08
0
0
0
0
0
0
0
0
0
0
1.73928e+08
1.75791e+08
0
0
0
0
0
0
0
0
0
0
1.738558e+08
0
0
0
0
0
0
0
0
0
0
0
0
0
0
0
0
0
0
0
0
0
0
0
0
0
0
0
0
0
0
0
0
0
0
0
0
0
0
0
0
0
0
0
0
0
0
0
0
0
0
0
0
0
0
0
0
0
0
0
0
0
0
0
0
0
0
0
0
0
0
0
0
0
0
0
0
0
0
0
0
0
0
0
0
0
0
0
0
0
0
0
0
0
0
0
0
0
0
0
0
0
0
0
0
0
0
0
0
0
0
0
0
0
0
0
0
0
0
0
0
0
0
0
0
0
0
0
0
0
0
0
0
0
0
0
0
0
0
0
0
0
0
0
0
0
0
0
0
0
0
0
0
0
0
0
0
0
0
0
0
0
0
0
0
0
1.780183e+08
1.77585e+08
1.789938e+08
1.820695e+08
1.864636e+08
0
0
0
0
0
0
0
0
0
0
1.754455e+08
1.757401e+08
1.778724e+08
1.816978e+08
0
0
0
0
0
0
0
0
0
0
1.738733e+08
1.749149e+08
1.777859e+08
0
0
0
0
0
0
0
0
0
0
1.73206e+08
1.750146e+08
0
0
0
0
0
0
0
0
0
0
1.733018e+08
0
0
0
0
0
0
0
0
0
0
0
0
0
0
0
0
0
0
0
0
0
0
0
0
0
0
0
0
0
0
0
0
0
0
0
0
0
0
0
0
0
0
0
0
0
0
0
0
0
0
0
0
0
0
0
0
0
0
0
0
0
0
0
0
0
0
0
0
0
0
0
0
0
0
0
0
0
0
0
0
0
0
0
0
0
0
0
0
0
0
0
0
0
0
0
0
0
0
0
0
0
0
0
0
0
0
0
0
0
0
0
0
0
0
0
0
0
0
0
0
0
0
0
0
0
0
0
0
0
0
0
0
0
0
0
0
0
0
0
0
0
0
0
0
0
0
0
0
0
0
0
0
0
0
0
0
0
0
0
0
0
0
0
0
0
1.751768e+08
1.754586e+08
1.775861e+08
1.814009e+08
0
0
0
0
0
0
0
0
0
0
1.73354e+08
1.743672e+08
1.772258e+08
0
0
0
0
0
0
0
0
0
0
1.725203e+08
1.742836e+08
0
0
0
0
0
0
0
0
0
0
1.725835e+08
0
0
0
0
0
0
0
0
0
0
0
0
0
0
0
0
0
0
0
0
0
0
0
0
0
0
0
0
0
0
0
0
0
0
0
0
0
0
0
0
0
0
0
0
0
0
0
0
0
0
0
0
0
0
0
0
0
0
0
0
0
0
0
0
0
0
0
0
0
0
0
0
0
0
0
0
0
0
0
0
0
0
0
0
0
0
0
0
0
0
0
0
0
0
0
0
0
0
0
0
0
0
0
0
0
0
0
0
0
0
0
0
0
0
0
0
0
0
0
0
0
0
0
0
0
0
0
0
0
0
0
0
0
0
0
0
0
0
0
0
0
0
0
0
0
0
0
0
0
0
0
0
0
0
0
0
0
0
0
0
0
0
0
0
0
1.730902e+08
1.74089e+08
1.76941e+08
0
0
0
0
0
0
0
0
0
0
1.72007e+08
1.737387e+08
0
0
0
0
0
0
0
0
0
0
1.719013e+08
0
0
0
0
0
0
0
0
0
0
0
0
0
0
0
0
0
0
0
0
0
0
0
0
0
0
0
0
0
0
0
0
0
0
0
0
0
0
0
0
0
0
0
0
0
0
0
0
0
0
0
0
0
0
0
0
0
0
0
0
0
0
0
0
0
0
0
0
0
0
0
0
0
0
0
0
0
0
0
0
0
0
0
0
0
0
0
0
0
0
0
0
0
0
0
0
0
0
0
0
0
0
0
0
0
0
0
0
0
0
0
0
0
0
0
0
0
0
0
0
0
0
0
0
0
0
0
0
0
0
0
0
0
0
0
0
0
0
0
0
0
0
0
0
0
0
0
0
0
0
0
0
0
0
0
0
0
0
0
0
0
0
0
0
1.717463e+08
1.73462e+08
0
0
0
0
0
0
0
0
0
0
1.713906e+08
0
0
0
0
0
0
0
0
0
0
0
0
0
0
0
0
0
0
0
0
0
0
0
0
0
0
0
0
0
0
0
0
0
0
0
0
0
0
0
0
0
0
0
0
0
0
0
0
0
0
0
0
0
0
0
0
0
0
0
0
0
0
0
0
0
0
0
0
0
0
0
0
0
0
0
0
0
0
0
0
0
0
0
0
0
0
0
0
0
0
0
0
0
0
0
0
0
0
0
0
0
0
0
0
0
0
0
0
0
0
0
0
0
0
0
0
0
0
0
0
0
0
0
0
0
0
0
0
0
0
0
0
0
0
0
0
0
0
0
0
0
0
0
0
0
0
0
0
0
0
0
0
0
0
0
0
0
0
0
0
0
0
1.711314e+08
0
0
0
0
0
0
0
0
0
0
0
0
0
0
0
0
0
0
0
0
0
0
0
0
0
0
0
0
0
0
0
0
0
0
0
0
0
0
0
0
0
0
0
0
0
0
0
0
0
0
0
0
0
0
0
0
0
0
0
0
0
0
0
0
0
0
0
0
0
0
0
0
0
0
0
0
0
0
0
0
0
0
0
0
0
0
0
0
0
0
0
0
0
0
0
0
0
0
0
0
0
0
0
0
0
0
0
0
0
0
0
0
0
0
0
0
0
0
0
0
0
0
0
0
0
0
0
0
0
0
0
0
0
0
0
0
0
0
0
0
0
0
0
0
0
0
0
0
0
0
0
0
0
0
0
0
0
0
0
0
0
0
0
0
0
0
0
0
0
0
0
0
0
0
0
0
0
0
0
0
0
0
0
0
0
0
0
0
0
0
0
0
0
0
0
0
0
0
0
0
0
0
0
0
0
0
0
0
0
0
0
0
0
0
0
0
0
0
0
0
0
0
0
0
0
0
0
0
0
0
0
0
0
0
0
0
0
0
0
0
0
0
0
0
0
0
0
0
0
0
0
0
0
0
0
0
0
0
0
0
0
0
0
0
0
0
0
0
0
0
0
0
0
0
0
0
0
0
0
0
0
0
0
0
0
0
0
0
0
0
0
0
0
0
0
0
0
0
0
0
0
0
0
0
0
0
0
0
0
0
0
0
0
0
0
0
0
0
0
0
0
0
0
0
0
0
0
0
0
0
0
0
0
0
0
0
0
0
0
0
0
0
0
0
0
0
0
0
0
0
0
0
0
0
0
0
0
0
0
0
0
0
0
0
0
0
0
0
0
0
0
0
0
0
0
0
0
0
0
0
0
0
0
0
0
0
0
0
0
0
0
0
0
0
0
0
0
0
0
0
0
0
0
0
0
0
0
0
0
0
0
0
0
0
0
0
0
0
0
0
0
0
0
0
0
0
0
0
0
0
0
0
0
0
0
0
0
0
0
0
0
0
0
0
0
0
0
0
0
0
0
0
0
0
0
0
0
0
0
0
0
0
0
0
0
0
0
0
0
0
0
0
0
0
0
0
0
0
0
0
0
0
0
0
0
0
0
0
0
0
0
0
0
0
0
0
0
0
0
0
0
0
0
0
0
0
0
0
0
0
0
0
0
0
0
0
0
0
0
0
0
0
0
0
0
0
0
0
0
0
0
0
0
0
0
0
0
0
0
0
0
0
0
0
0
0
0
0
0
0
0
0
0
0
0
0
0
0
0
0
0
0
0
0
0
0
0
0
0
0
0
0
0
0
0
0
0
0
0
0
0
0
0
0
0
0
0
0
0
0
0
0
0
0
0
0
0
0
0
0
0
0
0
0
0
0
0
0
0
0
0
0
0
0
0
0
0
0
0
0
0
0
0
0
0
0
0
0
0
0
0
0
0
0
0
0
0
0
0
0
0
0
0
0
0
0
0
0
0
0
0
0
0
0
0
0
0
0
0
0
0
0
0
0
0
0
0
0
0
0
0
0
0
0
0
0
0
0
0
0
0
0
0
0
0
0
0
0
0
0
0
0
0
0
0
0
0
0
0
0
0
0
0
0
0
0
0
0
0
0
0
0
0
0
0
0
0
0
0
0
0
0
0
0
0
0
0
0
0
0
0
0
0
0
0
0
0
0
0
0
0
0
0
0
0
0
0
0
0
0
0
0
0
0
0
0
0
0
0
0
0
0
0
0
0
0
0
0
0
0
0
0
0
0
0
0
0
0
0
0
0
0
0
0
0
0
0
0
0
0
0
0
0
0
0
0
0
0
0
0
0
0
0
0
0
0
0
0
0
0
0
0
0
0
0
0
0
0
0
0
0
0
0
0
0
0
0
0
0
0
0
0
0
0
0
0
0
0
0
0
0
0
0
0
0
0
0
0
0
0
0
0
0
0
0
0
0
0
0
0
0
0
0
0
0
0
0
0
0
0
0
0
0
0
0
0
0
0
0
0
0
0
0
0
0
0
0
0
0
0
0
0
0
0
0
0
0
0
0
0
0
0
0
0
0
0
0
0
0
0
0
0
0
0
0
0
0
0
0
0
0
0
0
0
0
0
0
0
0
0
0
0
0
0
0
0
0
0
0
0
0
0
0
0
0
0
0
0
0
0
0
0
0
0
0
0
0
0
0
0
0
0
0
0
0
0
0
0
0
0
0
0
0
0
0
0
0
0
0
0
0
0
0
0
0
0
0
0
0
)
;

boundaryField
{
    anodeSides
    {
        type            calculated;
        value           uniform 0;
    }
    fuelInlet
    {
        type            calculated;
        value           uniform 0;
    }
    fuelOutlet
    {
        type            calculated;
        value           uniform 0;
    }
    fuel_to_electrolyte
    {
        type            calculated;
        value           uniform 0;
    }
    fuel_to_interconnect
    {
        type            calculated;
        value           uniform 0;
    }
}


// ************************************************************************* //
