/*--------------------------------*- C++ -*----------------------------------*\
| =========                 |                                                 |
| \\      /  F ield         | OpenFOAM: The Open Source CFD Toolbox           |
|  \\    /   O peration     | Version:  2306                                  |
|   \\  /    A nd           | Website:  www.openfoam.com                      |
|    \\/     M anipulation  |                                                 |
\*---------------------------------------------------------------------------*/
FoamFile
{
    version     2.0;
    format      ascii;
    arch        "LSB;label=32;scalar=64";
    class       cellSet;
    location    "constant/fuel/polyMesh/sets";
    object      anode;
}
// * * * * * * * * * * * * * * * * * * * * * * * * * * * * * * * * * * * * * //


4000
(
8192
8193
8194
8205
8206
8207
8208
8209
8220
8221
8222
8223
8224
8235
8236
8237
8238
8239
8260
8261
8262
8263
8264
8285
8286
8287
8288
8289
8310
8311
8312
8313
8314
8335
8336
8337
8338
8339
8360
8361
8362
8363
8364
8385
8386
8387
8388
8389
8410
8411
8412
8413
8414
8435
8436
8437
8438
8439
8460
8461
8462
8463
8464
285
8485
8486
8487
8488
8489
8500
8501
8502
8503
8504
8515
8516
8517
8518
8519
8530
8531
8532
8533
8534
351
8544
8545
8546
8547
8548
362
363
8559
8560
8561
8562
8563
8574
8575
8576
8577
8578
8589
8590
8591
8592
8593
8604
8605
8606
8607
8608
8619
8620
8621
429
8622
8623
440
441
8634
8635
8636
8637
8638
452
453
454
8659
8660
8661
8662
8663
8684
8685
8686
8687
8688
8709
8710
8711
8712
520
8713
531
532
8734
8735
543
8736
544
8737
545
8738
556
557
558
559
8759
8760
8761
8762
8763
8784
8785
8786
8787
8788
8809
8810
8811
8812
8813
625
636
637
8834
8835
8836
8837
8838
648
649
650
661
662
663
664
8859
8860
8861
8862
8863
675
676
677
678
679
8884
8885
8886
8887
8888
8899
8900
8901
8902
8903
8914
8915
8916
8917
8918
8928
8929
8930
8931
8932
745
8941
8942
8943
8944
8945
756
757
8956
8957
8958
8959
8960
768
769
770
8971
8972
8973
781
8974
782
8975
783
784
8986
8987
795
8988
796
8989
797
8990
798
799
9001
9002
810
9003
811
9004
812
9005
813
814
9016
9017
9018
9019
9020
9031
9032
9033
9034
9035
9056
9057
9058
9059
9060
880
9081
9082
9083
891
9084
892
9085
903
904
905
9106
9107
9108
916
9109
917
9110
918
919
930
931
932
933
934
9131
9132
9133
9134
9135
945
946
947
948
949
960
961
962
963
9156
964
9157
9158
9159
9160
9181
9182
9183
9184
9185
9206
9207
9208
9209
9210
1030
9231
9232
9233
1041
9234
1042
9235
1053
1054
1055
9256
9257
9258
1066
9259
1067
9260
1068
1069
1080
1081
1082
1083
1084
9281
9282
9283
9284
9285
1095
1096
1097
1098
1099
9296
9297
9298
9299
9300
1110
1111
1112
1113
1114
9310
9311
9312
9313
9314
1125
1126
1127
1128
1129
9323
9324
9325
9326
9327
9335
9336
9337
9338
9339
9350
9351
9352
9353
9354
9365
9366
9367
9368
9369
9380
9381
9382
9383
9384
1195
9395
9396
9397
9398
1206
9399
1207
9410
1218
9411
1219
9412
1220
9413
9414
1231
1232
9425
1233
9426
1234
9427
9428
9429
1245
1246
1247
1248
1249
9450
9451
9452
1260
9453
1261
9454
1262
1263
1264
1275
1276
1277
1278
1279
9475
9476
9477
9478
9479
1290
1291
1292
1293
1294
1305
1306
1307
9500
1308
9501
1309
9502
9503
9504
9525
9526
9527
9528
9529
9550
9551
9552
9553
9554
1375
9575
9576
9577
9578
1386
9579
1387
1398
1399
1400
9600
9601
9602
9603
1411
9604
1412
1413
1414
1425
1426
1427
1428
1429
9625
9626
9627
9628
9629
1440
1441
1442
1443
1444
1455
1456
1457
9650
1458
9651
1459
9652
9653
9654
1470
1471
1472
1473
1474
9675
9676
9677
1485
9678
1486
9679
1487
1488
1489
9689
9690
9691
9692
1500
9693
1501
1502
1503
1504
9702
9703
9704
9705
9706
9714
9715
9716
9717
9718
9725
9726
9727
9728
9729
9740
9741
9742
9743
9744
9755
9756
9757
9758
9759
1569
9770
9771
9772
1580
9773
1581
9774
1592
9785
1593
9786
1594
9787
9788
9789
1605
1606
1607
9800
1608
9801
9802
9803
9804
1619
1620
1621
1622
9815
1623
9816
9817
9818
9819
1634
1635
1636
1637
1638
9840
9841
9842
1650
9843
1651
9844
1652
1653
1654
1665
1666
1667
1668
1669
9865
9866
9867
9868
9869
1680
1681
1682
1683
1684
1695
1696
1697
9890
1698
9891
1699
9892
9893
9894
1710
1711
1712
1713
1714
9915
9916
9917
9918
9919
9940
9941
9942
9943
9944
9965
9966
9967
9968
9969
1777
1788
1789
9990
9991
9992
1800
9993
1801
9994
1802
1813
1814
1815
1816
10015
10016
10017
10018
10019
1827
1828
1829
1830
1831
1842
1843
1844
1845
1846
10040
10041
10042
10043
10044
1858
1859
1860
1861
1862
10064
10065
10066
10067
1875
10068
1876
1877
1878
1879
10077
10078
10079
10080
10081
1890
1891
1892
1893
1894
10089
10090
10091
10092
10093
1905
1906
1907
10100
1908
10101
1909
10102
10103
10104
10110
10111
10112
1920
10113
1921
10114
1922
1923
1924
10125
10126
10127
1935
10128
1936
10129
1937
1938
1939
10140
10141
10142
10143
10144
10155
10156
10157
10158
10159
10170
10171
10172
10173
10174
10185
10186
10187
10188
10189
1999
10200
10201
10202
2010
10203
2011
10204
2022
2023
2024
10225
10226
10227
2035
10228
2036
10229
2037
2038
2049
2050
2051
2052
2053
10250
10251
10252
10253
10254
2064
2065
2066
2067
2068
2080
2081
2082
10275
2083
10276
2084
10277
10278
10279
2097
2098
2099
2100
2101
10300
10301
10302
10303
10304
2115
2116
2117
2118
2119
2130
2131
2132
10325
2133
10326
2134
10327
10328
10329
2145
2146
2147
2148
2149
10350
10351
10352
2160
10353
2161
10354
2162
2163
2164
2175
2176
2177
2178
2179
10375
10376
10377
10378
10379
10400
10401
10402
10403
10404
10424
10425
10426
10427
2235
10428
2246
2247
10447
10448
10449
10450
2258
10451
2259
2260
10459
10460
10461
10462
10463
2271
2272
2273
2274
10470
10471
10472
10473
10474
2285
2286
2287
10480
2288
10481
2289
10482
10483
10484
10489
10490
10491
10492
2300
10493
2301
2302
2303
2304
10504
10505
10506
10507
10508
2316
2317
2318
2319
2320
10519
10520
10521
10522
10523
2333
2334
2335
2336
2337
10534
10535
10536
10537
10538
2351
2352
2353
2354
2355
10549
10550
10551
10552
10553
2370
2371
10564
2372
10565
2373
10566
2374
10567
10568
2385
2386
10579
2387
10580
2388
10581
2389
10582
10583
2400
2401
2402
2403
2404
10604
10605
10606
10607
2415
10608
2416
2417
2418
2419
2430
2431
2432
2433
2434
10629
10630
10631
10632
10633
10654
10655
10656
10657
10658
2485
10679
10680
10681
10682
10683
2496
2497
2508
2509
2510
10704
10705
10706
10707
10708
2521
2522
2523
2524
2535
2536
10729
2537
10730
2538
10731
2539
10732
10733
2550
2551
2552
2553
2554
10754
10755
10756
10757
10758
2566
2567
2568
2569
2570
2583
2584
2585
10778
2586
10779
2587
10780
10781
10782
2601
2602
2603
2604
2605
10801
10802
10803
10804
10805
2620
2621
2622
2623
2624
10823
10824
10825
10826
10827
2640
2641
10834
2642
10835
2643
10836
2644
10837
10838
10844
10845
10846
10847
2655
10848
2656
2657
2658
2659
10853
10854
10855
10856
10857
10861
10862
2670
10863
2671
10864
2672
10865
2673
2674
10876
10877
2685
10878
2686
10879
2687
10880
2688
2689
10891
10892
2700
10893
2701
10894
2702
10895
2703
2704
10906
10907
10908
10909
10910
10921
10922
10923
10924
10925
10936
10937
10938
10939
10940
2749
10951
10952
2760
10953
2761
10954
10955
2772
2773
2774
10976
10977
2785
10978
2786
10979
2787
10980
2788
2799
2800
2801
2802
2803
11001
11002
11003
11004
11005
2814
2815
2816
2817
2818
2830
2831
2832
2833
11026
2834
11027
11028
11029
11030
2847
2848
2849
2850
2851
11051
11052
11053
11054
11055
2865
2866
2867
2868
2869
11076
2884
11077
2885
11078
2886
11079
2887
11080
2888
2904
2905
2906
2907
2908
11101
11102
11103
11104
11105
2925
2926
2927
2928
2929
11125
11126
11127
11128
11129
2940
2941
2942
2943
2944
2955
11148
2956
11149
2957
11150
2958
11151
2959
11152
2970
2971
2972
2973
2974
11170
11171
11172
11173
11174
2985
2986
2987
2988
2989
11191
11192
11193
11194
11195
11201
11202
11203
11204
11205
11210
11211
11212
11213
11214
11218
11219
3027
11220
11221
11222
11225
11226
11227
11228
11229
3038
3039
11240
11241
11242
3050
11243
3051
11244
3052
11255
3063
11256
3064
11257
3065
11258
3066
11259
3077
11270
3078
11271
3079
11272
3080
11273
3081
11274
3092
11285
3093
11286
3094
11287
3095
11288
3096
11289
11300
3108
11301
3109
11302
3110
11303
3111
11304
3112
11315
11316
11317
3125
11318
3126
11319
3127
3128
3129
3143
3144
3145
3146
3147
11340
11341
11342
11343
11344
3162
3163
3164
3165
3166
11365
11366
11367
11368
11369
3182
3183
3184
3185
3186
11390
11391
11392
11393
11394
3203
3204
3205
3206
3207
11415
11416
11417
3225
11418
3226
11419
3227
3228
3229
3240
3241
3242
3243
3244
11440
11441
11442
11443
11444
3255
3256
3257
3258
3259
3270
3271
11464
3272
11465
3273
11466
3274
11467
11468
3285
3286
3287
3288
3289
11487
11488
11489
11490
11491
11509
11510
11511
3319
11512
11513
3330
3331
11530
11531
11532
11533
11534
3342
3343
3344
3355
3356
3357
11550
3358
11551
11552
11553
11554
11559
11560
11561
3369
11562
3370
11563
3371
3372
3373
11567
11568
11569
11570
11571
11574
11575
11576
3384
11577
3385
11578
3386
3387
11580
3388
11581
11582
11583
11584
3400
3401
3402
11595
3403
11596
3404
11597
11598
11599
3417
11610
3418
11611
3419
11612
3420
11613
3421
11614
11625
11626
11627
3435
11628
3436
11629
3437
3438
3439
11640
11641
11642
11643
11644
3454
3455
3456
3457
3458
11655
11656
11657
11658
11659
3474
3475
3476
3477
11670
3478
11671
11672
11673
11674
3495
3496
3497
3498
3499
11695
11696
11697
11698
11699
3517
3518
3519
3520
3521
11720
11721
11722
11723
11724
3540
3541
3542
3543
3544
11745
11746
11747
3555
11748
3556
11749
3557
3558
3559
3570
3571
3572
3573
3574
11770
11771
11772
11773
11774
3585
3586
3587
3588
3589
3600
3601
11794
3602
11795
3603
11796
3604
11797
11798
11817
3625
11818
11819
11820
11821
3636
3637
11839
11840
3648
11841
3649
11842
3650
11843
3661
3662
3663
3664
11860
11861
11862
11863
11864
3675
3676
3677
3678
3679
11880
11881
11882
3690
11883
3691
11884
3692
3693
3694
3706
11899
3707
11900
3708
11901
3709
11902
3710
11903
11907
11908
11909
11910
11911
11914
11915
3723
11916
3724
11917
3725
11918
3726
3727
11920
11921
11922
11923
11924
11925
11926
11927
11928
11929
3741
3742
3743
3744
3745
11940
11941
11942
11943
11944
3760
3761
3762
11955
3763
11956
3764
11957
11958
11959
11970
11971
11972
3780
11973
3781
11974
3782
3783
3784
11985
11986
11987
11988
11989
3801
3802
3803
3804
3805
12000
12001
12002
12003
12004
12015
3823
12016
3824
12017
3825
12018
3826
12019
3827
3846
3847
12040
3848
12041
3849
12042
3850
12043
12044
3870
3871
3872
12065
3873
12066
3874
12067
12068
12069
3885
3886
3887
3888
3889
12090
12091
12092
3900
12093
3901
12094
3902
3903
3904
3915
3916
3917
3918
3919
12114
12115
12116
12117
12118
3930
3931
3932
3933
3934
12137
3945
12138
12139
12140
12141
3956
3957
12159
12160
3968
12161
3969
12162
3970
12163
3981
3982
3983
3984
12180
12181
12182
12183
12184
3995
3996
3997
3998
3999
12200
12201
12202
4010
12203
4011
12204
4012
4013
4014
4026
12219
4027
12220
4028
12221
4029
12222
4030
12223
4043
4044
12237
4045
12238
4046
12239
4047
12240
12241
12244
12245
12246
12247
12248
12250
12251
12252
12253
4061
12254
4062
12255
4063
12256
4064
12257
4065
12258
12259
12260
12261
12262
12263
4080
4081
12274
4082
12275
4083
12276
4084
12277
12278
12289
12290
12291
12292
4100
12293
4101
4102
4103
4104
12304
12305
12306
12307
12308
4121
4122
4123
4124
4125
12319
12320
12321
12322
12323
12334
12335
4143
12336
4144
12337
4145
12338
4146
4147
12349
12350
12351
12352
12353
4166
4167
4168
4169
4170
12374
12375
12376
12377
12378
4190
4191
4192
4193
4194
12399
12400
12401
12402
12403
4215
4216
4217
4218
4219
4230
12423
4231
12424
4232
12425
4233
12426
4234
12427
4245
4246
4247
4248
4249
12446
12447
12448
12449
12450
4260
4261
4262
4263
4264
4275
12468
4276
12469
4277
12470
4278
12471
4279
12472
4290
4291
12489
12490
12491
12492
12493
4302
4303
4304
4315
4316
12509
4317
12510
4318
12511
12512
12513
4329
4330
4331
4332
4333
12528
12529
12530
12531
12532
4344
4345
4346
4347
4348
12546
12547
12548
12549
12550
4359
4360
4361
4362
4363
12563
12564
12565
12566
12567
4376
12569
4377
12570
4378
12571
4379
12572
4380
12573
12574
12575
12576
12577
12578
12579
12580
12581
12582
12583
12584
12585
4394
4395
4396
4397
4398
12596
12597
12598
12599
12600
4413
4414
4415
4416
4417
12611
12612
12613
12614
12615
4433
12626
4434
12627
4435
12628
4436
12629
4437
12630
12641
12642
12643
12644
12645
4454
4455
4456
4457
4458
12656
12657
12658
12659
12660
4476
4477
4478
12671
4479
12672
4480
12673
12674
12675
4499
4500
4501
4502
4503
12696
12697
12698
12699
12700
4523
4524
4525
4526
4527
12720
12721
12722
12723
12724
4548
4549
4550
12743
4551
12744
4552
12745
12746
12747
12765
4573
12766
4574
12767
4575
12768
4576
12769
4577
4588
4589
4590
4591
4592
12786
12787
12788
12789
12790
4603
4604
4605
4606
4607
12806
12807
12808
12809
12810
4618
4619
4620
4621
4622
12825
4633
12826
4634
12827
4635
12828
4636
12829
4637
4648
4649
4650
12843
12844
12845
12846
12847
4661
4662
4663
4664
12860
12861
12862
12863
12864
4675
4676
4677
4678
4679
12876
12877
12878
12879
12880
12881
12882
4690
12883
4691
12884
4692
12885
4693
12886
4694
12887
12888
12889
12890
12891
12892
12893
12894
4705
4706
4707
4708
4709
12905
12906
12907
12908
12909
4720
4721
4722
4723
4724
12920
12921
12922
12923
12924
4738
4739
4740
4741
4742
12935
12936
12937
12938
12939
4757
12950
4758
12951
4759
12952
4760
12953
4761
12954
12965
12966
12967
12968
12969
4777
4778
4779
4780
4781
12980
12981
12982
12983
12984
4798
4799
4800
4801
4802
13004
13005
13006
13007
13008
4820
4821
4822
4823
4824
13027
13028
13029
13030
13031
4843
4844
4845
4846
4847
13049
13050
13051
13052
13053
4867
4868
4869
4870
4871
13070
13071
13072
13073
13074
4892
4893
4894
4895
4896
13090
13091
13092
13093
13094
13109
4917
13110
4918
13111
4919
13112
4920
13113
4921
13127
13128
13129
13130
13131
4942
4943
4944
4945
4946
13144
13145
13146
13147
13148
4957
4958
4959
4960
4961
13160
13161
13162
13163
13164
4972
4973
4974
4975
4976
13175
13176
13177
13178
13179
4987
13180
4988
13181
4989
13182
4990
13183
4991
13184
13185
13186
13187
13188
13189
5002
5003
5004
5005
5006
13200
13201
13202
13203
13204
5017
5018
5019
5020
13215
13216
13217
13218
13219
5031
5032
5033
5034
5035
13230
13231
13232
13233
13234
5046
5047
5048
5049
5050
13245
13246
13247
13248
13249
5061
5062
5063
5064
5065
13260
13261
13262
13263
13264
5076
5077
5078
5079
5080
13274
13275
13276
13277
13278
5091
5092
5093
5094
5095
13297
13298
13299
13300
13301
5110
5111
5112
5113
5114
13319
13320
13321
13322
5130
13323
5131
5132
5133
5134
13340
13341
13342
13343
5151
13344
5152
5153
5154
5155
13360
13361
13362
13363
13364
5173
5174
5175
5176
5177
13379
13380
13381
13382
13383
5196
5197
5198
5199
5200
13397
13398
13399
13400
13401
5220
5221
13414
5222
13415
5223
13416
5224
13417
13418
13430
13431
13432
13433
13434
5245
5246
5247
5248
5249
13445
13446
13447
13448
13449
13460
13461
13462
5270
13463
5271
13464
5272
13465
5273
13466
5274
13467
13468
13469
13480
13481
13482
13483
13484
5295
5296
5297
5298
5299
13495
13496
13497
13498
13499
13510
13511
13512
5320
13513
5321
13514
5322
5323
5324
13525
13526
13527
5335
13528
5336
13529
5337
5338
5339
13539
13540
13541
13542
5350
13543
5351
5352
5353
5354
13552
13553
13554
13555
13556
5365
5366
5367
5368
5369
5380
5381
13574
5382
13575
5383
13576
5384
13577
13578
5395
5396
5397
5398
5399
13595
13596
13597
13598
13599
5410
5411
5412
5413
5414
13615
13616
13617
5425
13618
5426
13619
5427
5428
5429
5440
5441
13634
5442
13635
5443
13636
5444
13637
13638
5455
5456
5457
5458
5459
13652
13653
13654
13655
13656
5470
5471
5472
5473
5474
13669
13670
13671
13672
13673
5490
5491
5492
13685
5493
13686
5494
13687
13688
13689
13700
13701
13702
13703
5511
13704
5512
5513
5514
5515
13715
13716
13717
13718
5533
5534
5535
5536
13729
5537
13730
13731
13732
13733
13734
13745
13746
13747
13748
5556
13749
5557
5558
5559
5560
13760
13761
13762
13763
13764
5580
5581
5582
13775
5583
13776
5584
13777
13778
13779
13789
13790
13791
13792
13793
5605
5606
5607
5608
5609
13802
13803
13804
13805
13806
13814
13815
13816
13817
13818
5630
5631
5632
5633
5634
13835
13836
13837
13838
13839
5655
5656
5657
5658
5659
13855
13856
13857
13858
13859
5680
5681
13874
5682
13875
5683
13876
5684
13877
13878
13892
13893
13894
13895
13896
5705
5706
5707
5708
5709
13909
13910
13911
13912
5720
13913
5721
5722
5723
5724
13925
13926
13927
5735
13928
5736
13929
5737
5738
5739
13940
13941
13942
5750
13943
5751
13944
5752
5753
5754
13955
13956
13957
5765
13958
5766
5767
5768
5769
13969
13970
13971
5780
5781
5782
5783
5784
13982
13983
13984
5795
5796
5797
5798
5799
13995
13996
13997
13998
13999
5810
5811
5812
5813
5814
14010
14011
14012
14013
14014
5825
5826
5827
5828
5829
14024
14025
14026
14027
14028
5840
5841
5842
5843
5844
14037
14038
14039
14040
14041
5855
5856
14049
5857
14050
5858
14051
5859
14052
14053
14060
14061
14062
14063
14064
5876
5877
5878
5879
5880
14080
14081
14082
14083
14084
5898
5899
5900
5901
5902
14099
14100
14101
14102
14103
5921
5922
5923
5924
14117
5925
14118
14119
14120
14121
14134
14135
14136
14137
5945
14138
5946
5947
5948
5949
14150
14151
14152
14153
14154
5970
5971
5972
14165
5973
14166
5974
14167
14168
14169
14180
14181
14182
14183
5995
5996
5997
5998
5999
14194
14195
14196
14207
14208
6020
6021
6022
6023
6024
14219
14230
14231
14232
14233
14234
6045
6046
6047
6048
6049
14244
14245
14246
14247
14248
14257
14258
14259
14260
14261
6070
6071
6072
6073
6074
14269
14270
14271
14272
14273
14280
14281
14282
14283
14284
6095
6096
6097
14290
6098
14291
6099
14292
14293
14294
6110
6111
6112
6113
6114
14309
14310
14311
14312
14313
6125
6126
6127
6128
6129
14327
14328
14329
14330
14331
6140
6141
6142
6143
6144
14344
14345
14346
14347
6155
14348
6156
6157
6158
6159
14360
14361
14362
6170
14363
6171
14364
6172
6173
6174
14375
14376
14377
6185
14378
6186
14379
6187
6188
6189
14390
14391
14392
6200
14393
6201
6202
6203
6204
14404
14405
14406
6215
6216
6217
6218
6219
14417
14418
6230
6231
6232
6233
6234
14429
6245
6246
6247
6248
6249
14449
14450
14451
14452
14453
6267
6268
6269
14462
6270
14463
6271
14464
14465
14466
14474
14475
14476
14477
14478
6290
6291
6292
14485
6293
14486
6294
14487
14488
14489
14495
14496
14497
14498
14499
14504
14505
14506
6314
14507
6315
14508
6316
6317
6318
14522
14523
14524
14525
14526
6339
6340
6341
6342
6343
14539
14540
14541
14542
14543
14555
14556
6364
14557
6365
14558
6366
14559
6367
6368
14570
14571
14572
14573
14574
6389
6390
6391
6392
14585
6393
14586
14587
14588
14599
14600
14601
6414
6415
6416
6417
6418
14612
14613
14624
6439
6440
6441
6442
6443
14653
14654
14655
14656
6464
14657
6465
6466
6467
6468
14665
14666
14667
14668
14669
14676
14677
14678
14679
14680
6489
6490
6491
6492
6493
14686
14687
14688
14689
14690
14695
14696
6504
14697
6505
14698
6506
14699
6507
6508
14703
14704
14705
14706
14707
6519
6520
6521
6522
6523
14720
14721
14722
14723
14724
6534
6535
6536
6537
6538
14736
14737
14738
14739
14740
6549
6550
6551
6552
6553
14751
14752
14753
14754
14755
6564
6565
6566
6567
6568
14766
14767
14768
14769
6579
6580
6581
6582
6583
14780
14781
14782
6594
6595
6596
6597
6598
14793
14794
6609
6610
6611
6612
14805
6613
6624
6625
6626
6627
6628
6639
6640
6641
6642
6643
14842
14843
14844
14845
14846
14853
14854
6662
14855
6663
14856
6664
14857
6665
6666
14863
14864
14865
14866
14867
14872
14873
14874
14875
14876
6686
6687
14880
6688
14881
6689
14882
6690
14883
14884
14887
14888
14889
14890
14891
14903
6711
14904
6712
14905
6713
14906
6714
14907
6715
14918
14919
14920
14921
14922
6736
6737
6738
6739
6740
14933
14934
14935
14936
14947
14948
14949
6761
6762
6763
6764
6765
14960
14961
14972
6786
6787
6788
6789
6790
6811
6812
6813
6814
6815
15016
15017
15018
15019
15020
15026
15027
15028
6836
15029
6837
15030
6838
6839
6840
15035
15036
15037
15038
15039
15043
15044
15045
15046
15047
15050
15051
15052
15053
6861
15054
6862
6863
15056
6864
15057
6865
15058
15059
15060
15071
15072
15073
15074
15075
6886
6887
6888
6889
6890
15086
15087
15088
15089
6901
6902
6903
6904
6905
15100
15101
15102
6916
6917
6918
6919
6920
15113
15114
6931
6932
15125
6933
6934
6935
6946
6947
6948
6949
6950
6961
6962
6963
6964
6965
6976
6977
6978
6979
6980
15175
15176
15177
15178
15179
6991
15184
6992
15185
6993
15186
6994
15187
6995
15188
15192
15193
15194
15195
15196
7006
15199
7007
15200
7008
15201
7009
15202
7010
15203
15205
15206
15207
15208
15209
15210
15211
15212
15213
7021
15214
7022
7023
7024
7025
15225
15226
15227
15228
7036
7037
7038
7039
7040
15239
15240
15241
15252
7060
15253
7061
7062
7063
7064
15264
7085
7086
7087
7088
7089
7110
7111
7112
7113
7114
15319
15320
15321
15322
15323
15327
7135
15328
7136
15329
7137
15330
7138
15331
7139
15334
15335
15336
15337
15338
15340
15341
15342
15343
15344
15345
15346
15347
15348
15349
15350
15351
15352
7160
15353
7161
7162
7163
7164
15364
15365
15366
15377
7185
15378
7186
7187
7188
7189
15389
7210
7211
7212
7213
7214
7235
7236
7237
7238
7239
15448
15449
15450
15451
15452
7260
7261
7262
15455
7263
15456
7264
15457
15458
15459
15461
15462
15463
15464
15465
15466
15467
15468
15469
15470
15471
15472
15473
15474
15475
15476
15477
7285
7286
7287
7288
7289
15488
15489
7300
7301
7302
7303
7304
15500
7315
7316
7317
7318
7319
7330
7331
7332
7333
7334
7345
7346
7347
7348
7349
7360
7361
7362
7363
7364
15562
15563
15564
15565
15566
7375
15568
7376
15569
7377
15570
7378
15571
7379
15572
15573
15574
15575
15576
15577
15578
15579
15580
15581
15582
7390
15583
7391
15584
7392
15585
7393
15586
7394
15597
7405
7406
7407
7408
7409
7420
7421
7422
7423
7424
7435
7436
7437
7438
7439
7460
7461
7462
7463
7464
15661
15662
15663
15664
15665
15666
15667
15668
15669
15670
15671
15672
15673
15674
15675
15676
15677
7485
15678
7486
15679
7487
15680
7488
7489
7510
7511
7512
7513
7514
7535
7536
7537
7538
7539
15745
15746
15747
15748
15749
15750
15751
15752
7560
15753
7561
15754
7562
15755
7563
15756
7564
15757
15758
15759
7585
7586
7587
7588
7589
7610
7611
7612
7613
7614
15815
15816
15817
15818
15819
15820
15821
15822
15823
15824
7635
7636
7637
7638
7639
7660
7661
7662
7663
7664
15870
15871
15872
15873
15874
15875
7685
7686
7687
7688
7689
7700
7701
7702
7703
7704
7715
7716
7717
7718
7719
15912
15913
15914
7730
7731
7732
7733
7734
7745
7746
7747
7748
7749
15943
7760
7761
7762
7763
7764
7775
7776
7777
7778
7779
7790
7791
7792
7793
7794
7805
7806
7807
7808
7809
7820
7821
7822
7823
7824
7835
7836
7837
7838
7839
7860
7861
7862
7863
7864
7885
7886
7887
7888
7889
7910
7911
7912
7913
7914
7935
7936
7937
7938
7939
7960
7961
7962
7963
7964
7985
7986
7987
7988
7989
8010
8011
8012
8013
8014
8035
8036
8037
8038
8039
8060
8061
8062
8063
8064
8085
8086
8087
8088
8089
8100
8101
8102
8103
8104
8115
8116
8117
8118
8119
8130
8131
8132
8133
8134
8145
8146
8147
8148
8149
8160
8161
8162
8163
8164
8175
8176
8177
8178
8179
8190
8191
)


// ************************************************************************* //
