/*--------------------------------*- C++ -*----------------------------------*\
| =========                 |                                                 |
| \\      /  F ield         | OpenFOAM: The Open Source CFD Toolbox           |
|  \\    /   O peration     | Version:  2306                                  |
|   \\  /    A nd           | Website:  www.openfoam.com                      |
|    \\/     M anipulation  |                                                 |
\*---------------------------------------------------------------------------*/
FoamFile
{
    version     2.0;
    format      ascii;
    arch        "LSB;label=32;scalar=64";
    class       cellSet;
    location    "constant/phiI/polyMesh/sets";
    object      membrane;
}
// * * * * * * * * * * * * * * * * * * * * * * * * * * * * * * * * * * * * * //


4000
(
8197
8198
8199
8200
8201
8209
8210
8211
8212
8213
8220
8221
8222
8223
8224
8235
8236
8237
8238
8239
55
8250
8251
8252
8253
8254
8265
8266
8267
8268
76
8269
82
83
8280
8281
8282
8283
8284
8295
8296
104
8297
8298
8299
110
111
117
8310
118
8311
119
8312
8313
8314
8325
8326
8327
8328
8329
140
146
147
8340
8341
8342
8343
8344
153
154
155
161
162
8355
163
8356
164
8357
8358
8359
8370
8371
8372
8373
8374
185
191
192
8385
8386
8387
8388
8389
198
199
200
206
207
8400
208
8401
209
8402
8403
8404
215
216
217
218
219
8415
8416
8417
8418
8419
8430
8431
8432
240
8433
8434
246
247
8445
253
8446
254
8447
255
8448
8449
261
262
263
264
8459
8460
8461
8462
270
8463
271
272
273
274
8472
280
8473
281
8474
282
8475
283
8476
284
8484
8485
8486
8487
8488
8495
8496
8497
8498
306
8499
312
8505
313
8506
8507
8508
8509
319
320
321
327
8520
328
8521
329
8522
330
8523
8524
336
337
338
339
340
8535
8536
8537
8538
346
8539
347
348
349
350
357
8550
358
8551
359
8552
360
8553
361
8554
8565
8566
8567
8568
8569
384
8580
8581
8582
390
8583
391
8584
397
398
399
8595
8596
8597
405
8598
406
8599
407
408
414
415
416
417
8610
418
8611
8612
8613
8614
424
425
426
427
428
8625
8626
8627
435
8628
436
8629
437
438
439
447
8640
448
8641
449
8642
450
8643
451
8644
8655
8656
8657
8658
8659
475
8670
8671
8672
8673
481
8674
482
488
489
490
8685
8686
8687
8688
496
8689
497
498
499
505
506
507
8700
508
8701
509
8702
8703
8704
515
516
517
518
519
8715
8716
8717
8718
526
8719
527
528
529
530
8729
8730
538
8731
539
8732
540
8733
541
542
8742
8743
551
8744
552
8745
553
8746
554
555
8754
8755
8756
8757
8758
8765
8766
8767
8768
8769
580
8775
8776
8777
8778
586
8779
587
8785
593
8786
594
8787
595
8788
601
602
603
604
8799
8800
8801
8802
610
8803
611
612
613
614
620
621
8814
622
8815
623
8816
624
8817
8818
631
632
633
634
635
8829
8830
8831
8832
8833
643
644
645
646
647
8844
8845
8846
8847
8848
656
657
658
659
660
8859
8860
8861
8862
670
8863
671
672
673
674
8874
8875
8876
8877
8878
8889
8890
8891
8892
700
8893
706
707
8904
8905
713
8906
714
8907
715
8908
721
722
723
724
8919
8920
8921
8922
730
8923
731
732
733
734
740
741
8934
742
8935
743
8936
744
8937
8938
751
752
753
754
755
8949
8950
8951
8952
8953
763
764
765
766
767
8964
8965
8966
8967
8968
776
777
778
779
780
8979
8980
8981
8982
790
8983
791
792
793
794
8993
8994
8995
8996
8997
805
806
807
808
809
9006
9007
9008
9009
9010
9018
9019
9020
9021
9022
835
9029
9030
9031
9032
9033
841
842
9039
9040
848
9041
849
9042
850
9043
856
9049
857
9050
858
9051
859
9052
865
9058
866
9059
867
9060
868
869
875
876
877
878
9071
879
9072
9073
9074
9075
886
887
888
889
890
9086
9087
9088
9089
9090
898
899
900
901
902
9101
9102
9103
911
9104
912
9105
913
914
915
9116
9117
925
9118
926
9119
927
9120
928
929
9131
9132
940
9133
941
9134
942
9135
943
944
9146
9147
955
9148
956
9149
957
9150
958
959
9161
9162
9163
9164
9165
9176
9177
985
9178
9179
9180
991
992
998
9191
999
9192
1000
9193
9194
9195
1006
1007
1008
1009
9206
9207
1015
9208
1016
9209
1017
9210
1018
1019
1025
1026
1027
1028
9221
1029
9222
9223
9224
9225
1036
1037
1038
1039
1040
9236
9237
9238
9239
9240
1048
1049
1050
1051
1052
9250
9251
9252
9253
1061
9254
1062
1063
1064
1065
9263
9264
9265
9266
9267
1075
1076
1077
1078
1079
9275
9276
9277
9278
9279
1090
1091
1092
1093
9286
1094
9287
9288
9289
9290
9296
9297
1105
9298
1106
9299
1107
9300
1108
1109
9306
9307
9308
9309
1120
1121
1122
9315
1123
9316
1124
9317
9323
9324
9335
9336
9337
9338
9339
1150
1156
1157
9350
9351
9352
9353
9354
1163
1164
1165
1171
1172
9365
1173
9366
1174
9367
9368
9369
1180
1181
1182
1183
1184
9380
9381
9382
1190
9383
1191
9384
1192
1193
1194
1201
1202
9395
1203
9396
1204
9397
1205
9398
9399
1213
1214
1215
1216
1217
9410
9411
9412
9413
9414
1226
1227
1228
1229
1230
9425
9426
9427
9428
9429
1240
1241
1242
1243
1244
9440
9441
9442
9443
9444
1255
1256
1257
1258
1259
9455
9456
9457
9458
9459
1270
1271
1272
1273
1274
9470
9471
9472
9473
9474
1285
1286
1287
1288
1289
9485
9486
9487
9488
9489
1300
1301
1302
1303
1304
9499
9500
9501
9502
9503
9512
9513
9514
9515
9516
1330
9524
9525
9526
9527
9528
1336
1337
9535
1343
9536
1344
9537
1345
9538
9539
1351
1352
9545
1353
9546
1354
9547
9548
9549
1360
1361
1362
9555
1363
9556
1364
9557
9558
1370
1371
9564
1372
9565
1373
9566
1374
9572
9573
1381
1382
1383
1384
1385
9579
1393
1394
1395
1396
1397
9590
9591
9592
9593
9594
1406
1407
1408
1409
1410
9605
9606
9607
9608
9609
1420
1421
1422
1423
1424
9620
9621
9622
9623
9624
1435
1436
1437
1438
1439
9635
9636
9637
9638
9639
1450
1451
1452
1453
1454
9650
9651
9652
9653
9654
1465
1466
1467
1468
1469
9665
9666
9667
9668
9669
1480
1481
1482
1483
1484
9680
9681
9682
9683
9684
1495
1496
1497
1498
1499
9695
9696
9697
9698
9699
9710
9711
9712
9713
9714
1524
1530
1531
9725
9726
9727
9728
9729
1537
1538
1539
1545
1546
9739
1547
9740
1548
9741
9742
9743
1554
1555
1556
1557
1558
9752
9753
9754
9755
9756
1564
1565
1566
1567
1568
9764
9765
9766
9767
1575
9768
1576
1577
1578
1579
9775
9776
9777
9778
9779
1587
1588
1589
1590
1591
9785
9786
9787
9788
9789
1600
1601
1602
9795
1603
9796
1604
9797
9798
9804
9805
9806
1614
1615
1616
1617
1618
9812
9813
9819
1629
1630
1631
1632
1633
9835
9836
1644
9837
1645
9838
1646
9839
1647
1648
9850
9851
1659
9852
1660
9853
1661
9854
1662
1663
9865
9866
1674
9867
1675
9868
1676
9869
1677
1678
9880
9881
1689
9882
1690
9883
1691
9884
1692
1693
9895
9896
1704
9897
1705
9898
1706
9899
1707
1708
9910
9911
9912
9913
9914
1731
9925
9926
9927
9928
9929
1737
1738
1744
1745
1746
9940
9941
9942
9943
9944
1752
1753
1754
1755
1761
1762
9955
1763
9956
1764
9957
1765
9958
9959
1771
1772
1773
1774
1775
9969
9970
9971
9972
9973
1782
1783
1784
1785
1786
9982
9983
9984
9985
9986
1794
1795
1796
1797
1798
9994
9995
9996
9997
9998
1807
1808
1809
1810
1811
10005
10006
10007
10008
10009
1821
1822
10015
1823
10016
1824
10017
1825
10018
10019
10025
10026
10027
10028
1836
1837
1838
1839
1840
10034
10035
10036
10042
10043
1851
1852
1853
1854
1855
10049
1866
1867
1868
1869
1870
10069
10070
10071
10072
10073
1881
1882
1883
1884
1885
10084
10085
10086
10087
10088
1896
1897
1898
1899
1900
10099
10100
10101
10102
10103
1911
1912
1913
1914
1915
10114
10115
10116
10117
10118
1926
1927
1928
1929
1930
10129
10130
10131
10132
10133
1950
10144
10145
10146
10147
10148
1956
1957
1963
1964
1965
10159
10160
10161
10162
10163
1971
1972
1973
1974
1980
1981
10174
1982
10175
1983
10176
1984
10177
10178
1990
1991
1992
1993
1994
10188
10189
10190
10191
10192
2001
2002
2003
2004
2005
10201
10202
10203
10204
10205
2013
2014
2015
2016
2017
10213
10214
10215
10216
10217
2026
2027
2028
2029
2030
10224
10225
10226
10227
10228
2040
2041
10234
2042
10235
2043
10236
2044
10237
10238
10244
10245
10246
10247
2055
2056
2057
2058
2059
10253
10254
10255
10261
10262
2070
2071
2072
2073
2074
10268
2085
2086
2087
2088
2089
10291
10292
2100
10293
2101
10294
2102
10295
2103
2104
10306
10307
2115
10308
2116
10309
2117
10310
2118
2119
10321
10322
2130
10323
2131
10324
2132
10325
2133
2134
10336
10337
2145
10338
2146
10339
2147
10340
2148
2149
10351
10352
2160
10353
2161
10354
2162
10355
2163
2164
10366
10367
10368
10369
10370
2180
2186
2187
10381
10382
10383
10384
10385
2193
2194
2195
2201
2202
10395
2203
10396
2204
10397
10398
10399
2210
2211
2212
2213
2214
10408
10409
10410
10411
10412
2220
2221
2222
2223
2224
10420
10421
10422
10423
2231
10424
2232
2233
2234
2235
10431
10432
10433
10434
10435
2243
2244
2245
2246
2247
10441
10442
10443
10444
10445
2256
2257
2258
10451
2259
10452
2260
10453
10454
10460
10461
10462
2270
2271
2272
2273
2274
10468
10469
10475
2285
2286
2287
2288
2289
2300
2301
2302
2303
2304
10500
10501
10502
10503
10504
2315
2316
2317
2318
2319
10515
10516
10517
10518
10519
2330
2331
2332
2333
2334
10530
10531
10532
10533
10534
2345
2346
2347
2348
2349
10545
10546
10547
10548
10549
2360
2361
2362
2363
2364
10560
10561
10562
10563
10564
2375
2376
2377
2378
2379
10575
10576
10577
10578
10579
2390
2391
2392
2393
2394
10589
10590
10591
10592
10593
2405
2406
2407
2408
2409
10602
10603
10604
10605
10606
2420
10614
10615
10616
10617
10618
2426
2427
10625
2433
10626
2434
10627
2435
10628
10629
2441
2442
10635
2443
10636
2444
10637
10638
10639
2450
2451
2452
10645
2453
10646
2454
10647
10648
2460
2461
10654
2462
10655
2463
10656
2464
10662
10663
2471
2472
2473
2474
2475
10669
2483
2484
2485
2486
2487
2496
2497
2498
2499
2500
10695
10696
10697
10698
10699
2510
2511
2512
2513
2514
10710
10711
10712
10713
10714
2525
2526
2527
2528
2529
10725
10726
10727
10728
10729
2540
2541
2542
2543
2544
10740
10741
10742
10743
10744
2555
2556
2557
2558
2559
10755
10756
10757
10758
10759
2570
2571
2572
2573
2574
10769
10770
10771
10772
10773
2585
2586
2587
2588
2589
10782
10783
10784
10785
10786
2600
2601
10794
2602
10795
2603
10796
2604
10797
10798
10805
10806
10807
2615
10808
2616
10809
2617
2618
2619
10815
10816
10817
10818
10819
2630
2631
2632
10825
2633
10826
2634
10827
10828
10834
10835
10836
2645
2646
2647
2648
2649
10842
10843
10849
2660
2661
2662
2663
2664
2675
2676
2682
10875
2683
10876
2684
10877
10878
10879
2690
2691
2692
2693
10890
10891
2699
10892
2700
10893
2701
10894
2702
2703
2709
2710
2711
2712
10905
2713
10906
10907
10908
10909
2720
2721
2722
2723
2724
10920
10921
10922
10923
10924
2732
2733
2734
2735
2736
10934
10935
10936
10937
2745
10938
2746
2747
2748
2749
10947
10948
10949
10950
10951
2759
2760
2761
2762
2763
10959
10960
10961
10962
10963
2774
2775
2776
2777
10970
2778
10971
10972
10973
10974
10980
10981
2789
10982
2790
10983
2791
10984
2792
2793
10990
10991
10992
10993
2804
2805
2806
10999
2807
11000
2808
11001
11007
11008
2819
2820
2821
11014
2822
2823
2834
2835
2836
2837
2838
11040
11041
2849
11042
2850
11043
2851
11044
2852
2853
11055
11056
2864
11057
2865
11058
2866
11059
2867
2868
11070
11071
2879
11072
2880
11073
2881
11074
2882
2883
11084
11085
11086
2894
11087
2895
11088
2896
2897
2898
11097
11098
11099
11100
11101
2909
2910
2911
2912
2913
11109
11110
11111
11112
11113
2924
2925
2926
2927
11120
2928
11121
11122
11123
11124
11130
11131
2939
11132
2940
11133
2941
11134
2947
11140
2948
11141
2949
11142
2950
11143
2956
11149
2957
11150
2958
11151
2959
2960
11157
11158
2966
2967
2968
2969
2970
11164
2977
2978
2979
2980
2981
2989
2990
2991
2992
2993
11190
11191
11192
11193
11194
3002
3003
3004
3005
3006
11205
11206
11207
11208
3016
11209
3017
3018
3019
3020
11219
11220
11221
11222
11223
3031
3032
3033
3034
3035
11232
11233
11234
11235
11236
3046
3047
3048
3049
3050
11244
11245
11246
11247
11248
3061
3062
11255
3063
11256
3064
11257
3065
11258
11259
11265
11266
11267
11268
3076
11269
3077
3078
3079
3080
11275
11276
11277
11278
3091
11284
3092
11285
3093
11286
3094
3095
11292
11293
3106
11299
3107
3108
3109
3110
3121
3122
3123
3124
3125
11325
11326
11327
11328
3136
11329
3137
3138
3139
3140
11339
11340
11341
11342
11343
3151
3152
3153
3154
3155
11352
11353
11354
11355
11356
3166
3167
3168
3169
3170
11364
11365
11366
11367
11368
3181
3182
11375
3183
11376
3184
11377
3185
11378
11379
11385
11386
11387
11388
3196
11389
3197
3198
3199
3200
11395
11396
11397
11398
3211
11404
3212
11405
3213
11406
3214
11412
3220
11413
3221
3222
3223
3224
11419
3230
3231
3232
3233
3234
3241
3242
3243
3244
3245
11444
11445
3253
11446
3254
11447
3255
11448
3256
3257
11457
11458
3266
11459
3267
11460
3268
11461
3269
3270
11469
11470
11471
11472
3280
11473
3281
3282
3283
3284
11480
11481
11482
11483
11484
3295
3296
3297
11490
3298
11491
3299
11492
11493
11494
11500
11501
11502
3310
11503
3311
3312
3313
3314
11509
11510
11511
11517
3325
11518
3326
3327
3328
3329
11524
3340
3341
3342
3343
3344
3355
11548
3356
11549
3357
11550
3358
11551
3359
11552
11560
11561
11562
3370
11563
3371
11564
3372
3373
3374
11571
11572
11573
11574
11575
3385
3386
3387
3388
11581
3389
11582
11583
11584
11585
11591
11592
3400
11593
3401
11594
3402
3403
3404
11600
11601
11602
3415
11608
3416
11609
3417
3418
3419
11615
3430
3431
3432
3433
3434
3445
11638
3446
11639
3447
11640
3448
11641
3449
11642
11649
11650
11651
11652
3460
11653
3461
3462
3463
3464
11659
11660
11661
11662
11663
3475
3476
11669
3477
11670
3478
11671
3479
11672
11678
11679
11680
3490
3491
3492
3493
11686
3494
11687
3500
11693
3501
3502
3503
3504
3511
3512
3513
3514
3515
11715
3523
11716
3524
11717
3525
11718
3526
11719
3527
11725
11726
11727
11728
3536
11729
3537
3538
3539
3540
11735
11736
11737
11738
3550
3551
11744
3552
11745
3553
11746
3554
11752
11753
3565
3566
11759
3567
3568
3569
3580
3581
3582
3583
3584
11780
11781
11782
11783
11784
3595
3596
3597
11790
3598
11791
3599
11792
11793
11799
11800
11801
3610
3611
3612
3613
3614
11807
11808
11814
3625
3626
3627
3628
3629
3640
3641
3642
11835
3643
11836
3644
11837
11838
11844
11845
11846
3655
3656
3657
3658
3659
11852
11853
11859
3670
3671
3672
3673
3674
3685
3686
3687
11880
3688
11881
3689
11882
11888
11889
3700
3701
3702
11895
3703
3704
3715
3716
3717
3718
3719
11916
11917
3730
11923
3731
3732
3733
3734
3745
3746
3747
3748
3749
11944
3760
3761
3762
3763
3764
3775
3776
3777
3778
3779
3786
3787
3788
3789
3790
3798
3799
3800
3801
3802
3811
3812
3813
3814
3815
3825
3826
3827
3828
3829
3840
3841
3842
3843
3844
3855
3856
3857
3858
3859
3870
3871
3872
3873
3874
3885
3886
3887
3888
3889
3900
3901
3902
3903
3904
3915
3916
3917
3918
3919
3930
3931
3932
3933
3934
3945
3946
3947
3948
3949
3960
3961
3962
3963
3964
3975
3976
3977
3978
3979
3990
3991
3992
3993
3994
4005
4006
4007
4008
4009
4020
4021
4022
4023
4024
4035
4036
4037
4038
4039
4050
4051
4052
4053
4054
4065
4066
4067
4068
4069
4077
4078
4079
4080
4081
4090
4091
4092
4093
4094
4104
4105
4106
4107
4108
4119
4120
4121
4122
4123
4134
4135
4136
4137
4138
4149
4150
4151
4152
4153
4164
4165
4166
4167
4168
4179
4180
4181
4182
4183
4194
4195
4196
4197
4198
4209
4210
4211
4212
4213
4224
4225
4226
4227
4228
4239
4240
4241
4242
4243
4254
4255
4256
4257
4258
4269
4270
4271
4272
4273
4284
4285
4286
4287
4288
4299
4300
4301
4302
4303
4314
4315
4316
4317
4318
4329
4330
4331
4332
4333
4344
4345
4346
4347
4348
4359
4360
4361
4362
4363
4372
4373
4374
4375
4376
4386
4387
4388
4389
4390
4401
4402
4403
4404
4405
4416
4417
4418
4419
4420
4431
4432
4433
4434
4435
4446
4447
4448
4449
4450
4461
4462
4463
4464
4465
4476
4477
4478
4479
4480
4491
4492
4493
4494
4495
4506
4507
4508
4509
4510
4521
4522
4523
4524
4525
4536
4537
4538
4539
4540
4551
4552
4553
4554
4555
4566
4567
4568
4569
4570
4581
4582
4583
4584
4585
4596
4597
4598
4599
4600
4611
4612
4613
4614
4615
4626
4627
4628
4629
4630
4641
4642
4643
4644
4645
4656
4657
4658
4659
4660
4670
4671
4672
4673
4674
4685
4686
4687
4688
4689
4700
4701
4702
4703
4704
4715
4716
4717
4718
4719
4730
4731
4732
4733
4734
4745
4746
4747
4748
4749
4760
4761
4762
4763
4764
4775
4776
4777
4778
4779
4790
4791
4792
4793
4794
4805
4806
4807
4808
4809
4820
4821
4822
4823
4824
4835
4836
4837
4838
4839
4850
4851
4852
4853
4854
4865
4866
4867
4868
4869
4880
4881
4882
4883
4884
4895
4896
4897
4898
4899
4910
4911
4912
4913
4914
4925
4926
4927
4928
4929
4940
4941
4942
4943
4944
4955
4956
4957
4958
4959
4970
4971
4972
4973
4974
4985
4986
4987
4988
4989
5000
5001
5002
5003
5004
5015
5016
5017
5018
5019
5030
5031
5032
5033
5034
5045
5046
5047
5048
5049
5060
5061
5062
5063
5064
5075
5076
5077
5078
5079
5090
5091
5092
5093
5094
5105
5106
5107
5108
5109
5120
5121
5122
5123
5124
5135
5136
5137
5138
5139
5150
5151
5152
5153
5154
5165
5166
5167
5168
5169
5180
5181
5182
5183
5184
5195
5196
5197
5198
5199
5210
5211
5212
5213
5214
5225
5226
5227
5228
5229
5240
5241
5242
5243
5244
5255
5256
5257
5258
5259
5270
5271
5272
5273
5274
5285
5286
5287
5288
5289
5300
5301
5302
5303
5304
5315
5316
5317
5318
5319
5330
5331
5332
5333
5334
5345
5346
5347
5348
5349
5360
5361
5362
5363
5364
5375
5376
5377
5378
5379
5390
5391
5392
5393
5394
5405
5406
5407
5408
5409
5420
5421
5422
5423
5424
5435
5436
5437
5438
5439
5450
5451
5452
5453
5454
5465
5466
5467
5468
5469
5480
5481
5482
5483
5484
5495
5496
5497
5498
5499
5510
5511
5512
5513
5514
5525
5526
5527
5528
5529
5540
5541
5542
5543
5544
5555
5556
5557
5558
5559
5570
5571
5572
5573
5574
5585
5586
5587
5588
5589
5600
5601
5602
5603
5604
5615
5616
5617
5618
5619
5630
5631
5632
5633
5634
5645
5646
5647
5648
5649
5660
5661
5662
5663
5664
5675
5676
5677
5678
5679
5690
5691
5692
5693
5694
5705
5706
5707
5708
5709
5720
5721
5722
5723
5724
5735
5736
5737
5738
5739
5750
5751
5752
5753
5754
5765
5766
5767
5768
5769
5780
5781
5782
5783
5784
5795
5796
5797
5798
5799
5810
5811
5812
5813
5814
5825
5826
5827
5828
5829
5840
5841
5842
5843
5844
5855
5856
5857
5858
5859
5870
5871
5872
5873
5874
5885
5886
5887
5888
5889
5900
5901
5902
5903
5904
5915
5916
5917
5918
5919
5930
5931
5932
5933
5934
5945
5946
5947
5948
5949
5960
5961
5962
5963
5964
5975
5976
5977
5978
5979
5990
5991
5992
5993
5994
6005
6006
6007
6008
6009
6020
6021
6022
6023
6024
6035
6036
6037
6038
6039
6050
6051
6052
6053
6054
6065
6066
6067
6068
6069
6080
6081
6082
6083
6084
6095
6096
6097
6098
6099
6110
6111
6112
6113
6114
6125
6126
6127
6128
6129
6140
6141
6142
6143
6144
6155
6156
6157
6158
6159
6170
6171
6172
6173
6174
6185
6186
6187
6188
6189
6200
6201
6202
6203
6204
6215
6216
6217
6218
6219
6230
6231
6232
6233
6234
6245
6246
6247
6248
6249
6260
6261
6262
6263
6264
6275
6276
6277
6278
6279
6290
6291
6292
6293
6294
6305
6306
6307
6308
6309
6320
6321
6322
6323
6324
6335
6336
6337
6338
6339
6350
6351
6352
6353
6354
6365
6366
6367
6368
6369
6380
6381
6382
6383
6384
6395
6396
6397
6398
6399
6410
6411
6412
6413
6414
6425
6426
6427
6428
6429
6440
6441
6442
6443
6444
6455
6456
6457
6458
6459
6470
6471
6472
6473
6474
6485
6486
6487
6488
6489
6500
6501
6502
6503
6504
6515
6516
6517
6518
6519
6530
6531
6532
6533
6534
6545
6546
6547
6548
6549
6560
6561
6562
6563
6564
6575
6576
6577
6578
6579
6590
6591
6592
6593
6594
6605
6606
6607
6608
6609
6620
6621
6622
6623
6624
6635
6636
6637
6638
6639
6650
6651
6652
6653
6654
6665
6666
6667
6668
6669
6680
6681
6682
6683
6684
6695
6696
6697
6698
6699
6710
6711
6712
6713
6714
6725
6726
6727
6728
6729
6740
6741
6742
6743
6744
6755
6756
6757
6758
6759
6770
6771
6772
6773
6774
6785
6786
6787
6788
6789
6800
6801
6802
6803
6804
6815
6816
6817
6818
6819
6830
6831
6832
6833
6834
6845
6846
6847
6848
6849
6860
6861
6862
6863
6864
6875
6876
6877
6878
6879
6890
6891
6892
6893
6894
6905
6906
6907
6908
6909
6920
6921
6922
6923
6924
6935
6936
6937
6938
6939
6950
6951
6952
6953
6954
6965
6966
6967
6968
6969
6980
6981
6982
6983
6984
6995
6996
6997
6998
6999
7010
7011
7012
7013
7014
7025
7026
7027
7028
7029
7040
7041
7042
7043
7044
7055
7056
7057
7058
7059
7070
7071
7072
7073
7074
7085
7086
7087
7088
7089
7100
7101
7102
7103
7104
7115
7116
7117
7118
7119
7130
7131
7132
7133
7134
7145
7146
7147
7148
7149
7160
7161
7162
7163
7164
7175
7176
7177
7178
7179
7190
7191
7192
7193
7194
7205
7206
7207
7208
7209
7220
7221
7222
7223
7224
7235
7236
7237
7238
7239
7250
7251
7252
7253
7254
7265
7266
7267
7268
7269
7280
7281
7282
7283
7284
7295
7296
7297
7298
7299
7310
7311
7312
7313
7314
7325
7326
7327
7328
7329
7339
7340
7341
7342
7343
7354
7355
7356
7357
7358
7369
7370
7371
7372
7373
7384
7385
7386
7387
7388
7399
7400
7401
7402
7403
7414
7415
7416
7417
7418
7429
7430
7431
7432
7433
7444
7445
7446
7447
7448
7459
7460
7461
7462
7463
7474
7475
7476
7477
7478
7489
7490
7491
7492
7493
7504
7505
7506
7507
7508
7519
7520
7521
7522
7523
7534
7535
7536
7537
7538
7549
7550
7551
7552
7553
7564
7565
7566
7567
7568
7579
7580
7581
7582
7583
7594
7595
7596
7597
7598
7609
7610
7611
7612
7613
7623
7624
7625
7626
7627
7636
7637
7638
7639
7640
7651
7652
7653
7654
7655
7666
7667
7668
7669
7670
7681
7682
7683
7684
7685
7696
7697
7698
7699
7700
7711
7712
7713
7714
7715
7726
7727
7728
7729
7730
7741
7742
7743
7744
7745
7756
7757
7758
7759
7760
7771
7772
7773
7774
7775
7786
7787
7788
7789
7790
7801
7802
7803
7804
7805
7816
7817
7818
7819
7820
7831
7832
7833
7834
7835
7846
7847
7848
7849
7850
7861
7862
7863
7864
7865
7876
7877
7878
7879
7880
7891
7892
7893
7894
7895
7905
7906
7907
7908
7909
7918
7919
7920
7921
7922
7930
7931
7932
7933
7934
7945
7946
7947
7948
7949
7960
7961
7962
7963
7964
7975
7976
7977
7978
7979
7990
7991
7992
7993
7994
8005
8006
8007
8008
8009
8020
8021
8022
8023
8024
8035
8036
8037
8038
8039
8050
8051
8052
8053
8054
8065
8066
8067
8068
8069
8080
8081
8082
8083
8084
8095
8096
8097
8098
8099
8110
8111
8112
8113
8114
8125
8126
8127
8128
8129
8140
8141
8142
8143
8144
8155
8156
8157
8158
8159
8170
8171
8172
8173
8174
8184
8185
8186
8187
8188
)


// ************************************************************************* //
