/*--------------------------------*- C++ -*----------------------------------*\
| =========                 |                                                 |
| \\      /  F ield         | OpenFOAM: The Open Source CFD Toolbox           |
|  \\    /   O peration     | Version:  2306                                  |
|   \\  /    A nd           | Website:  www.openfoam.com                      |
|    \\/     M anipulation  |                                                 |
\*---------------------------------------------------------------------------*/
FoamFile
{
    version     2.0;
    format      ascii;
    arch        "LSB;label=32;scalar=64";
    class       volScalarField;
    location    "0.3/phiI";
    object      act;
}
// * * * * * * * * * * * * * * * * * * * * * * * * * * * * * * * * * * * * * //

dimensions      [0 0 0 0 0 0 0];

internalField   nonuniform List<scalar> 
12000
(
0
0
0
0
0
0
0
0
0
0
0
0
0
0
0
0
0
0
0
0
0
0
0
0
0
0
0
0
0
0
0
0
0
0
0
0
0
0
0
0
0
0
0
0
0
0
0
0
0
0
0
0
0
0
0
0
0
0
0
0
0
0
0
0
0
0
0
0
0
0
0
0
0
0
0
0
0
0
0
0
0
0
0
0
0
0
0
0
0
0
0
0
0
0
0
0
0
0
0
0
0
0
0
0
0
0
0
0
0
0
0
0
0
0
0
0
0
0
0
0
0
0
0
0
0
0
0
0
0
0
0
0
0
0
0
0
0
0
0
0
0
0
0
0
0
0
0
0
0
0
0
0
0
0
0
0
0
0
0
0
0
0
0
0
0
0
0
0
0
0
0
0
0
0
0
0
0
0
0
0
0
0
0
0
0
0
0
0
0
0
0
0
0
0
0
0
0
0
0
0
0
0
0
0
0
0
0
0
0
0
0
0
0
0
0
0
0
0
0
0
0
0
0
0
0
0
0
0
0
0
0
0
0
0
0
0
0
0
0
0
0
0
0
0
0
0
0
0
0
0
0
0
0
0
0
0
0
0
0
0
0
0
0
0
0
0
0
0
0
0
0
0
0
0
0
0
0
0
0
0
0
0
0
0
0
0.0001225871
0
0
0
0
0
0
0
0
0
0
0
0
0
0
0
0
0
0
0
0
0
0
0
0
0
0
0
0
0
0
0
0
0
0
0
0
0
0
0
0
0
0
0
0
0
0
0
0
0
0
0
0
0
0
0
0
0
0
0
0
0
0
0
0
0
0.000120205
0
0
0
0
0
0
0
0
0
0
0.0001552535
0.0001224264
0
0
0
0
0
0
0
0
0
0
0
0
0
0
0
0
0
0
0
0
0
0
0
0
0
0
0
0
0
0
0
0
0
0
0
0
0
0
0
0
0
0
0
0
0
0
0
0
0
0
0
0
0
0
0
0
0
0
0
0
0
0
0
0
0
0.0001154601
0
0
0
0
0
0
0
0
0
0
0.0001533669
0.0001200433
0
0
0
0
0
0
0
0
0
0
0.0001912214
0.0001551057
0.0001221087
0
0
0
0
0
0
0
0
0
0
0
0
0
0
0
0
0
0
0
0
0
0
0
0
0
0
0
0
0
0
0
0
0
0
0
0
0
0
0
0
0
0
0
0
0
0
0
0
0
0
0
0
0
0
0
0
0
0
0
0
0
0
0
0
0
0.0001084904
0
0
0
0
0
0
0
0
0
0
0.0001496116
0.0001152962
0
0
0
0
0
0
0
0
0
0
0.0001895373
0.0001532185
0.0001197237
0
0
0
0
0
0
0
0
0
0
0.0002257953
0.0001910856
0.0001548123
0.0001216561
0
0
0
0
0
0
0
0
0
0
0
0
0
0
0
0
0
0
0
0
0
0
0
0
0
0
0
0
0
0
0
0
0
0
0
0
0
0
0
0
0
0
0
0
0
0
0
0
0
0
0
0
0
0
0
0
0
0
0
0
0
0
0
0
0
9.980655e-05
0
0
0
0
0
0
0
0
0
0
0.0001440953
0.0001083227
0
0
0
0
0
0
0
0
0
0
0.0001861841
0.0001494619
0.0001149726
0
0
0
0
0
0
0
0
0
0
0.0002242418
0.0001894011
0.0001529239
0.0001192683
0
0
0
0
0
0
0
0
0
0
0.0002584927
0.0002256696
0.0001908145
0.0001543951
0.000121026
0
0
0
0
0
0
0
0
0
0
0
0
0
0
0
0
0
0
0
0
0
0
0
0
0
0
0
0
0
0
0
0
0
0
0
0
0
0
0
0
0
0
0
0
0
0
0
0
0
0
0
0
0
0
0
0
0
0
0
0
0
0
0
0
0
9.082625e-05
0
0
0
0
0
0
0
0
0
0
0.000137216
9.963267e-05
0
0
0
0
0
0
0
0
0
0
0.0001812519
0.0001439433
0.0001079921
0
0
0
0
0
0
0
0
0
0
0.000221149
0.0001860468
0.0001491647
0.0001145111
0
0
0
0
0
0
0
0
0
0
0.000257044
0.0002241157
0.000189129
0.0001525049
0.0001186347
0
0
0
0
0
0
0
0
0
0
0.0002893869
0.0002583757
0.0002254174
0.0001904297
0.0001538088
0
0
0
0
0
0
0
0
0
0
0
0
0
0
0
0
0
0
0
0
0
0
0
0
0
0
0
0
0
0
0
0
0
0
0
0
0
0
0
0
0
0
0
0
0
0
0
0
0
0
0
0
0
0
0
0
0
0
0
0
0
0
0
0
0
8.423522e-05
0
0
0
0
0
0
0
0
0
0
0.000130066
9.064378e-05
0
0
0
0
0
0
0
0
0
0
0.0001750913
0.0001370604
9.929039e-05
0
0
0
0
0
0
0
0
0
0
0.0002165989
0.000181113
0.0001436417
0.0001075203
0
0
0
0
0
0
0
0
0
0
0.0002541605
0.0002210221
0.0001857727
0.0001487419
0.0001138703
0
0
0
0
0
0
0
0
0
0
0.000288028
0.0002569266
0.0002238626
0.0001887428
0.0001519163
0
0
0
0
0
0
0
0
0
0
0.0003186245
0.0002892775
0.0002581397
0.0002250597
0.0001898843
0
0
0
0
0
0
0
0
0
0
0
0
0
0
0
0
0
0
0
0
0
0
0
0
0
0
0
0
0
0
0
0
0
0
0
0
0
0
0
0
0
0
0
0
0
0
0
0
0
0
0
0
0
0
0
0
0
0
0
0
0
0
0
0
0
8.008635e-05
0
0
0
0
0
0
0
0
0
0
0.0001247527
8.404925e-05
0
0
0
0
0
0
0
0
0
0
0.0001686711
0.0001299053
9.028532e-05
0
0
0
0
0
0
0
0
0
0
0.0002109137
0.0001749496
0.0001367516
9.880131e-05
0
0
0
0
0
0
0
0
0
0
0.000249918
0.0002164707
0.0001808355
0.0001432124
0.0001068667
0
0
0
0
0
0
0
0
0
0
0.0002853238
0.0002540425
0.0002207674
0.0001853836
0.0001481485
0
0
0
0
0
0
0
0
0
0
0.0003173446
0.0002879183
0.0002566899
0.0002235038
0.0001881956
0
0
0
0
0
0
0
0
0
0
0.0003463473
0.000318522
0.0002890558
0.0002578053
0.0002245494
0
0
0
0
0
0
0
0
0
0
0
0
0
0
0
0
0
0
0
0
0
0
0
0
0
0
0
0
0
0
0
0
0
0
0
0
0
0
0
0
0
0
0
0
0
0
0
0
0
0
0
0
0
0
0
0
0
0
0
0
0
0
0
0
0
7.773673e-05
0
0
0
0
0
0
0
0
0
0
0.000121349
7.989933e-05
0
0
0
0
0
0
0
0
0
0
0.0001638899
0.0001245906
8.368483e-05
0
0
0
0
0
0
0
0
0
0
0.0002049828
0.0001685255
0.0001295864
8.977219e-05
0
0
0
0
0
0
0
0
0
0
0.0002446166
0.0002107831
0.0001746664
0.0001363114
9.812638e-05
0
0
0
0
0
0
0
0
0
0
0.0002813451
0.0002497988
0.0002162131
0.0001804413
0.0001426108
0
0
0
0
0
0
0
0
0
0
0.000314798
0.0002852136
0.0002538043
0.0002204061
0.0001848326
0
0
0
0
0
0
0
0
0
0
0.0003451379
0.0003172417
0.000287696
0.0002563545
0.0002229919
0
0
0
0
0
0
0
0
0
0
0.0003726831
0.0003462509
0.000318313
0.0002887417
0.0002573254
0
0
0
0
0
0
0
0
0
0
0
0
0
0
0
0
0
0
0
0
0
0
0
0
0
0
0
0
0
0
0
0
0
0
0
0
0
0
0
0
0
0
0
0
0
0
0
0
0
0
0
0
0
0
0
0
0
0
0
0
0
0
0
0
0
7.668048e-05
0
0
0
0
0
0
0
0
0
0
0.0001193893
7.754938e-05
0
0
0
0
0
0
0
0
0
0
0.0001608161
0.000121187
7.953362e-05
0
0
0
0
0
0
0
0
0
0
0.0002005618
0.0001637436
0.0001242691
8.316295e-05
0
0
0
0
0
0
0
0
0
0
0.0002390825
0.0002048491
0.0001682343
0.000129131
8.906706e-05
0
0
0
0
0
0
0
0
0
0
0.0002763727
0.0002444954
0.0002105208
0.0001742636
0.0001356961
0
0
0
0
0
0
0
0
0
0
0.0003110509
0.0002812338
0.0002495583
0.0002158476
0.0001798837
0
0
0
0
0
0
0
0
0
0
0.0003427318
0.0003146946
0.00028499
0.0002534668
0.000219891
0
0
0
0
0
0
0
0
0
0
0.0003715371
0.0003450412
0.0003170322
0.000287381
0.0002558732
0
0
0
0
0
0
0
0
0
0
0.0003977437
0.0003725921
0.0003460534
0.0003180169
0.0002882887
0
0
0
0
0
0
0
0
0
0
0
0
0
0
0
0
0
0
0
0
0
0
0
0
0
0
0
0
0
0
0
0
0
0
0
0
0
0
0
0
0
0
0
0
0
0
0
0
0
0
0
0
0
0
0
0
0
0
0
0
0
0
0
0
7.668048e-05
0
0
0
0
0
0
0
0
0
0
0.0001184975
7.649302e-05
0
0
0
0
0
0
0
0
0
0
0.0001590407
0.0001192275
7.718356e-05
0
0
0
0
0
0
0
0
0
0
0.0001977139
0.0001606704
0.0001208659
7.900997e-05
0
0
0
0
0
0
0
0
0
0
0.0002349544
0.0002004279
0.0001634511
0.0001238099
8.244795e-05
0
0
0
0
0
0
0
0
0
0
0.0002711795
0.0002389587
0.00020458
0.0001678193
0.0001284961
0
0
0
0
0
0
0
0
0
0
0.0003063675
0.0002762597
0.0002442507
0.000210148
0.0001736949
0
0
0
0
0
0
0
0
0
0
0.0003391912
0.0003109466
0.000281008
0.000249217
0.0002153268
0
0
0
0
0
0
0
0
0
0
0.0003692577
0.0003426346
0.000314484
0.0002846731
0.0002529826
0
0
0
0
0
0
0
0
0
0
0.0003966555
0.0003714459
0.0003448432
0.0003167354
0.0002869268
0
0
0
0
0
0
0
0
0
0
0.0004216276
0.0003976578
0.0003724051
0.0003457736
0.0003175882
0
0
0
0
0
0
0
0
0
0
0
0
0
0
0
0
0
0
0
0
0
0
0
0
0
0
0
0
0
0
0
0
0
0
0
0
0
0
0
0
0
0
0
0
0
0
0
0
0
0
0
0
0
0
0
0
0
0
0
0
0
0
7.773673e-05
0
0
0
0
0
0
0
0
0
0
0.0001184975
7.649302e-05
0
0
0
0
0
0
0
0
0
0
0.0001582308
0.0001183358
7.612725e-05
0
0
0
0
0
0
0
0
0
0
0.0001960659
0.0001588954
0.0001189071
7.665984e-05
0
0
0
0
0
0
0
0
0
0
0.0002322911
0.0001975806
0.0001603787
0.0001204072
7.829389e-05
0
0
0
0
0
0
0
0
0
0
0.0002673037
0.0002348306
0.0002001579
0.0001630338
0.0001231706
0
0
0
0
0
0
0
0
0
0
0.0003014741
0.0002710642
0.0002387079
0.0002041967
0.0001672346
0
0
0
0
0
0
0
0
0
0
0.0003347656
0.0003062617
0.0002760302
0.000243903
0.0002096176
0
0
0
0
0
0
0
0
0
0
0.0003659032
0.0003390932
0.000310734
0.0002806879
0.0002487279
0
0
0
0
0
0
0
0
0
0
0.0003944911
0.0003691661
0.0003424356
0.0003141854
0.0002842163
0
0
0
0
0
0
0
0
0
0
0.0004205922
0.0003965694
0.0003712585
0.0003445626
0.0003163055
0
0
0
0
0
0
0
0
0
0
0.0004444215
0.0004215463
0.0003974803
0.0003721399
0.0003453668
0
0
0
0
0
0
0
0
0
0
0
0
0
0
0
0
0
0
0
0
0
0
0
0
0
0
0
0
0
0
0
0
0
0
0
0
0
0
0
0
0
0
0
0
0
0
0
0
0
0
0
0
0
0
0
0
0
0
0
8.008635e-05
0
0
0
0
0
0
0
0
0
0
0.0001193893
7.754938e-05
0
0
0
0
0
0
0
0
0
0
0.0001582308
0.0001183358
7.612725e-05
0
0
0
0
0
0
0
0
0
0
0.000195313
0.0001580857
0.0001180158
7.560366e-05
0
0
0
0
0
0
0
0
0
0
0.0002307479
0.0001959332
0.0001586048
0.0001184494
7.594446e-05
0
0
0
0
0
0
0
0
0
0
0.0002648003
0.000232168
0.0001973118
0.0001599627
0.0001197693
0
0
0
0
0
0
0
0
0
0
0.0002978205
0.0002671884
0.0002345793
0.0001997731
0.0001624464
0
0
0
0
0
0
0
0
0
0
0.0003301397
0.0003013662
0.0002708292
0.000238351
0.0002036523
0
0
0
0
0
0
0
0
0
0
0.0003617097
0.0003346662
0.0003060457
0.0002757043
0.0002434054
0
0
0
0
0
0
0
0
0
0
0.0003913056
0.0003658108
0.0003388924
0.0003104324
0.0002802267
0
0
0
0
0
0
0
0
0
0
0.000418533
0.0003944046
0.0003689777
0.0003421535
0.0003137532
0
0
0
0
0
0
0
0
0
0
0.0004434348
0.0004205107
0.0003963915
0.0003709927
0.0003441548
0
0
0
0
0
0
0
0
0
0
0.000466203
0.0004443445
0.0004213776
0.0003972286
0.0003717533
0
0
0
0
0
0
0
0
0
0
0
0
0
0
0
0
0
0
0
0
0
0
0
0
0
0
0
0
0
0
0
0
0
0
0
0
0
0
0
0
0
0
0
0
0
0
0
0
0
0
0
0
0
0
0
8.423522e-05
0
0
0
0
0
0
0
0
0
0
0.000121349
7.989933e-05
0
0
0
0
0
0
0
0
0
0
0.0001590407
0.0001192275
7.718356e-05
0
0
0
0
0
0
0
0
0
0
0.000195313
0.0001580857
0.0001180158
7.560366e-05
0
0
0
0
0
0
0
0
0
0
0.0002300421
0.0001951806
0.0001577956
0.0001175587
7.488882e-05
0
0
0
0
0
0
0
0
0
0
0.0002633483
0.0002306254
0.0001956655
0.0001581902
0.0001178133
0
0
0
0
0
0
0
0
0
0
0.0002954584
0.0002646858
0.000231918
0.0001969287
0.0001593774
0
0
0
0
0
0
0
0
0
0
0.0003266846
0.0002977127
0.0002669532
0.0002342214
0.000199227
0
0
0
0
0
0
0
0
0
0
0.000357325
0.0003300384
0.0003011452
0.0002704949
0.0002378407
0
0
0
0
0
0
0
0
0
0
0.000387323
0.0003616161
0.0003344623
0.000305739
0.0002752353
0
0
0
0
0
0
0
0
0
0
0.0004155021
0.0003912184
0.0003656208
0.0003386076
0.0003099962
0
0
0
0
0
0
0
0
0
0
0.0004414723
0.0004184512
0.0003942258
0.0003687104
0.0003417436
0
0
0
0
0
0
0
0
0
0
0.0004652611
0.0004433576
0.0004203417
0.0003961392
0.0003706051
0
0
0
0
0
0
0
0
0
0
0.0004870415
0.0004661298
0.0004441839
0.0004211382
0.0003968604
0
0
0
0
0
0
0
0
0
0
0
0
0
0
0
0
0
0
0
0
0
0
0
0
0
0
0
0
0
0
0
0
0
0
0
0
0
0
0
0
0
0
0
0
0
0
0
0
0
0
9.082625e-05
0
0
0
0
0
0
0
0
0
0
0.0001247527
8.404925e-05
0
0
0
0
0
0
0
0
0
0
0.0001608161
0.000121187
7.953362e-05
0
0
0
0
0
0
0
0
0
0
0.0001960659
0.0001588954
0.0001189071
7.665984e-05
0
0
0
0
0
0
0
0
0
0
0.0002300421
0.0001951806
0.0001577956
0.0001175587
7.488882e-05
0
0
0
0
0
0
0
0
0
0
0.0002626837
0.0002299199
0.0001949135
0.0001573818
0.0001169236
0
0
0
0
0
0
0
0
0
0
0.0002940872
0.0002632344
0.0002303765
0.000195284
0.000157607
0
0
0
0
0
0
0
0
0
0
0.0003244492
0.0002953514
0.000264452
0.0002315619
0.0001963849
0
0
0
0
0
0
0
0
0
0
0.0003540488
0.0003265834
0.0002974915
0.0002666182
0.0002337099
0
0
0
0
0
0
0
0
0
0
0.0003831573
0.0003572295
0.0003298298
0.0003008307
0.0002700145
0
0
0
0
0
0
0
0
0
0
0.0004117122
0.0003872346
0.0003614231
0.0003341727
0.0003052956
0
0
0
0
0
0
0
0
0
0
0.0004385836
0.0004154196
0.0003910381
0.000365351
0.0003381939
0
0
0
0
0
0
0
0
0
0
0.0004633881
0.0004413948
0.0004182813
0.0003939722
0.0003683209
0
0
0
0
0
0
0
0
0
0
0.0004861413
0.0004651878
0.0004431966
0.0004201017
0.0003957701
0
0
0
0
0
0
0
0
0
0
0.0005069989
0.0004869719
0.0004659767
0.0004439559
0.0004207871
0
0
0
0
0
0
0
0
0
0
0
0
0
0
0
0
0
0
0
0
0
0
0
0
0
0
0
0
0
0
0
0
0
0
0
0
0
0
0
0
0
0
0
0
9.980655e-05
0
0
0
0
0
0
0
0
0
0
0.000130066
9.064378e-05
0
0
0
0
0
0
0
0
0
0
0.0001638899
0.0001245906
8.368483e-05
0
0
0
0
0
0
0
0
0
0
0.0001977139
0.0001606704
0.0001208659
7.900997e-05
0
0
0
0
0
0
0
0
0
0
0.0002307479
0.0001959332
0.0001586048
0.0001184494
7.594446e-05
0
0
0
0
0
0
0
0
0
0
0.0002626837
0.0002299199
0.0001949135
0.0001573818
0.0001169236
0
0
0
0
0
0
0
0
0
0
0.0002934593
0.0002625701
0.0002296717
0.0001945328
0.0001567997
0
0
0
0
0
0
0
0
0
0
0.0003231507
0.0002939809
0.0002630017
0.000230022
0.0001947424
0
0
0
0
0
0
0
0
0
0
0.0003519279
0.0003243488
0.0002951316
0.0002641188
0.0002310529
0
0
0
0
0
0
0
0
0
0
0.0003800438
0.0003539536
0.0003263748
0.0002971766
0.0002661369
0
0
0
0
0
0
0
0
0
0
0.0004077469
0.0003830672
0.0003570322
0.0003295331
0.0003003767
0
0
0
0
0
0
0
0
0
0
0.000434971
0.0004116287
0.0003870516
0.000361149
0.0003337524
0
0
0
0
0
0
0
0
0
0
0.0004606306
0.0004385054
0.0004152483
0.0003907822
0.000364958
0
0
0
0
0
0
0
0
0
0
0.0004843512
0.0004633144
0.0004412331
0.0004180401
0.0003936013
0
0
0
0
0
0
0
0
0
0
0.0005061375
0.0004860716
0.0004650344
0.0004429681
0.0004197498
0
0
0
0
0
0
0
0
0
0
0.0005261303
0.0005069327
0.0004868259
0.0004657592
0.0004436206
0
0
0
0
0
0
0
0
0
0
0
0
0
0
0
0
0
0
0
0
0
0
0
0
0
0
0
0
0
0
0
0
0
0
0
0
0
0.0001084904
0
0
0
0
0
0
0
0
0
0
0.000137216
9.963267e-05
0
0
0
0
0
0
0
0
0
0
0.0001686711
0.0001299053
9.028532e-05
0
0
0
0
0
0
0
0
0
0
0.0002005618
0.0001637436
0.0001242691
8.316295e-05
0
0
0
0
0
0
0
0
0
0
0.0002322911
0.0001975806
0.0001603787
0.0001204072
7.829389e-05
0
0
0
0
0
0
0
0
0
0
0.0002633483
0.0002306254
0.0001956655
0.0001581902
0.0001178133
0
0
0
0
0
0
0
0
0
0
0.0002934593
0.0002625701
0.0002296717
0.0001945328
0.0001567997
0
0
0
0
0
0
0
0
0
0
0.0003225558
0.0002933532
0.000262338
0.000229318
0.0001939924
0
0
0
0
0
0
0
0
0
0
0.0003506952
0.000323051
0.0002937622
0.0002626701
0.0002295153
0
0
0
0
0
0
0
0
0
0
0.0003780271
0.0003518334
0.0003241415
0.0002948185
0.0002636399
0
0
0
0
0
0
0
0
0
0
0.0004047823
0.000379954
0.0003537563
0.0003260777
0.0002967219
0
0
0
0
0
0
0
0
0
0
0.0004311898
0.0004076616
0.0003828801
0.0003567514
0.0003291029
0
0
0
0
0
0
0
0
0
0
0.0004571817
0.0004348918
0.0004114548
0.0003867915
0.0003607498
0
0
0
0
0
0
0
0
0
0
0.0004817154
0.0004605564
0.0004383424
0.000415005
0.000390408
0
0
0
0
0
0
0
0
0
0
0.0005044245
0.0004842812
0.0004631603
0.0004410034
0.0004176865
0
0
0
0
0
0
0
0
0
0
0.0005253052
0.0005060712
0.0004859253
0.0004648164
0.0004426321
0
0
0
0
0
0
0
0
0
0
0.000544486
0.0005260672
0.0005067931
0.0004866182
0.0004654388
0
0
0
0
0
0
0
0
0
0
0
0
0
0
0
0
0
0
0
0
0
0
0
0
0
0
0
0
0
0.0001154601
0
0
0
0
0
0
0
0
0
0
0.0001440953
0.0001083227
0
0
0
0
0
0
0
0
0
0
0.0001750913
0.0001370604
9.929039e-05
0
0
0
0
0
0
0
0
0
0
0.0002049828
0.0001685255
0.0001295864
8.977219e-05
0
0
0
0
0
0
0
0
0
0
0.0002349544
0.0002004279
0.0001634511
0.0001238099
8.244795e-05
0
0
0
0
0
0
0
0
0
0
0.0002648003
0.000232168
0.0001973118
0.0001599627
0.0001197693
0
0
0
0
0
0
0
0
0
0
0.0002940872
0.0002632344
0.0002303765
0.000195284
0.000157607
0
0
0
0
0
0
0
0
0
0
0.0003225558
0.0002933532
0.000262338
0.000229318
0.0001939924
0
0
0
0
0
0
0
0
0
0
0.0003501302
0.0003224563
0.0002931351
0.0002620073
0.0002288124
0
0
0
0
0
0
0
0
0
0
0.0003768543
0.0003506013
0.0003228448
0.0002934506
0.0002621935
0
0
0
0
0
0
0
0
0
0
0.0004028608
0.0003779379
0.0003516374
0.0003238462
0.0002943663
0
0
0
0
0
0
0
0
0
0
0.0004283621
0.0004046973
0.0003797669
0.0003534752
0.0003256471
0
0
0
0
0
0
0
0
0
0
0.0004535707
0.0004311091
0.000407484
0.0003826137
0.0003563429
0
0
0
0
0
0
0
0
0
0
0.0004784183
0.0004571066
0.0004347264
0.0004112076
0.0003864116
0
0
0
0
0
0
0
0
0
0
0.0005019021
0.000481645
0.000460401
0.0004381107
0.0004146483
0
0
0
0
0
0
0
0
0
0
0.0005236642
0.0005043579
0.0004841341
0.0004629413
0.0004406658
0
0
0
0
0
0
0
0
0
0
0.0005436949
0.000525242
0.0005059313
0.0004857171
0.0004644952
0
0
0
0
0
0
0
0
0
0
0.0005621128
0.0005444259
0.0005259337
0.0005065945
0.0004863115
0
0
0
0
0
0
0
0
0
0
0
0
0
0
0
0
0
0
0
0
0.000120205
0
0
0
0
0
0
0
0
0
0
0.0001496116
0.0001152962
0
0
0
0
0
0
0
0
0
0
0.0001812519
0.0001439433
0.0001079921
0
0
0
0
0
0
0
0
0
0
0.0002109137
0.0001749496
0.0001367516
9.880131e-05
0
0
0
0
0
0
0
0
0
0
0.0002390825
0.0002048491
0.0001682343
0.000129131
8.906706e-05
0
0
0
0
0
0
0
0
0
0
0.0002673037
0.0002348306
0.0002001579
0.0001630338
0.0001231706
0
0
0
0
0
0
0
0
0
0
0.0002954584
0.0002646858
0.000231918
0.0001969287
0.0001593774
0
0
0
0
0
0
0
0
0
0
0.0003231507
0.0002939809
0.0002630017
0.000230022
0.0001947424
0
0
0
0
0
0
0
0
0
0
0.0003501302
0.0003224563
0.0002931351
0.0002620073
0.0002288124
0
0
0
0
0
0
0
0
0
0
0.0003763166
0.0003500366
0.0003222506
0.0002928243
0.0002615318
0
0
0
0
0
0
0
0
0
0
0.000401743
0.0003767658
0.0003504063
0.0003225509
0.0002930006
0
0
0
0
0
0
0
0
0
0
0.0004265285
0.0004027765
0.0003777521
0.000351358
0.0003234179
0
0
0
0
0
0
0
0
0
0
0.0004508694
0.0004282816
0.0004045196
0.0003795003
0.0003530663
0
0
0
0
0
0
0
0
0
0
0.0004749652
0.0004534941
0.0004309401
0.0004072308
0.0003822251
0
0
0
0
0
0
0
0
0
0
0.0004987462
0.0004783469
0.0004569489
0.000434491
0.0004108455
0
0
0
0
0
0
0
0
0
0
0.0005212477
0.000501835
0.0004814967
0.0004601801
0.0004377702
0
0
0
0
0
0
0
0
0
0
0.0005421214
0.0005236008
0.0005042174
0.000483925
0.0004626186
0
0
0
0
0
0
0
0
0
0
0.0005613535
0.0005436346
0.0005251082
0.0005057323
0.0004854097
0
0
0
0
0
0
0
0
0
0
0.0005790526
0.0005620553
0.0005442981
0.0005257437
0.0005063007
0
0
0
0
0
0
0
0
0
0
0.0001225871
0
0
0
0
0
0
0
0
0
0
0.0001533669
0.0001200433
0
0
0
0
0
0
0
0
0
0
0.0001861841
0.0001494619
0.0001149726
0
0
0
0
0
0
0
0
0
0
0.0002165989
0.000181113
0.0001436417
0.0001075203
0
0
0
0
0
0
0
0
0
0
0.0002446166
0.0002107831
0.0001746664
0.0001363114
9.812638e-05
0
0
0
0
0
0
0
0
0
0
0.0002711795
0.0002389587
0.00020458
0.0001678193
0.0001284961
0
0
0
0
0
0
0
0
0
0
0.0002978205
0.0002671884
0.0002345793
0.0001997731
0.0001624464
0
0
0
0
0
0
0
0
0
0
0.0003244492
0.0002953514
0.000264452
0.0002315619
0.0001963849
0
0
0
0
0
0
0
0
0
0
0.0003506952
0.000323051
0.0002937622
0.0002626701
0.0002295153
0
0
0
0
0
0
0
0
0
0
0.0003763166
0.0003500366
0.0003222506
0.0002928243
0.0002615318
0
0
0
0
0
0
0
0
0
0
0.0004012303
0.0003762283
0.0003498421
0.0003219576
0.0002923754
0
0
0
0
0
0
0
0
0
0
0.0004254613
0.0004016593
0.0003765809
0.0003501284
0.0003221247
0
0
0
0
0
0
0
0
0
0
0.0004491169
0.0004264486
0.0004026
0.0003774871
0.0003509514
0
0
0
0
0
0
0
0
0
0
0.0004723811
0.000450793
0.0004281126
0.0004042663
0.0003791114
0
0
0
0
0
0
0
0
0
0
0.0004954399
0.0004748924
0.0004533331
0.000430699
0.0004068605
0
0
0
0
0
0
0
0
0
0
0.0005182237
0.0004986783
0.0004781965
0.0004567245
0.0004341454
0
0
0
0
0
0
0
0
0
0
0.0005398039
0.0005211838
0.0005016934
0.0004812858
0.0004598547
0
0
0
0
0
0
0
0
0
0
0.0005598434
0.0005420609
0.0005234664
0.0005040174
0.0004836162
0
0
0
0
0
0
0
0
0
0
0.0005783232
0.0005612959
0.0005435065
0.0005249178
0.0005054379
0
0
0
0
0
0
0
0
0
0
0.0005953441
0.0005789977
0.0005619329
0.000544116
0.000525462
0
0
0
0
0
0
0
0
0
0
0.0001552535
0.0001224264
0
0
0
0
0
0
0
0
0
0
0.0001895373
0.0001532185
0.0001197237
0
0
0
0
0
0
0
0
0
0
0.000221149
0.0001860468
0.0001491647
0.0001145111
0
0
0
0
0
0
0
0
0
0
0.000249918
0.0002164707
0.0001808355
0.0001432124
0.0001068667
0
0
0
0
0
0
0
0
0
0
0.0002763727
0.0002444954
0.0002105208
0.0001742636
0.0001356961
0
0
0
0
0
0
0
0
0
0
0.0003014741
0.0002710642
0.0002387079
0.0002041967
0.0001672346
0
0
0
0
0
0
0
0
0
0
0.0003266846
0.0002977127
0.0002669532
0.0002342214
0.000199227
0
0
0
0
0
0
0
0
0
0
0.0003519279
0.0003243488
0.0002951316
0.0002641188
0.0002310529
0
0
0
0
0
0
0
0
0
0
0.0003768543
0.0003506013
0.0003228448
0.0002934506
0.0002621935
0
0
0
0
0
0
0
0
0
0
0.0004012303
0.0003762283
0.0003498421
0.0003219576
0.0002923754
0
0
0
0
0
0
0
0
0
0
0.0004249716
0.0004011468
0.0003760439
0.0003495649
0.0003215324
0
0
0
0
0
0
0
0
0
0
0.0004480965
0.000425382
0.0004014838
0.0003763174
0.0003497238
0
0
0
0
0
0
0
0
0
0
0.0004707038
0.0004490411
0.0004262807
0.0004023483
0.0003771004
0
0
0
0
0
0
0
0
0
0
0.0004929649
0.0004723085
0.000450632
0.0004278714
0.0004038956
0
0
0
0
0
0
0
0
0
0
0.0005150546
0.0004953706
0.0004747387
0.0004531033
0.0004303456
0
0
0
0
0
0
0
0
0
0
0.0005369034
0.000518159
0.0004985346
0.0004779823
0.0004563943
0
0
0
0
0
0
0
0
0
0
0.0005576189
0.000539743
0.0005210484
0.0005014918
0.0004809744
0
0
0
0
0
0
0
0
0
0
0.0005768727
0.0005597856
0.0005419323
0.0005232751
0.0005037217
0
0
0
0
0
0
0
0
0
0
0.000594643
0.0005782682
0.0005611733
0.0005433241
0.0005246355
0
0
0
0
0
0
0
0
0
0
0.0006110218
0.0005952916
0.0005788803
0.0005617584
0.0005438458
0
0
0
0
0
0
0
0
0
0
0.0001912214
0.0001551057
0.0001221087
0
0
0
0
0
0
0
0
0
0
0.0002242418
0.0001894011
0.0001529239
0.0001192683
0
0
0
0
0
0
0
0
0
0
0.0002541605
0.0002210221
0.0001857727
0.0001487419
0.0001138703
0
0
0
0
0
0
0
0
0
0
0.0002813451
0.0002497988
0.0002162131
0.0001804413
0.0001426108
0
0
0
0
0
0
0
0
0
0
0.0003063675
0.0002762597
0.0002442507
0.000210148
0.0001736949
0
0
0
0
0
0
0
0
0
0
0.0003301397
0.0003013662
0.0002708292
0.000238351
0.0002036523
0
0
0
0
0
0
0
0
0
0
0.0003540488
0.0003265834
0.0002974915
0.0002666182
0.0002337099
0
0
0
0
0
0
0
0
0
0
0.0003780271
0.0003518334
0.0003241415
0.0002948185
0.0002636399
0
0
0
0
0
0
0
0
0
0
0.000401743
0.0003767658
0.0003504063
0.0003225509
0.0002930006
0
0
0
0
0
0
0
0
0
0
0.0004249716
0.0004011468
0.0003760439
0.0003495649
0.0003215324
0
0
0
0
0
0
0
0
0
0
0.0004476282
0.0004248925
0.0004009717
0.0003757811
0.0003491613
0
0
0
0
0
0
0
0
0
0
0.0004697268
0.0004480212
0.000425215
0.0004012333
0.0003759325
0
0
0
0
0
0
0
0
0
0
0.0004913576
0.0004706318
0.0004488812
0.0004260411
0.0004019798
0
0
0
0
0
0
0
0
0
0
0.0005126814
0.0004928958
0.0004721549
0.0004504021
0.0004275178
0
0
0
0
0
0
0
0
0
0
0.0005338627
0.0005149886
0.0004952238
0.0004745194
0.0004527656
0
0
0
0
0
0
0
0
0
0
0.0005548343
0.0005368418
0.0005180217
0.0004983299
0.0004776664
0
0
0
0
0
0
0
0
0
0
0.0005747357
0.0005575608
0.0005396134
0.0005208554
0.0005011936
0
0
0
0
0
0
0
0
0
0
0.0005932486
0.0005768175
0.0005596624
0.000541749
0.0005229915
0
0
0
0
0
0
0
0
0
0
0.0006103474
0.0005945904
0.0005781506
0.0005609984
0.0005430533
0
0
0
0
0
0
0
0
0
0
0.0006261186
0.0006109716
0.0005951789
0.0005787128
0.0005614989
0
0
0
0
0
0
0
0
0
0
0.0002257953
0.0001910856
0.0001548123
0.0001216561
0
0
0
0
0
0
0
0
0
0
0.000257044
0.0002241157
0.000189129
0.0001525049
0.0001186347
0
0
0
0
0
0
0
0
0
0
0.0002853238
0.0002540425
0.0002207674
0.0001853836
0.0001481485
0
0
0
0
0
0
0
0
0
0
0.0003110509
0.0002812338
0.0002495583
0.0002158476
0.0001798837
0
0
0
0
0
0
0
0
0
0
0.0003347656
0.0003062617
0.0002760302
0.000243903
0.0002096176
0
0
0
0
0
0
0
0
0
0
0.000357325
0.0003300384
0.0003011452
0.0002704949
0.0002378407
0
0
0
0
0
0
0
0
0
0
0.0003800438
0.0003539536
0.0003263748
0.0002971766
0.0002661369
0
0
0
0
0
0
0
0
0
0
0.0004028608
0.0003779379
0.0003516374
0.0003238462
0.0002943663
0
0
0
0
0
0
0
0
0
0
0.0004254613
0.0004016593
0.0003765809
0.0003501284
0.0003221247
0
0
0
0
0
0
0
0
0
0
0.0004476282
0.0004248925
0.0004009717
0.0003757811
0.0003491613
0
0
0
0
0
0
0
0
0
0
0.0004692782
0.0004475531
0.000424726
0.000400722
0.0003753972
0
0
0
0
0
0
0
0
0
0
0.000490421
0.0004696553
0.0004478621
0.0004249766
0.0004008666
0
0
0
0
0
0
0
0
0
0
0.0005111395
0.0004912891
0.0004704792
0.0004486527
0.0004256894
0
0
0
0
0
0
0
0
0
0
0.0005315849
0.0005126156
0.0004927491
0.0004719354
0.0004500642
0
0
0
0
0
0
0
0
0
0
0.000551914
0.0005337998
0.0005148482
0.0004950142
0.0004741963
0
0
0
0
0
0
0
0
0
0
0.00057206
0.0005547754
0.0005367103
0.0005178257
0.0004980273
0
0
0
0
0
0
0
0
0
0
0.000591194
0.0005746801
0.0005574366
0.0005394286
0.0005205696
0
0
0
0
0
0
0
0
0
0
0.0006090061
0.0005931958
0.0005766994
0.0005594867
0.000541477
0
0
0
0
0
0
0
0
0
0
0.0006254694
0.0006102971
0.0005944775
0.0005779828
0.0005607383
0
0
0
0
0
0
0
0
0
0
0.0006406646
0.0006260705
0.0006108635
0.0005950182
0.0005784635
0
0
0
0
0
0
0
0
0
0
0.0002584927
0.0002256696
0.0001908145
0.0001543951
0.000121026
0
0
0
0
0
0
0
0
0
0
0.000288028
0.0002569266
0.0002238626
0.0001887428
0.0001519163
0
0
0
0
0
0
0
0
0
0
0.000314798
0.0002852136
0.0002538043
0.0002204061
0.0001848326
0
0
0
0
0
0
0
0
0
0
0.0003391912
0.0003109466
0.000281008
0.000249217
0.0002153268
0
0
0
0
0
0
0
0
0
0
0.0003617097
0.0003346662
0.0003060457
0.0002757043
0.0002434054
0
0
0
0
0
0
0
0
0
0
0.0003831573
0.0003572295
0.0003298298
0.0003008307
0.0002700145
0
0
0
0
0
0
0
0
0
0
0.0004047823
0.000379954
0.0003537563
0.0003260777
0.0002967219
0
0
0
0
0
0
0
0
0
0
0.0004265285
0.0004027765
0.0003777521
0.000351358
0.0003234179
0
0
0
0
0
0
0
0
0
0
0.0004480965
0.000425382
0.0004014838
0.0003763174
0.0003497238
0
0
0
0
0
0
0
0
0
0
0.0004692782
0.0004475531
0.000424726
0.000400722
0.0003753972
0
0
0
0
0
0
0
0
0
0
0.0004899908
0.0004692069
0.0004473945
0.0004244883
0.0004003562
0
0
0
0
0
0
0
0
0
0
0.0005102407
0.0004903529
0.0004695035
0.0004476349
0.0004246267
0
0
0
0
0
0
0
0
0
0
0.0005301042
0.0005110742
0.0004911433
0.0004702611
0.0004483167
0
0
0
0
0
0
0
0
0
0
0.0005497257
0.0005315222
0.0005124753
0.0004925393
0.0004716121
0
0
0
0
0
0
0
0
0
0
0.000569253
0.000551854
0.0005336655
0.0005146477
0.0004947049
0
0
0
0
0
0
0
0
0
0
0.0005886209
0.0005720037
0.0005546495
0.0005365227
0.0005175357
0
0
0
0
0
0
0
0
0
0
0.0006070293
0.0005911409
0.0005745611
0.0005572595
0.0005391544
0
0
0
0
0
0
0
0
0
0
0.0006241782
0.0006089556
0.0005930825
0.0005765308
0.0005592255
0
0
0
0
0
0
0
0
0
0
0.0006400394
0.0006254213
0.0006101888
0.0005943164
0.0005777329
0
0
0
0
0
0
0
0
0
0
0.0006546879
0.0006406186
0.0006259666
0.000610709
0.0005947784
0
0
0
0
0
0
0
0
0
0
0.0002893869
0.0002583757
0.0002254174
0.0001904297
0.0001538088
0
0
0
0
0
0
0
0
0
0
0.0003173446
0.0002879183
0.0002566899
0.0002235038
0.0001881956
0
0
0
0
0
0
0
0
0
0
0.0003427318
0.0003146946
0.00028499
0.0002534668
0.000219891
0
0
0
0
0
0
0
0
0
0
0.0003659032
0.0003390932
0.000310734
0.0002806879
0.0002487279
0
0
0
0
0
0
0
0
0
0
0.000387323
0.0003616161
0.0003344623
0.000305739
0.0002752353
0
0
0
0
0
0
0
0
0
0
0.0004077469
0.0003830672
0.0003570322
0.0003295331
0.0003003767
0
0
0
0
0
0
0
0
0
0
0.0004283621
0.0004046973
0.0003797669
0.0003534752
0.0003256471
0
0
0
0
0
0
0
0
0
0
0.0004491169
0.0004264486
0.0004026
0.0003774871
0.0003509514
0
0
0
0
0
0
0
0
0
0
0.0004697268
0.0004480212
0.000425215
0.0004012333
0.0003759325
0
0
0
0
0
0
0
0
0
0
0.0004899908
0.0004692069
0.0004473945
0.0004244883
0.0004003562
0
0
0
0
0
0
0
0
0
0
0.0005098278
0.000489923
0.0004690555
0.0004471678
0.0004241392
0
0
0
0
0
0
0
0
0
0
0.0005292408
0.0005101758
0.0004902079
0.0004692866
0.0004473006
0
0
0
0
0
0
0
0
0
0
0.0005483025
0.000530042
0.0005109349
0.0004909349
0.0004699397
0
0
0
0
0
0
0
0
0
0
0.0005671488
0.0005496658
0.0005313879
0.0005122746
0.0004922298
0
0
0
0
0
0
0
0
0
0
0.0005859207
0.0005691957
0.0005517253
0.0005334734
0.0005143511
0
0
0
0
0
0
0
0
0
0
0.0006045532
0.0005885671
0.000571883
0.0005544697
0.0005362445
0
0
0
0
0
0
0
0
0
0
0.0006222751
0.0006069785
0.0005910267
0.0005743912
0.0005569962
0
0
0
0
0
0
0
0
0
0
0.0006387957
0.0006241299
0.0006088467
0.0005929207
0.0005762798
0
0
0
0
0
0
0
0
0
0
0.0006540854
0.0006399932
0.0006253172
0.000610034
0.0005940762
0
0
0
0
0
0
0
0
0
0
0.0006682142
0.0006546438
0.0006405187
0.0006258181
0.0006104783
0
0
0
0
0
0
0
0
0
0
0.0003186245
0.0002892775
0.0002581397
0.0002250597
0.0001898843
0
0
0
0
0
0
0
0
0
0
0.0003451379
0.0003172417
0.000287696
0.0002563545
0.0002229919
0
0
0
0
0
0
0
0
0
0
0.0003692577
0.0003426346
0.000314484
0.0002846731
0.0002529826
0
0
0
0
0
0
0
0
0
0
0.0003913056
0.0003658108
0.0003388924
0.0003104324
0.0002802267
0
0
0
0
0
0
0
0
0
0
0.0004117122
0.0003872346
0.0003614231
0.0003341727
0.0003052956
0
0
0
0
0
0
0
0
0
0
0.0004311898
0.0004076616
0.0003828801
0.0003567514
0.0003291029
0
0
0
0
0
0
0
0
0
0
0.0004508694
0.0004282816
0.0004045196
0.0003795003
0.0003530663
0
0
0
0
0
0
0
0
0
0
0.0004707038
0.0004490411
0.0004262807
0.0004023483
0.0003771004
0
0
0
0
0
0
0
0
0
0
0.000490421
0.0004696553
0.0004478621
0.0004249766
0.0004008666
0
0
0
0
0
0
0
0
0
0
0.0005098278
0.000489923
0.0004690555
0.0004471678
0.0004241392
0
0
0
0
0
0
0
0
0
0
0.000528844
0.0005097631
0.0004897784
0.0004688392
0.0004468343
0
0
0
0
0
0
0
0
0
0
0.0005474722
0.0005291789
0.0005100372
0.0004900006
0.0004689667
0
0
0
0
0
0
0
0
0
0
0.0005657796
0.0005482431
0.0005299086
0.0005107355
0.0004906271
0
0
0
0
0
0
0
0
0
0
0.0005838956
0.0005670916
0.0005495372
0.0005311957
0.0005119779
0
0
0
0
0
0
0
0
0
0
0.0006019538
0.0005858659
0.0005690723
0.0005515412
0.000533189
0
0
0
0
0
0
0
0
0
0
0.0006198906
0.0006045018
0.0005884514
0.0005717105
0.0005542026
0
0
0
0
0
0
0
0
0
0
0.0006369622
0.0006222264
0.0006068689
0.0005908636
0.0005741382
0
0
0
0
0
0
0
0
0
0
0.0006528867
0.0006387493
0.0006240253
0.0006086913
0.0005926793
0
0
0
0
0
0
0
0
0
0
0.0006676332
0.0006540411
0.0006398932
0.0006251684
0.0006098028
0
0
0
0
0
0
0
0
0
0
0.0006812671
0.0006681719
0.0006545477
0.0006403758
0.000625596
0
0
0
0
0
0
0
0
0
0
0.0003463473
0.000318522
0.0002890558
0.0002578053
0.0002245494
0
0
0
0
0
0
0
0
0
0
0.0003715371
0.0003450412
0.0003170322
0.000287381
0.0002558732
0
0
0
0
0
0
0
0
0
0
0.0003944911
0.0003691661
0.0003424356
0.0003141854
0.0002842163
0
0
0
0
0
0
0
0
0
0
0.0004155021
0.0003912184
0.0003656208
0.0003386076
0.0003099962
0
0
0
0
0
0
0
0
0
0
0.000434971
0.0004116287
0.0003870516
0.000361149
0.0003337524
0
0
0
0
0
0
0
0
0
0
0.0004535707
0.0004311091
0.000407484
0.0003826137
0.0003563429
0
0
0
0
0
0
0
0
0
0
0.0004723811
0.000450793
0.0004281126
0.0004042663
0.0003791114
0
0
0
0
0
0
0
0
0
0
0.0004913576
0.0004706318
0.0004488812
0.0004260411
0.0004019798
0
0
0
0
0
0
0
0
0
0
0.0005102407
0.0004903529
0.0004695035
0.0004476349
0.0004246267
0
0
0
0
0
0
0
0
0
0
0.000528844
0.0005097631
0.0004897784
0.0004688392
0.0004468343
0
0
0
0
0
0
0
0
0
0
0.0005470905
0.0005287824
0.0005096249
0.0004895717
0.0004685202
0
0
0
0
0
0
0
0
0
0
0.0005649804
0.0005474132
0.0005290463
0.0005098389
0.0004896944
0
0
0
0
0
0
0
0
0
0
0.0005825773
0.0005657228
0.0005481153
0.0005297177
0.0005104405
0
0
0
0
0
0
0
0
0
0
0.0006000036
0.0005838409
0.0005669683
0.000549353
0.0005309111
0
0
0
0
0
0
0
0
0
0
0.0006173866
0.0006019014
0.0005857476
0.0005688957
0.0005512682
0
0
0
0
0
0
0
0
0
0
0.0006346646
0.0006198414
0.0006043906
0.0005882858
0.0005714539
0
0
0
0
0
0
0
0
0
0
0.0006511194
0.0006369156
0.0006221211
0.0006067122
0.0005906203
0
0
0
0
0
0
0
0
0
0
0.0006664773
0.0006528423
0.0006386489
0.0006238759
0.0006084591
0
0
0
0
0
0
0
0
0
0
0.0006807065
0.0006675908
0.0006539449
0.00063975
0.0006249459
0
0
0
0
0
0
0
0
0
0
0.0006938685
0.0006812264
0.0006680794
0.0006544102
0.000640162
0
0
0
0
0
0
0
0
0
0
0.0003726831
0.0003462509
0.000318313
0.0002887417
0.0002573254
0
0
0
0
0
0
0
0
0
0
0.0003966555
0.0003714459
0.0003448432
0.0003167354
0.0002869268
0
0
0
0
0
0
0
0
0
0
0.000418533
0.0003944046
0.0003689777
0.0003421535
0.0003137532
0
0
0
0
0
0
0
0
0
0
0.0004385836
0.0004154196
0.0003910381
0.000365351
0.0003381939
0
0
0
0
0
0
0
0
0
0
0.0004571817
0.0004348918
0.0004114548
0.0003867915
0.0003607498
0
0
0
0
0
0
0
0
0
0
0.0004749652
0.0004534941
0.0004309401
0.0004072308
0.0003822251
0
0
0
0
0
0
0
0
0
0
0.0004929649
0.0004723085
0.000450632
0.0004278714
0.0004038956
0
0
0
0
0
0
0
0
0
0
0.0005111395
0.0004912891
0.0004704792
0.0004486527
0.0004256894
0
0
0
0
0
0
0
0
0
0
0.0005292408
0.0005101758
0.0004902079
0.0004692866
0.0004473006
0
0
0
0
0
0
0
0
0
0
0.0005470905
0.0005287824
0.0005096249
0.0004895717
0.0004685202
0
0
0
0
0
0
0
0
0
0
0.000564613
0.0005470317
0.00052865
0.0005094271
0.0004892662
0
0
0
0
0
0
0
0
0
0
0.0005818075
0.0005649241
0.0005472861
0.0005288563
0.0005095453
0
0
0
0
0
0
0
0
0
0
0.0005987333
0.0005825231
0.0005656004
0.0005479323
0.0005294347
0
0
0
0
0
0
0
0
0
0
0.000615507
0.0005999512
0.0005837227
0.0005667916
0.0005490797
0
0
0
0
0
0
0
0
0
0
0.0006322508
0.0006173364
0.0006017878
0.000585578
0.0005686334
0
0
0
0
0
0
0
0
0
0
0.0006489041
0.0006346174
0.0006197346
0.0006042315
0.000588039
0
0
0
0
0
0
0
0
0
0
0.0006647728
0.0006510747
0.0006368144
0.0006219705
0.0006064782
0
0
0
0
0
0
0
0
0
0
0.0006795913
0.0006664347
0.0006527457
0.0006385051
0.0006236524
0
0
0
0
0
0
0
0
0
0
0.0006933275
0.0006806658
0.0006674982
0.0006538071
0.0006395358
0
0
0
0
0
0
0
0
0
0
0.0007060395
0.0006938295
0.0006811374
0.000667947
0.0006542042
0
0
0
0
0
0
0
0
0
0
0.0003977437
0.0003725921
0.0003460534
0.0003180169
0.0002882887
0
0
0
0
0
0
0
0
0
0
0.0004205922
0.0003965694
0.0003712585
0.0003445626
0.0003163055
0
0
0
0
0
0
0
0
0
0
0.0004414723
0.0004184512
0.0003942258
0.0003687104
0.0003417436
0
0
0
0
0
0
0
0
0
0
0.0004606306
0.0004385054
0.0004152483
0.0003907822
0.000364958
0
0
0
0
0
0
0
0
0
0
0.0004784183
0.0004571066
0.0004347264
0.0004112076
0.0003864116
0
0
0
0
0
0
0
0
0
0
0.0004954399
0.0004748924
0.0004533331
0.000430699
0.0004068605
0
0
0
0
0
0
0
0
0
0
0.0005126814
0.0004928958
0.0004721549
0.0004504021
0.0004275178
0
0
0
0
0
0
0
0
0
0
0.0005301042
0.0005110742
0.0004911433
0.0004702611
0.0004483167
0
0
0
0
0
0
0
0
0
0
0.0005474722
0.0005291789
0.0005100372
0.0004900006
0.0004689667
0
0
0
0
0
0
0
0
0
0
0.000564613
0.0005470317
0.00052865
0.0005094271
0.0004892662
0
0
0
0
0
0
0
0
0
0
0.0005814535
0.0005645568
0.000546905
0.0005284606
0.0005091342
0
0
0
0
0
0
0
0
0
0
0.0005979913
0.0005817537
0.0005648022
0.000547104
0.0005285747
0
0
0
0
0
0
0
0
0
0
0.0006142822
0.0005986814
0.0005824056
0.0005654248
0.0005476606
0
0
0
0
0
0
0
0
0
0
0.0006304382
0.0006154569
0.0005998377
0.000583553
0.000566529
0
0
0
0
0
0
0
0
0
0
0.0006465759
0.0006322027
0.0006172272
0.0006016249
0.0005853258
0
0
0
0
0
0
0
0
0
0
0.0006626356
0.0006488589
0.0006345148
0.0006195817
0.0006039942
0
0
0
0
0
0
0
0
0
0
0.0006779466
0.00066473
0.0006509774
0.0006366695
0.0006217453
0
0
0
0
0
0
0
0
0
0
0.0006922511
0.0006795505
0.0006663418
0.0006526073
0.0006382899
0
0
0
0
0
0
0
0
0
0
0.0007055171
0.0006932884
0.0006805767
0.0006673655
0.0006536007
0
0
0
0
0
0
0
0
0
0
0.0007177986
0.000706002
0.0006937438
0.0006810099
0.0006677484
0
0
0
0
0
0
0
0
0
0
0.0004216276
0.0003976578
0.0003724051
0.0003457736
0.0003175882
0
0
0
0
0
0
0
0
0
0
0.0004434348
0.0004205107
0.0003963915
0.0003709927
0.0003441548
0
0
0
0
0
0
0
0
0
0
0.0004633881
0.0004413948
0.0004182813
0.0003939722
0.0003683209
0
0
0
0
0
0
0
0
0
0
0.0004817154
0.0004605564
0.0004383424
0.000415005
0.000390408
0
0
0
0
0
0
0
0
0
0
0.0004987462
0.0004783469
0.0004569489
0.000434491
0.0004108455
0
0
0
0
0
0
0
0
0
0
0.0005150546
0.0004953706
0.0004747387
0.0004531033
0.0004303456
0
0
0
0
0
0
0
0
0
0
0.0005315849
0.0005126156
0.0004927491
0.0004719354
0.0004500642
0
0
0
0
0
0
0
0
0
0
0.0005483025
0.000530042
0.0005109349
0.0004909349
0.0004699397
0
0
0
0
0
0
0
0
0
0
0.0005649804
0.0005474132
0.0005290463
0.0005098389
0.0004896944
0
0
0
0
0
0
0
0
0
0
0.0005814535
0.0005645568
0.000546905
0.0005284606
0.0005091342
0
0
0
0
0
0
0
0
0
0
0.0005976499
0.0005813998
0.0005644353
0.0005467234
0.0005281797
0
0
0
0
0
0
0
0
0
0
0.0006135663
0.0005979397
0.0005816368
0.0005646276
0.0005468336
0
0
0
0
0
0
0
0
0
0
0.0006292563
0.0006142325
0.0005985686
0.000582237
0.0005651637
0
0
0
0
0
0
0
0
0
0
0.0006448267
0.0006303902
0.0006153479
0.0005996747
0.0005833006
0
0
0
0
0
0
0
0
0
0
0.0006603887
0.0006465298
0.0006320978
0.0006170707
0.0006013823
0
0
0
0
0
0
0
0
0
0
0.0006758838
0.0006625923
0.0006487602
0.0006343678
0.0006193533
0
0
0
0
0
0
0
0
0
0
0.0006906632
0.0006779055
0.0006646363
0.000650838
0.0006364527
0
0
0
0
0
0
0
0
0
0
0.0007044776
0.0006922118
0.000679461
0.0006662086
0.0006524
0
0
0
0
0
0
0
0
0
0
0.0007172939
0.0007054795
0.0006932025
0.0006804489
0.0006671665
0
0
0
0
0
0
0
0
0
0
0.0007291617
0.0007177625
0.0007059194
0.0006936209
0.0006808183
0
0
0
0
0
0
0
0
0
0
0.0004444215
0.0004215463
0.0003974803
0.0003721399
0.0003453668
0
0
0
0
0
0
0
0
0
0
0.0004652611
0.0004433576
0.0004203417
0.0003961392
0.0003706051
0
0
0
0
0
0
0
0
0
0
0.0004843512
0.0004633144
0.0004412331
0.0004180401
0.0003936013
0
0
0
0
0
0
0
0
0
0
0.0005019021
0.000481645
0.000460401
0.0004381107
0.0004146483
0
0
0
0
0
0
0
0
0
0
0.0005182237
0.0004986783
0.0004781965
0.0004567245
0.0004341454
0
0
0
0
0
0
0
0
0
0
0.0005338627
0.0005149886
0.0004952238
0.0004745194
0.0004527656
0
0
0
0
0
0
0
0
0
0
0.0005497257
0.0005315222
0.0005124753
0.0004925393
0.0004716121
0
0
0
0
0
0
0
0
0
0
0.0005657796
0.0005482431
0.0005299086
0.0005107355
0.0004906271
0
0
0
0
0
0
0
0
0
0
0.0005818075
0.0005649241
0.0005472861
0.0005288563
0.0005095453
0
0
0
0
0
0
0
0
0
0
0.0005976499
0.0005813998
0.0005644353
0.0005467234
0.0005281797
0
0
0
0
0
0
0
0
0
0
0.0006132369
0.0005975985
0.0005812832
0.0005642611
0.0005464536
0
0
0
0
0
0
0
0
0
0
0.0006285653
0.000613517
0.0005978275
0.0005814691
0.0005643678
0
0
0
0
0
0
0
0
0
0
0.0006436856
0.0006292088
0.0006141241
0.0005984067
0.000581986
0
0
0
0
0
0
0
0
0
0
0.0006586998
0.0006447807
0.0006302854
0.0006151912
0.0005994319
0
0
0
0
0
0
0
0
0
0
0.0006737141
0.0006603445
0.0006464289
0.0006319473
0.0006168372
0
0
0
0
0
0
0
0
0
0
0.0006886711
0.0006758422
0.0006624974
0.0006486187
0.0006341478
0
0
0
0
0
0
0
0
0
0
0.0007029439
0.0006906237
0.0006778153
0.0006645021
0.000650629
0
0
0
0
0
0
0
0
0
0
0.0007162896
0.0007044399
0.0006921257
0.0006793327
0.0006660087
0
0
0
0
0
0
0
0
0
0
0.000728674
0.0007172578
0.0007053968
0.0006930794
0.000680257
0
0
0
0
0
0
0
0
0
0.0007401424
0.0007291271
0.000717683
0.0007058009
0.0006934361
0
0
0
0
0
0
0
0
0
0
0.0004662029
0.0004443445
0.0004213776
0.0003972286
0.0003717533
0
0
0
0
0
0
0
0
0
0
0.0004861413
0.0004651878
0.0004431966
0.0004201017
0.0003957701
0
0
0
0
0
0
0
0
0
0
0.0005044245
0.0004842812
0.0004631603
0.0004410034
0.0004176865
0
0
0
0
0
0
0
0
0
0
0.0005212477
0.000501835
0.0004814967
0.0004601801
0.0004377702
0
0
0
0
0
0
0
0
0
0
0.0005369034
0.000518159
0.0004985346
0.0004779823
0.0004563943
0
0
0
0
0
0
0
0
0
0
0.000551914
0.0005337998
0.0005148482
0.0004950142
0.0004741963
0
0
0
0
0
0
0
0
0
0
0.0005671488
0.0005496658
0.0005313879
0.0005122746
0.0004922298
0
0
0
0
0
0
0
0
0
0
0.0005825773
0.0005657228
0.0005481153
0.0005297177
0.0005104405
0
0
0
0
0
0
0
0
0
0
0.0005979913
0.0005817537
0.0005648022
0.000547104
0.0005285747
0
0
0
0
0
0
0
0
0
0
0.0006132369
0.0005975985
0.0005812832
0.0005642611
0.0005464536
0
0
0
0
0
0
0
0
0
0
0.0006282472
0.0006131878
0.0005974866
0.000581116
0.000564002
0
0
0
0
0
0
0
0
0
0
0.0006430181
0.0006285181
0.0006134092
0.0005976665
0.0005812193
0
0
0
0
0
0
0
0
0
0
0.0006575973
0.00064364
0.0006291046
0.0006139685
0.0005981652
0
0
0
0
0
0
0
0
0
0
0.0006720825
0.0006586557
0.0006446799
0.0006301347
0.0006149575
0
0
0
0
0
0
0
0
0
0
0.000686575
0.0006736717
0.0006602475
0.0006462841
0.0006317224
0
0
0
0
0
0
0
0
0
0
0.0007010192
0.0006886312
0.0006757508
0.0006623611
0.0006484068
0
0
0
0
0
0
0
0
0
0
0.0007148076
0.000702906
0.0006905369
0.0006776861
0.0006643007
0
0
0
0
0
0
0
0
0
0
0.0007277034
0.0007162535
0.0007043569
0.000692002
0.00067914
0
0
0
0
0
0
0
0
0
0.000739671
0.0007286394
0.0007171781
0.0007052781
0.0006928943
0
0
0
0
0
0
0
0
0.0007507487
0.0007401092
0.0007290504
0.0007175687
0.0007056226
0
0
0
0
0
0
0
0
0
0
0.0004870415
0.0004661298
0.0004441839
0.0004211382
0.0003968604
0
0
0
0
0
0
0
0
0
0
0.0005061375
0.0004860716
0.0004650344
0.0004429681
0.0004197498
0
0
0
0
0
0
0
0
0
0
0.0005236642
0.0005043579
0.0004841341
0.0004629413
0.0004406658
0
0
0
0
0
0
0
0
0
0
0.0005398039
0.0005211838
0.0005016934
0.0004812858
0.0004598547
0
0
0
0
0
0
0
0
0
0
0.0005548343
0.0005368418
0.0005180217
0.0004983299
0.0004776664
0
0
0
0
0
0
0
0
0
0
0.000569253
0.000551854
0.0005336655
0.0005146477
0.0004947049
0
0
0
0
0
0
0
0
0
0
0.0005838956
0.0005670916
0.0005495372
0.0005311957
0.0005119779
0
0
0
0
0
0
0
0
0
0
0.0005987333
0.0005825231
0.0005656004
0.0005479323
0.0005294347
0
0
0
0
0
0
0
0
0
0
0.0006135663
0.0005979397
0.0005816368
0.0005646276
0.0005468336
0
0
0
0
0
0
0
0
0
0
0.0006282472
0.0006131878
0.0005974866
0.000581116
0.000564002
0
0
0
0
0
0
0
0
0
0
0.0006427108
0.0006282001
0.0006130803
0.000597326
0.0005808668
0
0
0
0
0
0
0
0
0
0
0.0006569521
0.0006429728
0.0006284145
0.0006132544
0.0005974261
0
0
0
0
0
0
0
0
0
0
0.0006710168
0.0006575536
0.0006435399
0.0006289549
0.0006137361
0
0
0
0
0
0
0
0
0
0
0.0006849978
0.0006720402
0.0006585587
0.000644535
0.0006299097
0
0
0
0
0
0
0
0
0
0
0.0006989932
0.0006865343
0.0006735783
0.000660108
0.0006460674
0
0
0
0
0
0
0
0
0
0
0.0007129472
0.0007009809
0.0006885432
0.0006756196
0.0006621569
0
0
0
0
0
0
0
0
0
0
0.0007262707
0.0007147712
0.0007028224
0.0006904123
0.0006774918
0
0
0
0
0
0
0
0
0
0.0007387325
0.0007276686
0.0007161734
0.0007042377
0.0006918161
0
0
0
0
0
0
0
0
0.0007502928
0.0007396376
0.0007285625
0.0007170637
0.0007050994
0
0
0
0
0
0
0
0.0007609819
0.0007507167
0.0007400352
0.0007289402
0.0007173965
0
0
0
0
0
0
0
0
0
0
0.0005069989
0.0004869719
0.0004659767
0.0004439559
0.0004207871
0
0
0
0
0
0
0
0
0
0
0.0005253052
0.0005060712
0.0004859253
0.0004648164
0.0004426321
0
0
0
0
0
0
0
0
0
0
0.0005421214
0.0005236008
0.0005042174
0.000483925
0.0004626186
0
0
0
0
0
0
0
0
0
0
0.0005576189
0.000539743
0.0005210484
0.0005014918
0.0004809744
0
0
0
0
0
0
0
0
0
0
0.00057206
0.0005547754
0.0005367103
0.0005178257
0.0004980273
0
0
0
0
0
0
0
0
0
0
0.0005859207
0.0005691957
0.0005517253
0.0005334734
0.0005143511
0
0
0
0
0
0
0
0
0
0
0.0006000036
0.0005838409
0.0005669683
0.000549353
0.0005309111
0
0
0
0
0
0
0
0
0
0
0.0006142822
0.0005986814
0.0005824056
0.0005654248
0.0005476606
0
0
0
0
0
0
0
0
0
0
0.0006285653
0.000613517
0.0005978275
0.0005814691
0.0005643678
0
0
0
0
0
0
0
0
0
0
0.0006427108
0.0006282001
0.0006130803
0.000597326
0.0005808668
0
0
0
0
0
0
0
0
0
0
0.0006566549
0.0006426656
0.0006280968
0.0006129258
0.0005970862
0
0
0
0
0
0
0
0
0
0
0.0006703928
0.0006569087
0.0006428732
0.0006282656
0.0006130231
0
0
0
0
0
0
0
0
0
0
0.0006839671
0.0006709749
0.0006574573
0.0006433958
0.0006287311
0
0
0
0
0
0
0
0
0
0
0.0006974679
0.0006849573
0.0006719468
0.0006584191
0.0006443181
0
0
0
0
0
0
0
0
0
0
0.000710988
0.0006989542
0.0006864444
0.000673444
0.0006598991
0
0
0
0
0
0
0
0
0
0
0.0007244717
0.0007129105
0.0007008962
0.0006884168
0.0006754226
0
0
0
0
0
0
0
0
0
0.000737347
0.0007262358
0.0007146906
0.0007027023
0.000690225
0
0
0
0
0
0
0
0
0.0007493852
0.0007386991
0.0007275915
0.0007160585
0.0007040583
0
0
0
0
0
0
0
0.0007605409
0.0007502608
0.0007395635
0.0007284521
0.0007168911
0
0
0
0
0
0
0.0007708292
0.0007609511
0.0007506453
0.0007399288
0.0007287739
0
0
0
0
0
0
0
0
0
0
0.0005261303
0.0005069327
0.0004868259
0.0004657592
0.0004436206
0
0
0
0
0
0
0
0
0
0
0.0005436949
0.000525242
0.0005059313
0.0004857171
0.0004644952
0
0
0
0
0
0
0
0
0
0
0.0005598434
0.0005420609
0.0005234664
0.0005040174
0.0004836162
0
0
0
0
0
0
0
0
0
0
0.0005747357
0.0005575608
0.0005396134
0.0005208554
0.0005011936
0
0
0
0
0
0
0
0
0
0
0.0005886209
0.0005720037
0.0005546495
0.0005365227
0.0005175357
0
0
0
0
0
0
0
0
0
0
0.0006019538
0.0005858659
0.0005690723
0.0005515412
0.000533189
0
0
0
0
0
0
0
0
0
0
0.000615507
0.0005999512
0.0005837227
0.0005667916
0.0005490797
0
0
0
0
0
0
0
0
0
0
0.0006292563
0.0006142325
0.0005985686
0.000582237
0.0005651637
0
0
0
0
0
0
0
0
0
0
0.0006430181
0.0006285181
0.0006134092
0.0005976665
0.0005812193
0
0
0
0
0
0
0
0
0
0
0.0006566549
0.0006426656
0.0006280968
0.0006129258
0.0005970862
0
0
0
0
0
0
0
0
0
0
0.0006701053
0.0006566117
0.0006425663
0.0006279483
0.0006126951
0
0
0
0
0
0
0
0
0
0
0.0006833633
0.0006703512
0.0006568129
0.0006427299
0.0006280428
0
0
0
0
0
0
0
0
0
0
0.0006964705
0.0006839269
0.0006708821
0.0006573186
0.0006431802
0
0
0
0
0
0
0
0
0
0
0.0007095121
0.000697429
0.0006848674
0.0006718124
0.0006582101
0
0
0
0
0
0
0
0
0
0
0.0007225763
0.0007109505
0.0006988675
0.0006863149
0.0006732426
0
0
0
0
0
0
0
0
0
0.0007356068
0.0007244364
0.0007128288
0.0007007743
0.0006882268
0
0
0
0
0
0
0
0
0.000748045
0.0007373135
0.0007261581
0.0007145748
0.0007025215
0
0
0
0
0
0
0
0.000759663
0.0007493531
0.0007386247
0.0007274806
0.0007158853
0
0
0
0
0
0
0.0007704027
0.0007605101
0.0007501893
0.0007394569
0.0007282855
0
0
0
0
0
0.0007802572
0.0007707996
0.0007608822
0.0007505426
0.0007397681
0
0
0
0
0
0
0
0
0
0
0.000544486
0.0005260672
0.0005067931
0.0004866182
0.0004654388
0
0
0
0
0
0
0
0
0
0
0.0005613535
0.0005436346
0.0005251082
0.0005057323
0.0004854097
0
0
0
0
0
0
0
0
0
0
0.0005768727
0.0005597856
0.0005419323
0.0005232751
0.0005037217
0
0
0
0
0
0
0
0
0
0
0.000591194
0.0005746801
0.0005574366
0.0005394287
0.0005205696
0
0
0
0
0
0
0
0
0
0
0.0006045532
0.0005885671
0.000571883
0.0005544697
0.0005362445
0
0
0
0
0
0
0
0
0
0
0.0006173866
0.0006019014
0.0005857476
0.0005688957
0.0005512682
0
0
0
0
0
0
0
0
0
0
0.0006304382
0.0006154569
0.0005998377
0.000583553
0.000566529
0
0
0
0
0
0
0
0
0
0
0.0006436856
0.0006292088
0.0006141241
0.0005984067
0.000581986
0
0
0
0
0
0
0
0
0
0
0.0006569521
0.0006429728
0.0006284145
0.0006132544
0.0005974261
0
0
0
0
0
0
0
0
0
0
0.0006701053
0.0006566117
0.0006425663
0.0006279483
0.0006126951
0
0
0
0
0
0
0
0
0
0
0.000683085
0.0006700638
0.0006565161
0.0006424233
0.000627726
0
0
0
0
0
0
0
0
0
0
0.0006958858
0.0006833233
0.0006702589
0.0006566749
0.0006425152
0
0
0
0
0
0
0
0
0
0
0.0007085464
0.0006964319
0.0006838376
0.0006707485
0.0006571107
0
0
0
0
0
0
0
0
0
0
0.0007211476
0.0007094747
0.0006973424
0.0006847378
0.0006716108
0
0
0
0
0
0
0
0
0
0.0007337723
0.0007225403
0.000710867
0.0006987427
0.0006861207
0
0
0
0
0
0
0
0
0.000746361
0.0007355728
0.0007243577
0.0007127112
0.0007005909
0
0
0
0
0
0
0
0.0007583663
0.0007480127
0.0007372386
0.0007260464
0.0007144003
0
0
0
0
0
0
0.0007695535
0.0007596321
0.0007492813
0.0007385177
0.0007273133
0
0
0
0
0
0.0007798448
0.000770373
0.0007604411
0.0007500864
0.000739296
0
0
0
0
0.000789189
0.0007802287
0.000770733
0.000760783
0.0007503874
0
0
0
0
0
0
0
0
0
0
0.0005621128
0.0005444259
0.0005259337
0.0005065945
0.0004863115
0
0
0
0
0
0
0
0
0
0
0.0005783232
0.0005612959
0.0005435065
0.0005249178
0.0005054379
0
0
0
0
0
0
0
0
0
0
0.0005932486
0.0005768175
0.0005596624
0.000541749
0.0005229915
0
0
0
0
0
0
0
0
0
0
0.0006070293
0.0005911409
0.0005745611
0.0005572595
0.0005391544
0
0
0
0
0
0
0
0
0
0
0.0006198906
0.0006045018
0.0005884514
0.0005717105
0.0005542026
0
0
0
0
0
0
0
0
0
0
0.0006322508
0.0006173364
0.0006017878
0.000585578
0.0005686334
0
0
0
0
0
0
0
0
0
0
0.0006448267
0.0006303902
0.0006153479
0.0005996747
0.0005833006
0
0
0
0
0
0
0
0
0
0
0.0006575973
0.00064364
0.0006291046
0.0006139685
0.0005981652
0
0
0
0
0
0
0
0
0
0
0.0006703928
0.0006569087
0.0006428732
0.0006282656
0.0006130231
0
0
0
0
0
0
0
0
0
0
0.000683085
0.0006700638
0.0006565161
0.0006424233
0.000627726
0
0
0
0
0
0
0
0
0
0
0.0006956163
0.0006830452
0.0006699717
0.0006563784
0.0006422092
0
0
0
0
0
0
0
0
0
0
0.00070798
0.0006958475
0.0006832345
0.000670126
0.0006564679
0
0
0
0
0
0
0
0
0
0
0.0007202121
0.0007085094
0.0006963458
0.0006837088
0.000670548
0
0
0
0
0
0
0
0
0
0.0007323887
0.0007211117
0.0007093913
0.0006972175
0.0006845434
0
0
0
0
0
0
0
0
0.000744585
0.0007337377
0.0007224598
0.0007107467
0.0006985552
0
0
0
0
0
0
0
0.0007567364
0.0007463284
0.0007354969
0.0007242443
0.0007125342
0
0
0
0
0
0
0.0007682989
0.0007583353
0.0007479405
0.0007371307
0.0007258778
0
0
0
0
0
0.0007790237
0.0007695238
0.0007595629
0.000749178
0.0007383561
0
0
0
0
0.0007887907
0.0007798163
0.0007703064
0.0007603417
0.0007499308
0
0
0
0.0007974767
0.0007891616
0.0007801644
0.0007706372
0.000760633
0
0
0
0
0
0
0
0
0
0
0.0005790526
0.0005620553
0.0005442981
0.0005257437
0.0005063007
0
0
0
0
0
0
0
0
0
0
0.000594643
0.0005782682
0.0005611733
0.0005433241
0.0005246355
0
0
0
0
0
0
0
0
0
0
0.0006090061
0.0005931958
0.0005766994
0.0005594867
0.000541477
0
0
0
0
0
0
0
0
0
0
0.0006222751
0.0006069785
0.0005910267
0.0005743912
0.0005569962
0
0
0
0
0
0
0
0
0
0
0.0006346646
0.0006198414
0.0006043906
0.0005882858
0.0005714539
0
0
0
0
0
0
0
0
0
0
0.0006465759
0.0006322027
0.0006172272
0.0006016249
0.0005853258
0
0
0
0
0
0
0
0
0
0
0.0006586998
0.0006447807
0.0006302854
0.0006151912
0.0005994319
0
0
0
0
0
0
0
0
0
0
0.0006710168
0.0006575536
0.0006435399
0.0006289549
0.0006137361
0
0
0
0
0
0
0
0
0
0
0.0006833633
0.0006703512
0.0006568129
0.0006427299
0.0006280428
0
0
0
0
0
0
0
0
0
0
0.0006956163
0.0006830452
0.0006699717
0.0006563784
0.0006422092
0
0
0
0
0
0
0
0
0
0
0.0007077188
0.0006955781
0.0006829565
0.0006698392
0.000656172
0
0
0
0
0
0
0
0
0
0
0.0007196632
0.0007079432
0.0006957619
0.0006831064
0.0006699264
0
0
0
0
0
0
0
0
0
0.0007314821
0.0007201766
0.0007084264
0.0006962217
0.0006835154
0
0
0
0
0
0
0
0
0.0007432445
0.0007323542
0.0007210313
0.0007092708
0.0006970298
0
0
0
0
0
0
0
0.0007550165
0.0007445517
0.0007336601
0.0007223437
0.0007105657
0
0
0
0
0
0
0.0007667213
0.000756705
0.0007462551
0.0007353875
0.0007240734
0
0
0
0
0
0.0007778102
0.0007682691
0.0007582656
0.0007478364
0.0007369679
0
0
0
0
0.0007879974
0.0007789951
0.0007694569
0.0007594631
0.0007490218
0
0
0
0.0007970927
0.0007887632
0.000779752
0.0007702104
0.0007601914
0
0
0.0008048341
0.0007974502
0.0007890994
0.0007800718
0.0007704921
0
0
0
0
0
0
0
0
0
0
0.0005953441
0.0005789977
0.0005619329
0.000544116
0.000525462
0
0
0
0
0
0
0
0
0
0
0.0006103474
0.0005945904
0.0005781506
0.0005609984
0.0005430533
0
0
0
0
0
0
0
0
0
0
0.0006241782
0.0006089556
0.0005930825
0.0005765308
0.0005592255
0
0
0
0
0
0
0
0
0
0
0.0006369622
0.0006222264
0.0006068689
0.0005908636
0.0005741382
0
0
0
0
0
0
0
0
0
0
0.0006489041
0.0006346174
0.0006197346
0.0006042315
0.000588039
0
0
0
0
0
0
0
0
0
0
0.0006603887
0.0006465298
0.0006320978
0.0006170707
0.0006013823
0
0
0
0
0
0
0
0
0
0
0.0006720825
0.0006586557
0.0006446799
0.0006301347
0.0006149575
0
0
0
0
0
0
0
0
0
0
0.0006839671
0.0006709749
0.0006574573
0.0006433958
0.0006287311
0
0
0
0
0
0
0
0
0
0
0.0006958858
0.0006833233
0.0006702589
0.0006566749
0.0006425152
0
0
0
0
0
0
0
0
0
0
0.0007077188
0.0006955781
0.0006829565
0.0006698392
0.000656172
0
0
0
0
0
0
0
0
0
0
0.0007194099
0.0007076821
0.0006954927
0.0006828288
0.0006696401
0
0
0
0
0
0
0
0
0
0.0007309498
0.0007196279
0.0007078608
0.0006956384
0.0006829139
0
0
0
0
0
0
0
0
0.0007423656
0.0007314479
0.0007200966
0.0007083067
0.000696035
0
0
0
0
0
0
0
0.0007537176
0.0007432114
0.0007322766
0.0007209151
0.0007090897
0
0
0
0
0
0
0.0007650558
0.0007549845
0.0007444768
0.000733548
0.0007221689
0
0
0
0
0
0.0007762836
0.0007666912
0.0007566344
0.0007461495
0.0007352224
0
0
0
0
0.0007868247
0.0007777814
0.0007682018
0.000758165
0.000747679
0
0
0
0.0007963278
0.0007879698
0.0007789305
0.0007693605
0.0007593121
0
0
0.0008044654
0.0007970662
0.000788701
0.0007796591
0.000770065
0
0.0008107436
0.0008048084
0.00079739
0.0007890097
0.0007799313
0
0
0
0
0
0
0
0
0
0
0.0006110218
0.0005952916
0.0005788803
0.0005617584
0.0005438458
0
0
0
0
0
0
0
0
0
0
0.0006254694
0.0006102971
0.0005944775
0.0005779828
0.0005607383
0
0
0
0
0
0
0
0
0
0
0.0006387957
0.0006241299
0.0006088467
0.0005929207
0.0005762798
0
0
0
0
0
0
0
0
0
0
0.0006511194
0.0006369156
0.0006221211
0.0006067122
0.0005906203
0
0
0
0
0
0
0
0
0
0
0.0006626356
0.0006488589
0.0006345148
0.0006195817
0.0006039942
0
0
0
0
0
0
0
0
0
0
0.0006737141
0.0006603445
0.0006464289
0.0006319473
0.0006168372
0
0
0
0
0
0
0
0
0
0
0.0006849978
0.0006720402
0.0006585587
0.000644535
0.0006299097
0
0
0
0
0
0
0
0
0
0
0.0006964705
0.0006839269
0.0006708821
0.0006573186
0.0006431802
0
0
0
0
0
0
0
0
0
0
0.00070798
0.0006958475
0.0006832345
0.000670126
0.0006564679
0
0
0
0
0
0
0
0
0
0
0.0007194099
0.0007076821
0.0006954927
0.0006828288
0.0006696401
0
0
0
0
0
0
0
0
0
0.0007307041
0.0007193747
0.0007075998
0.0006953695
0.0006826367
0
0
0
0
0
0
0
0
0.0007418493
0.0007309159
0.0007195484
0.0007077417
0.0006954526
0
0
0
0
0
0
0
0.0007528653
0.0007423328
0.0007313709
0.0007199812
0.0007081265
0
0
0
0
0
0
0.0007637971
0.0007536857
0.0007431366
0.0007321645
0.0007207401
0
0
0
0
0
0.000774671
0.000765025
0.0007549123
0.0007443687
0.0007333792
0
0
0
0
0.0007853488
0.0007762546
0.000766623
0.0007565324
0.00074599
0
0
0
0.0007951967
0.000786797
0.0007777164
0.0007681047
0.000758013
0
0
0.0008037309
0.0007963012
0.0007879074
0.0007788373
0.0007692145
0
0.000810392
0.0008044397
0.0007970059
0.0007886111
0.0007795184
0.000814301
0.0008107187
0.00080475
0.0007973031
0.0007888737
0
0
0
0
0
0
0
0
0
0
0.0006261186
0.0006109716
0.0005951789
0.0005787128
0.0005614989
0
0
0
0
0
0
0
0
0
0
0.0006400394
0.0006254213
0.0006101888
0.0005943164
0.0005777329
0
0
0
0
0
0
0
0
0
0
0.0006528867
0.0006387493
0.0006240253
0.0006086913
0.0005926793
0
0
0
0
0
0
0
0
0
0
0.0006647728
0.0006510747
0.0006368144
0.0006219705
0.0006064782
0
0
0
0
0
0
0
0
0
0
0.0006758838
0.0006625923
0.0006487602
0.0006343678
0.0006193533
0
0
0
0
0
0
0
0
0
0
0.000686575
0.0006736717
0.0006602475
0.0006462841
0.0006317224
0
0
0
0
0
0
0
0
0
0
0.0006974679
0.0006849573
0.0006719468
0.0006584191
0.0006443181
0
0
0
0
0
0
0
0
0
0
0.0007085464
0.0006964319
0.0006838376
0.0006707485
0.0006571107
0
0
0
0
0
0
0
0
0
0
0.0007196632
0.0007079432
0.0006957619
0.0006831064
0.0006699264
0
0
0
0
0
0
0
0
0
0.0007307041
0.0007193747
0.0007075998
0.0006953695
0.0006826367
0
0
0
0
0
0
0
0
0.0007416108
0.0007306703
0.0007192954
0.0007074811
0.0006951841
0
0
0
0
0
0
0
0.0007523643
0.0007418167
0.0007308392
0.0007194335
0.0007075623
0
0
0
0
0
0
0.0007629705
0.0007528337
0.0007422585
0.0007312594
0.0007198071
0
0
0
0
0
0.0007734515
0.0007637664
0.0007536135
0.0007430283
0.0007319954
0
0
0
0
0.0007837889
0.0007746414
0.0007649553
0.0007548078
0.0007442055
0
0
0
0.0007937725
0.0007853209
0.0007761887
0.0007665244
0.0007563781
0
0
0.0008026443
0.00079517
0.0007867341
0.0007776226
0.0007679576
0
0.0008096913
0.0008037052
0.0007962407
0.0007878172
0.000778696
0.0008139664
0.000810367
0.0008043812
0.0007969188
0.0007884749
0.0008142765
0.0008106616
0.0008046655
0.0007971711
0
0
0
0
0
0
0
0
0
0
0.0006406646
0.0006260705
0.0006108635
0.0005950182
0.0005784635
0
0
0
0
0
0
0
0
0
0
0.0006540854
0.0006399932
0.0006253172
0.000610034
0.0005940762
0
0
0
0
0
0
0
0
0
0
0.0006664773
0.0006528423
0.0006386489
0.0006238759
0.0006084591
0
0
0
0
0
0
0
0
0
0
0.0006779466
0.00066473
0.0006509774
0.0006366695
0.0006217453
0
0
0
0
0
0
0
0
0
0
0.0006886711
0.0006758422
0.0006624974
0.0006486187
0.0006341478
0
0
0
0
0
0
0
0
0
0
0.0006989932
0.0006865343
0.0006735783
0.000660108
0.0006460674
0
0
0
0
0
0
0
0
0
0
0.0007095121
0.000697429
0.0006848674
0.0006718124
0.0006582101
0
0
0
0
0
0
0
0
0
0
0.0007202121
0.0007085094
0.0006963458
0.0006837088
0.000670548
0
0
0
0
0
0
0
0
0
0.0007309498
0.0007196279
0.0007078608
0.0006956384
0.0006829139
0
0
0
0
0
0
0
0
0.0007416108
0.0007306703
0.0007192954
0.0007074811
0.0006951841
0
0
0
0
0
0
0
0.0007521328
0.0007415783
0.0007305938
0.0007191808
0.0007073021
0
0
0
0
0
0
0.0007624843
0.0007523329
0.0007417427
0.0007307283
0.0007192602
0
0
0
0
0
0.0007726501
0.0007629402
0.000752762
0.0007421509
0.0007310912
0
0
0
0
0.0007826083
0.000773422
0.0007636967
0.000753509
0.000742865
0
0
0
0.0007922663
0.0007837604
0.0007745741
0.0007648544
0.0007546501
0
0
0.0008012755
0.0007937456
0.0007852572
0.0007760935
0.0007663753
0
0.0008086542
0.0008026185
0.0007951091
0.0007866433
0.0007774802
0.0008132997
0.0008096663
0.0008036464
0.0007961533
0.0007876804
0.0008139419
0.0008103099
0.0008042966
0.0007967866
0.0008142203
0.0008105792
0.0008045372
0
0
0
0
0
0
0
0
0
0
0.0006546879
0.0006406186
0.0006259666
0.000610709
0.0005947784
0
0
0
0
0
0
0
0
0
0
0.0006676332
0.0006540411
0.0006398932
0.0006251684
0.0006098028
0
0
0
0
0
0
0
0
0
0
0.0006795913
0.0006664347
0.0006527457
0.0006385051
0.0006236524
0
0
0
0
0
0
0
0
0
0
0.0006906632
0.0006779055
0.0006646363
0.000650838
0.0006364527
0
0
0
0
0
0
0
0
0
0
0.0007010192
0.0006886312
0.0006757508
0.0006623611
0.0006484068
0
0
0
0
0
0
0
0
0
0
0.000710988
0.0006989542
0.0006864444
0.000673444
0.0006598991
0
0
0
0
0
0
0
0
0
0
0.0007211476
0.0007094747
0.0006973424
0.0006847378
0.0006716108
0
0
0
0
0
0
0
0
0
0.0007314821
0.0007201766
0.0007084264
0.0006962217
0.0006835154
0
0
0
0
0
0
0
0
0.0007418493
0.0007309159
0.0007195484
0.0007077417
0.0006954526
0
0
0
0
0
0
0
0.0007521328
0.0007415783
0.0007305938
0.0007191808
0.0007073021
0
0
0
0
0
0
0.0007622596
0.0007521015
0.0007415046
0.0007304832
0.0007190079
0
0
0
0
0
0.0007721784
0.0007624542
0.0007522616
0.0007416357
0.0007305609
0
0
0
0
0.0007818321
0.0007726209
0.0007628709
0.0007526581
0.0007419884
0
0
0
0.0007911257
0.00078258
0.0007733547
0.0007635957
0.0007533511
0
0
0.0007998268
0.0007922388
0.0007836953
0.0007744765
0.0007647019
0
0.0008073472
0.0008012495
0.0007936839
0.000785165
0.0007759491
0.0008123127
0.0008086291
0.0008025594
0.0007950211
0.0007865055
0.0008132751
0.000809609
0.0008035615
0.0007960206
0.0008138857
0.0008102273
0.000804168
0.0008141391
0.0008104537
0
0
0
0
0
0
0
0
0
0
0.0006682142
0.0006546438
0.0006405187
0.0006258181
0.0006104783
0
0
0
0
0
0
0
0
0
0
0.0006807065
0.0006675908
0.0006539449
0.00063975
0.0006249459
0
0
0
0
0
0
0
0
0
0
0.0006922511
0.0006795505
0.0006663418
0.0006526073
0.0006382899
0
0
0
0
0
0
0
0
0
0
0.0007029439
0.0006906237
0.0006778153
0.0006645021
0.000650629
0
0
0
0
0
0
0
0
0
0
0.0007129472
0.0007009809
0.0006885432
0.0006756196
0.0006621569
0
0
0
0
0
0
0
0
0
0
0.0007225763
0.0007109505
0.0006988675
0.0006863149
0.0006732426
0
0
0
0
0
0
0
0
0
0.0007323887
0.0007211117
0.0007093913
0.0006972175
0.0006845434
0
0
0
0
0
0
0
0
0.0007423656
0.0007314479
0.0007200966
0.0007083067
0.000696035
0
0
0
0
0
0
0
0.0007523643
0.0007418167
0.0007308392
0.0007194335
0.0007075623
0
0
0
0
0
0
0.0007622596
0.0007521015
0.0007415046
0.0007304832
0.0007190079
0
0
0
0
0
0.0007719603
0.0007622296
0.0007520304
0.0007413978
0.0007303162
0
0
0
0
0.0007813749
0.0007721494
0.0007623853
0.0007521582
0.0007414739
0
0
0
0.0007903753
0.000781804
0.000772554
0.0007627705
0.000752501
0
0
0.0007987293
0.0007910983
0.0007825149
0.000773257
0.000763443
0
0.0008059628
0.0007998002
0.0007921758
0.0007836009
0.0007743289
0.0008110684
0.0008073219
0.0008011896
0.0007935946
0.0007850253
0.000812288
0.0008085715
0.0008024739
0.0007948874
0.0008132187
0.000809526
0.0008034325
0.0008138043
0.0008101017
0.0008140156
0
0
0
0
0
0
0
0
0
0
0.000681267
0.0006681719
0.0006545477
0.0006403758
0.000625596
0
0
0
0
0
0
0
0
0
0
0.0006933275
0.0006806658
0.0006674982
0.0006538071
0.0006395358
0
0
0
0
0
0
0
0
0
0
0.0007044776
0.0006922118
0.000679461
0.0006662086
0.0006524
0
0
0
0
0
0
0
0
0
0
0.0007148076
0.000702906
0.0006905369
0.0006776861
0.0006643007
0
0
0
0
0
0
0
0
0
0
0.0007244717
0.0007129104
0.0007008962
0.0006884168
0.0006754226
0
0
0
0
0
0
0
0
0
0.0007337723
0.0007225403
0.000710867
0.0006987427
0.0006861207
0
0
0
0
0
0
0
0
0.0007432445
0.0007323542
0.0007210313
0.0007092708
0.0006970298
0
0
0
0
0
0
0
0.0007528653
0.0007423328
0.0007313709
0.0007199811
0.0007081265
0
0
0
0
0
0
0.0007624843
0.0007523329
0.0007417427
0.0007307283
0.0007192602
0
0
0
0
0
0.0007719603
0.0007622296
0.0007520304
0.0007413978
0.0007303162
0
0
0
0
0.0007811635
0.0007719314
0.0007621609
0.0007519273
0.0007412364
0
0
0
0.0007899332
0.0007813471
0.0007720829
0.0007622854
0.0007520018
0
0
0.0007980069
0.0007903482
0.0007817393
0.0007724569
0.0007626186
0
0.0008049138
0.0007987028
0.0007910354
0.0007824205
0.0007731092
0.0008097496
0.000805937
0.0007997391
0.0007920844
0.000783458
0.0008110435
0.0008072636
0.0008011029
0.0007934591
0.0008122313
0.000808488
0.0008023439
0.0008131371
0.0008093999
0.0008136806
0
0
0
0
0
0
0
0
0
0
0.0006938685
0.0006812264
0.0006680794
0.0006544102
0.000640162
0
0
0
0
0
0
0
0
0
0
0.0007055171
0.0006932884
0.0006805767
0.0006673655
0.0006536007
0
0
0
0
0
0
0
0
0
0
0.0007162896
0.0007044399
0.0006921257
0.0006793327
0.0006660087
0
0
0
0
0
0
0
0
0
0
0.0007262707
0.0007147712
0.0007028224
0.0006904123
0.0006774918
0
0
0
0
0
0
0
0
0
0.0007356068
0.0007244364
0.0007128288
0.0007007743
0.0006882268
0
0
0
0
0
0
0
0
0.000744585
0.0007337377
0.0007224598
0.0007107467
0.0006985552
0
0
0
0
0
0
0
0.0007537176
0.0007432114
0.0007322766
0.0007209151
0.0007090897
0
0
0
0
0
0
0.0007629705
0.0007528337
0.0007422585
0.0007312594
0.0007198071
0
0
0
0
0
0.0007721784
0.0007624542
0.0007522616
0.0007416357
0.0007305609
0
0
0
0
0.0007811635
0.0007719314
0.0007621609
0.0007519273
0.0007412364
0
0
0
0.0007897287
0.0007811357
0.0007718651
0.0007620613
0.0007517712
0
0
0.0007975814
0.0007899063
0.0007812828
0.0007719863
0.0007621342
0
0.0008042235
0.0007979808
0.0007902856
0.0007816455
0.0007723099
0.0008087505
0.0008048881
0.0007986417
0.0007909439
0.0007822773
0.0008097243
0.0008058774
0.0007996503
0.0007919457
0.0008109862
0.0008071789
0.0008009712
0.0008121492
0.000808361
0.000813013
0
0
0
0
0
0
0
0
0
0
0.0007060395
0.0006938295
0.0006811374
0.000667947
0.0006542042
0
0
0
0
0
0
0
0
0
0
0.0007172939
0.0007054795
0.0006932025
0.0006804489
0.0006671665
0
0
0
0
0
0
0
0
0
0
0.0007277034
0.0007162535
0.0007043569
0.000692002
0.0006791399
0
0
0
0
0
0
0
0
0
0.000737347
0.0007262358
0.0007146906
0.0007027023
0.000690225
0
0
0
0
0
0
0
0
0.000746361
0.0007355728
0.0007243577
0.0007127112
0.0007005909
0
0
0
0
0
0
0
0.0007550165
0.0007445517
0.0007336601
0.0007223437
0.0007105657
0
0
0
0
0
0
0.0007637971
0.0007536857
0.0007431366
0.0007321645
0.0007207401
0
0
0
0
0
0.0007726501
0.0007629402
0.000752762
0.0007421509
0.0007310912
0
0
0
0
0.0007813749
0.0007721494
0.0007623853
0.0007521582
0.0007414739
0
0
0
0.0007897287
0.0007811357
0.0007718651
0.0007620613
0.0007517712
0
0
0.0007973845
0.0007897019
0.0007810716
0.0007717688
0.0007619103
0
0.0008038171
0.0007975554
0.0007898441
0.0007811893
0.0007718399
0.0008080934
0.0008041981
0.0007979201
0.0007901947
0.0007815031
0.0008087254
0.0008048286
0.0007985529
0.0007908051
0.0008096659
0.0008057908
0.0007995156
0.0008109031
0.0008070503
0.0008120243
0
0
0
0
0
0
0
0
0
0
0.0007177986
0.000706002
0.0006937438
0.0006810099
0.0006677484
0
0
0
0
0
0
0
0
0
0
0.000728674
0.0007172578
0.0007053968
0.0006930794
0.000680257
0
0
0
0
0
0
0
0
0
0.0007387325
0.0007276686
0.0007161734
0.0007042377
0.0006918161
0
0
0
0
0
0
0
0
0.000748045
0.0007373135
0.0007261581
0.0007145748
0.0007025215
0
0
0
0
0
0
0
0.0007567364
0.0007463284
0.0007354969
0.0007242443
0.0007125342
0
0
0
0
0
0
0.0007650558
0.0007549845
0.0007444768
0.000733548
0.0007221689
0
0
0
0
0
0.0007734515
0.0007637664
0.0007536135
0.0007430283
0.0007319954
0
0
0
0
0.0007818321
0.0007726209
0.0007628709
0.0007526581
0.0007419884
0
0
0
0.0007899332
0.0007813471
0.0007720829
0.0007622854
0.0007520018
0
0
0.0007973845
0.0007897019
0.0007810716
0.0007717688
0.0007619103
0
0.0008036292
0.0007973587
0.0007896399
0.0007809784
0.0007716227
0.000807707
0.0008037919
0.0007974951
0.0007897536
0.0007810476
0.0008080686
0.000804139
0.0007978318
0.0007900566
0.000808667
0.000804742
0.000798418
0.0008095809
0.0008056594
0.0008107765
0
0
0
0
0
0
0
0
0
0
0.0007291617
0.0007177625
0.0007059194
0.0006936209
0.0006808183
0
0
0
0
0
0
0
0
0
0.000739671
0.0007286394
0.0007171781
0.0007052781
0.0006928943
0
0
0
0
0
0
0
0
0.0007493852
0.0007386991
0.0007275915
0.0007160585
0.0007040583
0
0
0
0
0
0
0
0.0007583663
0.0007480127
0.0007372386
0.0007260464
0.0007144003
0
0
0
0
0
0
0.0007667213
0.000756705
0.0007462551
0.0007353875
0.0007240734
0
0
0
0
0
0.000774671
0.000765025
0.0007549123
0.0007443687
0.0007333792
0
0
0
0
0.0007826083
0.000773422
0.0007636967
0.000753509
0.000742865
0
0
0
0.0007903753
0.000781804
0.000772554
0.0007627705
0.000752501
0
0
0.0007975814
0.0007899063
0.0007812828
0.0007719863
0.0007621342
0
0.0008036292
0.0007973587
0.0007896399
0.0007809784
0.0007716227
0.0008075286
0.0008036041
0.0007972985
0.0007895496
0.000780837
0.0008076824
0.0008037331
0.0007974072
0.0007896161
0.0008080106
0.0008040529
0.0007976976
0.000808582
0.0008046104
0.0008094517
0
0
0
0
0
0
0
0
0
0.0007401424
0.0007291271
0.000717683
0.0007058009
0.0006934361
0
0
0
0
0
0
0
0
0.0007502928
0.0007396376
0.0007285625
0.0007170637
0.0007050994
0
0
0
0
0
0
0
0.000759663
0.0007493531
0.0007386247
0.0007274806
0.0007158853
0
0
0
0
0
0
0.0007682989
0.0007583353
0.0007479405
0.0007371307
0.0007258778
0
0
0
0
0
0.0007762836
0.0007666912
0.0007566344
0.0007461495
0.0007352224
0
0
0
0
0.0007837889
0.0007746414
0.0007649553
0.0007548078
0.0007442055
0
0
0
0.0007911257
0.00078258
0.0007733547
0.0007635957
0.0007533511
0
0
0.0007980069
0.0007903482
0.0007817393
0.0007724569
0.0007626186
0
0.0008038171
0.0007975554
0.0007898441
0.0007811893
0.0007718399
0.0008075286
0.0008036041
0.0007972985
0.0007895496
0.000780837
0.0008075041
0.0008035455
0.0007972109
0.0007894124
0.0008076248
0.0008036474
0.0007972736
0.0008079262
0.0008039219
0.0008084528
0
0
0
0
0
0
0
0
0.0007507487
0.0007401092
0.0007290504
0.0007175687
0.0007056226
0
0
0
0
0
0
0
0.0007605409
0.0007502608
0.0007395635
0.0007284521
0.0007168911
0
0
0
0
0
0
0.0007695535
0.0007596321
0.0007492813
0.0007385177
0.0007273133
0
0
0
0
0
0.0007778102
0.0007682691
0.0007582656
0.0007478364
0.0007369679
0
0
0
0
0.0007853488
0.0007762546
0.000766623
0.0007565324
0.00074599
0
0
0
0.0007922663
0.0007837604
0.0007745741
0.0007648544
0.0007546501
0
0
0.0007987293
0.0007910983
0.0007825149
0.000773257
0.000763443
0
0.0008042235
0.0007979808
0.0007902856
0.0007816455
0.0007723099
0.000807707
0.0008037919
0.0007974951
0.0007897536
0.0007810476
0.0008075041
0.0008035455
0.0007972109
0.0007894124
0.0008074467
0.00080346
0.0007970776
0.0008075408
0.000803517
0.0008077976
0
0
0
0
0
0
0
0.0007609819
0.0007507167
0.0007400352
0.0007289401
0.0007173965
0
0
0
0
0
0
0.0007704027
0.0007605101
0.0007501892
0.0007394569
0.0007282855
0
0
0
0
0
0.0007790237
0.0007695238
0.0007595629
0.000749178
0.0007383561
0
0
0
0
0.0007868247
0.0007777814
0.0007682018
0.000758165
0.000747679
0
0
0
0.0007937725
0.0007853209
0.0007761887
0.0007665244
0.0007563781
0
0
0.0007998268
0.0007922388
0.0007836953
0.0007744765
0.0007647019
0
0.0008049138
0.0007987028
0.0007910354
0.0007824205
0.0007731092
0.0008080934
0.0008041981
0.0007979201
0.0007901947
0.0007815031
0.0008076824
0.0008037331
0.0007974072
0.0007896161
0.0008074467
0.00080346
0.0007970776
0.0008073629
0.0008033299
0.0008074128
0
0
0
0
0
0
0.0007708292
0.0007609511
0.0007506453
0.0007399288
0.0007287739
0
0
0
0
0
0.0007798449
0.000770373
0.0007604411
0.0007500864
0.000739296
0
0
0
0
0.0007879974
0.0007789951
0.0007694569
0.0007594631
0.0007490218
0
0
0
0.0007951967
0.000786797
0.0007777164
0.0007681047
0.0007580129
0
0
0.0008012755
0.0007937456
0.0007852572
0.0007760935
0.0007663753
0
0.0008059628
0.0007998002
0.0007921758
0.0007836009
0.0007743289
0.0008087505
0.0008048881
0.0007986418
0.0007909439
0.0007822773
0.0008080686
0.000804139
0.0007978318
0.0007900566
0.0008076248
0.0008036474
0.0007972736
0.0008073629
0.0008033299
0.0008072352
0
0
0
0
0
0.0007802572
0.0007707996
0.0007608822
0.0007505426
0.0007397681
0
0
0
0
0.0007887907
0.0007798163
0.0007703064
0.0007603417
0.0007499308
0
0
0
0.0007963278
0.0007879698
0.0007789305
0.0007693605
0.0007593121
0
0
0.0008026443
0.00079517
0.0007867341
0.0007776226
0.0007679576
0
0.0008073472
0.0008012495
0.0007936839
0.000785165
0.0007759491
0.0008097496
0.000805937
0.0007997391
0.0007920844
0.000783458
0.0008087254
0.0008048286
0.0007985529
0.0007908051
0.0008080106
0.0008040529
0.0007976976
0.0008075408
0.000803517
0.0008072352
0
0
0
0
0.000789189
0.0007802287
0.000770733
0.000760783
0.0007503874
0
0
0
0.0007970927
0.0007887632
0.000779752
0.0007702104
0.0007601914
0
0
0.0008037309
0.0007963012
0.0007879074
0.0007788373
0.0007692145
0
0.0008086543
0.0008026185
0.0007951091
0.0007866433
0.0007774802
0.0008110684
0.0008073219
0.0008011896
0.0007935947
0.0007850253
0.0008097243
0.0008058774
0.0007996503
0.0007919457
0.000808667
0.000804742
0.000798418
0.0008079262
0.0008039219
0.0008074128
0
0
0
0.0007974767
0.0007891616
0.0007801644
0.0007706372
0.0007606329
0
0
0.0008044654
0.0007970662
0.000788701
0.0007796591
0.000770065
0
0.0008096913
0.0008037052
0.0007962407
0.0007878172
0.000778696
0.0008123127
0.0008086291
0.0008025594
0.0007950211
0.0007865055
0.0008110435
0.0008072636
0.0008011029
0.0007934591
0.0008096659
0.0008057908
0.0007995156
0.000808582
0.0008046104
0.0008077976
0
0
0.0008048341
0.0007974502
0.0007890994
0.0007800718
0.0007704921
0
0.000810392
0.0008044397
0.0007970059
0.0007886111
0.0007795184
0.0008132997
0.0008096663
0.0008036464
0.0007961533
0.0007876804
0.000812288
0.0008085715
0.0008024739
0.0007948874
0.0008109862
0.0008071789
0.0008009712
0.0008095809
0.0008056594
0.0008084528
0
0.0008107436
0.0008048084
0.00079739
0.0007890097
0.0007799313
0.0008139664
0.000810367
0.0008043812
0.0007969188
0.0007884749
0.0008132751
0.000809609
0.0008035615
0.0007960206
0.0008122313
0.000808488
0.0008023439
0.0008109031
0.0008070503
0.0008094517
0.000814301
0.0008107187
0.00080475
0.0007973031
0.0007888737
0.0008139419
0.0008103099
0.0008042966
0.0007967866
0.0008132187
0.000809526
0.0008034325
0.0008121492
0.0008083611
0.0008107765
0.0008142765
0.0008106616
0.0008046655
0.0007971711
0.0008138857
0.0008102273
0.000804168
0.0008131371
0.0008093999
0.0008120243
0.0008142203
0.0008105792
0.0008045372
0.0008138043
0.0008101017
0.000813013
0.0008141391
0.0008104537
0.0008136806
0.0008140156
)
;

boundaryField
{
    cathodeSides
    {
        type            zeroGradient;
    }
    electrolyteSides
    {
        type            zeroGradient;
    }
    anodeSides
    {
        type            zeroGradient;
    }
    phiI_to_phiI0
    {
        type            zeroGradient;
    }
}


// ************************************************************************* //
